<DTYYYYMMDD>,<OPEN>,<HIGH>,<LOW>,<CLOSE>,<VOL>
20100601,25.34,25.73,25.22,25.25,616500
20100602,25.14,26.11,25.14,25.76,517500
20100604,25.27,25.62,24.46,24.8,1099400
20100607,24.77,25.12,23.46,23.99,1163400
20100608,24.23,24.38,23.79,24.21,923400
20100609,24.34,25.12,24.34,24.42,1180700
20100610,24.53,25.2,24.52,25.03,886600
20100611,24.83,25.27,24.69,24.91,772200
20100614,25.25,25.55,24.91,24.91,458200
20100615,25.12,25.68,24.92,25.41,471700
20100616,25.25,25.85,25.15,25.17,1137900
20100617,25.27,25.54,24.65,25.01,1310300
20100618,24.94,25.06,24.39,24.88,928200
20100621,25.48,25.78,25.37,25.56,801100
20100622,25.41,25.89,25.34,25.62,933100
20100623,25.65,25.9,25.18,25.9,538700
20100624,25.65,25.77,25.11,25.11,1096500
20100625,25.12,25.53,25.06,25.47,471100
20100628,25.47,25.62,24.6,25.2,447000
20100629,24.42,24.42,23.4,23.54,1165500
20100630,23.54,23.75,22.95,23.08,576200
20100701,23.06,23.3,22.61,22.82,1588800
20100702,23.07,23.35,22.61,22.72,550200
20100705,22.81,22.87,22.21,22.3,658400
20100706,22.82,23.18,22.39,22.94,1967900
20100707,23.04,23.3,22.63,23.23,1192800
20100708,23.37,23.58,22.87,23.23,1210500
20100712,23.34,23.51,22.82,23.08,1369900
20100713,23.23,23.39,22.92,23.3,1139800
20100714,23.08,23.26,22.84,23.18,1039300
20100715,23.14,23.14,22.45,22.66,724700
20100716,22.51,22.7,22.38,22.38,960100
20100719,22.56,22.8,22.38,22.8,813100
20100720,22.66,24.32,22.62,24.32,1197900
20100721,24.44,25.03,24.44,24.73,1011200
20100722,25.2,25.48,24.97,24.99,905800
20100723,25.26,25.62,24.76,25.62,940500
20100726,25.46,25.76,25.1,25.24,1076700
20100727,25.47,25.62,25.06,25.46,495500
20100728,25.23,26.03,25.21,26.03,758600
20100729,25.96,26.32,25.91,26.15,768200
20100730,26.15,26.29,25.76,25.98,643500
20100802,26.24,27,26.24,27,556900
20100803,26.89,27.45,26.75,27.45,712500
20100804,27.34,27.79,26.89,27.45,812300
20100805,27.1,27.72,27.1,27.65,693700
20100806,27.45,27.77,27.24,27.39,495100
20100809,27.65,27.8,27.47,27.73,435700
20100810,27.36,27.44,27.1,27.4,652100
20100811,26.87,27.31,26.28,26.28,468400
20100812,26.03,26.53,26,26.39,1074200
20100813,26.39,26.86,26.12,26.62,504000
20100816,26.75,27.27,26.63,27.27,276500
20100817,27.34,27.59,27.09,27.59,497900
20100818,27.58,27.83,27.21,27.83,1057700
20100819,27.76,28.02,27.11,27.17,678300
20100820,27.1,27.44,26.79,27.03,264700
20100823,27.22,27.22,26.2,26.36,891200
20100824,25.9,26.19,25.44,25.51,639300
20100825,25.37,25.54,24.86,25.11,908000
20100826,25.46,25.76,24.71,25.27,722400
20100827,25.35,25.96,25.16,25.8,1002600
20100830,25.72,25.85,25.2,25.2,678200
20100831,25.25,25.76,25.25,25.76,668800
20100901,26.1,27.06,25.75,27.05,829600
20100902,26.88,27.22,26.46,27.22,1086200
20100903,27.36,27.52,26.46,26.46,843500
20100906,26.67,26.72,26.09,26.48,216400
20100908,26.32,26.32,25.77,25.96,481600
20100909,26.15,26.32,25.87,25.97,582200
20100910,26.15,26.15,25.7,25.95,352800
20100913,26.32,26.82,26.15,26.75,845000
20100914,26.7,26.89,26.37,26.75,478200
20100915,26.4,26.67,26.11,26.53,1348800
20100916,26.32,26.46,26.06,26.06,435800
20100917,26.04,26.25,25.74,25.74,454700
20100920,25.96,26.53,25.77,26.53,565100
20100921,26.29,26.84,26.25,26.7,744900
20100922,26.51,27.36,26.41,27.36,760000
20100923,27.22,27.91,27.03,27.51,1182200
20100924,27.8,28.46,27.59,28.17,1260500
20100927,28.15,28.79,27.98,28.79,781500
20100928,28.68,28.93,28.36,28.65,785900
20100929,28.65,28.86,28.44,28.48,994600
20100930,28.72,28.85,28.24,28.51,1367400
20101001,28.76,29.12,28.51,29.12,719600
20101004,29.07,29.39,28.75,29.39,398700
20101005,29.48,29.84,29.06,29.84,964600
20101006,29.88,29.97,29.28,29.5,2024000
20101007,29.53,29.6,29.08,29.39,502000
20101008,29.28,29.53,29.2,29.42,342600
20101011,29.53,29.63,29.25,29.28,429500
20101013,29.56,29.64,29.36,29.36,713900
20101014,29.4,29.95,29.34,29.5,718600
20101015,29.91,29.91,29.21,29.69,759900
20101018,29.69,30.51,29.28,30.37,657500
20101019,29.72,30.31,29.39,29.53,574200
20101020,29.91,30.43,29.68,30.23,564100
20101021,30.24,30.65,29.18,30.26,803800
20101022,30.31,30.32,29.56,30,796200
20101025,29.92,30.97,29.92,30.69,938800
20101026,30.48,31.5,30.43,31.31,810400
20101027,31.25,31.25,30.55,30.91,684800
20101028,31.36,31.47,30.26,30.26,977800
20101029,30.43,30.79,30.11,30.67,869400
20101101,30.8,31.52,30.48,31.52,548400
20101103,31.58,32.4,31.38,31.77,1270900
20101104,32.19,33.11,32.01,32.92,995500
20101105,32.62,33.03,32.47,32.96,1983700
20101108,32.74,32.95,32.69,32.76,1206600
20101109,32.97,33.04,32.37,32.76,1225100
20101110,32.17,32.47,32.07,32.08,769100
20101111,32.07,32.39,31.87,32.25,838000
20101112,31.93,32.04,31.33,31.87,582600
20101116,31.4,31.65,30.48,31.03,782300
20101117,30.91,31.55,30.77,31.19,643100
20101118,31.48,32.12,31.23,32.12,779800
20101119,31.5,32.36,31.23,32.22,501400
20101122,31.94,32.16,31.55,31.82,609000
20101123,31.19,31.62,30.62,30.62,685800
20101124,31.05,31.58,30.9,31.43,628900
20101125,31.62,31.69,30.99,31.14,419600
20101126,31.07,31.07,30.49,30.66,786300
20101129,30.41,30.83,29.99,30.66,502000
20101130,30.35,31.09,30.11,30.19,1063100
20101201,30.69,31.37,30.55,31.26,695300
20101202,31.05,31.92,30.96,31.75,529700
20101203,31.75,32.26,31.38,32.26,484300
20101206,32.04,32.35,31.95,32.18,363400
20101207,32.59,32.69,32.04,32.04,1057900
20101208,31.94,32.02,31.05,31.28,964300
20101209,31.2,31.69,31.06,31.5,668700
20101210,31.69,31.7,31.26,31.67,688700
20101213,31.94,32.21,31.75,32.19,1064200
20101214,32.04,32.32,31.83,32.12,448600
20101215,31.83,32.04,31.55,31.97,601200
20101216,31.9,32.09,31.32,31.55,827600
20101217,31.44,31.69,31.19,31.69,749800
20101220,31.69,32.02,31.4,31.63,606600
20101221,31.76,31.96,31.58,31.86,482800
20101222,31.79,31.82,31.35,31.79,413300
20101223,31.76,31.77,31.52,31.77,219800
20101227,31.33,31.55,30.88,30.88,519100
20101228,30.88,30.98,30.33,30.41,474300
20101229,30.47,30.83,30.38,30.78,742900
20101230,30.9,31.09,30.42,30.85,1914400
20110103,31.76,31.98,30.41,31.84,883100
20110104,31.9,32.47,31.9,32.4,784100
20110105,32.24,33.55,32.14,33.55,1698800
20110106,33.43,33.68,33.02,33.18,832600
20110107,33.07,33.28,32.56,32.98,495100
20110110,32.59,33.24,32.59,33.23,935500
20110111,33.23,33.78,33.21,33.62,1373600
20110112,33.62,34.43,33.62,34.37,1303700
20110113,34.53,34.64,34.06,34.13,1060400
20110114,33.78,34.28,33.75,34.07,444300
20110117,33.75,34.43,33.58,34.18,572200
20110118,34.25,34.75,34.19,34.65,874000
20110119,34.68,34.79,33.89,34.05,765600
20110120,33.83,33.92,33.24,33.85,682500
20110121,34.11,34.29,33.63,34.17,375400
20110124,34.32,34.74,33.88,34.73,558400
20110126,34.44,34.74,34.04,34.19,608500
20110127,34.3,34.33,33.4,33.47,649600
20110128,33.41,33.61,32.04,32.75,849800
20110131,32.9,33.43,32.51,32.56,468500
20110201,32.91,33.37,32.79,33.22,570300
20110202,33.11,33.47,32.2,32.44,1254200
20110203,32.19,32.62,31.94,32.37,571300
20110204,32.12,32.49,31.46,31.83,566100
20110207,32.07,32.29,31.71,32.15,1290700
20110208,32.11,32.14,31.7,31.87,1221900
20110209,31.7,32.01,30.75,30.75,1283400
20110210,30.68,31.15,30.48,30.62,1182200
20110211,30.73,31.23,30.44,31.13,1130100
20110214,31.13,31.76,30.87,31.62,479300
20110215,31.62,31.8,31.31,31.31,417200
20110216,31.43,32.2,31.35,31.9,815000
20110217,32.04,32.04,31.6,31.76,595000
20110218,31.69,31.77,31.46,31.58,480300
20110221,31.57,31.57,30.85,30.85,486900
20110222,30.7,31.27,30.24,30.24,917300
20110223,30.41,30.79,29.82,30.39,1132600
20110224,30.14,30.86,30.14,30.34,602100
20110225,30.98,31.24,30.37,30.75,841700
20110228,30.88,30.88,30.59,30.75,574700
20110301,30.83,31.05,30.01,30.23,759000
20110302,30.19,30.76,30.04,30.71,616500
20110303,30.83,31.1,30.68,30.96,1625700
20110304,30.83,30.83,30.34,30.83,723100
20110309,30.12,30.26,29.64,29.69,786000
20110310,29.34,29.34,28.64,28.84,2870300
20110311,28.84,29.2,28.49,29.16,1721400
20110314,28.98,29.36,28.48,29.36,932600
20110315,28.48,28.89,27.89,28.82,1480800
20110316,28.88,29.1,27.79,28.3,997500
20110317,28.59,28.85,28.38,28.85,993200
20110318,29.05,29.55,29,29.49,809500
20110321,29.84,29.89,29.3,29.48,836200
20110322,29.32,29.55,28.98,29.55,1146500
20110323,29.41,30.05,29.41,30.05,1095300
20110324,30.04,30.04,29.48,29.95,919900
20110325,29.9,30.41,29.49,30.19,1092900
20110328,30.11,30.2,29.67,29.67,895100
20110329,29.75,30.21,29.75,30.11,499400
20110330,30.06,30.25,29.79,29.9,650500
20110331,29.95,30.5,29.66,30.48,1723500
20110401,30.52,30.66,30.19,30.62,725900
20110404,30.66,31.33,30.37,31.33,1093100
20110405,31.08,31.78,31.03,31.51,2360400
20110406,31.65,32.09,31.08,31.19,2541400
20110407,31.33,31.33,30.54,30.83,1630500
20110408,31.08,31.19,30.37,30.58,2923200
20110411,30.53,31,30.35,30.72,909000
20110412,30.38,30.46,29.44,29.92,1189100
20110413,30.4,30.42,29.17,29.52,1291500
20110414,29.36,29.58,29.11,29.32,1985700
20110415,29.44,29.65,28.97,29.34,888400
20110418,29.12,29.33,28.63,29.18,803000
20110419,29.2,30.01,28.98,29.2,1146600
20110420,29.55,30.11,29.42,29.76,1129700
20110425,29.77,29.94,29.41,29.91,534200
20110426,29.83,29.97,29.67,29.9,593800
20110427,29.77,29.88,29.23,29.37,492700
20110428,29.05,29.34,29,29.2,909700
20110429,29.23,29.88,29.12,29.67,811200
20110502,29.64,29.88,28.88,29.11,1084000
20110503,29.07,29.23,28.54,28.61,390200
20110504,29.08,29.08,27.99,27.99,836100
20110505,27.79,28.46,27.77,28.28,1302000
20110506,28.79,28.79,27.81,28.24,808300
20110509,28.28,28.65,27.99,28.61,654700
20110510,28.77,28.9,28.3,28.57,622100
20110511,28.29,28.46,27.41,27.47,1009700
20110512,27.39,27.62,26.92,27.52,636800
20110513,27.59,27.59,26.78,26.9,816900
20110516,26.8,27.21,26.55,26.92,737100
20110517,26.92,27.28,26.61,27.28,661100
20110518,27.48,27.84,27.12,27.69,1984000
20110519,27.83,28.23,27.71,27.74,875400
20110520,27.82,28.34,27.65,28.19,462200
20110523,27.55,28.1,27.52,28.1,584800
20110524,28.36,28.36,28.05,28.31,659000
20110525,28.3,28.47,28.09,28.42,526900
20110526,28.54,29,28.21,29,821100
20110527,28.99,29.37,28.84,29.37,749100
20110530,29.37,29.52,29.08,29.28,137500
20110531,29.63,29.63,29.02,29.52,961600
20110601,29.16,29.38,28.75,29.03,936100
20110602,29.08,29.14,28.68,29.01,800600
20110603,28.66,29.16,28.65,29.01,1039900
20110606,28.87,29,28.53,28.68,540500
20110607,28.68,28.97,28.55,28.72,745500
20110608,28.56,28.79,28.36,28.79,581500
20110609,28.72,28.95,28.52,28.65,578600
20110610,28.58,28.78,28.3,28.5,551200
20110613,28.36,28.75,27.89,28,453500
20110614,28.14,28.28,27.86,28.2,1098900
20110615,27.81,28.06,27.69,28.06,673000
20110616,27.81,28.14,27.43,27.79,963500
20110617,28.06,28.17,27.42,27.77,898300
20110620,27.49,28.17,27.49,28.17,611400
20110621,28.07,28.54,28.07,28.25,737000
20110622,28.21,28.7,28.2,28.4,434600
20110624,28.25,28.79,28.25,28.43,846800
20110627,28.39,28.72,27.93,27.93,1484700
20110628,27.98,28.36,27.95,28.36,790100
20110629,28.47,28.62,28.3,28.44,1082600
20110630,28.64,29.16,28.36,28.87,600400
20110701,29.06,29.95,28.82,29.89,2152900
20110704,29.67,30.32,29.65,30.25,529600
20110705,30.16,30.17,29.7,29.81,917900
20110706,29.73,29.87,29.38,29.74,415000
20110707,30.22,30.22,29.91,29.92,352800
20110708,29.65,29.87,29.49,29.55,607100
20110711,29.19,29.37,28.84,29.16,533800
20110712,29.01,29.46,28.87,28.99,537800
20110713,29.16,29.73,29.16,29.3,525600
20110714,29.23,29.42,28.84,29.09,726600
20110715,29.28,29.38,28.88,29.01,972700
20110718,28.65,29.26,28.65,29.01,517000
20110719,29.16,29.19,28.71,29.07,962300
20110720,29.23,29.23,28.8,28.98,420300
20110721,29.05,29.22,28.78,29.09,826500
20110722,28.98,29.4,28.94,29.34,685900
20110725,29.3,29.74,28.98,29.67,919700
20110726,29.67,29.82,29.36,29.66,825800
20110727,29.35,29.66,29.23,29.39,691400
20110728,29.52,29.79,29.41,29.74,601700
20110729,29.43,29.46,28.99,29.1,1347800
20110801,29.23,29.49,28.69,28.83,1576900
20110802,28.76,28.98,28.11,28.11,764000
20110803,27.9,28.2,26.61,27.24,1542500
20110804,26.47,26.68,25.05,25.29,1737700
20110805,25.15,26.1,24.35,24.82,3352000
20110808,23.76,23.93,22.2,22.74,2039300
20110809,22.89,23.73,22.62,23.62,1705600
20110810,23.33,23.88,22.98,23.69,1771100
20110811,24.09,24.97,23.72,24.93,1559800
20110812,25.11,25.15,24.56,25.02,679600
20110815,25.25,25.63,25,25.5,344600
20110816,25.02,25.45,24.91,25.33,495400
20110817,25.33,26.02,25.15,25.76,932600
20110818,24.27,24.51,23.58,24.02,1813300
20110819,23.94,24.26,23.43,23.62,1002400
20110822,23.97,24.27,23.51,23.62,436100
20110823,23.89,24.55,23.51,24.46,623900
20110824,24.47,24.56,23.92,24.51,730800
20110825,24.46,24.48,23.91,24.21,531900
20110826,24.19,24.8,23.62,24.71,419100
20110829,24.93,25.18,24.82,25.04,740100
20110830,24.77,25.37,24.69,25.14,445400
20110831,25.24,25.77,25.22,25.77,1013300
20110901,26.52,26.52,25.8,25.96,1073300
20110902,25.73,25.8,25.32,25.37,912100
20110905,24.81,25.21,24.78,24.95,385600
20110906,24.42,26.08,24.42,26.08,1685600
20110908,26.26,26.59,26.04,26.26,748900
20110909,25.88,26.2,25.68,25.91,620800
20110912,25.62,26.23,25.41,26.15,916500
20110913,25.99,26.41,25.98,25.99,1566300
20110914,26.06,26.46,25.47,26.2,1296000
20110915,26.24,26.77,26.24,26.71,1094100
20110916,26.64,26.94,26.37,26.73,873300
20110919,27.55,27.55,26.37,27.01,780100
20110920,27,28.01,26.93,27.44,1009100
20110921,27.7,27.85,26.95,26.95,1576600
20110922,25.91,26.35,25.35,25.51,1543000
20110923,25.5,25.73,24.93,25.35,846800
20110926,25.44,25.66,24.43,24.87,1233400
20110927,25.59,25.8,25.16,25.28,620500
20110928,25.26,25.63,24.64,24.91,625100
20110929,25.33,25.34,24.13,24.69,1154300
20110930,24.27,24.64,23.81,24.12,1229900
20111003,24.04,24.04,23.29,23.29,803500
20111004,23.15,23.26,22.52,23,1346200
20111005,23.03,23.33,22.78,23.11,783300
20111006,23.51,23.79,23.27,23.65,1129000
20111007,23.84,23.86,22.63,22.63,1350100
20111010,22.83,23.85,22.79,23.85,734400
20111011,23.76,24.36,23.44,24.33,1022400
20111013,24.64,24.91,24.07,24.56,1171300
20111014,24.6,24.86,24.26,24.59,554200
20111017,24.2,24.42,23.46,23.65,1245600
20111018,23.49,23.9,22.92,23.82,1389400
20111019,23.83,23.91,23.03,23.12,724100
20111020,23.07,23.07,22.28,22.45,1227200
20111021,22.85,23.32,22.74,23.31,712500
20111024,23.62,24.83,23.48,24.75,883300
20111025,24.31,24.72,24.03,24.38,785200
20111026,24.49,25.13,24.19,25.13,909500
20111027,26.17,26.17,25.55,25.91,1018600
20111028,25.8,26.02,25.34,26.02,805800
20111031,25.5,25.57,24.94,25.51,1160600
20111101,24.51,24.96,24.29,24.88,2128100
20111103,25.23,25.67,24.96,25.67,763800
20111104,25.33,26.07,25.29,26.07,879500
20111107,26.05,26.74,25.74,26.59,667600
20111108,26.68,26.75,25.88,26.62,636600
20111109,26.07,26.27,25.78,26.01,716000
20111110,26.22,26.43,25.74,25.75,291900
20111111,26.3,26.41,26.04,26.33,375100
20111114,25.94,26.27,25.91,25.98,264000
20111116,25.81,26.57,25.6,26.35,1042300
20111117,26.25,26.25,25.41,25.7,941800
20111118,25.71,26.07,25.15,25.66,752000
20111121,25.16,25.74,24.96,25.74,618400
20111122,25.7,25.89,25.25,25.49,684600
20111123,25.02,25.24,24.45,24.58,546300
20111124,24.69,24.92,24.42,24.88,384100
20111125,24.49,24.89,24.04,24.36,577900
20111128,24.96,25.13,24.61,24.78,795100
20111129,25.02,25.02,24.32,24.43,829200
20111130,24.66,25.2,24.31,24.69,2190500
20111201,25.1,25.1,24.43,24.58,951300
20111202,25.09,25.22,24.51,24.73,1213600
20111205,24.96,25.53,24.88,25.48,842200
20111206,25.19,25.74,25.13,25.6,542000
20111207,25.53,25.53,24.31,24.37,1437700
20111208,24.3,24.53,23.76,23.88,755300
20111209,23.88,24.39,23.84,24.39,556200
20111212,24.1,24.17,23.64,24.1,917900
20111213,24.39,24.39,23.7,24.05,760000
20111214,23.86,24.01,23.4,23.5,1448800
20111215,23.52,23.82,23,23.1,763600
20111216,23.22,23.47,22.81,22.83,899000
20111219,22.83,23.17,22.61,22.68,825300
20111220,22.94,23.58,22.86,23.58,918200
20111221,23.32,23.51,22.97,23.47,841100
20111222,23.61,24.05,23.5,23.91,821200
20111223,23.91,24.18,23.91,24.06,445000
20111226,24.14,24.18,23.94,24.18,177800
20111227,23.9,24.29,23.9,24.26,536500
20111228,24.32,24.32,23.31,23.39,335200
20111229,23.45,23.73,23.24,23.61,551900
20120102,24.05,24.35,23.46,24.35,355400
20120103,24.36,25.3,24.36,25.25,870000
20120104,24.81,25.25,24.58,25.13,808600
20120105,25.03,25.03,24.22,24.44,1005800
20120106,24.52,24.64,23.95,24.28,314700
20120109,24.51,24.51,23.85,24.2,630200
20120110,24.6,24.73,24.22,24.4,485300
20120111,24.4,24.49,24.07,24.43,473100
20120112,24.66,24.9,23.79,24.01,835200
20120113,23.86,23.98,23.29,23.78,523900
20120116,23.76,23.84,23.47,23.71,563100
20120117,24.14,24.7,23.76,24.55,1869600
20120118,24.55,25.2,24.55,24.81,1132800
20120119,25.13,25.18,24.7,24.99,964300
20120120,24.99,25.21,24.67,25.21,1160800
20120123,25.17,25.25,24.75,24.98,861400
20120124,24.96,25.33,24.59,25.18,922600
20120126,25.42,25.69,24.98,24.98,1038500
20120127,25.31,25.31,24.9,25.03,591800
20120130,24.87,25.37,24.18,25.25,727800
20120131,25.48,26.2,25.48,26.2,1580400
20120201,26.34,26.73,26.22,26.48,1265000
20120202,26.37,26.86,26.26,26.75,1215100
20120203,26.59,27.23,26.45,26.89,761600
20120206,26.81,26.95,26.59,26.89,322400
20120207,26.62,26.89,26.33,26.89,961300
20120208,26.97,27.02,26.71,26.97,1255800
20120209,26.72,26.99,26.45,26.92,890300
20120210,26.66,26.84,26.19,26.84,1539100
20120213,27.03,27.41,26.99,27.29,1272800
20120214,27.3,27.37,26.54,27.04,1354200
20120215,27.34,27.34,26.24,26.26,2771000
20120216,26.07,26.6,25.21,26.45,1368700
20120217,26.38,26.66,26.14,26.39,918200
20120222,26.48,26.77,26.19,26.44,446500
20120223,26.39,26.71,26.15,26.63,1370800
20120224,26.8,26.97,26.66,26.74,944400
20120227,26.82,26.89,26.34,26.74,381000
20120228,26.6,26.93,26.48,26.82,653500
20120229,26.93,27.24,26.86,26.97,1136400
20120301,27.04,27.16,26.8,27.04,1095200
20120302,27,27.15,26.88,27.15,1155800
20120305,27.03,27.18,26.56,26.59,1889200
20120306,26.22,26.22,25.42,25.69,1654300
20120307,25.62,25.83,24.96,25.14,1590500
20120308,25.51,25.59,24.92,25.07,1326400
20120309,25.32,25.32,24.75,25.07,1771700
20120312,24.92,25.13,24.69,24.87,1087400
20120313,25.1,25.86,24.96,25.83,1562400
20120314,25.63,25.92,25.45,25.89,998600
20120315,26.04,26.26,25.78,26.06,738800
20120316,26.1,26.54,26.01,26.33,1831000
20120319,26.45,26.65,25.63,26.55,677000
20120320,25.89,26.14,25.63,26.14,1115500
20120321,26.07,26.45,25.73,26.01,444400
20120322,25.65,25.81,25.34,25.64,603400
20120323,25.77,25.78,25.28,25.41,1045300
20120326,25.5,25.76,25.5,25.75,508700
20120327,25.78,26.07,25.66,25.86,770800
20120328,25.83,25.85,25.29,25.56,586600
20120329,25.56,25.82,25.14,25.7,916800
20120330,25.86,26.03,25.6,25.97,1061300
20120402,25.85,26.78,25.85,26.48,1061400
20120403,26.65,26.71,25.89,26.22,778200
20120404,26,26,25.54,25.7,555200
20120405,25.7,25.85,25.34,25.69,430600
20120409,25.33,25.46,25.04,25.45,432900
20120410,25.34,25.34,24.69,25.31,966300
20120411,25.37,25.65,25.1,25.18,463000
20120412,25.48,26.67,25.41,26.59,1590300
20120413,26.22,26.68,26,26.62,1089100
20120416,26.81,26.82,26.2,26.52,2997200
20120417,26.8,27.17,26.46,26.95,604400
20120418,26.93,27.5,26.68,27,1017100
20120419,26.73,27.33,26.64,27.05,1059000
20120420,27.27,27.33,26.65,26.89,671300
20120423,26.37,26.83,26.13,26.83,717900
20120424,26.52,26.96,26.52,26.92,973100
20120425,27.18,27.18,26.4,26.54,747100
20120426,25.83,27.13,25.74,26.96,1073600
20120427,27.38,27.38,26.48,26.75,615800
20120430,26.67,26.9,26.38,26.9,580000
20120502,26.56,27.66,26.56,27.49,1270500
20120503,27.69,27.82,26.99,27.48,670200
20120504,27.32,27.32,26.42,26.76,2618900
20120507,26.37,26.89,26.33,26.6,1678000
20120508,26.25,26.38,25.72,26.12,1054900
20120509,25.6,26.3,25.48,25.98,1250000
20120510,26.44,26.57,25.54,26.02,436200
20120511,25.97,26.09,25.23,25.4,947400
20120514,25.04,25.12,24.68,24.74,859700
20120515,24.6,25.39,24.4,24.69,1155700
20120516,24.86,25.36,23.79,24.12,952400
20120517,24.28,24.49,23.01,23.24,881100
20120518,23.43,23.83,22.95,23.73,1396400
20120521,23.67,24.38,23.62,24.2,1470200
20120522,23.91,24.53,23.75,24.02,797000
20120523,24.03,24.19,23.26,24.05,814500
20120524,24.07,24.35,23.38,23.85,1082300
20120525,23.88,24.04,23.42,23.68,1126300
20120528,23.82,24,23.61,23.89,485300
20120529,24.12,24.55,23.89,24.15,1101200
20120530,23.82,24.12,23.57,24,674000
20120531,24.32,24.33,23.41,24.33,980700
20120601,23.95,24.09,23.5,24.02,921500
20120604,23.78,24.11,23.52,23.82,641700
20120605,23.89,24.04,23.3,23.56,880100
20120606,23.52,24.25,23.52,24.16,920900
20120608,23.75,24.46,23.75,24.21,750100
20120611,24.21,24.62,23.88,24.01,427700
20120612,24.19,24.59,24.06,24.59,724600
20120613,24.64,25.04,24.43,24.95,1215300
20120614,24.82,24.91,24.51,24.74,630800
20120615,24.86,25.13,24.68,25.04,1014100
20120618,25.2,25.23,24.75,25.05,712600
20120619,25.27,25.75,24.95,25.59,1429000
20120620,25.29,25.82,25.2,25.7,849000
20120621,25.7,25.7,25.12,25.32,742400
20120622,25.4,25.48,24.9,25.21,746000
20120625,25.08,25.44,24.66,25.06,478100
20120626,25.05,25.32,24.7,25.11,909800
20120627,25.2,25.38,24.85,25.03,492700
20120628,25.13,25.13,24.4,24.76,657900
20120629,25.28,25.39,24.99,25.39,1346900
20120702,25.26,25.69,25.17,25.44,592300
20120703,25.34,25.97,25.34,25.82,987100
20120704,25.81,25.94,25.62,25.82,2012300
20120705,25.98,26.23,25.71,26.06,819600
20120706,25.92,26.12,25.36,25.74,1078300
20120710,25.37,25.7,24.86,24.99,1030400
20120711,24.99,25.13,24.51,24.69,954900
20120712,24.19,24.74,24.19,24.66,993100
20120713,24.8,25.05,24.67,25,731600
20120716,25,25.02,24.55,24.76,542000
20120717,24.67,25.02,24.41,24.83,490300
20120718,24.7,24.83,24.36,24.76,583400
20120719,24.63,25.02,24.44,24.93,927700
20120720,24.8,24.96,24.03,24.18,1315600
20120723,23.51,23.66,23.22,23.59,771500
20120724,23.32,23.58,22.1,22.27,2577000
20120725,22.39,22.51,21.8,22.37,1375300
20120726,22.11,22.57,21.43,22.56,1294100
20120727,22.78,23.45,22.61,23.43,1322400
20120730,23.31,23.34,22.95,23.34,610100
20120731,23.53,23.69,23,23.69,1171500
20120801,23.56,23.56,22.84,23.12,847600
20120802,22.85,23.24,22.4,22.66,1323600
20120803,23.28,23.45,22.95,23.18,947500
20120806,23.18,23.74,22.92,23.5,896100
20120807,23.59,23.85,23.29,23.52,1227100
20120808,23.32,23.75,23.32,23.59,1194000
20120809,23.52,23.92,23.35,23.89,1055300
20120810,23.77,24.12,23.43,24.04,707100
20120813,23.93,24.09,23.75,23.83,1214600
20120814,23.72,23.83,22.77,23.01,1665100
20120815,22.93,23,22.09,22.37,1928800
20120816,22.58,22.72,22.21,22.68,1058800
20120817,22.66,22.78,21.89,22.11,1037100
20120820,22.22,22.35,21.62,22.12,4535800
20120821,22.36,22.74,21.95,22.16,1002300
20120822,21.97,22.27,21.82,22.27,1153800
20120823,22.13,22.13,21.19,21.41,1833400
20120824,21.41,21.41,20.74,21.2,1617200
20120827,20.99,21.04,20.66,20.8,882300
20120828,20.59,20.97,20.35,20.62,2004600
20120829,20.72,20.72,19.65,19.75,1925800
20120830,19.64,19.79,19.3,19.58,2030000
20120831,19.83,20.42,19.71,20.42,3278900
20120903,20.62,20.62,20.22,20.55,913900
20120904,20.29,20.4,19.55,20.03,1269000
20120905,20.13,20.39,19.85,20.31,1179500
20120906,20.42,21.03,20.4,21.03,1635400
20120910,22.26,22.26,21.57,21.72,1816500
20120911,21.84,22.27,21.63,22.25,1221200
20120912,22.55,22.81,21.95,22.61,1477900
20120913,22.47,23.17,22.1,22.95,2241900
20120914,23.12,23.77,22.97,23.5,2744900
20120917,23.38,23.82,23.21,23.44,1175400
20120918,23.64,23.66,23.25,23.59,675600
20120919,23.47,23.96,23.16,23.39,739300
20120920,22.92,23.57,22.89,23.43,1355000
20120921,23.55,23.59,22.78,22.95,1040400
20120924,22.89,22.99,22.47,22.96,1074400
20120925,22.96,23.21,22.02,22.19,1055200
20120926,22.11,22.24,21.69,22.2,1538800
20120927,22.37,22.44,21.97,22.34,1631100
20120928,22,22.09,21.5,21.69,1442400
20121001,21.61,22.26,21.59,21.81,1513600
20121002,21.93,22.11,21.43,21.72,957200
20121003,21.8,21.96,21.28,21.51,636700
20121004,21.37,21.82,21.08,21.7,1331300
20121005,21.97,22.07,21.44,21.62,994800
20121008,21.58,22.2,21.36,22.2,797500
20121009,22.37,22.58,22.24,22.35,1256600
20121010,22.41,22.47,21.98,22.2,748500
20121011,22.31,22.5,22.17,22.41,509700
20121015,22.48,22.48,22.09,22.39,681000
20121016,22.51,23.11,22.49,22.6,1072200
20121017,22.84,23.25,22.75,23.16,1442400
20121018,22.96,23.1,22.67,23.08,1046300
20121019,22.96,23.02,22.31,22.51,1211400
20121022,22.64,22.68,22.27,22.54,698200
20121023,22.26,22.27,21.66,21.84,1152200
20121024,21.75,21.93,21.53,21.6,573200
20121025,22.03,22.95,22.03,22.88,1524400
20121026,22.61,22.87,22.49,22.72,791700
20121029,22.61,22.85,22.41,22.81,415800
20121030,22.8,23.08,22.77,23.04,535400
20121031,23.04,23.12,22.68,23.12,742100
20121101,23.08,23.7,22.97,23.63,1092400
20121105,23.37,23.56,23.19,23.56,630000
20121106,23.69,23.92,23.37,23.73,765000
20121107,23.63,23.73,23.15,23.45,764100
20121108,23.56,23.6,22.7,22.77,1247200
20121109,22.7,23,22.45,22.74,1049200
20121112,22.82,22.93,22.34,22.69,653600
20121113,22.5,22.81,22.21,22.74,1210800
20121114,22.52,22.68,22.06,22.34,1042100
20121116,22.01,22.07,21.61,21.9,760300
20121119,22.02,22.37,21.94,22.24,567400
20121121,22.33,22.43,21.8,22.18,1237800
20121122,22.28,22.32,21.92,22,446100
20121123,22.06,22.56,21.87,22.56,761800
20121126,22.45,22.52,21.95,22.36,737300
20121127,22.44,22.53,22.11,22.15,533900
20121128,21.92,22.09,21.67,21.99,790800
20121129,22.16,22.79,22,22.77,883000
20121130,22.73,22.73,22,22.45,2103700
20121203,22.63,22.63,21.81,22.28,1225600
20121204,22.11,22.3,21.84,21.98,877800
20121205,22.11,22.37,21.89,22.33,1206500
20121206,22.33,22.63,21.98,22.59,1735200
20121207,22.49,23.04,22.49,22.97,1026600
20121210,22.97,23.58,22.71,23.58,1045700
20121211,23.52,24.25,23.4,24.25,1544800
20121212,24.3,24.74,24.1,24.42,1644800
20121213,24.34,24.75,24.19,24.58,835500
20121214,24.78,25.31,24.74,25.19,1982900
20121217,25.21,25.45,25.05,25.2,971200
20121218,25.23,26.05,25.23,25.76,1254600
20121219,25.79,25.81,25.35,25.6,1541500
20121220,25.47,25.7,25.05,25.7,1370400
20121221,24.97,25.37,24.85,25.21,1054900
20121226,25.08,25.49,24.7,25.27,567900
20121227,25.49,25.7,24.98,25.3,539500
20121228,25.14,25.86,24.94,25.86,1148100
20130102,26.39,27.11,26.35,26.97,881400
20130103,26.91,26.95,26.42,26.68,669500
20130104,26.68,26.68,25.9,26.16,2073100
20130107,26.16,26.18,25.16,25.21,6741900
20130108,25.27,25.42,24.91,25.21,1230700
20130109,25.35,25.49,24.89,25.17,808300
20130110,25.37,25.4,25.05,25.21,2066600
20130111,25.08,25.2,24.43,24.78,1136000
20130114,24.94,25.01,24.51,24.9,535700
20130115,24.82,24.92,24.53,24.74,647500
20130116,24.64,24.64,24.23,24.58,1020600
20130117,24.37,24.8,24.31,24.75,964600
20130118,24.86,24.87,24.37,24.6,901600
20130121,24.49,24.56,24.31,24.53,534800
20130122,24.45,24.64,24.38,24.61,693200
20130123,24.6,24.64,24.3,24.55,960600
20130124,24.64,24.67,23.75,24.04,1536100
20130128,23.99,24.06,23.18,23.2,1794600
20130129,23.16,23.45,22.93,23.45,1098000
20130130,23.3,23.43,23.08,23.32,913900
20130131,23.33,24.34,23.24,24.34,2824000
20130201,24.34,24.93,24.34,24.66,1443000
20130204,24.53,24.56,24.04,24.5,998500
20130205,24.48,24.69,23.89,24.13,1102100
20130206,24.01,24.45,24.01,24.31,1665800
20130207,24.28,24.41,23.71,23.9,991000
20130208,23.73,24.08,23.56,24.04,1419800
20130213,24,24.05,23.59,23.88,859900
20130214,23.64,23.71,23.33,23.61,1288000
20130215,23.43,23.44,23.05,23.32,1634500
20130218,23.34,23.34,22.89,23.01,1774900
20130219,22.98,23.41,22.79,22.94,856100
20130220,22.8,22.83,22,22.07,2017000
20130221,21.9,22.02,21.36,21.9,1784900
20130222,22.1,22.21,21.23,21.35,2962300
20130225,21.47,21.65,21.13,21.59,1357000
20130226,21.31,22.03,21.11,21.85,1430500
20130227,21.85,22.07,21.52,22.07,1364800
20130228,21.82,22.89,21.63,22.89,1881800
20130301,22.44,22.44,22.04,22.37,1634100
20130304,21.86,21.89,21.27,21.51,1368300
20130305,21.78,21.78,21.13,21.26,1589000
20130306,21.55,22.44,21.09,22.27,1599400
20130307,22.38,22.53,22.01,22.53,1758800
20130308,22.27,22.51,21.69,22.08,1675300
20130311,21.84,22.17,21.56,22.17,1174700
20130312,21.96,22.14,21.81,21.92,985200
20130313,21.81,21.9,21,21.11,1232900
20130314,21.11,21.27,20.58,21.27,1174200
20130315,21.48,21.48,20.93,21.16,975500
20130318,20.92,21.11,20.64,21.11,1072300
20130319,20.88,20.96,20.24,20.43,2070000
20130320,20.43,20.75,20.25,20.68,1095700
20130321,20.56,20.77,20.36,20.75,955200
20130322,20.83,20.85,20.4,20.76,1085400
20130325,20.72,20.72,20.03,20.35,1722500
20130326,20.47,20.64,20.2,20.63,1006700
20130327,20.47,20.84,20.23,20.84,1012200
20130328,20.85,20.92,20.52,20.74,1491300
20130401,20.54,20.74,20.21,20.28,827700
20130402,20.32,20.4,19.86,19.91,992900
20130403,19.95,20.96,19.7,20.95,1341300
20130404,20.81,20.86,20.05,20.2,1528800
20130405,19.97,20.51,19.81,20.48,1528400
20130408,20.33,20.65,20.07,20.48,929300
20130409,20.62,21.67,20.62,21.59,2495800
20130410,21.66,21.8,20.69,20.74,3122200
20130411,20.92,21.02,20.04,20.11,1768600
20130412,20.01,20.95,19.63,20.48,2203800
20130415,19.85,20,19.2,19.2,1529000
20130416,19.43,19.69,19.22,19.58,1238000
20130417,19.28,19.47,18.63,19.45,2556300
20130418,19.32,19.73,18.98,19.43,1161500
20130419,19.58,19.83,18.97,19.51,1341100
20130422,19.25,19.7,19.15,19.69,737900
20130423,19.66,20.24,19.43,20.16,1259100
20130424,20.17,20.69,20.04,20.46,1829600
20130425,20.96,21.19,20.57,20.64,1828700
20130426,20.55,20.59,19.78,19.96,2423200
20130429,20.07,20.38,19.9,20.22,1204300
20130430,20.41,20.66,19.9,20.66,1873600
20130502,20.3,20.38,19.74,19.98,2445400
20130503,20.26,20.52,20.03,20.05,3280000
20130506,20.05,20.32,19.91,20.24,1897500
20130507,20.3,20.67,20.21,20.67,1764900
20130508,20.71,20.84,20.3,20.45,2245700
20130509,20.43,20.76,20.3,20.53,1490900
20130510,20.42,20.58,19.85,20.27,1985600
20130513,20.09,20.16,19.71,19.93,1037800
20130514,19.83,20.01,19.33,19.44,1448600
20130515,19.4,19.6,18.74,18.91,1367100
20130516,18.99,19,18.28,18.39,1345400
20130517,18.58,18.87,18.45,18.69,1551300
20130520,18.66,19.29,18.36,19.29,922200
20130521,19.36,19.49,19.11,19.45,937400
20130522,19.5,19.69,18.89,19.03,1360900
20130523,18.67,18.78,18.42,18.75,1080700
20130524,18.6,18.84,18.42,18.53,2110900
20130527,18.57,18.74,18.51,18.73,549500
20130528,18.85,18.91,18.37,18.5,1777000
20130529,18.39,18.4,18.06,18.14,2108100
20130531,18.02,18.42,17.49,17.83,2391300
20130603,17.79,18.19,17.68,18.19,2109100
20130604,18.35,18.36,17.97,18.19,2357300
20130605,17.94,18.2,17.66,17.78,2223700
20130606,17.79,17.92,17.4,17.86,1127400
20130607,17.42,17.86,17.38,17.47,1506600
20130610,17.41,17.43,17.14,17.27,994000
20130611,17,17.08,16.73,16.77,1661000
20130612,16.89,16.89,16.2,16.49,2174400
20130613,16.49,17.67,16.42,17.65,1669600
20130614,17.68,17.75,17.07,17.1,1540400
20130617,17.22,17.51,17.15,17.34,1207400
20130618,16.97,17.87,16.97,17.75,1011500
20130619,17.77,17.92,17.3,17.47,1333600
20130620,16.99,17.72,16.73,17.72,1768000
20130621,17.44,17.67,17.09,17.52,2017600
20130624,16.93,17.2,16.25,16.29,1698200
20130625,16.45,16.8,16.33,16.65,1860200
20130626,16.8,16.89,16.01,16.33,1456400
20130627,16.33,16.56,16.15,16.26,1456400
20130628,16.16,16.4,16.01,16.33,2868900
20130701,16.27,16.82,16.25,16.61,1334000
20130702,16.33,16.59,15.68,16,2495800
20130703,15.93,16.19,15.66,15.66,1180900
20130704,16.16,16.61,16.12,16.48,1667700
20130705,16.09,16.33,15.57,16.33,1018800
20130708,16.1,16.49,16.05,16.29,1177600
20130710,16.5,16.71,16.33,16.37,1256000
20130711,16.75,17.28,16.75,17.08,2701900
20130712,16.92,17.15,16.78,16.92,1144000
20130715,16.89,17.2,16.89,17.2,734700
20130716,17.37,17.6,17.26,17.56,1184500
20130717,17.71,18,17.57,17.64,1805800
20130718,17.47,18.1,17.46,17.94,1717000
20130719,17.72,17.88,17.31,17.5,1576400
20130722,17.45,18.1,17.43,18.04,1431200
20130723,18.31,18.65,18.1,18.63,1690300
20130724,18.52,18.56,18.19,18.4,1020400
20130725,18.13,18.61,18.13,18.58,673900
20130726,18.49,18.76,18.22,18.76,1167500
20130729,18.57,18.65,18.31,18.58,1472900
20130730,18.65,18.69,18.01,18.1,2151100
20130731,18.02,18.19,17.89,18.1,1128200
20130801,18.1,18.39,18.08,18.27,1019200
20130802,18.27,18.4,18.12,18.23,1505800
20130805,18.23,18.45,18.11,18.31,983700
20130806,18.21,18.35,17.9,18.11,1356900
20130807,17.92,18.58,17.91,18.58,1744200
20130808,18.44,19.5,18.44,19.38,1513800
20130809,19.62,20.32,19.4,20.28,1994400
20130812,20.29,20.75,20.23,20.56,1683900
20130813,20.45,20.8,20.27,20.57,1741700
20130814,20.49,20.93,20.44,20.63,2745500
20130815,20.33,20.91,20.29,20.88,1600100
20130816,20.85,21.09,20.68,21.09,1266400
20130819,20.98,21.36,20.86,21.36,1841000
20130820,21.16,21.16,20.51,20.59,1519300
20130821,20.42,20.72,20.06,20.32,1629400
20130822,20.53,21.13,20.53,20.93,1713600
20130823,20.93,21.01,20.35,20.91,1402500
20130826,20.89,21.09,20.66,20.66,898000
20130827,20.34,20.65,20.07,20.07,1405400
20130828,20.13,20.29,19.6,19.94,1233000
20130829,19.85,19.97,19.56,19.75,883100
20130830,19.81,19.94,19.39,19.94,1761600
20130902,20.26,20.73,20.26,20.69,1039700
20130903,20.63,20.76,20.42,20.69,1034600
20130904,20.47,20.65,20.26,20.61,1437500
20130905,20.61,20.73,20.33,20.55,1601400
20130906,20.89,20.89,20.26,20.37,1743000
20130909,20.47,21.12,20.37,20.93,2494300
20130910,20.95,21.34,20.95,21.23,2457400
20130911,21.09,21.39,20.57,20.83,1376400
20130912,20.93,20.93,20.52,20.77,1115400
20130913,20.68,20.85,20.41,20.85,1465100
20130916,20.91,21.1,20.65,20.88,837400
20130917,20.77,20.89,20.51,20.77,1175300
20130918,20.77,21.02,20.56,21.02,1193500
20130919,21.02,21.1,20.32,20.61,1543000
20130920,20.61,20.61,20.26,20.57,1737000
20130923,20.4,20.83,20.4,20.77,1327000
20130924,20.73,20.78,20.27,20.41,1304400
20130925,20.34,20.53,20.26,20.38,858500
20130926,20.35,20.69,20.35,20.64,967900
20130927,20.59,20.6,20.25,20.37,1305600
20130930,20.1,20.1,19.8,19.88,1607400
20131001,19.88,19.96,19.59,19.96,1233000
20131002,19.84,19.96,19.72,19.92,1232700
20131003,19.91,20.07,19.56,19.56,740000
20131004,19.57,19.92,19.45,19.92,1039500
20131007,19.83,19.83,19.4,19.4,1399100
20131008,19.47,19.47,19.2,19.42,849700
20131009,19.42,19.51,18.82,18.98,1338900
20131010,19.2,19.2,18.87,18.91,1428400
20131011,18.88,19.24,18.88,19.24,1502500
20131014,19.16,20.25,18.99,20.25,1181800
20131015,20.05,20.64,20.03,20.47,2048800
20131016,20.38,20.73,20.21,20.45,1554400
20131017,20.25,20.58,20.25,20.45,1020600
20131018,20.59,20.72,20.39,20.58,2207000
20131021,20.59,21.16,20.52,21.16,2024700
20131022,20.97,21.55,20.95,21.54,1771700
20131023,21.26,21.32,21.02,21.19,1351200
20131024,21.26,21.34,20.76,21.12,1570500
20131025,21.11,21.12,20.89,20.95,1339600
20131028,20.93,21.1,20.86,21.1,1362000
20131029,21.08,21.15,20.85,21.15,1287400
20131030,21.16,21.37,21.06,21.3,1680600
20131031,21.35,21.55,21.12,21.55,1803900
20131101,21.76,21.85,21.48,21.65,2345200
20131104,21.7,22.24,21.7,22.07,1497900
20131105,22.01,22.3,21.76,21.81,981300
20131106,22.09,22.09,21.82,22.06,1435100
20131107,22.03,22.07,21.17,21.37,2600000
20131108,21.16,21.33,20.81,20.99,1402500
20131111,20.99,21.43,20.82,21.26,918100
20131112,21.18,21.37,20.44,20.72,1536700
20131113,20.59,20.59,20,20.49,1680700
20131114,20.61,20.84,20.39,20.55,1245100
20131118,20.6,21.19,20.6,21.19,1664000
20131119,20.97,21.12,20.55,20.59,1423500
20131121,20.27,20.65,20.24,20.39,1185900
20131122,20.21,20.75,20.2,20.68,1069300
20131125,20.8,20.82,20.13,20.35,865800
20131126,20.1,20.28,19.66,19.66,1867200
20131127,19.7,20.47,19.7,20.26,1477300
20131128,20.59,20.93,20.35,20.59,1206300
20131129,20.74,21.1,20.59,21.1,1073700
20131202,20.99,21.15,20.54,20.59,1537600
20131203,20.26,20.75,20.14,20.2,1652700
20131204,20.33,20.58,20.2,20.58,1838300
20131205,20.59,21.04,20.55,20.76,1329800
20131206,20.84,21.08,20.59,20.89,1311800
20131209,20.82,21.05,20.79,21.05,608600
20131210,20.97,21.13,20.89,21.05,966200
20131211,20.94,21.01,20.48,20.48,803400
20131212,20.49,20.54,20.14,20.39,964000
20131213,20.4,20.49,20.01,20.04,1138100
20131216,20.04,20.32,20.03,20.1,2356700
20131217,20.22,20.47,20,20.35,954300
20131218,20.42,20.46,20.08,20.31,1515000
20131219,20.31,20.82,20.22,20.82,1004800
20131220,20.77,20.87,20.1,20.1,930500
20131223,20.21,20.4,20.15,20.22,617000
20131226,20.31,20.39,20.16,20.26,499000
20131227,20.31,20.55,20.29,20.5,581500
20131230,20.59,20.93,20.49,20.83,722800
20140102,20.79,20.85,19.9,20.05,1103900
20140103,20.06,20.06,19.63,19.86,1534900
20140106,19.76,19.87,19.47,19.81,1581800
20140107,19.82,19.96,19.18,19.27,1351300
20140108,19.41,19.6,19.27,19.34,929400
20140109,19.21,19.27,18.19,18.44,2910600
20140110,18.45,18.78,18.36,18.44,1150900
20140113,18.52,18.74,18.33,18.58,1565000
20140114,18.53,18.59,18.3,18.46,974600
20140115,18.58,18.7,18.43,18.61,1384200
20140116,18.73,19.09,18.6,18.61,1252600
20140117,18.72,18.74,18.27,18.49,1857700
20140120,18.49,18.52,17.98,18.1,708100
20140121,18.19,18.21,17.54,17.54,1393300
20140122,17.7,17.92,17.53,17.85,1735000
20140123,17.57,17.84,17.26,17.35,1610800
20140124,17.14,17.78,17.14,17.74,1486900
20140127,17.74,17.81,17.34,17.6,1890300
20140128,18,18.09,17.85,17.92,1705100
20140129,17.95,18.68,17.62,18.64,2577800
20140130,18.53,18.82,18.22,18.34,1949200
20140131,18.07,18.52,18,18.52,1306600
20140203,18.52,18.52,17.73,17.77,1456100
20140204,17.81,18.08,17.7,17.9,1971700
20140205,17.96,18.27,17.85,18.16,1521000
20140206,18.34,19.12,18.3,18.77,2276800
20140207,18.77,19.02,18.32,18.59,1735100
20140210,18.4,18.65,17.94,17.94,2181600
20140211,18.1,18.43,17.95,18.38,1148800
20140212,18.54,18.59,18.1,18.22,1371600
20140213,18.08,18.5,17.87,18.5,1436500
20140214,18.45,18.96,18.28,18.96,1739000
20140217,18.93,18.98,18.44,18.73,658900
20140218,18.63,18.98,18.49,18.63,1565600
20140219,18.63,18.74,18.39,18.68,1664800
20140220,18.58,18.58,18.23,18.44,1338200
20140221,18.44,18.59,18.27,18.37,919000
20140224,18.33,18.33,17.7,17.85,1010500
20140225,17.73,17.73,17.11,17.46,1400200
20140226,17.39,17.67,17.21,17.53,1028400
20140227,17.81,18.05,17.6,17.86,1228100
20140228,17.9,17.96,17.51,17.7,1512700
20140305,17.51,17.51,16.8,16.88,1379300
20140306,16.96,17.02,16.7,16.81,1486300
20140307,16.78,16.78,16,16.02,1898000
20140310,15.82,15.89,15.32,15.53,1731100
20140311,15.86,15.86,15.39,15.59,1238800
20140312,15.53,15.94,15.43,15.69,1699400
20140313,15.79,15.9,15.16,15.28,2934000
20140314,15.29,15.52,15.14,15.35,1048600
20140317,15.44,15.64,15.25,15.35,1160200
20140318,15.37,15.89,15.28,15.89,1976400
20140319,15.89,16.02,15.6,15.81,1542100
20140320,15.69,16.15,15.53,15.89,1816200
20140321,15.88,16.2,15.82,16.09,2497000
20140324,16.18,16.21,15.89,15.99,2437900
20140325,16.16,16.28,15.92,16.03,2347500
20140326,16.25,16.3,15.76,15.86,2029200
20140327,15.93,16.19,15.89,16.11,1793900
20140328,16.28,16.34,16.03,16.03,2184100
20140331,16.16,16.49,16.13,16.34,2375400
20140401,16.42,16.62,16.23,16.37,1924300
20140402,16.44,17.37,16.31,17.27,3146900
20140403,17.35,17.46,16.98,17.44,2895400
20140404,17.69,17.76,17.33,17.43,2097900
20140407,17.66,17.95,17.51,17.75,1848800
20140408,18.14,18.34,17.55,17.67,1891800
20140409,17.63,17.93,17.35,17.75,1386800
20140410,17.56,17.81,17.42,17.76,1829000
20140411,17.52,17.86,17.35,17.77,1522400
20140414,17.77,18.01,17.73,17.8,1463700
20140415,17.61,17.76,16.87,17.19,2332500
20140416,17.41,17.55,17.22,17.43,1668600
20140417,17.55,18.01,17.41,17.75,2043600
20140422,17.77,17.77,17.44,17.64,2368600
20140423,17.56,17.6,17.27,17.42,1804600
20140424,17.6,17.9,17.34,17.72,1751400
20140425,17.67,17.72,17.3,17.47,2274700
20140428,17.24,17.32,16.88,17.25,2766500
20140429,17.36,17.42,17,17.05,2020800
20140430,16.99,16.99,16.42,16.69,2412900
20140502,16.72,17.4,16.65,17.29,1798400
20140505,17.46,17.46,17.03,17.19,1317000
20140506,17.25,17.49,17.12,17.15,1623400
20140507,17.06,17.39,17.06,17.12,1100600
20140508,17.13,17.26,16.79,17.08,1696100
20140509,17.05,17.18,16.81,16.93,944500
20140512,17.25,17.58,17.13,17.38,1824100
20140513,17.42,17.53,17.28,17.28,1730600
20140514,17.21,17.77,17.21,17.68,2213100
20140515,17.61,17.74,17.34,17.65,952900
20140516,17.6,17.61,17.24,17.54,1317800
20140519,17.37,17.37,16.87,16.91,1884100
20140520,16.83,17.05,16.6,16.77,1949800
20140521,16.83,16.91,16.54,16.66,1808100
20140522,16.73,16.99,16.73,16.84,1212000
20140523,16.84,17.04,16.71,16.82,835200
20140526,16.94,17.01,16.82,16.92,482400
20140527,16.92,16.98,16.72,16.84,594800
20140528,16.84,16.84,16.51,16.73,905300
20140529,16.81,16.81,16.52,16.75,983200
20140530,16.56,16.56,16.08,16.08,2170500
20140602,16.23,16.69,16.23,16.59,1578400
20140603,16.51,16.62,16.38,16.58,1435400
20140604,16.55,16.6,16.34,16.45,1258400
20140605,16.46,16.59,16.25,16.3,826000
20140606,16.67,16.91,16.49,16.81,1716800
20140609,16.75,17.34,16.75,17.26,1519000
20140610,17.29,17.29,16.83,17,1170100
20140611,17.21,17.27,16.91,17.04,985300
20140613,16.84,16.91,16.6,16.86,1750700
20140616,16.86,16.97,16.77,16.89,1305800
20140617,16.78,16.84,16.71,16.78,603900
20140618,16.8,17.11,16.72,17.04,1313300
20140620,16.86,17.04,16.84,17.03,1126000
20140623,17.21,17.64,17.21,17.43,1250800
20140624,17.44,17.53,17.03,17.21,1771600
20140625,17.03,17.29,16.99,17.18,1381700
20140626,17.3,17.78,17.29,17.61,1552700
20140627,17.6,17.67,17.31,17.46,1371700
20140630,17.38,17.53,17.18,17.51,1073600
20140701,17.65,17.87,17.64,17.79,1376800
20140702,17.9,18.22,17.87,18.1,1446700
20140703,18.12,18.49,18.12,18.41,1355000
20140704,18.46,18.59,18.26,18.45,412800
20140707,18.3,18.37,18.14,18.25,1851600
20140708,18.21,18.33,18.19,18.32,770300
20140710,18.51,18.51,18.07,18.3,1307600
20140711,18.19,18.36,18.04,18.27,1008300
20140714,18.41,18.72,18.39,18.57,1791400
20140715,18.57,18.9,18.55,18.78,1316200
20140716,19,19.23,18.94,18.97,1471800
20140717,18.97,19.17,18.8,18.92,645700
20140718,19.37,19.37,18.95,19.03,957000
20140721,19.06,19.19,18.87,19.1,1108400
20140722,19.12,19.41,19.12,19.38,804900
20140723,19.27,19.48,19.24,19.37,1345800
20140724,19.55,19.93,19.45,19.66,2651800
20140725,19.75,19.86,19.68,19.75,823200
20140728,19.89,20.13,19.83,20.07,1316000
20140729,20.08,20.33,19.99,20.02,960300
20140730,20.06,20.15,19.73,19.93,1383600
20140731,19.72,20.1,19.65,19.89,1866200
20140801,19.78,19.86,19.37,19.5,1121600
20140804,19.71,19.71,19.22,19.6,805200
20140805,19.49,19.54,19.22,19.41,792300
20140806,19.33,19.53,19.18,19.37,736800
20140807,19.48,19.55,19.2,19.31,400500
20140808,19.17,19.28,19.11,19.19,957100
20140811,19.39,19.67,19.37,19.37,564700
20140812,19.3,19.46,19.2,19.31,491100
20140813,19.4,19.4,18.78,19.05,1399500
20140814,18.86,18.86,18.42,18.57,1564300
20140815,18.62,18.81,18.54,18.7,1106800
20140818,18.79,18.98,18.61,18.79,1133600
20140819,18.79,19.04,18.67,18.95,818000
20140820,19.02,19.23,18.89,19.11,993100
20140821,19.12,19.25,19.03,19.09,878800
20140822,19.07,19.07,18.87,18.98,531500
20140825,19.17,19.17,18.67,18.68,1521200
20140826,18.67,18.8,18.54,18.58,858000
20140827,18.74,18.76,18.42,18.45,1292800
20140828,18.2,18.3,17.6,17.61,1309200
20140829,17.69,17.77,17.42,17.68,1018400
20140901,17.73,17.8,17.21,17.21,1395200
20140902,17.23,17.45,17.15,17.27,2189800
20140903,17.34,17.68,17.21,17.27,801900
20140904,17.18,17.32,17,17,1666600
20140905,16.98,17.05,16.54,16.65,2574000
20140908,16.76,16.8,16.38,16.47,1815700
20140909,16.31,16.76,16.31,16.6,1456100
20140910,16.48,16.66,16.27,16.52,1002600
20140911,16.6,16.65,16.43,16.44,740200
20140912,16.39,16.46,16.23,16.39,3276600
20140915,16.51,16.69,16.4,16.65,1214700
20140916,16.66,16.85,16.53,16.62,1458000
20140917,16.7,16.78,16.45,16.45,1035900
20140918,16.3,16.59,16.26,16.3,1441700
20140919,16.26,16.38,16.06,16.16,902600
20140922,15.9,15.9,15.41,15.56,958900
20140923,15.56,15.75,15.41,15.52,1374800
20140924,15.39,15.9,15.39,15.69,1478900
20140925,15.56,15.69,15.37,15.56,1527200
20140926,15.63,15.75,15.25,15.25,674800
20140929,15.13,15.36,14.78,15.18,1735200
20140930,15.07,15.57,15.03,15.5,1568400
20141001,15.22,15.63,15.16,15.38,1622200
20141002,15.29,15.83,15.06,15.69,1690000
20141003,15.77,15.81,15.41,15.63,612500
20141006,16.17,16.26,15.52,15.64,1835200
20141007,15.82,16.09,15.57,15.64,2306600
20141008,15.83,15.91,15.45,15.59,927200
20141009,15.89,15.9,15.25,15.45,1533100
20141010,15.31,15.39,15.03,15.11,763500
20141013,15.42,16.27,15.42,15.93,920600
20141014,16.08,16.77,15.92,16.55,1795500
20141015,16.33,16.55,15.85,16.42,1073000
20141016,15.87,16.01,15.62,15.62,968400
20141017,15.78,15.94,15.5,15.94,1276500
20141020,15.77,15.79,15.52,15.74,1075800
20141021,15.34,15.86,15.28,15.75,1797200
20141022,15.71,15.95,15.61,15.73,1399800
20141023,15.5,16.01,15.45,15.82,2093000
20141024,15.68,16.41,15.59,16.07,5328400
20141027,15.73,15.73,14.88,15.1,3263000
20141028,15.23,15.29,14.95,15.15,2588000
20141029,15.15,15.22,14.22,14.22,1962000
20141030,13.92,13.92,13.48,13.53,2581000
20141031,13.64,14.47,13.64,14.47,1320700
20141103,14.45,14.45,14,14.36,968500
20141104,14.2,14.4,13.72,13.82,1159300
20141105,13.72,13.87,13.38,13.77,3242300
20141106,13.65,13.8,13.2,13.38,3121200
20141107,13.4,13.71,13.33,13.54,3105200
20141110,13.72,13.91,13.17,13.25,1265000
20141111,13.12,13.16,12.57,12.81,1602000
20141112,12.77,12.99,12.63,12.69,3865800
20141113,12.69,12.86,12.57,12.57,1268200
20141114,12.57,12.87,12.39,12.87,2220700
20141117,12.87,13.13,12.77,13.13,1760100
20141118,13.14,13.14,12.58,12.58,1364600
20141119,12.54,12.71,12.27,12.66,2072500
20141121,12.79,14.03,12.77,13.79,2705700
20141124,14.07,14.29,13.75,13.83,1504300
20141125,14.08,14.08,13.55,13.9,2022600
20141126,13.92,13.94,13.28,13.42,1794700
20141127,13.42,13.81,13.38,13.44,957300
20141128,13.45,13.84,13.45,13.7,1069700
20141201,13.62,13.94,12.87,12.98,2658400
20141202,13,13.2,12.73,12.73,1076000
20141203,12.79,12.86,12.59,12.72,962300
20141204,12.65,12.79,12.22,12.42,1809700
20141205,12.37,12.61,12.19,12.47,963700
20141208,12.43,12.55,12,12.07,1176900
20141209,11.81,11.97,11.57,11.65,1982400
20141210,11.61,11.68,11.27,11.27,1117700
20141211,11.28,11.28,10.83,10.89,1658800
20141212,10.81,11.05,10.63,10.63,1292600
20141215,10.69,10.8,10.43,10.5,1378200
20141216,10.18,11.08,10.18,10.79,2781100
20141217,10.84,11.23,10.84,11.21,2916000
20141218,11.36,11.4,11.01,11.39,1562400
20141219,11.47,12.28,11.24,12.28,2656500
20141222,12.27,12.44,12.02,12.33,1132600
20141223,12.31,12.94,12.12,12.91,847300
20141226,12.99,13.06,12.66,12.66,917600
20141229,12.69,13.05,12.69,13.03,1423900
20141230,13.02,13.13,12.85,12.99,1514200
20150102,12.77,12.77,12.1,12.39,1391700
20150105,12.14,12.33,11.72,12.16,1339900
20150106,12.22,12.81,12.22,12.64,4488000
20150107,12.82,13.31,12.82,13.16,1265700
20150108,13.33,13.33,12.87,13.17,452100
20150109,13.02,13.28,12.9,13.03,853600
20150112,12.98,13.08,12.61,13.03,788300
20150113,13.17,13.48,13.09,13.09,1167400
20150114,12.89,12.89,12.08,12.11,2891600
20150115,12.12,12.46,11.86,12.12,1372900
20150116,12.17,12.96,12.08,12.77,1102900
20150119,12.65,12.73,12.36,12.72,1699600
20150120,12.89,13,12.66,12.88,1097500
20150121,13.04,13.16,12.69,13.06,779800
20150122,13.17,13.47,12.8,12.89,1075700
20150123,12.69,12.78,12.09,12.27,1324000
20150126,11.9,11.91,11.51,11.51,1715100
20150127,11.37,11.45,11,11.14,2043400
20150128,11,11.14,10.85,10.89,2550700
20150129,11,11.03,10.28,10.37,1975000
20150130,10.27,10.56,10.13,10.55,1989800
20150202,10.72,11.03,10.46,10.87,1807600
20150203,11.19,11.77,11.19,11.52,3100000
20150204,11.48,11.81,11.21,11.23,2001100
20150205,10.94,11.57,10.93,11.37,1548100
20150206,11.25,11.48,10.95,11.22,4605000
20150209,10.99,11.92,10.99,11.68,2084600
20150210,11.5,11.74,11.18,11.18,1519200
20150211,11.19,11.72,11.13,11.72,1911700
20150212,11.9,12.12,11.83,12.07,1466800
20150213,11.91,12.51,11.91,12.29,1909700
20150218,12.45,12.74,12.45,12.65,1432500
20150219,12.53,12.53,12.13,12.17,1305500
20150220,12.24,12.55,12.07,12.47,628600
20150223,12.21,12.25,11.87,11.99,1131900
20150224,12.07,12.38,11.93,12.32,856700
20150225,12.18,12.47,12.17,12.47,985600
20150226,12.33,12.34,11.73,11.97,1275300
20150227,11.97,12.17,11.87,12.03,1714600
20150302,11.82,12.03,11.4,11.56,1616100
20150303,11.56,11.81,11.54,11.8,1386200
20150304,11.48,11.63,11.36,11.53,903100
20150305,11.47,11.49,10.96,11.06,1929900
20150306,11.11,11.24,10.83,11.17,1433100
20150309,10.98,11.18,10.84,10.95,1708900
20150310,10.74,10.93,10.63,10.67,1116200
20150311,10.68,10.7,10.47,10.54,1481600
20150312,10.7,10.77,10.44,10.49,2404400
20150313,10.33,10.53,10.17,10.37,2584300
20150316,10.46,10.63,10.13,10.41,1840400
20150317,10.36,10.77,10.36,10.77,4898100
20150318,10.72,10.73,10.35,10.56,4241100
20150319,10.62,10.62,10.26,10.26,1900900
20150320,10.38,10.94,10.31,10.94,6914200
20150323,11.05,11.05,10.71,10.9,1403800
20150324,10.9,10.95,10.41,10.52,1595800
20150325,10.61,10.67,10.39,10.64,1394000
20150326,10.49,10.64,10.22,10.22,1543300
20150327,10.17,10.26,9.69,9.77,2618600
20150330,9.87,9.99,9.77,9.99,1729500
20150331,9.86,9.92,9.55,9.62,2027600
20150401,9.62,9.64,9.33,9.37,1997800
20150402,9.42,9.72,9.21,9.71,1619400
20150406,9.75,10.1,9.67,9.72,1878600
20150407,9.76,10.07,9.76,10,2285000
20150408,10.17,10.25,9.86,9.93,2430800
20150409,9.9,10.07,9.71,9.91,2190100
20150410,9.81,9.88,9.68,9.73,1582600
20150413,9.67,9.87,9.5,9.53,2174600
20150414,9.69,9.97,9.62,9.81,3816300
20150415,9.86,9.98,9.71,9.93,2524300
20150416,9.88,9.92,9.67,9.81,2475100
20150417,9.59,9.77,9.5,9.7,3055500
20150420,9.81,9.84,9.56,9.58,2137100
20150422,9.74,10.36,9.74,10.36,7416800
20150423,10.31,10.94,10.22,10.92,5971200
20150424,11.17,11.83,11.13,11.49,12907700
20150427,11.58,12.08,11.33,11.46,5838700
20150428,11.6,11.74,11.2,11.42,4567700
20150429,11.12,11.18,10.82,10.99,4495000
20150430,10.65,11.51,10.58,11.46,5523300
20150504,12.03,12.27,11.89,12.05,3119400
20150505,12.18,12.77,12.07,12.7,5635300
20150506,12.86,13.13,12.05,12.18,5665900
20150507,12.03,12.39,11.65,12.16,3167200
20150508,12.27,12.37,11.7,11.75,3550100
20150511,11.99,12.35,11.94,12.09,2227800
20150512,11.99,12.15,11.56,11.65,2475500
20150513,11.35,11.48,11,11.18,4791400
20150514,11,11.17,10.77,10.85,5421400
20150515,10.84,11.07,10.84,10.95,2647100
20150518,10.99,11.12,10.58,10.59,3715200
20150519,10.55,10.55,10.19,10.4,5901800
20150520,10.32,10.49,10.18,10.27,2846000
20150521,10.19,10.5,10.19,10.36,2963800
20150522,10.58,10.63,10.39,10.41,2331900
20150525,10.46,10.79,10.34,10.63,1539600
20150526,10.61,10.87,10.53,10.69,3728300
20150527,10.83,10.88,10.46,10.88,4765600
20150528,10.68,10.79,10.52,10.72,4392000
20150529,10.58,11.01,10.56,10.6,31337400
20150601,10.65,10.79,10.6,10.68,3544700
20150602,10.82,11.48,10.72,11.48,6074300
20150603,11.42,11.57,11.14,11.22,2697100
20150605,11.08,11.3,10.98,11.23,3263100
20150608,11.33,11.33,10.75,10.76,2820000
20150609,10.78,10.98,10.57,10.57,2634600
20150610,10.81,11.31,10.81,11.21,5076800
20150611,11.32,11.49,11.15,11.37,3340900
20150612,11.41,11.41,11.09,11.28,1879200
20150615,11.13,11.19,10.89,10.99,1990800
20150616,11.05,11.05,10.65,10.8,3394000
20150617,10.77,10.77,10.56,10.65,2301300
20150618,10.72,11.13,10.67,11.13,3264300
20150619,11.08,11.14,10.84,11.05,1387800
20150622,11.22,11.28,10.84,10.92,1570500
20150623,10.99,11.05,10.81,10.9,2078100
20150624,10.94,11.03,10.8,10.86,1325700
20150625,10.79,10.87,10.46,10.58,2946200
20150626,10.62,10.86,10.5,10.84,2972500
20150629,10.61,10.68,10.34,10.54,1673200
20150630,10.55,10.55,9.97,10.01,3276500
20150701,10.04,10.2,9.76,9.82,2299500
20150702,9.65,9.94,9.59,9.76,1953500
20150703,9.77,9.82,9.5,9.54,1048700
20150706,9.43,9.49,9.32,9.45,1891700
20150707,9.43,9.55,8.99,9.51,2852400
20150708,9.25,9.42,9.08,9.23,1779500
20150710,9.59,9.62,9.21,9.24,1946000
20150713,9.3,9.8,9.12,9.8,3582400
20150714,9.69,9.69,9.38,9.41,1853600
20150715,9.45,9.58,9.18,9.25,1376700
20150716,9.35,9.4,9.18,9.32,1084500
20150717,9.4,9.42,9.24,9.28,987600
20150720,9.28,9.47,9.22,9.22,983300
20150721,9.22,9.44,9.13,9.16,1600200
20150722,9.1,9.13,8.84,9.01,2986700
20150723,8.89,9.3,8.85,9.11,1957100
20150724,9.13,9.2,8.71,8.85,1768000
20150727,8.85,9.23,8.61,8.83,1352700
20150728,9,9.48,8.92,9.38,2167700
20150729,9.49,9.63,9.41,9.53,1500600
20150730,9.84,10.16,9.02,9.05,2193700
20150731,9.1,9.36,8.89,9.36,1884000
20150803,9.36,9.36,9.08,9.16,1386900
20150804,9.31,9.56,9.28,9.47,2247800
20150805,9.84,10.02,9.78,9.82,1617500
20150806,9.61,10.02,9.59,10.02,1705800
20150807,10.02,10.02,9.39,9.42,1395000
20150810,9.47,9.8,9.34,9.7,1822100
20150811,9.39,9.51,9.07,9.22,2622500
20150812,9.07,9.29,8.93,9.28,2475000
20150813,9.37,9.4,9.04,9.12,1219000
20150814,9.21,9.21,8.84,8.84,3071600
20150817,8.84,8.94,8.64,8.73,1776900
20150818,8.75,8.75,8.46,8.56,2063400
20150819,8.48,8.52,8.14,8.27,2330800
20150820,8.23,8.61,8.19,8.6,2550000
20150821,8.49,8.5,8.33,8.34,1224400
20150824,7.79,8.02,7.34,7.59,3469400
20150825,7.91,7.96,7.6,7.62,2280700
20150826,7.67,7.89,7.56,7.89,2276600
20150827,7.96,8.73,7.96,8.73,3102800
20150828,8.51,8.97,8.46,8.71,2215100
20150831,8.51,8.99,8.43,8.91,2643400
20150901,8.59,8.87,8.5,8.7,2447600
20150902,8.88,9.23,8.75,9.16,1696200
20150903,9.2,9.59,9.04,9.32,3466900
20150904,9.26,9.27,8.97,9.18,2946100
20150908,9.42,9.65,9.36,9.65,2472900
20150909,9.75,10.02,9.56,9.58,3423000
20150910,9.18,10.07,9.18,10.07,1990800
20150911,10.09,10.25,9.61,9.67,1587900
20150914,9.63,9.79,9.18,9.32,4339200
20150915,9.29,9.36,8.87,9.02,2612800
20150916,9.05,9.25,8.96,9.08,2474900
20150917,9.08,9.63,9.01,9.4,3513300
20150918,9.28,9.5,9.21,9.45,5450000
20150921,9.4,9.57,9.26,9.26,1103500
20150922,9.12,9.12,8.73,8.86,2279300
20150923,8.94,9.01,8.51,8.51,1710400
20150924,8.37,8.72,8.32,8.46,1961000
20150925,8.6,8.65,8.18,8.23,2497000
20150928,8.04,8.06,7.71,7.76,2421000
20150929,7.76,7.95,7.7,7.74,2360500
20150930,7.97,8.01,7.7,7.8,2665900
20151001,7.75,8.12,7.75,8.02,1918100
20151002,7.98,8.37,7.92,8.37,1656600
20151005,8.49,8.6,8.35,8.42,1245900
20151006,8.46,8.63,8.35,8.51,1344400
20151007,8.84,9.24,8.75,9.02,3339500
20151008,9.05,9.1,8.85,8.94,2440600
20151009,9.12,9.23,8.92,9,2506100
20151013,8.71,8.75,8.07,8.11,3383700
20151014,8.18,8.42,8.09,8.27,3022900
20151015,8.32,8.48,8.13,8.48,1500700
20151016,8.54,8.55,8.2,8.31,1705900
20151019,8.39,8.4,8.01,8.05,1367700
20151020,8.07,8.1,7.72,7.8,2027100
20151021,7.82,8.03,7.78,7.92,3122600
20151022,8.03,8.26,7.94,8.14,2821200
20151023,8.37,8.44,8.01,8.13,2510600
20151026,8.09,8.17,7.77,7.78,1709800
20151027,7.77,7.81,7.58,7.61,2769600
20151028,7.58,7.65,7.43,7.51,2357700
20151029,7.47,7.6,7.37,7.42,2822800
20151030,7.47,7.85,7.44,7.85,2416500
20151103,8.03,8.24,7.8,8.24,2602300
20151104,8.34,8.52,8.02,8.1,2039500
20151105,8.11,8.12,7.84,7.92,2048700
20151106,7.66,7.69,7.41,7.5,3624400
20151109,7.54,7.6,7.43,7.43,1381000
20151110,7.44,7.44,7.26,7.3,2393200
20151111,7.35,7.55,7.29,7.32,2383600
20151112,7.32,7.36,7.1,7.1,7547000
20151113,7.11,7.14,7.04,7.05,2354600
20151116,7.08,7.18,6.81,6.81,2644000
20151117,6.89,6.92,6.55,6.62,3040700
20151118,6.62,6.75,6.55,6.66,2594500
20151119,6.78,6.81,6.59,6.59,2180300
20151123,6.55,6.56,6.26,6.26,2499100
20151124,6.25,6.36,6.11,6.3,4429200
20151125,6.23,6.29,6,6,4083200
20151126,6.02,6.06,5.88,5.96,5959500
20151127,5.9,5.91,5.51,5.51,4793600
20151130,5.46,5.46,4.99,5.28,9874200
20151201,5.31,5.37,5.2,5.31,6292600
20151202,5.34,5.45,5.08,5.39,3686300
20151203,5.55,5.55,5.31,5.43,4130300
20151204,5.4,5.4,5.04,5.06,3750800
20151207,5.06,5.13,5,5.01,2478700
20151208,4.96,4.96,4.64,4.66,5005000
20151209,4.72,5,4.72,4.91,3111500
20151210,4.9,5.11,4.85,5.07,2198300
20151211,4.9,4.99,4.83,4.94,3930300
20151214,4.82,5.09,4.8,5.07,1472600
20151215,5.13,5.29,5.12,5.26,2204700
20151216,5.21,5.41,5.11,5.2,2553400
20151217,5.34,5.41,5.05,5.05,1805900
20151218,4.96,5.12,4.88,5.06,2272700
20151221,5.11,5.2,4.83,4.83,1892900
20151222,4.86,4.97,4.81,4.91,1285300
20151223,5.05,5.3,5.04,5.18,3131600
20151228,5.18,5.18,4.87,4.87,1623700
20151229,4.87,4.92,4.79,4.89,1145600
20151230,4.87,5.01,4.85,4.95,1819200
20160104,4.79,4.97,4.66,4.66,1870600
20160105,4.68,4.73,4.64,4.71,2486000
20160106,4.6,4.6,4.36,4.39,1892300
20160107,4.21,4.25,4.09,4.11,1933100
20160108,4.2,4.26,3.99,4.06,1138300
20160111,4.06,4.15,3.89,3.9,1148600
20160112,3.92,3.96,3.56,3.56,2018700
20160113,3.63,3.72,3.32,3.33,5097600
20160114,3.36,3.56,3.28,3.47,3624700
20160115,3.3,3.37,3.21,3.37,2325900
20160118,3.39,3.47,3.33,3.34,1443500
20160119,3.48,3.54,3.32,3.35,2085400
20160120,3.22,3.27,3.14,3.17,5301100
20160121,3.17,3.28,3.09,3.09,4756300
20160122,3.17,3.22,3.01,3.11,11122800
20160126,3.02,3.11,2.93,3.11,3478800
20160127,3.09,3.26,3.02,3.22,4856600
20160128,3.23,3.37,3.09,3.11,2319300
20160129,3.15,3.29,3.04,3.29,2438300
20160201,3.2,3.36,3.14,3.35,1832100
20160202,3.22,3.3,3.06,3.07,1697800
20160203,3.13,3.23,3.06,3.22,1621900
20160204,3.32,3.73,3.28,3.67,3814500
20160205,3.64,3.84,3.58,3.67,3016600
20160210,3.6,3.68,3.49,3.56,1169600
20160211,3.45,3.52,3.28,3.38,1995200
20160212,3.47,3.55,3.42,3.55,1641400
20160215,3.75,3.79,3.63,3.67,2747800
20160216,3.67,3.96,3.58,3.96,5250600
20160217,4.12,4.23,3.93,3.97,10259500
20160218,3.96,4.05,3.78,3.83,2669800
20160219,3.81,4.06,3.75,4.06,3731000
20160222,4.3,4.55,4.23,4.53,3908400
20160223,4.45,4.63,4.19,4.2,3336900
20160224,4.06,4.13,3.89,4.13,2174500
20160225,3.87,4.04,3.77,3.82,3033000
20160226,3.94,3.97,3.77,3.89,2523600
20160229,3.97,4.07,3.88,4,4535300
20160301,4.12,4.31,4.05,4.31,2957800
20160302,4.32,4.69,4.23,4.6,3615200
20160303,4.76,5.07,4.51,5.02,4455100
20160304,5.6,5.83,5.2,5.38,5887200
20160307,5.76,6.1,5.64,5.87,5557700
20160308,5.66,5.82,5.19,5.26,4183600
20160309,5.28,5.46,4.85,4.96,5345700
20160310,5.07,5.16,4.68,4.93,4512600
20160311,4.95,5.23,4.93,5.13,6128000
20160314,5.21,5.21,4.9,4.99,6685700
20160315,4.81,5.04,4.77,4.93,6968600
20160316,4.89,5.3,4.88,5.24,3313800
20160317,5.51,5.68,5.31,5.66,3911000
20160318,5.67,6.03,5.58,5.85,2617600
20160321,5.86,6.09,5.76,5.89,2430800
20160322,5.85,6.03,5.76,5.85,1881700
20160323,5.71,5.83,5.49,5.49,1930900
20160324,5.41,5.95,5.32,5.92,3351600
20160328,6.05,6.16,5.8,5.98,2092300
20160329,5.95,6.23,5.76,6.12,3311500
20160330,6.22,6.55,6.17,6.24,4398100
20160331,6.22,6.27,5.99,6.07,2410100
20160401,5.96,6.53,5.92,6.44,2834300
20160404,6.45,6.6,5.98,6.08,2782000
20160405,6,6.37,5.88,6.19,2361900
20160406,6.1,6.31,5.9,6.09,1928900
20160407,6.18,6.24,5.96,5.98,1144900
20160408,6.15,6.42,6.09,6.4,2089800
20160411,6.56,6.92,6.56,6.85,3616900
20160412,7.05,7.62,6.85,7.62,5062100
20160413,7.94,8.23,7.89,8.01,6263700
20160414,8.14,8.14,7.34,7.61,6007200
20160415,7.73,7.96,7.5,7.86,5417500
20160418,7.93,8.08,7.68,7.84,4504300
20160419,8.09,8.29,7.97,8.23,5466000
20160420,8.19,8.74,8.19,8.74,8379500
20160422,8.39,8.45,7.94,8.07,6655300
20160425,7.9,7.95,7.49,7.53,2915900
20160426,7.53,7.91,7,7.86,6637100
20160427,7.93,8.19,7.62,8.19,3223100
20160428,8.44,8.89,8.29,8.53,6148700
20160429,8.59,8.86,8.39,8.41,3954100
20160502,8.47,8.65,8.09,8.44,2956900
20160503,8.12,8.22,7.82,7.93,2546300
20160504,7.54,7.67,7.35,7.63,3290600
20160505,7.84,7.89,7.26,7.38,4088100
20160506,7.25,7.83,7.17,7.68,6695100
20160509,7.44,7.45,6.87,7.01,7575200
20160510,7.23,7.54,7.08,7.52,6953800
20160511,7.7,7.77,7.43,7.69,3321500
20160512,7.83,7.83,7.29,7.35,2677700
20160513,7.3,7.47,6.93,6.93,2284600
20160516,6.92,7.27,6.84,6.9,2362000
20160517,6.99,7.3,6.74,7.17,3276100
20160518,7.12,7.13,6.79,6.79,3116400
20160519,6.69,6.89,6.5,6.79,1977800
20160520,6.95,7.03,6.45,6.67,3927800
20160523,6.42,6.78,6.42,6.73,2382900
20160524,6.75,6.92,6.71,6.71,2120700
20160525,6.77,7.05,6.73,6.91,2191900
20160527,6.89,7.19,6.76,6.85,2571100
20160530,6.91,6.96,6.69,6.8,1129900
20160531,6.79,7.12,6.71,6.92,3729100
20160601,6.8,6.96,6.76,6.91,3909800
20160602,6.93,7.16,6.88,7.15,3801900
20160603,7.18,7.71,7.18,7.66,2645800
20160606,7.76,7.99,7.58,7.91,2879400
20160607,7.88,8.14,7.8,7.9,3585400
20160608,7.99,8.18,7.9,8.18,2915000
20160609,8.11,8.11,7.66,7.87,6087800
20160610,7.71,7.83,7.61,7.66,11609000
20160613,7.52,7.77,7.42,7.72,3758200
20160614,7.62,7.92,7.45,7.46,6370700
20160615,7.5,7.85,7.42,7.71,7622600
20160616,7.6,7.86,7.55,7.79,4476000
20160617,7.86,8.13,7.86,7.99,3439400
20160620,8.17,8.42,8.14,8.22,2419600
20160621,8.2,8.33,7.97,8.3,2234800
20160622,8.39,8.63,8.37,8.42,2002400
20160623,8.57,8.99,8.49,8.99,2973700
20160624,8.44,8.69,8.16,8.23,6307300
20160627,8.31,8.41,8.04,8.14,2662700
20160628,8.41,8.59,8.31,8.47,2436000
20160629,8.7,8.77,8.54,8.62,3274800
20160630,8.58,8.82,8.49,8.79,3552800
20160701,8.82,8.94,8.68,8.86,2633800
20160704,9.33,9.58,9.29,9.46,2932100
20160705,9.38,9.42,8.89,9.04,3080700
20160706,8.89,9.31,8.78,9.31,1795000
20160707,9.31,9.42,8.93,9.08,4701400
20160708,9.23,9.39,9.16,9.32,2210200
20160711,9.4,9.71,9.4,9.68,1485200
20160712,9.88,10.16,9.88,10,2661700
20160713,10.07,10.16,9.75,10.12,1518200
20160714,10.18,10.3,9.78,9.94,2145300
20160715,9.95,10.35,9.81,10.14,2538100
20160718,9.96,10.34,9.86,10.29,1753600
20160719,10.12,10.22,9.85,9.97,2153100
20160720,10,10.11,9.7,9.88,2263200
20160721,9.93,10.3,9.93,10.24,1918900
20160722,10.32,10.32,9.97,10.12,1742900
20160725,10.21,10.31,10.05,10.24,1259900
20160726,10.28,10.77,10.23,10.66,2676200
20160727,10.84,11.12,10.83,10.92,2353500
20160728,11.06,11.11,10.57,10.77,2578600
20160729,10.69,10.81,10.43,10.72,1746600
20160801,10.83,11.09,10.44,10.49,2099200
20160802,10.5,10.66,10.29,10.43,1326600
20160803,10.45,10.9,10.19,10.9,1779200
20160804,10.92,11,10.62,10.89,2097500
20160805,10.99,11.06,10.8,10.95,2581700
20160808,11,11.1,10.71,10.84,958100
20160809,10.89,11.05,10.66,10.86,1439600
20160810,10.93,10.97,10.43,10.45,1927000
20160811,10.46,10.77,10.37,10.77,1591100
20160812,10.77,10.77,10.43,10.43,2159800
20160815,10.58,11,10.48,10.96,1866600
20160816,10.93,11.35,10.93,11.12,2555300
20160817,11.09,11.29,10.7,11.25,6824000
20160818,11.28,11.35,11.02,11.11,2165100
20160819,11.04,11.27,10.98,11.24,1003700
20160822,11.2,11.24,10.78,10.82,1401500
20160823,10.92,11.16,10.84,10.91,1517200
20160824,10.78,10.85,10.41,10.53,1350500
20160825,10.6,10.77,10.34,10.45,1516000
20160826,10.45,11.01,10.2,10.3,2644100
20160829,10.37,10.78,10.33,10.69,609100
20160830,10.72,10.78,10.41,10.58,1024100
20160831,10.53,10.57,10.08,10.21,2231400
20160901,10.31,10.45,10.21,10.39,834700
20160902,10.58,10.89,10.46,10.75,1911000
20160905,10.84,10.91,10.51,10.51,861000
20160906,10.59,10.59,10.27,10.58,2069600
20160908,10.45,10.59,10.28,10.33,2011400
20160909,10.28,10.28,9.79,9.82,1691300
20160912,9.78,10.13,9.61,10.08,5909600
20160913,9.93,9.93,9.29,9.4,1544200
20160914,9.51,9.99,9.38,9.75,2683100
20160915,9.76,9.84,9.6,9.72,1118000
20160916,9.7,9.7,9.4,9.51,2423500
20160919,9.66,9.82,9.51,9.59,2679700
20160920,9.64,9.68,9.48,9.58,1146200
20160921,9.66,9.94,9.6,9.93,4792400
20160922,10.1,10.2,9.81,9.86,2542300
20160923,9.89,9.93,9.74,9.87,2935600
20160926,9.81,9.82,9.63,9.72,1862600
20160927,9.8,9.8,9.58,9.68,1515300
20160928,9.7,9.98,9.67,9.93,4960500
20160929,9.94,10.04,9.7,9.78,1738800
20160930,9.77,9.83,9.65,9.69,1592600
20161003,9.63,10.3,9.63,10.23,1861600
20161004,10.19,10.24,9.96,10.05,1418300
20161005,10.1,10.48,10.05,10.38,1805500
20161006,10.43,10.44,10.08,10.38,1426500
20161007,10.38,10.74,10.38,10.72,1632500
20161010,10.77,11.22,10.77,11.08,2577800
20161011,11.05,11.11,10.63,10.66,1394000
20161013,10.55,10.55,10.12,10.33,3395600
20161014,10.47,10.66,10.47,10.66,972400
20161017,10.72,10.89,10.55,10.67,1638700
20161018,10.75,11.29,10.75,11.29,4853800
20161019,11.29,11.52,11.06,11.2,3442700
20161020,11.19,11.53,11.16,11.53,2188200
20161021,11.47,12.02,11.39,12,4370300
20161024,12.12,12.28,11.98,12.08,2436200
20161025,12.33,12.8,12.13,12.8,6662600
20161026,12.61,12.96,12.41,12.93,4079400
20161027,13.01,13.28,12.95,13.06,2870300
20161028,13.05,13.3,12.79,12.91,2264800
20161031,12.92,13.03,12.63,12.89,1640800
20161101,13.11,13.14,12.35,12.79,3490000
20161103,12.66,12.99,12.5,12.58,1561200
20161104,12.51,12.79,12.32,12.45,1910100
20161107,12.83,13.36,12.82,13.36,1680700
20161108,13.17,13.87,13.13,13.8,2719700
20161109,13.36,14.54,13.23,14.31,4125200
20161110,14.64,15.26,14.48,15.19,5947600
20161111,15.45,15.97,14.09,14.2,5161200
20161114,14.01,15,13.77,14.94,2111400
20161116,14.33,14.39,13.64,14.1,3402400
20161117,14.21,14.4,13.7,13.7,1926100
20161118,13.6,13.67,12.74,13.53,4358600
20161121,13.6,14.19,13.55,14.17,3394100
20161122,14.76,15.17,14.72,15.13,2521600
20161123,15.13,15.56,14.91,15.22,3931900
20161124,15.36,15.41,14.98,15.04,599100
20161125,14.73,15.59,14.73,15.59,1910900
20161128,15.68,16.38,15.5,16.38,3011300
20161129,16.09,16.14,15.19,15.19,3529700
20161130,15.19,15.34,14.75,14.85,3238700
20161201,15.24,15.44,14.3,14.68,5999700
20161202,14.35,15.43,14.23,15.39,3083200
20161205,15.54,16.11,15.54,15.89,2596000
20161206,15.69,16.05,15.6,15.95,1797200
20161207,16.39,16.63,16.24,16.44,11515900
20161208,16.68,16.86,15.94,16.08,2087800
20161209,16.16,16.17,15.63,15.79,2971800
20161212,15.73,15.92,15.27,15.44,2102700
20161213,15.19,15.36,14.47,14.69,3239000
20161214,14.64,14.7,14.08,14.54,3203800
20161215,14.58,15.25,14.38,15.13,2538300
20161216,15.24,15.75,14.9,15.04,3764800
20161219,14.96,15.33,14.25,14.39,4820300
20161220,14.58,14.79,14.34,14.72,2886800
20161221,14.8,14.95,14.62,14.85,1074400
20161222,14.64,14.69,13.97,14.22,1568900
20161223,14.37,14.45,13.96,14.32,1301900
20161226,14.44,14.92,14.34,14.85,465500
20161227,14.99,15.2,14.66,14.72,1232100
20161228,14.84,15.19,14.84,15.18,1029700
20161229,15.15,15.25,14.71,14.85,2186500
20170102,14.7,14.7,14.41,14.5,352500
20170103,14.78,15.11,14.72,15.11,1174200
20170104,15.15,15.15,14.57,14.78,1700000
