<DTYYYYMMDD>,<OPEN>,<HIGH>,<LOW>,<CLOSE>,<VOL>
20100601,8.04,8.34,7.97,8.27,1460400
20100602,8.34,8.47,8.2,8.47,1089800
20100604,8.35,8.42,8.21,8.27,1191300
20100607,8.23,8.5,8.23,8.28,1041500
20100608,8.3,8.65,8.3,8.61,1135700
20100609,8.58,8.67,8.54,8.55,1010500
20100610,8.55,8.72,8.55,8.72,1031700
20100611,8.61,8.88,8.61,8.88,1191400
20100614,9.15,9.15,8.86,9.11,1005600
20100615,9.08,9.18,9.03,9.15,605000
20100616,9.09,9.36,8.96,9.36,1414300
20100617,9.32,9.46,9.15,9.15,2118900
20100618,9.12,9.41,9.12,9.41,2511100
20100621,9.34,9.56,9.34,9.48,1057300
20100622,9.4,9.82,9.31,9.65,1746900
20100623,9.71,9.72,9.5,9.62,715600
20100624,9.53,9.65,9.49,9.56,934500
20100625,9.51,9.84,9.51,9.78,654400
20100628,9.75,9.76,9.59,9.6,315600
20100629,9.59,9.7,9.29,9.49,1062800
20100630,9.39,9.74,9.3,9.51,2127300
20100701,9.49,9.98,9.3,9.84,1852900
20100702,9.85,10.06,9.72,9.94,685500
20100705,9.86,10.01,9.76,9.92,527000
20100706,10.03,10.16,9.97,10.09,1018000
20100707,10.13,10.19,9.89,10.02,1301200
20100708,10.02,10.08,9.91,10.03,985700
20100712,10.03,10.19,9.91,10.06,1469700
20100713,10.16,10.23,10.06,10.17,1204200
20100714,10.08,10.25,9.98,10.13,782200
20100715,10.16,10.26,9.92,10.25,1031800
20100716,10.24,10.24,9.92,10,807000
20100719,10.1,10.1,9.77,9.84,1398700
20100720,9.84,9.87,9.56,9.76,2637000
20100721,9.87,9.94,9.73,9.83,755400
20100722,9.92,10.16,9.89,10.06,901300
20100723,10.04,10.15,9.88,10.07,1047600
20100726,9.98,10.24,9.98,10.19,1527900
20100727,10.24,10.32,10.1,10.28,1123800
20100728,10.25,10.32,10.15,10.25,745400
20100729,10.25,10.29,9.87,9.88,1851000
20100730,9.88,10.1,9.81,10.03,1045400
20100802,10.24,10.25,10.02,10.17,754000
20100803,10.22,10.32,10.09,10.22,848400
20100804,10.32,10.63,10.12,10.61,1489600
20100805,10.7,10.74,10.48,10.5,757700
20100806,10.44,10.6,10.29,10.44,1170300
20100809,10.58,10.58,10.3,10.3,410700
20100810,10.23,10.29,9.3,10.25,1472100
20100811,10.06,10.32,9.94,10.19,1498400
20100812,10.1,10.32,10.05,10.25,1244500
20100813,10.19,10.47,10.17,10.34,1108700
20100816,10.23,10.84,10.14,10.69,1107900
20100817,10.76,10.94,10.56,10.94,1245100
20100818,10.95,11.11,10.78,11.02,1935800
20100819,11.08,11.55,10.94,11.45,2812200
20100820,11.39,11.64,11.08,11.23,1886100
20100823,11.19,11.37,10.82,10.89,1110600
20100824,10.85,11.22,10.85,11.12,1006200
20100825,11.01,11.69,10.9,11.61,4215000
20100826,11.51,12.19,11.42,11.86,3612900
20100827,11.96,12.2,11.82,11.96,2801200
20100830,11.85,12.05,11.71,11.71,922500
20100831,11.71,11.89,11.67,11.75,1415700
20100901,11.77,12.09,11.77,12.02,2128300
20100902,12.01,12.12,11.71,11.71,861400
20100903,11.9,11.93,11.44,11.49,759100
20100906,11.58,11.71,11.41,11.46,418700
20100908,11.44,11.53,11.11,11.27,1462000
20100909,11.3,11.69,11.23,11.69,947500
20100910,11.67,11.77,11.42,11.49,641300
20100913,11.58,11.68,11.49,11.63,838400
20100914,11.61,11.83,11.54,11.83,687800
20100915,11.77,11.96,11.74,11.88,896700
20100916,11.86,12.09,11.78,11.96,792600
20100917,11.96,12.04,11.69,11.96,1205900
20100920,11.9,12.06,11.86,11.94,1580600
20100921,11.89,12.03,11.64,11.74,720400
20100922,11.8,11.99,11.66,11.96,1138400
20100923,11.87,12.48,11.83,12.38,1637400
20100924,12.49,12.55,12.19,12.37,1088700
20100927,12.3,12.59,12.27,12.45,938300
20100928,12.42,12.59,12.42,12.53,581700
20100929,12.52,12.75,12.46,12.61,1027900
20100930,12.71,13.04,12.68,13.04,2269100
20101001,13.02,13.46,12.9,13.28,1945500
20101004,13.29,13.59,13.29,13.46,2023300
20101005,13.62,13.73,13.49,13.66,3085700
20101006,13.62,13.62,13.26,13.28,1373700
20101007,13.31,13.35,12.87,12.94,1520100
20101008,13.04,13.12,12.86,13.05,1411200
20101011,13.16,13.43,13.15,13.43,689800
20101013,13.47,13.73,13.38,13.59,1933400
20101014,13.73,13.73,13.1,13.32,1179200
20101015,13.3,13.37,12.99,13.37,1159200
20101018,13.36,13.44,13.14,13.32,589900
20101019,12.97,13.15,12.67,12.71,1224800
20101020,12.75,13.33,12.69,13.33,1151100
20101021,13.39,13.58,13.32,13.35,1246900
20101022,13.43,13.55,12.92,13.17,1037000
20101025,13.21,13.39,13.02,13.39,838500
20101026,13.13,13.41,13.03,13.28,982700
20101027,13.17,13.32,13.06,13.32,831100
20101028,13.38,13.38,12.98,13.19,1250300
20101029,13.23,13.33,13.03,13.24,1430400
20101101,13.22,13.32,13.11,13.28,878900
20101103,13.28,13.44,13.1,13.3,1103600
20101104,13.44,13.74,13.26,13.74,1942800
20101105,13.74,13.76,13.47,13.51,1478500
20101108,13.47,13.62,13.32,13.51,378200
20101109,13.56,13.65,13.46,13.63,744700
20101110,13.49,13.74,13.22,13.63,1431500
20101111,13.44,13.55,13.22,13.44,1678400
20101112,13.29,13.58,13.22,13.44,767000
20101116,13.37,13.44,13.15,13.42,1295400
20101117,13.38,13.66,13.18,13.66,1298700
20101118,13.7,14.04,13.51,14.04,2693200
20101119,14.04,14.23,13.92,14.07,2130200
20101122,14.08,14.08,13.76,13.83,1660100
20101123,13.53,13.64,12.91,13.36,1962000
20101124,13.38,14.12,13.37,14.12,2572000
20101125,14.04,14.14,13.82,14.12,435400
20101126,13.94,14.11,13.79,13.89,985000
20101129,13.79,14.02,13.57,13.7,1191400
20101130,13.82,13.89,13.59,13.81,1055100
20101201,14.04,14.14,13.96,14.01,998500
20101202,14.03,14.12,13.83,14.02,1229300
20101203,14.04,14.07,13.79,14,818000
20101206,14.02,14.09,13.79,14.05,585900
20101207,14.08,14.23,13.8,13.8,1447800
20101208,13.82,13.95,13.51,13.92,780300
20101209,13.85,14.01,13.73,13.74,730000
20101210,13.88,13.97,13.66,13.97,572100
20101213,14.04,14.04,13.93,14.01,764700
20101214,14.01,14.06,13.81,14.01,564300
20101215,13.97,14.22,13.9,14.16,3188400
20101216,14.27,14.73,14.27,14.64,3400700
20101217,14.58,15.21,14.52,15.06,2649100
20101220,15.05,15.34,14.61,15.12,2111700
20101221,15.18,15.33,14.98,15.31,1235500
20101222,15.19,15.38,14.96,15.08,1004800
20101223,15.14,15.29,14.96,15.29,332400
20101227,15.12,15.72,15.12,15.64,1023100
20101228,15.49,15.71,15.4,15.49,759800
20101229,15.49,15.76,15.26,15.64,607800
20101230,15.64,15.68,15.37,15.46,1060200
20110103,15.59,15.64,15.32,15.37,819800
20110104,15.3,15.69,15.3,15.67,1366400
20110105,15.56,16.05,15.55,15.89,1389800
20110106,15.91,16.04,15.48,15.7,1620000
20110107,15.7,15.83,15.26,15.26,694100
20110110,15.37,15.43,15.2,15.33,549000
20110111,15.34,15.4,15.02,15.05,917900
20110112,15.15,15.15,14.83,15,1141100
20110113,15.01,15.14,14.55,14.68,1488300
20110114,14.64,14.81,14.23,14.65,1505500
20110117,14.65,15.26,14.57,15.18,1639500
20110118,15.18,15.41,15.17,15.4,2292000
20110119,15.4,15.71,15.4,15.45,2019500
20110120,15.49,15.86,15.3,15.64,1773000
20110121,15.64,15.77,15.34,15.41,1396500
20110124,15.41,15.79,15.08,15.72,943400
20110126,15.72,16.38,15.57,16.09,3243600
20110127,16.06,16.44,15.79,15.83,2304700
20110128,15.75,16.05,15.41,15.45,1292000
20110131,15.41,16.08,15.35,15.92,1752500
20110201,16.02,16.06,15.61,15.9,590900
20110202,15.7,16.31,15.64,15.74,1624400
20110203,15.8,15.94,15.44,15.87,1169000
20110204,15.72,15.84,15.27,15.28,896900
20110207,15.3,15.83,15.3,15.79,1074400
20110208,15.73,16.09,15.53,15.72,742200
20110209,15.6,15.74,15.24,15.27,704600
20110210,15.18,15.41,14.97,15.34,725100
20110211,15.26,15.56,15.02,15.41,1431800
20110214,15.37,15.46,15.1,15.41,1092900
20110215,15.26,15.39,15.09,15.18,857900
20110216,15.27,15.56,15.07,15.56,940800
20110217,15.45,15.56,15.12,15.23,648100
20110218,15.18,15.25,14.74,15.15,2157400
20110221,15.1,15.13,14.85,15.02,675700
20110222,14.8,14.83,14.23,14.71,2754300
20110223,14.77,14.99,14.36,14.65,2368300
20110224,14.54,15.08,14.51,14.96,1333500
20110225,15.15,15.18,14.87,15.18,1167300
20110228,15.02,15.4,15.02,15.4,1026500
20110301,15.37,15.45,15.11,15.27,841800
20110302,15.24,15.65,15.07,15.65,1133500
20110303,15.81,15.92,15.6,15.86,1551700
20110304,15.86,15.92,15.71,15.9,532100
20110309,15.83,16.13,15.66,16.13,719600
20110310,16.09,16.19,15.92,16.11,1544600
20110311,16.09,16.09,15.7,15.94,3074800
20110314,15.79,16.09,15.64,15.99,1271900
20110315,15.58,15.93,15.28,15.87,1050700
20110316,15.94,16.16,15.24,15.47,2081400
20110317,15.72,15.88,15.3,15.52,1278500
20110318,15.68,15.97,15.64,15.64,1950600
20110321,15.93,16.02,15.56,15.75,1141200
20110322,15.75,15.89,15.56,15.58,882900
20110323,15.5,15.79,15.34,15.56,1169600
20110324,15.54,15.64,15.3,15.51,442200
20110325,15.55,15.79,15.42,15.62,912500
20110328,15.63,15.8,15.43,15.56,501600
20110329,15.46,15.98,15.44,15.83,862900
20110330,15.75,16.06,15.64,16,973400
20110331,16.06,16.43,15.79,16.43,1556700
20110401,16.55,17.22,16.51,16.89,1818900
20110404,16.94,17.31,16.91,17.29,1170700
20110405,17.29,17.53,16.94,17.19,1197900
20110406,17.08,17.31,16.7,16.85,835100
20110407,16.9,16.9,16.52,16.69,657800
20110408,16.75,17.19,16.44,16.94,1555800
20110411,17.01,17.31,16.82,17.16,709700
20110412,16.97,17.23,16.74,16.82,1111200
20110413,17,17.08,16.68,16.88,554400
20110414,16.88,17.07,16.68,16.83,479100
20110415,16.69,17,16.47,16.82,603300
20110418,16.76,16.95,16.27,16.55,1078400
20110419,16.66,16.66,16.41,16.59,689100
20110420,16.66,16.88,16.57,16.82,1010100
20110425,16.99,17.34,16.81,17.26,1738500
20110426,17.31,17.54,17.18,17.54,1089800
20110427,17.57,17.91,17.4,17.61,1634200
20110428,17.61,17.67,17.24,17.31,1381600
20110429,17.46,17.61,17.27,17.39,2261500
20110502,17.81,17.81,16.68,16.78,1598500
20110503,16.78,16.79,16.31,16.35,1474700
20110504,16.43,16.69,16.04,16.39,2295300
20110505,16.21,16.73,15.93,16.07,1045900
20110506,16.43,17.24,16.23,17.14,1647200
20110509,17.16,17.51,16.63,17.4,1166600
20110510,17.51,17.79,17.28,17.59,1025600
20110511,17.54,17.7,17.16,17.23,1440600
20110512,17.06,18.12,17.06,17.92,3008800
20110513,18.04,18.26,17.62,17.69,1671900
20110516,17.58,18.12,17.31,17.57,772900
20110517,17.49,18.04,17.37,18.04,786200
20110518,17.92,18.41,17.88,18.32,1736900
20110519,18.44,18.83,18.06,18.63,1649500
20110520,18.48,18.83,18.36,18.7,1557900
20110523,18.29,18.66,18.29,18.36,869400
20110524,18.52,18.67,18.17,18.21,1056100
20110525,18.18,18.37,18.03,18.36,766600
20110526,18.25,18.68,18.11,18.44,862800
20110527,18.51,18.75,18.48,18.59,744200
20110530,18.67,18.67,18.53,18.67,289200
20110531,18.75,19.52,18.56,19.46,1638500
20110601,19.46,19.6,18.88,18.95,1217000
20110602,19,19.48,18.87,19.24,1064600
20110603,19.24,19.66,18.99,19.56,1303900
20110606,19.55,19.74,19.33,19.35,1369000
20110607,19.39,19.7,19.34,19.7,1127700
20110608,19.56,19.68,19.27,19.46,987900
20110609,19.46,19.52,18.88,19.04,1083700
20110610,19.11,19.14,18.17,18.41,2399400
20110613,18.45,18.85,18.01,18.16,1437000
20110614,18.36,18.5,18.17,18.28,1609100
20110615,18.28,18.28,17.73,17.91,1712800
20110616,17.91,18.26,17.61,17.73,1337800
20110617,18,18.16,17.06,17.06,1382900
20110620,17.09,17.26,16.6,16.78,1813800
20110621,16.92,17.1,16.63,17.06,1348200
20110622,17.06,17.7,16.96,17.7,1768100
20110624,17.77,17.96,17.21,17.29,1097500
20110627,17.4,17.92,16.99,17.75,1478600
20110628,17.8,17.94,17.48,17.69,784500
20110629,17.73,17.88,17.52,17.86,781000
20110630,17.89,17.92,17.3,17.56,2444800
20110701,17.59,17.77,17.11,17.64,840900
20110704,17.73,17.73,17.28,17.46,400800
20110705,17.35,17.61,17.1,17.26,1012300
20110706,17.09,17.34,16.99,16.99,1148700
20110707,17.02,17.25,16.65,16.66,1393300
20110708,16.55,16.55,15.98,16.07,1658000
20110711,15.86,16.27,15.62,16.15,1285800
20110712,16.2,16.43,15.86,15.88,1186900
20110713,15.95,16.64,15.69,16.51,1929400
20110714,16.52,16.92,16.32,16.47,1161500
20110715,16.46,16.89,16.19,16.55,645000
20110718,16.4,16.67,16.17,16.43,818800
20110719,16.43,16.66,16.39,16.65,505200
20110720,16.66,16.84,16.55,16.77,686100
20110721,16.69,17.02,16.61,16.61,756700
20110722,16.56,16.72,16.15,16.15,671000
20110725,16.06,16.06,15.68,15.68,1352400
20110726,15.68,15.69,15.05,15.13,1949400
20110727,15.02,15.35,14.64,15.28,2417400
20110728,15.43,15.58,14.76,14.85,1543200
20110729,14.73,14.97,14.43,14.49,1392800
20110801,14.73,14.95,14.31,14.49,853200
20110802,14.51,14.81,13.6,13.6,1135500
20110803,13.61,13.92,12.31,12.72,3948000
20110804,12.45,12.45,11.67,11.74,2545200
20110805,11.59,12.34,11.5,12.28,2332800
20110808,12.01,12.01,10.41,11,2150300
20110809,11.15,11.86,11.15,11.86,1945600
20110810,11.5,12.33,11.46,12.05,1885200
20110811,12.44,13.29,12.31,12.72,2732200
20110812,12.91,13.63,12.32,13.29,1977900
20110815,13.42,14.05,13.33,13.71,1359000
20110816,13.52,14.05,13.44,13.94,1673600
20110817,13.98,14.37,13.73,13.95,2204600
20110818,13.4,13.94,13.2,13.64,2457900
20110819,13.39,14.06,13.28,13.28,1163000
20110822,13.71,13.93,13.31,13.44,1398800
20110823,13.51,13.94,13.46,13.94,1350000
20110824,14.09,14.24,13.79,14.17,830100
20110825,14.33,14.43,13.51,13.68,1250900
20110826,13.53,14.23,13.38,14.02,1245300
20110829,14.38,14.57,14.04,14.28,1192600
20110830,14.23,14.42,13.87,14.1,1207600
20110831,14.32,14.89,14.13,14.89,1436700
20110901,14.98,15.39,14.82,15.02,1384200
20110902,14.87,14.97,14.37,14.57,1246600
20110905,14.28,14.64,13.81,14.07,734300
20110906,13.92,14.57,13.8,14.57,1147100
20110908,14.68,14.84,14.3,14.42,1084200
20110909,14.3,14.45,13.53,13.58,1175800
20110912,13.31,13.39,12.92,13.17,1842100
20110913,13.28,13.37,12.78,12.84,1915400
20110914,13,13.26,12.29,13.16,3734700
20110915,13.24,13.47,12.63,12.72,2419800
20110916,12.72,12.94,12.34,12.8,2784200
20110919,12.51,13.18,12.48,13.06,1599000
20110920,13.16,13.38,12.98,12.98,1587100
20110921,13.06,13.23,12.73,12.94,1269300
20110922,12.38,12.51,11.8,11.93,2247300
20110923,11.86,12.01,11.38,11.66,1651000
20110926,11.81,11.81,11.42,11.78,1131400
20110927,11.97,12.17,11.9,11.97,1060100
20110928,12.05,12.42,11.62,11.66,1414100
20110929,11.75,12.11,11.75,11.88,2101000
20110930,11.6,11.86,11.27,11.49,1464900
20111003,11.39,11.93,11.26,11.52,1773800
20111004,11.5,12.12,11.37,11.91,2020600
20111005,11.9,12.13,11.32,11.56,1502600
20111006,11.7,12.24,11.58,12.12,1344900
20111007,12.06,12.41,11.38,11.42,1683300
20111010,11.64,11.64,11.39,11.57,1450500
20111011,11.49,11.61,11.15,11.38,1837600
20111013,11.5,11.61,11.19,11.42,4578200
20111014,11.49,11.82,11.28,11.78,1419700
20111017,11.58,11.71,11.4,11.6,1298100
20111018,11.56,11.73,11.4,11.67,1116300
20111019,11.68,11.74,10.91,10.91,4163100
20111020,10.98,11,10.15,10.48,7221700
20111021,10.59,10.86,10.49,10.78,2065800
20111024,10.83,11.33,10.74,11.27,2248300
20111025,11.19,11.32,10.92,10.93,2116600
20111026,11.13,11.18,10.96,11.03,1778900
20111027,11.36,12.05,11.36,11.86,3202800
20111028,11.9,12.18,11.56,12.07,2004600
20111031,11.93,12.33,11.71,12.05,1688700
20111101,11.57,11.85,11.45,11.49,2221700
20111103,12.04,12.37,11.86,12.37,2212700
20111104,12.34,12.8,12.1,12.41,1359400
20111107,12.41,12.71,12.29,12.36,757500
20111108,12.53,12.68,12.24,12.6,1116500
20111109,12.38,12.41,11.6,11.66,1813700
20111110,11.83,11.97,11.5,11.5,1842300
20111111,11.72,11.8,11.33,11.5,1374000
20111114,11.57,11.69,11.3,11.33,860700
20111116,11.29,11.61,11.19,11.53,1055900
20111117,11.42,11.52,10.98,11.11,1150400
20111118,11.15,11.41,10.91,11.07,870800
20111121,10.89,10.97,10.74,10.87,820600
20111122,10.87,11.09,10.54,10.71,944800
20111123,10.63,10.82,10.3,10.37,957700
20111124,10.52,10.53,10.16,10.27,665300
20111125,10.16,10.56,10,10.26,922700
20111128,10.56,11.03,10.5,10.93,1519300
20111129,10.89,11.13,10.52,10.53,1469000
20111130,10.88,11.34,10.77,11.02,2171900
20111201,11.34,11.57,11.07,11.12,1858300
20111202,11.34,11.38,10.63,10.8,1536200
20111205,11.03,11.31,10.93,11.17,1339300
20111206,11.17,11.43,11.12,11.43,795700
20111207,11.42,11.71,11.26,11.3,1517500
20111208,11.38,11.5,10.72,10.72,1299800
20111209,10.81,10.99,10.75,10.93,918800
20111212,10.87,10.87,10.56,10.67,1191100
20111213,10.87,10.98,10.62,10.81,1284000
20111214,10.68,10.86,10.56,10.56,1492100
20111215,10.63,10.89,10.5,10.58,1384500
20111216,10.78,10.88,10.4,10.56,951600
20111219,10.59,10.71,10.33,10.63,1031800
20111220,10.86,10.87,10.53,10.86,950800
20111221,10.75,11.09,10.51,10.59,1353600
20111222,10.73,10.77,10.56,10.71,713100
20111223,10.71,10.79,10.64,10.78,615600
20111226,10.79,10.8,10.65,10.78,401200
20111227,10.77,10.94,10.73,10.83,380800
20111228,10.8,10.82,10.44,10.47,985100
20111229,10.49,10.67,10.08,10.08,2521400
20120102,9.97,10.79,9.97,10.79,2514300
20120103,10.74,10.97,10.63,10.79,1570200
20120104,10.77,10.77,10.41,10.41,2390400
20120105,10.47,10.51,10.07,10.28,1818500
20120106,10.36,10.47,10.12,10.18,1230600
20120109,10.33,10.33,10.16,10.2,1045400
20120110,10.33,10.39,10.16,10.17,1347800
20120111,10.22,10.28,10.11,10.15,1226800
20120112,10.19,10.27,10.08,10.2,2274300
20120113,10.22,10.26,10.08,10.15,1316200
20120116,10.17,10.33,10.16,10.2,1015000
20120117,10.26,10.4,10.24,10.37,1105600
20120118,10.44,11.14,10.35,11.11,2708800
20120119,11.27,11.38,11.16,11.3,1645800
20120120,11.09,11.34,10.71,11.27,2710400
20120123,11.19,11.29,11.06,11.21,1026500
20120124,11.21,11.52,10.9,11.5,1461100
20120126,11.7,12.19,11.7,12.08,2660600
20120127,12.08,12.56,11.96,12.53,2727500
20120130,12.31,12.42,11.98,12.18,1479100
20120131,12.25,12.51,12.21,12.32,1457600
20120201,12.53,12.76,12.16,12.49,2047900
20120202,12.49,12.49,12.04,12.05,1033200
20120203,12.04,12.49,11.87,12.41,1457500
20120206,12.44,12.44,12.23,12.24,627600
20120207,12.29,12.98,12.26,12.89,1947100
20120208,13.05,13.19,12.91,12.94,2177400
20120209,12.96,13.18,12.45,12.45,2149400
20120210,12.19,12.19,11.72,11.97,2136000
20120213,12.26,12.29,12.01,12.08,1743100
20120214,12.08,12.17,11.66,11.66,1373800
20120215,11.88,11.97,11.59,11.75,1782100
20120216,11.66,12.12,11.52,12.09,2403200
20120217,12.09,12.32,12.01,12.21,1649700
20120222,12.32,12.38,12.12,12.29,790800
20120223,12.29,12.59,12.15,12.21,1299000
20120224,12.21,12.45,12.17,12.24,820400
20120227,12.23,12.35,11.9,11.9,710400
20120228,11.94,12.46,11.94,12.36,1187600
20120229,12.41,12.53,12.26,12.27,1022900
20120301,12.4,12.57,12.16,12.51,1141400
20120302,12.64,12.99,12.64,12.84,1426300
20120305,12.64,12.95,12.31,12.45,1267600
20120306,12.21,12.27,11.73,11.75,1627200
20120307,11.97,12.01,11.56,11.75,1783500
20120308,11.94,12.05,11.82,11.85,1411000
20120309,11.85,12.03,11.78,11.93,796800
20120312,11.96,12.13,11.69,11.74,1780500
20120313,11.78,12.18,11.78,12.16,1969500
20120314,12.21,12.37,12.05,12.19,1303700
20120315,12.08,12.17,11.9,12.16,785300
20120316,12.33,12.33,12.01,12.23,1026300
20120319,12.23,12.49,12.05,12.05,1093000
20120320,11.97,12.02,11.82,11.91,1279600
20120321,11.91,12.11,11.74,11.87,850500
20120322,11.83,11.84,11.56,11.66,1129400
20120323,11.78,11.78,11.39,11.52,1711300
20120326,11.58,11.73,11.5,11.72,1015500
20120327,11.72,11.93,11.67,11.74,836700
20120328,11.74,11.77,11.26,11.26,1544900
20120329,11.12,11.44,10.97,11.44,1661300
20120330,11.57,11.58,11.3,11.38,1683000
20120402,11.38,11.98,11.36,11.93,2266400
20120403,11.97,12.12,11.73,11.73,1326400
20120404,11.65,11.69,11.29,11.35,999400
20120405,11.35,11.49,11.19,11.41,722900
20120409,11.32,11.48,11.22,11.48,547600
20120410,11.36,11.46,10.92,11.06,1199200
20120411,11.11,11.21,10.9,10.91,763300
20120412,10.91,11.39,10.81,11.24,976100
20120413,11.13,11.22,10.91,10.97,648500
20120416,10.97,11.15,10.8,10.92,1184300
20120417,11.14,11.38,10.81,11.38,1395800
20120418,11.23,12.03,11.23,11.9,3858400
20120419,11.78,12,11.55,11.58,954100
20120420,11.71,11.89,11.56,11.62,662400
20120423,11.54,11.54,11.23,11.45,1304500
20120424,11.4,11.59,11.3,11.41,792000
20120425,11.58,11.72,11.29,11.46,1358800
20120426,11.38,11.42,11.17,11.27,912600
20120427,11.28,11.39,11.17,11.17,498500
20120430,11.44,11.52,10.96,11.03,892600
20120502,10.82,11.17,10.82,11.1,1443500
20120503,11.17,11.31,11.05,11.15,1229600
20120504,11.07,11.31,10.99,10.99,1283300
20120507,10.85,11.13,10.85,11.04,597500
20120508,10.94,11.03,10.6,10.9,1213000
20120509,10.71,10.94,10.57,10.82,1262900
20120510,10.86,10.99,10.26,10.33,2485100
20120511,10.33,10.47,10.05,10.09,1814300
20120514,9.96,10.06,9.76,9.81,1446100
20120515,9.76,9.96,9.71,9.73,1442900
20120516,9.91,10.04,9.64,9.7,1487600
20120517,9.85,9.94,9.01,9.01,2102000
20120518,9.06,9.13,8.76,8.98,2332200
20120521,9.05,9.27,8.97,9.2,1948000
20120522,9.22,9.4,9.16,9.18,2032500
20120523,9.27,9.34,9.01,9.18,2415300
20120524,9.15,9.25,9.08,9.19,2996400
20120525,9.15,9.32,9.14,9.22,1245000
20120528,9.34,9.37,9.22,9.26,504800
20120529,9.18,9.45,9.18,9.34,1592200
20120530,9.23,9.24,9.01,9.1,1297200
20120531,9.02,9.26,8.94,9.26,1292600
20120601,9.11,9.26,9,9.05,1263200
20120604,9.06,9.15,9.01,9.05,650300
20120605,9.05,9.21,8.71,8.76,1724300
20120606,8.77,8.87,8.62,8.62,2652900
20120608,8.75,9.42,8.71,9.09,1646600
20120611,9.22,9.26,8.97,9,1277800
20120612,9.12,9.41,8.91,9.41,1344000
20120613,9.26,9.93,9.26,9.93,2565500
20120614,9.92,10.02,9.66,9.74,1423400
20120615,9.77,9.96,9.54,9.96,1008800
20120618,9.91,10.11,9.68,10.04,948100
20120619,10.16,10.27,9.98,10.05,1322800
20120620,10.2,10.42,9.98,10.38,1316600
20120621,10.38,10.57,9.92,9.94,1787000
20120622,9.88,10.12,9.82,10.1,1760500
20120625,9.85,10.05,9.82,10.01,927700
20120626,9.95,10.26,9.95,10.1,2048100
20120627,10.2,10.7,10.07,10.45,1744000
20120628,10.57,10.57,10.24,10.5,1232500
20120629,10.7,11.1,10.61,11.01,1771300
20120702,10.95,11.09,10.6,10.78,1177800
20120703,10.81,11.02,10.66,10.69,1221300
20120704,10.71,11.19,10.66,11.17,576900
20120705,11.22,11.22,10.79,11.08,1801900
20120706,10.98,10.98,10.79,10.82,638800
20120710,10.7,10.7,10.05,10.1,1970500
20120711,10.1,10.2,9.96,10.1,2116500
20120712,10.05,10.05,9.67,9.81,1718900
20120713,9.87,10.07,9.82,9.89,838300
20120716,10.07,10.07,9.47,9.59,1376500
20120717,9.64,10.07,9.47,10.01,2268100
20120718,10.01,10.34,9.99,10.11,1444600
20120719,10.2,10.2,9.96,10.06,1200300
20120720,10,10.1,9.57,9.57,1469600
20120723,9.37,9.39,9.12,9.26,1260600
20120724,9.21,9.5,9,9.39,1565800
20120725,9.65,9.65,9.24,9.34,884400
20120726,9.4,9.63,9.34,9.55,1737400
20120727,9.71,10.49,9.67,10.33,3154900
20120730,10.35,10.64,10.05,10.5,2161700
20120731,10.61,10.61,10.19,10.19,1195500
20120801,10.29,10.5,9.98,10.23,1608600
20120802,10.23,10.46,10,10.43,1288600
20120803,10.8,11.3,10.63,11.16,2016200
20120806,11.09,12.03,11.02,11.71,1992600
20120807,12.01,12.01,11.2,11.21,1736600
20120808,11.12,11.87,11.03,11.65,1964200
20120809,11.56,11.68,11.16,11.31,2195600
20120810,11.27,11.82,11.07,11.7,1956200
20120813,11.64,11.85,11.37,11.52,1244000
20120814,11.48,11.93,11.48,11.52,2088300
20120815,11.52,11.83,11.43,11.73,2070400
20120816,11.88,12.67,11.75,12.62,2232300
20120817,12.63,12.76,12.13,12.25,2625300
20120820,12.34,12.81,12.14,12.71,2025100
20120821,12.8,12.94,11.94,12.2,2003300
20120822,12.18,12.47,11.63,11.97,2498800
20120823,11.75,11.88,11.53,11.71,2138000
20120824,11.75,11.96,11.33,11.48,2769500
20120827,11.52,11.73,11.46,11.6,2265200
20120828,11.72,11.95,11.37,11.39,2604100
20120829,11.45,11.53,10.59,10.71,2451400
20120830,10.71,10.9,10.38,10.53,1785100
20120831,10.7,10.81,10.41,10.53,3492100
20120903,10.61,10.78,10.44,10.63,1545100
20120904,10.66,10.85,10.54,10.67,2909500
20120905,11.28,11.44,11.03,11.27,5408100
20120906,11.4,12.07,11.39,12.01,3326500
20120910,12.18,12.2,11.73,11.85,1762500
20120911,12,12.36,11.83,12.36,1306700
20120912,12.47,12.67,12.04,12.67,2050500
20120913,12.66,13.5,12.34,13.44,2533900
20120914,13.44,13.7,13.23,13.66,3118600
20120917,13.59,13.7,13.22,13.39,1651400
20120918,13.33,13.5,12.95,12.99,1304900
20120919,13.04,13.36,12.96,12.96,1706800
20120920,12.94,13.41,12.62,13.22,1198800
20120921,13.37,13.41,12.9,12.9,1175900
20120924,12.88,13.25,12.76,13.12,1700300
20120925,13.04,13.22,12.84,13.02,1765600
20120926,13.02,13.06,12.24,12.34,2222400
20120927,12.29,12.29,11.53,12.01,4722400
20120928,11.93,12.03,11.71,11.74,2029800
20121001,11.72,12.18,11.64,11.78,1958000
20121002,11.91,11.97,11.58,11.69,909100
20121003,11.71,11.85,11.6,11.85,1474000
20121004,11.92,12.09,11.59,11.75,1987600
20121005,11.82,12.09,11.64,11.68,1508600
20121008,11.64,11.82,11.56,11.68,1020500
20121009,11.68,11.72,11.23,11.31,2352300
20121010,11.31,11.38,11.09,11.14,1607200
20121011,11.21,11.45,11.21,11.45,998800
20121015,11.55,11.69,11.27,11.39,1264700
20121016,11.47,11.88,11.47,11.79,1418000
20121017,11.87,11.94,11.45,11.69,1851400
20121018,11.64,11.64,11.34,11.6,1755700
20121019,11.52,11.8,11.52,11.68,1730000
20121022,11.68,11.92,11.53,11.73,739700
20121023,11.66,11.84,11.48,11.54,863600
20121024,11.5,11.53,11.3,11.31,1275700
20121025,11.36,11.55,11.36,11.42,707100
20121026,11.38,11.59,11.38,11.45,775300
20121029,11.4,11.59,10.91,11.01,1162000
20121030,10.99,11.14,10.95,11.09,600100
20121031,11.11,11.31,10.94,11.04,1049000
20121101,11,11.69,10.95,11.68,1669000
20121105,11.62,11.79,11.27,11.6,1070400
20121106,11.66,12.01,11.4,11.96,1135700
20121107,11.96,12.06,11.79,12.01,1215600
20121108,11.95,12.33,11.78,11.96,1669400
20121109,11.78,11.89,11.4,11.4,2923900
20121112,11.43,11.57,11.21,11.5,933200
20121113,11.43,11.56,11.23,11.56,756200
20121114,11.5,11.55,11.11,11.11,1465100
20121116,10.99,10.99,10.47,10.57,1745500
20121119,10.7,10.87,10.66,10.79,905500
20121121,10.88,11.04,10.54,10.59,1490800
20121122,10.75,11.01,10.75,11.01,496800
20121123,10.96,11.5,10.91,11.31,1335200
20121126,11.25,11.47,11.18,11.37,809500
20121127,11.37,11.6,10.91,10.94,1138600
20121128,10.79,11.33,10.78,11.33,1164500
20121129,11.25,11.56,11.17,11.5,1246400
20121130,11.53,11.53,11.08,11.34,1137600
20121203,11.34,11.57,11.2,11.43,1145200
20121204,11.37,11.47,11.04,11.04,1045600
20121205,11.13,11.27,10.86,10.95,2170300
20121206,11.07,11.1,10.7,10.73,1275900
20121207,10.72,11.23,10.72,11.17,1490100
20121210,11.36,11.36,10.99,11.06,1583600
20121211,11.16,11.2,10.95,11.07,1454200
20121212,11.13,11.15,10.99,11.04,2055400
20121213,10.98,11.09,10.66,10.7,1777300
20121214,10.77,11.01,10.74,10.77,1569400
20121217,10.9,10.99,10.75,10.86,1152600
20121218,10.93,11.07,10.84,10.99,1330100
20121219,11.03,11.07,10.93,11.01,1732600
20121220,10.95,11.03,10.75,10.75,1276300
20121221,10.76,10.84,10.66,10.72,1312400
20121226,10.58,10.74,10.54,10.62,640900
20121227,10.67,10.67,10.45,10.52,875700
20121228,10.58,10.67,10.5,10.53,1091900
20130102,11.03,11.31,10.88,11.21,2695100
20130103,11.31,11.45,11.11,11.45,2279800
20130104,11.51,11.51,11.14,11.19,2500300
20130107,11.26,11.27,10.93,11.18,1643800
20130108,11.24,11.36,11.11,11.16,1267900
20130109,11.09,11.27,10.93,10.96,1218100
20130110,11.13,11.17,10.94,10.98,890500
20130111,11.02,11.02,10.83,11,799600
20130114,11.04,11.24,10.99,11.23,1165300
20130115,11.22,11.31,11.13,11.25,1088300
20130116,11.26,11.34,11.07,11.31,1405200
20130117,11.3,11.4,11.18,11.4,1421000
20130118,11.45,11.5,11.13,11.4,1550600
20130121,11.45,11.77,11.45,11.64,1510500
20130122,11.65,11.85,11.55,11.63,1775500
20130123,11.69,11.98,11.69,11.78,1501800
20130124,11.8,11.93,11.42,11.49,1107000
20130128,11.4,11.6,11.4,11.55,1316700
20130129,11.6,12.34,11.56,12.15,3792800
20130130,12.15,12.45,11.94,12.21,3234300
20130131,12.2,12.38,12.01,12.35,2145200
20130201,12.34,12.66,12.34,12.6,1563300
20130204,12.47,12.56,11.82,11.85,3372600
20130205,11.87,12.13,11.86,12.1,1420100
20130206,12.06,12.29,11.94,12.02,1281400
20130207,12.06,12.6,12.02,12.19,2149200
20130208,12.17,12.38,12.1,12.24,1429000
20130213,12.24,12.24,11.81,12.02,1305200
20130214,12.02,12.02,11.7,11.93,1061400
20130215,11.93,11.93,11.54,11.68,2122400
20130218,11.52,11.62,11.38,11.44,719200
20130219,11.56,12.38,11.56,12.24,5530700
20130220,12.21,12.28,11.69,11.72,1938800
20130221,11.76,11.99,11.45,11.58,2187000
20130222,11.68,11.8,11.56,11.73,1530900
20130225,11.93,12.2,11.78,12.14,1721800
20130226,12.06,12.33,11.87,12.06,1631800
20130227,12.06,12.18,11.92,12.1,1358800
20130228,12.08,12.18,11.76,12,1532100
20130301,11.87,11.89,11.45,11.57,2386600
20130304,11.56,11.68,11.22,11.6,1851900
20130305,11.6,11.77,11.45,11.49,1211700
20130306,11.64,11.8,11.41,11.67,1461900
20130307,11.84,12.06,11.61,12.01,1149000
20130308,11.86,12.06,11.8,12.01,930700
20130311,11.9,12.06,11.58,11.75,1597000
20130312,11.84,12.04,11.62,12.03,1171500
20130313,11.87,12.04,11.64,11.65,1285200
20130314,11.73,11.73,11.48,11.55,1415100
20130315,11.54,11.93,11.54,11.88,2108000
20130318,11.73,11.85,11.57,11.8,997000
20130319,11.8,11.81,11.61,11.73,798900
20130320,11.68,11.79,11.52,11.68,2223100
20130321,11.58,11.73,11.2,11.27,1669300
20130322,11.25,11.31,11.04,11.19,1083200
20130325,11.36,11.36,10.86,10.99,1293300
20130326,10.98,11.52,10.98,11.52,1471300
20130327,11.47,11.47,11.13,11.31,1098400
20130328,11.35,11.4,11.03,11.23,1175100
20130401,11.14,11.24,11.04,11.21,960900
20130402,11.21,11.34,11.07,11.19,1328400
20130403,11.15,11.64,11.12,11.61,1791900
20130404,11.61,11.68,11.4,11.64,1321700
20130405,11.68,11.93,11.41,11.93,1689900
20130408,11.92,12.1,11.73,12.06,1248700
20130409,12.13,12.62,12.07,12.51,1634300
20130410,12.44,13.03,12.43,12.92,1654500
20130411,12.83,12.86,12.52,12.55,2340100
20130412,12.48,12.71,12.38,12.52,1449800
20130415,12.4,12.48,11.94,12.01,1856700
20130416,12.12,12.3,12.01,12.16,989500
20130417,12.09,12.15,11.64,11.68,2390500
20130418,11.93,12.14,11.68,12.01,1588600
20130419,12.05,12.2,11.92,12.06,971900
20130422,12.05,12.4,11.89,12.29,1369400
20130423,12.38,13.31,12.26,13.31,5688300
20130424,13.92,14.2,13.41,13.45,4557500
20130425,13.57,13.83,13.39,13.72,2343400
20130426,13.72,13.74,13.42,13.62,1220200
20130429,13.59,13.83,13.54,13.82,1277900
20130430,13.78,14.36,13.7,14.32,2580200
20130502,14.22,14.54,13.99,14.17,1571900
20130503,14.32,14.37,14,14.03,4182300
20130506,13.99,14.08,13.79,14.08,2429100
20130507,14,14.27,13.98,14.26,1173000
20130508,14.26,14.28,13.91,14.17,2043300
20130509,14.07,14.16,13.64,13.82,2062400
20130510,13.71,13.91,13.34,13.63,2449400
20130513,13.5,13.58,13.15,13.37,1701300
20130514,13.37,13.53,13.2,13.49,2061000
20130515,13.28,13.72,13.27,13.65,2093700
20130516,13.66,13.8,13.45,13.61,1248100
20130517,13.65,13.84,13.54,13.7,919800
20130520,13.69,13.76,13.47,13.7,901400
20130521,13.69,13.92,13.55,13.7,1411000
20130522,13.74,13.78,13.45,13.62,1140500
20130523,13.41,13.91,13.38,13.89,1689800
20130524,13.9,14.02,13.75,13.89,1484400
20130527,13.88,14.14,13.88,13.99,691000
20130528,14.15,14.21,13.83,13.95,945300
20130529,13.75,14.15,13.46,13.6,1759200
20130531,13.47,14.05,13.47,13.75,2281300
20130603,13.8,13.88,13.33,13.52,1244400
20130604,13.55,13.56,13.27,13.49,1681600
20130605,13.34,13.79,13.28,13.57,2377400
20130606,13.57,13.77,13.26,13.5,1792300
20130607,13.28,13.69,13.23,13.54,1649900
20130610,13.54,13.79,13.27,13.52,1377100
20130611,13.37,13.47,12.95,13,2333600
20130612,13.02,13.13,12.71,12.9,2465700
20130613,12.78,13.11,12.67,13.08,1237200
20130614,13,13.01,12.66,12.71,1497700
20130617,12.76,12.87,12.59,12.76,1175300
20130618,12.88,13.07,12.53,12.99,1422100
20130619,12.96,13.36,12.66,13.02,1867100
20130620,12.83,13.3,12.43,13.21,3629800
20130621,13.02,13.34,12.84,13.17,1676200
20130624,12.97,13.31,12.47,12.84,1775600
20130625,12.73,13.17,12.73,13.17,1536800
20130626,13.33,13.65,13.12,13.5,1083900
20130627,13.58,13.92,13.36,13.72,1283500
20130628,13.83,13.92,13.43,13.55,2364900
20130701,13.57,14.14,13.21,14.11,2620900
20130702,14.19,14.23,13.38,13.74,1790000
20130703,13.5,14.23,13.5,13.99,2675800
20130704,14.23,14.34,13.82,13.99,1385900
20130705,14.07,14.07,12.69,13.34,4925700
20130708,13.26,13.53,13.01,13.01,1240200
20130710,12.99,13.33,12.84,12.99,1129000
20130711,13.23,13.39,12.94,13.39,1530600
20130712,13.36,13.47,13.09,13.12,953400
20130715,13.5,13.99,13.3,13.95,2569300
20130716,14.13,14.23,13.54,13.76,1275200
20130717,13.75,14.15,13.75,13.97,1031400
20130718,13.93,14.16,13.75,13.93,1149100
20130719,13.74,14.07,13.73,13.99,558600
20130722,14.01,14.07,13.78,13.97,1318400
20130723,14.03,14.25,14.03,14.24,2104500
20130724,14.21,14.25,13.83,14.15,1023300
20130725,14.11,14.4,13.94,14.2,1590300
20130726,14.28,14.28,13.76,14.06,1363300
20130729,13.96,14.34,13.91,14.32,855500
20130730,14.36,14.48,14.01,14.11,2142200
20130731,13.93,14.48,13.93,14.47,2170800
20130801,14.04,14.28,13.92,14.17,3145000
20130802,14.17,14.2,13.92,13.97,1391300
20130805,13.97,14.15,13.86,14.05,872400
20130806,14.15,14.16,13.47,13.69,2018200
20130807,13.56,13.79,13.43,13.66,1272700
20130808,13.74,14.48,13.65,14.3,2899300
20130809,14.41,14.54,14.15,14.52,1474800
20130812,14.57,14.92,14.57,14.69,2528800
20130813,14.61,14.76,14.4,14.76,2345500
20130814,14.7,14.9,14.44,14.89,3008000
20130815,14.56,14.85,14.47,14.69,1287700
20130816,14.59,15,14.27,14.99,1647500
20130819,14.91,15.22,14.82,15.04,1069500
20130820,15.13,15.13,14.57,14.57,2411000
20130821,14.49,14.65,14.28,14.44,2013700
20130822,14.64,14.76,14.5,14.66,1396000
20130823,14.69,14.71,14.39,14.65,2195700
20130826,14.75,14.78,14.45,14.57,1066400
20130827,14.44,14.5,13.99,14.06,2338700
20130828,13.92,14.27,13.82,13.97,1787400
20130829,13.99,14.39,13.92,14.18,1309200
20130830,14.04,14.44,14.04,14.44,2130700
20130902,14.58,14.95,14.48,14.76,1754800
20130903,14.81,14.9,14.62,14.76,971900
20130904,14.69,15.01,14.61,15.01,1502100
20130905,15.01,15.19,14.85,15.02,2859100
20130906,15.21,15.21,14.98,15.08,1879800
20130909,15.16,15.46,15.1,15.27,2258800
20130910,15.21,15.42,15.09,15.27,2317800
20130911,15.22,15.39,15.08,15.1,1817600
20130912,15.02,15.17,14.92,15.11,1181500
20130913,15.13,15.29,15.08,15.29,1100800
20130916,15.32,15.43,15.18,15.33,1744800
20130917,15.33,15.42,15.17,15.29,1058500
20130918,15.2,15.41,15.04,15.19,1383700
20130919,15.23,15.31,14.63,14.83,2356600
20130920,14.8,14.87,14.29,14.46,1655600
20130923,14.69,14.73,14.57,14.73,1302400
20130924,14.91,14.97,14.48,14.84,1540000
20130925,14.76,14.99,14.63,14.84,1472600
20130926,14.75,14.88,14.57,14.73,919600
20130927,14.63,14.77,14.49,14.68,817100
20130930,14.54,14.67,14.32,14.61,1394900
20131001,14.71,14.83,14.49,14.8,1598700
20131002,14.66,15.07,14.66,15.07,1386800
20131003,15.06,15.06,14.64,14.78,1186800
20131004,14.78,14.86,14.45,14.81,1236700
20131007,14.76,14.91,14.66,14.91,1232000
20131008,14.9,14.97,14.73,14.73,1271500
20131009,14.81,15.13,14.62,15.04,1403300
20131010,15.13,15.13,14.86,15.1,914500
20131011,15.08,15.22,14.98,15.22,1029800
20131014,15.22,15.5,15.08,15.49,1631800
20131015,15.48,15.78,15.43,15.56,2412700
20131016,15.56,15.85,15.36,15.8,2387100
20131017,15.72,16.15,15.64,15.95,2513600
20131018,15.94,16.37,15.94,16.37,2377600
20131021,16.28,16.51,16.21,16.46,885600
20131022,16.46,16.58,16.29,16.57,1847000
20131023,16.46,16.71,16.45,16.57,1215500
20131024,16.53,16.59,16.11,16.32,1328700
20131025,16.3,16.32,15.96,16.09,970600
20131028,16.01,16.32,15.92,16.18,791100
20131029,16.03,16.25,15.93,16.07,944000
20131030,16.07,16.25,15.94,16.17,823800
20131031,16.2,16.44,16.03,16.36,1364700
20131101,16.37,16.45,15.95,16.24,1338700
20131104,16.3,16.34,15.97,16.06,1230200
20131105,16.06,16.09,15.76,15.88,1575300
20131106,15.79,15.96,15.67,15.96,1293700
20131107,16.03,16.78,15.74,16.22,3199200
20131108,16.22,16.33,15.71,16.16,2618800
20131111,16.07,16.39,16,16.34,1309700
20131112,16.27,16.34,16.08,16.17,2095300
20131113,16.14,16.44,16.05,16.44,1839400
20131114,16.54,16.95,16.39,16.89,2019900
20131118,17.1,17.23,16.81,17.15,1748600
20131119,17.06,17.11,16.8,16.83,1766300
20131121,16.63,17.26,16.57,17.2,2006800
20131122,17.09,17.48,17.08,17.43,1429000
20131125,17.53,17.53,16.91,16.91,1332100
20131126,16.78,17.18,16.67,16.83,1457600
20131127,16.85,17.19,16.72,16.95,1414100
20131128,17.04,17.13,16.76,17.04,851100
20131129,17.04,17.24,16.82,17.12,1511900
20131202,17.12,17.32,16.95,17.28,1557100
20131203,17.1,17.51,16.9,17.04,1893700
20131204,17.14,17.14,16.8,16.95,1260600
20131205,17.05,17.05,16.8,17.01,1121500
20131206,17.12,17.61,16.8,17.32,1358300
20131209,17.08,17.08,16.18,16.54,5580400
20131210,16.54,16.69,16.3,16.57,2192400
20131211,16.61,16.77,16.25,16.35,1857200
20131212,16.32,16.36,16,16.32,1809800
20131213,16.29,16.36,16.01,16.29,992200
20131216,16.25,16.41,16.13,16.25,1086400
20131217,16.17,16.26,15.97,16.11,1121500
20131218,16.2,16.69,16.2,16.42,1764600
20131219,16.54,16.84,16.46,16.77,1326700
20131220,16.81,17.03,16.76,16.81,1172200
20131223,16.9,17.06,16.71,16.9,782400
20131226,16.87,16.91,16.57,16.85,656500
20131227,16.86,17.1,16.81,17.06,421800
20131230,17.04,17.42,16.96,17.28,827700
20140102,17.29,17.35,16.53,16.8,1161400
20140103,16.71,16.96,16.62,16.96,2348400
20140106,16.84,16.95,16.61,16.92,990000
20140107,17.22,17.22,16.55,16.68,1120200
20140108,16.65,16.82,16.48,16.48,894600
20140109,16.48,16.71,16.12,16.53,1237800
20140110,16.39,16.84,16.29,16.62,848600
20140113,16.62,16.84,16.16,16.39,863500
20140114,16.39,16.62,16.26,16.62,726400
20140115,16.71,16.71,16.38,16.6,1259400
20140116,16.64,16.69,16.32,16.47,741300
20140117,16.42,16.48,15.88,15.88,2700300
20140120,15.85,16.06,15.71,15.95,1005500
20140121,16.02,16.14,15.69,15.95,1270900
20140122,16.05,16.11,15.77,15.88,1198400
20140123,15.78,15.9,15.41,15.64,1678300
20140124,15.46,15.74,15.29,15.63,1365900
20140127,15.5,15.87,15.19,15.33,1090700
20140128,15.5,15.74,15.35,15.56,609900
20140129,15.39,15.73,15.23,15.51,1094800
20140130,15.45,15.46,15.15,15.22,1095700
20140131,15.1,15.29,14.86,15.29,2099800
20140203,15.27,15.27,14.65,14.81,1531600
20140204,14.73,14.94,14.57,14.8,1489600
20140205,14.69,14.85,14.11,14.4,1942500
20140206,14.4,14.62,14.25,14.48,2180800
20140207,14.51,14.62,14.19,14.62,1617100
20140210,14.51,14.79,14.43,14.57,1917000
20140211,14.68,15.18,14.34,15.18,1986600
20140212,15.06,15.39,14.94,15.15,1773800
20140213,15.04,15.46,14.72,15.46,2190600
20140214,15.46,15.92,15.16,15.92,1895700
20140217,15.9,16.02,15.64,15.85,1381300
20140218,15.72,15.72,14.65,14.65,3946400
20140219,14.65,14.65,13.92,14.44,3392900
20140220,14.32,14.95,14.09,14.94,1856900
20140221,14.81,15.02,14.44,14.51,1250300
20140224,14.36,14.41,14.01,14.03,2534800
20140225,13.97,14.04,13.5,13.67,2405600
20140226,13.77,13.86,13.52,13.62,1298100
20140227,13.73,13.88,13.55,13.83,5601000
20140228,13.9,13.94,13.29,13.29,1957700
20140305,13.17,13.24,12.79,12.84,1457100
20140306,12.92,13.08,12.89,12.98,2435300
20140307,12.96,12.99,12.38,12.42,2662100
20140310,12.42,12.57,12.18,12.41,2588100
20140311,12.49,12.82,12.39,12.51,2679300
20140312,12.43,12.65,12.23,12.63,2446100
20140313,12.71,12.76,12.49,12.49,1511300
20140314,12.51,12.63,12.3,12.38,1592000
20140317,12.44,12.66,12.36,12.62,4882400
20140318,12.62,13.2,12.47,13.17,4266200
20140319,13.24,13.81,13.02,13.59,3757800
20140320,13.58,14.06,13.45,13.83,2660500
20140321,13.58,14.09,13.5,13.97,3025400
20140324,14.07,14.27,13.87,14.18,1930300
20140325,14.25,14.32,13.98,14.18,2182300
20140326,14.32,14.32,13.89,14.03,1697100
20140327,13.97,14.61,13.94,14.49,3093200
20140328,14.6,14.85,14.41,14.51,2392600
20140331,14.6,14.71,14.51,14.64,1072700
20140401,14.74,14.74,14.01,14.23,2563800
20140402,14.3,14.8,14.18,14.48,1942200
20140403,14.46,14.73,14.23,14.38,1048300
20140404,14.52,14.65,14.25,14.43,1561000
20140407,14.61,14.74,14.32,14.43,1508600
20140408,14.73,14.73,13.79,13.97,2022000
20140409,13.99,14.01,13.36,13.61,1791600
20140410,13.69,14.1,13.34,13.46,2207200
20140411,13.33,13.6,13.25,13.41,1446400
20140414,13.4,13.48,13.11,13.44,5164600
20140415,13.34,13.51,12.98,13.26,1315800
20140416,13.5,13.7,13.29,13.5,3539300
20140417,13.63,13.92,13.35,13.83,1460200
20140422,13.83,13.84,13.52,13.71,1453200
20140423,13.62,13.65,13.33,13.44,1623300
20140424,13.44,13.44,13.1,13.21,1683800
20140425,13.2,13.3,13.03,13.11,2071200
20140428,13.11,13.12,12.79,12.94,1996300
20140429,12.99,13.23,12.86,12.92,1651600
20140430,12.86,13.1,12.77,13,2617800
20140502,12.92,13.41,12.92,13.24,1711300
20140505,13.43,13.54,13.25,13.43,973400
20140506,13.33,13.64,13.33,13.54,1199100
20140507,13.47,13.81,13.35,13.75,4068600
20140508,13.74,13.74,13.43,13.5,3801900
20140509,13.83,13.83,13.04,13.15,1852900
20140512,13.21,13.29,12.94,13.24,1251500
20140513,13.19,13.29,13.04,13.18,723600
20140514,13.17,13.21,13.02,13.14,996800
20140515,13.12,13.13,12.9,12.94,1010000
20140516,12.94,13.22,12.87,12.98,910800
20140519,13,13.05,12.63,12.63,1373300
20140520,12.64,12.79,12.4,12.48,962200
20140521,12.48,12.74,12.43,12.58,1277600
20140522,12.63,12.74,12.44,12.69,660100
20140523,12.73,12.79,12.48,12.54,559100
20140526,12.6,12.66,12.52,12.56,212600
20140527,12.63,12.7,12.31,12.4,834800
20140528,12.37,12.46,12.26,12.38,859100
20140529,12.45,12.53,12.33,12.51,681900
20140530,12.5,12.59,12.33,12.51,1015600
20140602,12.5,12.8,12.31,12.8,1352200
20140603,12.73,12.86,12.62,12.86,896200
20140604,12.78,12.85,12.56,12.69,715100
20140605,12.71,12.81,12.47,12.56,751300
20140606,12.77,12.9,12.57,12.82,1802500
20140609,12.74,13.2,12.74,13.04,1053800
20140610,13.07,13.2,12.8,12.92,1226000
20140611,12.98,13.06,12.85,12.86,1317000
20140613,12.73,12.85,12.58,12.74,586100
20140616,12.69,12.8,12.54,12.63,663300
20140617,12.63,12.68,12.44,12.57,382500
20140618,12.62,12.99,12.57,12.94,1244700
20140620,12.81,13.16,12.78,12.98,896100
20140623,12.94,12.94,12.69,12.77,606700
20140624,12.71,12.82,12.6,12.66,873200
20140625,12.57,12.73,12.26,12.32,1402300
20140626,12.32,12.4,12.17,12.3,823400
20140627,12.22,12.33,12.06,12.11,1060600
20140630,12.15,12.19,12.01,12.04,811200
20140701,12.08,12.19,11.94,12,608700
20140702,12.03,12.16,11.85,12.14,1478200
20140703,12.06,12.59,12.06,12.23,1582900
20140704,12.3,12.39,12.24,12.25,214700
20140707,12.25,12.55,12.17,12.45,767900
20140708,12.45,12.49,12.32,12.45,272800
20140710,12.49,12.63,12.39,12.54,1183000
20140711,12.55,12.74,12.49,12.66,1705800
20140714,12.75,12.85,12.63,12.68,2036800
20140715,12.67,12.77,12.61,12.69,3172900
20140716,12.75,12.75,12.19,12.34,1596200
20140717,12.26,12.32,12.11,12.19,980500
20140718,12.43,12.45,11.84,11.84,1865100
20140721,11.85,11.94,11.69,11.81,2249700
20140722,11.81,11.88,11.75,11.79,1488600
20140723,11.76,11.86,11.64,11.73,958700
20140724,11.74,12.16,11.7,12.08,1148700
20140725,12.09,12.25,12.01,12.08,810100
20140728,12.1,12.22,12.04,12.11,808300
20140729,12.11,12.19,11.8,11.86,622900
20140730,11.94,11.98,11.74,11.89,564600
20140731,11.79,12.02,11.78,11.98,967300
20140801,11.91,12.04,11.73,11.93,898300
20140804,11.98,12.04,11.77,11.93,847600
20140805,11.9,12.08,11.8,12.04,1277200
20140806,11.97,12.46,11.97,12.46,1775300
20140807,12.48,12.48,12.27,12.32,1175400
20140808,12.24,12.34,12.09,12.1,1546000
20140811,12.09,12.28,12.06,12.22,450500
20140812,12.19,12.39,12.07,12.33,968200
20140813,12.4,12.73,12.36,12.64,1571200
20140814,12.64,12.77,12.57,12.77,1084400
20140815,12.81,12.98,12.68,12.86,1306200
20140818,12.95,13.08,12.86,12.98,887900
20140819,12.98,13.11,12.88,13.11,1090900
20140820,13.12,13.33,12.89,13.08,1449000
20140821,13.11,13.16,12.86,12.98,863900
20140822,12.86,13.11,12.74,12.93,1204800
20140825,13.06,13.2,13,13.11,774900
20140826,13.11,13.23,12.96,13.1,754700
20140827,13.19,13.23,12.95,13.2,1086400
20140828,13.2,13.3,13.07,13.11,880000
20140829,13.2,13.2,12.9,13.03,2203500
20140901,13.16,13.32,13.09,13.21,630800
20140902,13.28,13.65,13.17,13.41,1638700
20140903,13.54,13.56,13.12,13.39,2121300
20140904,13.24,13.57,13.21,13.5,1102000
20140905,13.57,13.57,13.27,13.28,718000
20140908,13.45,13.45,12.99,13.07,1312300
20140909,12.93,12.98,12.58,12.8,992100
20140910,12.67,12.77,12.51,12.76,921100
20140911,12.89,13,12.69,12.81,663300
20140912,12.67,13.09,12.47,12.9,1342400
20140915,12.9,13.23,12.84,13.23,864400
20140916,13.34,13.83,13.34,13.49,1278100
20140917,13.49,13.79,13.48,13.52,1024300
20140918,13.51,14.04,13.43,13.84,1385300
20140919,13.88,14.09,13.7,13.8,1086600
20140922,13.71,13.8,13.45,13.74,692800
20140923,13.59,13.86,13.52,13.83,726700
20140924,13.69,13.87,13.51,13.84,1154900
20140925,13.77,13.91,13.67,13.77,1202000
20140926,13.65,13.8,13.6,13.78,812700
20140929,13.42,13.88,13.33,13.84,1942100
20140930,13.74,13.84,13.51,13.84,1484600
20141001,13.67,14.22,13.62,14.06,2148500
20141002,14.06,14.41,13.98,14.25,1557000
20141003,14.31,14.35,14.14,14.21,949600
20141006,14.34,14.51,14.24,14.4,1928700
20141007,14.44,14.62,14.15,14.31,1179100
20141008,14.47,14.52,14.02,14.2,1374400
20141009,14.3,14.51,13.82,13.97,1318300
20141010,13.92,14,13.6,13.72,1158400
20141013,13.98,14.23,13.55,13.9,2011400
20141014,13.98,14.23,13.76,14.08,1086200
20141015,13.97,14.17,13.59,14.03,1564700
20141016,13.75,13.96,13.63,13.89,2004100
20141017,13.88,14.49,13.74,14.29,2375100
20141020,14.29,14.85,14.05,14.6,2084700
20141021,14.46,14.84,14.22,14.65,1923700
20141022,14.62,14.86,14.27,14.53,1586800
20141023,14.44,15.33,14.27,15.02,2765600
20141024,14.92,15.28,14.68,15.07,2205300
20141027,14.85,15.62,14.58,15.2,3526400
20141028,15.13,15.51,14.95,15.29,1654200
20141029,15.21,15.27,14.85,15.04,1788600
20141030,15.11,15.11,14.46,14.86,1985500
20141031,14.94,15.62,14.92,15.49,2036000
20141103,15.51,15.67,15.23,15.59,1218000
20141104,15.58,16.28,15.58,15.98,2074300
20141105,15.86,16.16,15.47,15.95,1043100
20141106,16.22,16.5,15.56,15.8,2001800
20141107,16.03,16.25,15.8,16.19,1734800
20141110,16.09,16.21,15.86,15.98,896900
20141111,15.86,16.19,15.74,15.93,596500
20141112,15.93,16.37,15.9,16.15,1079000
20141113,16.26,16.52,16.1,16.45,1920100
20141114,16.45,16.55,16.15,16.28,1437700
20141117,16.3,16.4,15.95,16.09,811900
20141118,16.14,16.74,16.12,16.54,2149100
20141119,16.53,16.69,16.41,16.52,1920800
20141121,16.43,16.8,16.09,16.62,2530600
20141124,16.95,17.05,16.11,16.37,1914900
20141125,16.49,16.72,16.21,16.23,1986400
20141126,16.25,16.64,15.98,16.06,1569200
20141127,16.16,16.36,15.98,16.21,867100
20141128,16.11,16.59,16.11,16.45,1590300
20141201,16.31,16.45,16.06,16.4,2856300
20141202,16.4,16.53,16.2,16.36,1267300
20141203,16.39,16.62,16.22,16.46,803100
20141204,16.46,16.62,16.24,16.45,874400
20141205,16.37,16.61,16.29,16.49,1000400
20141208,16.45,16.66,16.1,16.19,1509100
20141209,16.02,16.15,15.82,15.98,1620400
20141210,15.98,16.15,15.65,15.74,1388200
20141211,15.68,15.86,15.43,15.53,2204600
20141212,15.43,15.46,14.68,14.92,3086600
20141215,14.97,14.97,14.15,14.48,2450100
20141216,14.31,14.8,14.14,14.64,2767500
20141217,14.64,14.8,14.27,14.59,2584900
20141218,14.68,14.8,14.31,14.34,850500
20141219,14.33,14.53,14.15,14.53,1720200
20141222,14.58,14.92,14.35,14.84,978900
20141223,14.74,15.21,14.68,15.11,1064300
20141226,15.04,15.27,14.86,14.88,968500
20141229,14.88,15.38,14.64,15.08,775800
20141230,15.02,15.41,14.79,14.95,878300
20150102,14.85,15.09,14.66,14.87,1825200
20150105,14.62,14.69,13.98,13.98,2150700
20150106,14.05,14.09,13.64,13.68,1136800
20150107,13.71,13.86,13.37,13.67,1383300
20150108,13.75,13.89,13.36,13.7,1098400
20150109,13.58,13.75,13.3,13.4,1866500
20150112,13.43,13.66,13.32,13.66,1125100
20150113,13.62,13.91,13.43,13.51,2013800
20150114,13.42,13.42,12.69,12.7,1733300
20150115,12.79,13.28,12.78,12.79,2038100
20150116,12.95,13.17,12.81,13.03,1155000
20150119,12.9,12.92,11.96,12.02,1228000
20150120,12.16,12.27,11.1,11.23,3887100
20150121,11.32,11.39,10.92,11.21,2938600
20150122,11.3,11.59,10.97,11,3757300
20150123,11.1,11.1,10.34,10.36,2004600
20150126,10.25,10.57,9.79,10.5,2325600
20150127,10.49,10.67,10.05,10.45,1681200
20150128,10.34,10.39,9.88,10.17,1872500
20150129,10.26,10.75,10.1,10.57,1675300
20150130,10.46,10.8,10.3,10.63,2071800
20150202,10.84,11.09,10.67,10.98,2596200
20150203,11.06,11.23,10.96,11.16,2669900
20150204,11.2,11.43,10.81,10.85,2146400
20150205,10.68,11.1,10.34,10.68,2498400
20150206,10.69,11.03,10.47,11.01,2876800
20150209,10.85,10.87,10.59,10.68,3962000
20150210,10.63,10.86,10.51,10.7,1345100
20150211,10.53,10.81,10.37,10.59,2627200
20150212,10.74,11.2,10.71,10.86,2098300
20150213,11.16,11.18,10.78,10.85,944400
20150218,10.93,11.17,10.78,10.81,1476000
20150219,10.87,10.92,10.59,10.59,1646100
20150220,10.69,10.91,10.61,10.86,940300
20150223,10.81,10.89,10.63,10.75,1525800
20150224,10.83,10.92,10.63,10.67,1004700
20150225,10.46,10.94,10.45,10.88,3187700
20150226,11.01,11.45,10.97,11.36,2511000
20150227,11.45,11.51,10.83,10.93,3288100
20150302,10.92,10.92,10.61,10.72,1544800
20150303,10.72,10.81,10.34,10.39,2261500
20150304,10.29,10.49,10.16,10.46,2648900
20150305,10.5,10.94,10.48,10.94,1388500
20150306,10.93,11.3,10.77,11.27,1565700
20150309,11.26,11.82,11.16,11.82,2253000
20150310,11.74,12.26,11.63,11.75,2513900
20150311,10.16,10.34,9.33,9.42,13115500
20150312,9.54,9.54,8.73,8.84,8609300
20150313,8.71,9.43,8.6,9.35,5433500
20150316,9.47,9.64,9.35,9.41,2613400
20150317,9.27,9.64,9.27,9.48,2731400
20150318,9.58,9.96,9.41,9.93,3771400
20150319,9.92,10.34,9.65,10.06,4047300
20150320,10.25,10.34,9.99,10.34,1866900
20150323,10.35,10.69,10.35,10.65,2318000
20150324,10.59,10.72,10.19,10.35,1555400
20150325,10.45,10.66,10.34,10.63,1699200
20150326,10.52,10.52,9.92,9.94,1833400
20150327,9.85,9.85,9.38,9.64,2158500
20150330,9.74,9.75,9.38,9.52,1640900
20150331,9.5,9.69,9.32,9.4,2548200
20150401,9.45,9.61,9.4,9.4,1869000
20150402,9.52,10.12,9.46,10.05,2981100
20150406,10.12,10.49,10.12,10.34,1121300
20150407,10.34,10.63,10.28,10.39,771400
20150408,10.59,10.75,10.39,10.62,1653200
20150409,10.59,10.72,10.28,10.3,1448800
20150410,10.09,10.57,10.06,10.5,3357000
20150413,10.49,10.79,10.23,10.59,2990600
20150414,10.77,10.82,10.6,10.82,1159500
20150415,10.86,11.21,10.86,11.15,1164400
20150416,11.14,11.18,10.63,10.72,1334100
20150417,10.63,10.95,10.2,10.58,1388700
20150420,10.77,10.91,10.61,10.7,891200
20150422,10.76,10.94,10.65,10.84,1002700
20150423,10.81,11.19,10.79,11.09,1057400
20150424,11.11,11.38,10.94,11.15,1785500
20150427,11.2,11.22,10.71,10.72,1159400
20150428,10.94,11.17,10.58,11.11,1807200
20150429,10.96,11.37,10.83,11.07,1248000
20150430,11.06,11.33,10.97,11.33,1561900
20150504,11.33,12.68,11.29,12.63,3130400
20150505,12.53,12.91,12.06,12.06,1796500
20150506,12.12,12.64,11.88,12.21,1791700
20150507,12.1,12.45,11.87,12.23,1265700
20150508,12.38,13.51,12.38,13.35,2563200
20150511,13.22,13.72,12.73,12.83,2310300
20150512,12.76,13.62,12.74,13.12,2807600
20150513,13.37,13.49,12.95,13.46,1422500
20150514,13.49,13.97,13.28,13.38,2611100
20150515,13.44,13.64,13.06,13.13,1330000
20150518,13.22,13.27,12.61,12.78,2102700
20150519,12.83,13.08,12.65,12.94,1147900
20150520,12.75,13.13,12.47,12.81,1905000
20150521,12.52,12.73,12.22,12.5,1469100
20150522,12.5,12.77,11.85,11.92,2745800
20150525,11.88,12.38,11.65,12.11,708200
20150526,11.96,12.09,11.58,11.7,1059000
20150527,11.67,12.11,11.56,12.07,1487900
20150528,11.92,11.98,11.64,11.76,928800
20150529,11.62,11.94,11.42,11.67,1695200
20150601,11.62,11.83,11.49,11.53,882900
20150602,11.6,12.3,11.6,12.21,1367900
20150603,12.23,12.39,11.92,12.27,1362000
20150605,12.14,12.16,11.72,11.86,1026400
20150608,11.85,12.03,11.66,11.76,790100
20150609,11.77,12.3,11.7,12.15,1361100
20150610,12.38,12.82,12.33,12.47,1385900
20150611,12.47,12.82,12.47,12.68,1362900
20150612,12.5,12.8,12.41,12.67,1134800
20150615,12.66,12.82,12.41,12.76,1163100
20150616,12.76,12.88,12.41,12.67,2351900
20150617,12.64,12.74,12.12,12.16,1905300
20150618,12.22,12.52,12.08,12.45,1079400
20150619,12.12,12.16,11.15,11.15,4255000
20150622,11.15,11.42,10.41,11.2,4232400
20150623,11.38,11.69,11.33,11.56,2071500
20150624,11.42,11.96,11.33,11.81,3201000
20150625,11.86,11.86,11.59,11.83,1927200
20150626,11.81,12.52,11.81,12.36,2574000
20150629,12.19,12.45,11.93,12.1,1319900
20150630,11.96,12.34,11.94,12.25,1471600
20150701,12.26,12.3,11.61,11.67,2019600
20150702,11.76,11.93,11.48,11.56,1001000
20150703,11.55,11.57,11.15,11.18,777200
20150706,11.06,11.76,11.03,11.54,1078900
20150707,11.47,11.62,11.09,11.55,1333500
20150708,11.42,11.85,11.35,11.82,1337600
20150710,11.96,12.17,11.79,11.96,1617800
20150713,11.96,12.04,11.53,11.6,1121500
20150714,11.5,11.87,11.31,11.74,984400
20150715,11.61,11.98,11.61,11.85,1579700
20150716,11.89,12.01,11.66,11.87,956700
20150717,11.91,11.95,11.55,11.63,1667700
20150720,11.51,11.58,11.03,11.03,1138300
20150721,11.09,11.3,10.88,11.09,1423800
20150722,10.96,11.4,10.9,11.3,1423900
20150723,11.24,11.81,11.24,11.31,1663000
20150724,11.31,11.47,10.74,10.84,1774300
20150727,10.43,10.43,9.73,9.74,3325600
20150728,9.71,10.97,9.69,10.95,3483500
20150729,10.77,11.06,10.45,10.54,2119900
20150730,10.57,10.88,10.14,10.32,1561700
20150731,10.21,11.46,10.21,11.28,2165200
20150803,11.16,11.41,10.28,10.4,2163000
20150804,10.4,10.86,10.4,10.75,1869400
20150805,10.74,11.43,10.74,11.4,2286200
20150806,11.89,12.32,11.76,12.14,3977400
20150807,12.26,12.54,11.69,11.76,2917100
20150810,11.74,12.46,11.65,12.05,2116200
20150811,12.05,12.22,11.69,12.04,1617700
20150812,11.97,12.46,11.89,12.35,1777800
20150813,12.36,12.65,12.12,12.12,1554200
20150814,12.19,12.34,11.94,12.2,1413600
20150817,12.15,12.49,12.04,12.14,1265400
20150818,12.03,12.14,11.52,11.6,2461400
20150819,11.56,11.67,11.28,11.62,1945800
20150820,11.5,11.94,11.29,11.88,1767500
20150821,11.71,11.85,11.39,11.43,1241900
20150824,10.84,11.37,10.47,11.07,2075800
20150825,11.25,11.56,11,11.2,1379800
20150826,11.15,11.69,11.15,11.6,1724400
20150827,11.86,12.48,11.53,12.38,2144900
20150828,12.12,12.58,12.05,12.07,2167600
20150831,11.55,12.97,11.49,12.65,3596600
20150901,12.29,13.3,12.28,13.13,5091900
20150902,13.28,13.4,12.77,13.23,4133500
20150903,13.44,13.7,13.09,13.37,2533900
20150904,13.09,14.06,12.97,13.95,3276000
20150908,14.13,14.21,13.61,13.7,3392400
20150909,13.93,14.25,13.63,13.86,2455700
20150910,13.54,14.24,13.54,14.11,4403900
20150911,14.19,14.26,13.62,13.72,1663100
20150914,13.87,14.05,13.41,13.99,1469800
20150915,13.84,13.94,13.55,13.72,2111700
20150916,13.84,14.42,13.73,14.36,1799800
20150917,14.12,14.45,13.81,13.85,2814400
20150918,13.65,14.45,13.28,13.87,2952400
20150921,13.87,14.62,13.71,14.13,1499000
20150922,13.89,14.36,13.83,14.13,1482200
20150923,14.1,14.9,13.91,14.67,2230600
20150924,14.56,14.85,14.43,14.61,2486900
20150925,14.83,15.25,14.54,15.11,1808800
20150928,15.1,15.1,14.44,14.67,1412400
20150929,14.58,14.86,14.52,14.6,1336300
20150930,14.84,15.24,14.63,14.99,3276000
20151001,15.17,15.8,15.02,15.7,3264900
20151002,15.74,16.33,15.52,16.18,2806600
20151005,16.45,16.45,15.79,16.25,2171600
20151006,16.18,17.09,16.02,17.03,3022600
20151007,17.08,17.51,16.7,17.04,2635300
20151008,16.88,17.41,16.86,17.14,1606600
20151009,17.21,17.21,16.47,17.05,2621700
20151013,16.84,17.08,16.6,16.96,1726200
20151014,16.79,17.32,16.79,17.02,3815800
20151015,16.99,17.24,16.33,16.8,1841100
20151016,16.8,18.22,16.66,17.82,2979900
20151019,17.82,18.97,17.69,18.75,3592800
20151020,18.8,18.8,17.88,18.32,3883700
20151021,18.26,18.56,17.91,18.37,2810600
20151022,18.46,18.92,18.36,18.64,2367000
20151023,18.89,18.91,18.4,18.57,1889200
20151026,18.46,19.16,18.4,19.07,2220700
20151027,19.06,19.53,18.99,19.53,2118000
20151028,19.53,19.96,19.12,19.3,2727400
20151029,19.12,19.57,18.83,19.06,2401800
20151030,19.12,19.88,19.06,19.59,3904500
20151103,19.56,19.69,19.07,19.33,2904800
20151104,19.48,19.8,19.28,19.48,2119300
20151105,19.52,19.94,19.43,19.62,2188400
20151106,19.63,20.3,19.38,20.02,2047800
20151109,20.02,20.73,19.92,20.08,2158500
20151110,20.22,20.24,19.56,19.92,2516600
20151111,19.8,21.27,19.8,21.24,3309000
20151112,21.27,21.53,20.57,21.17,3052700
20151113,21.09,21.12,20.44,20.98,3984900
20151116,21.09,21.75,21.09,21.41,1996600
20151117,21.63,23.1,21.12,22.61,4123100
20151118,22.48,23.13,22.31,22.63,2887700
20151119,22.82,23.83,22.67,23.83,2825800
20151123,23.79,24.56,22.73,23.12,2295200
20151124,23.24,23.64,22.4,23.02,2069600
20151125,22.78,23.25,22.57,22.87,1779200
20151126,22.98,23.16,22.62,22.8,881300
20151127,22.55,23.47,22.49,23.07,1486600
20151130,23.3,24.28,23.15,23.59,6098900
20151201,23.61,24.06,22.5,23.09,2795800
20151202,23.04,23.59,22.53,23.09,2342200
20151203,23.52,23.83,22.94,23.44,1897300
20151204,23.34,24.46,23.33,23.9,2404200
20151207,23.97,25.53,23.93,24.29,3398100
20151208,24.13,24.96,23.32,23.37,2145100
20151209,23.77,24.42,23.21,23.63,3076200
20151210,23.78,24.26,23.18,23.3,2040200
20151211,23.39,23.71,22.6,23.04,2080000
20151214,23.03,23.17,22.53,23.15,2076800
20151215,23.04,23.62,23.04,23.35,1289900
20151216,23.15,24,22.98,23.72,1487800
20151217,24.23,25.01,23.85,23.85,2394600
20151218,23.43,24.7,23.29,24.56,2835800
20151221,24.42,25.28,24.42,24.96,2023900
20151222,25.05,25.58,24.97,25.53,2168000
20151223,25.55,26.09,25.36,26.04,1079000
20151228,26.18,26.84,26.12,26.41,1297000
20151229,26.3,26.58,25.82,25.99,778700
20151230,25.74,25.99,24.62,24.85,2335400
20160104,24.36,24.57,24.12,24.38,1533100
20160105,24.5,24.72,23.23,23.33,2567900
20160106,23.04,25.17,22.81,24.96,3389600
20160107,24.71,25.34,24.29,24.29,2465800
20160108,24.31,24.89,23.93,24.35,1520300
20160111,24.72,25.13,24.51,24.97,1467300
20160112,24.97,25.18,23.95,23.95,2340200
20160113,24.2,24.2,22.85,23.38,2428700
20160114,23.43,23.88,22.58,22.67,2297600
20160115,22.67,23.08,22.23,22.62,2288500
20160118,22.18,22.53,22.05,22.05,958300
20160119,22.52,22.66,21.77,22.04,1255000
20160120,21.72,22.58,21.72,22.35,2522500
20160121,22.35,22.99,22.15,22.15,2447700
20160122,22.32,22.67,21.16,21.55,2152500
20160126,21.27,21.41,20.81,21.06,1906100
20160127,21.23,21.52,21,21.39,1999100
20160128,21.49,21.8,20.55,20.96,2766000
20160129,21.22,21.59,20.91,21.59,2537300
20160201,21.37,21.69,20.96,21.18,1368000
20160202,21.14,21.18,20.29,20.6,2783900
20160203,20.46,21.5,20.21,21.32,2821900
20160204,21.5,22.15,21.43,21.57,3040900
20160205,21.72,21.99,21.36,21.51,2098800
20160210,21.36,21.74,20.82,20.97,1245200
20160211,20.83,21.09,20.55,20.82,1354300
20160212,20.87,21.05,20.45,20.65,1262500
20160215,20.82,20.83,20.55,20.69,1088800
20160216,20.6,21.63,20.6,21.59,1953800
20160217,21.59,21.69,21.35,21.68,2715600
20160218,21.43,23.28,21.43,23.25,3259300
20160219,23.39,23.71,22.49,22.79,2700700
20160222,23.25,23.5,23.14,23.18,2023100
20160223,23.12,23.42,22.47,22.58,2032300
20160224,22.2,22.74,22.05,22.74,1665800
20160225,22.53,22.99,22.41,22.77,1842700
20160226,22.97,23.27,22.28,22.44,931500
20160229,22.9,22.95,22.55,22.94,4152100
20160301,23.03,23.27,22.38,22.94,2252300
20160302,23.01,23.07,22.55,22.89,2003800
20160303,23.1,23.14,22.62,22.76,2299100
20160304,22.53,23.03,22.17,22.56,3452300
20160307,22.49,22.96,22.17,22.94,1337600
20160308,22.78,23.07,21.78,21.96,3323700
20160309,22.17,22.2,21.25,21.86,3458000
20160310,22.04,22.09,21.54,21.9,1962000
20160311,21.72,22.14,21.41,21.64,2437500
20160314,21.64,23.6,21.41,22.99,4059600
20160315,23.16,23.38,22.82,23.09,1923100
20160316,22.93,23.2,22.61,22.89,2209500
20160317,23.65,24.63,22.89,24.05,2690200
20160318,24.29,24.54,23.76,24.13,2266700
20160321,24.13,25.24,23.99,24.74,2781900
20160322,24.74,25.09,24.6,24.92,3149500
20160323,24.6,24.88,21.81,21.99,3640500
20160324,21.86,22,20.78,20.78,3051400
20160328,20.89,21.23,20.88,21.02,2098200
20160329,20.81,21.45,20.4,21.18,2052800
20160330,21.36,21.77,21.01,21.32,1285800
20160331,21.09,21.19,20.7,21.06,1684200
20160401,21.06,22.04,21.06,21.74,2440000
20160404,21.58,21.81,19.9,20.02,1394200
20160405,19.88,20.84,19.81,20.63,1480600
20160406,20.5,20.83,20.15,20.83,1503000
20160407,21.2,22.12,21.16,22.12,1915800
20160408,22.7,22.7,21.92,22.07,1467200
20160411,22.24,22.42,22.12,22.14,1056800
20160412,22.31,22.66,22.14,22.27,1439600
20160413,22.76,23.29,22.76,23.11,2872000
20160414,23.38,23.73,22.79,23.27,2153800
20160415,23.49,23.63,22.95,23.45,1256300
20160418,23.57,24.26,23.22,24.18,1657100
20160419,24.18,24.51,24.06,24.25,1877400
20160420,24.13,24.13,23.54,23.98,1078600
20160422,23.53,24.08,23.53,23.88,1204200
20160425,23.64,23.88,23.4,23.51,863600
20160426,23.44,23.91,23.4,23.69,894200
20160427,24.02,24.17,23.72,23.94,1494600
20160428,24.16,24.16,23.78,23.78,1066300
20160429,23.78,23.99,23.28,23.35,1806900
20160502,23.67,23.67,23.02,23.17,878300
20160503,22.9,22.96,21.9,22.64,2398800
20160504,22.33,23.3,22.33,23.21,1678200
20160505,23.33,23.61,22.65,22.78,965300
20160506,22.73,22.78,21.92,21.99,1100400
20160509,21.88,22.14,20.37,20.53,1852500
20160510,20.91,20.92,19.9,20.16,1887800
20160511,20.28,20.75,19.56,19.59,2844100
20160512,19.78,20.31,19.69,20,1799800
20160513,20,20.16,19.33,19.46,1782500
20160516,19.59,19.59,19.06,19.12,1040700
20160517,18.97,19.24,18.44,18.6,1474600
20160518,18.48,19,18.41,18.76,1349600
20160519,18.75,19.14,18.54,19.07,1257300
20160520,19.29,19.45,19.12,19.24,1503300
20160523,18.75,19.18,18.41,18.87,957900
20160524,18.87,20,18.81,19.67,2349900
20160525,19.69,20.05,19.62,20.05,1811600
20160527,19.93,20.44,19.65,19.93,1738900
20160530,19.91,20.16,19.72,19.96,279700
20160531,19.78,19.98,19.71,19.97,1493800
20160601,19.79,20.24,19.69,20.24,1771700
20160602,20.2,20.57,20.16,20.43,1556600
20160603,20.62,20.72,20.05,20.35,1368800
20160606,20.54,20.54,20.04,20.12,1025200
20160607,19.9,19.97,19.25,19.55,1661200
20160608,19.55,19.67,19.14,19.18,2475400
20160609,19.36,19.5,18.97,19.01,1936100
20160610,18.83,18.99,18.53,18.53,890200
20160613,18.42,18.78,18.36,18.68,1301900
20160614,18.72,18.75,18.14,18.27,1038800
20160615,18.2,18.4,17.96,18.11,1116900
20160616,17.98,18.58,17.94,18.45,1384500
20160617,18.57,18.73,18.25,18.35,980700
20160620,18.73,18.91,18.43,18.82,1044200
20160621,18.94,18.98,18.38,18.69,805500
20160622,18.83,18.83,18.39,18.58,748000
20160623,18.59,19.12,18.49,19.12,972300
20160624,18.72,18.78,18.13,18.32,1013300
20160627,18.3,18.3,17.68,17.97,879600
20160628,18.17,18.52,18.02,18.48,687800
20160629,18.58,18.75,18.12,18.12,803300
20160630,18.08,18.19,17.66,18.11,1240000
20160701,18.37,18.79,18.09,18.31,1636100
20160704,18.31,18.87,18.31,18.79,627200
20160705,18.79,19.1,17.61,17.98,1630900
20160706,17.98,17.98,17.27,17.69,1711400
20160707,17.78,18.13,17.59,17.6,1084500
20160708,17.6,17.79,17.37,17.51,1484200
20160711,17.59,17.68,17.26,17.57,1225800
20160712,17.52,17.81,17.24,17.65,2066700
20160713,17.64,18.02,17.52,17.52,1727600
20160714,17.68,17.72,17.24,17.42,1643500
20160715,17.31,17.56,17.12,17.36,769500
20160718,17.54,17.88,17.34,17.81,775600
20160719,17.8,18.55,17.6,18.04,1417100
20160720,18.07,18.2,17.31,17.96,1600700
20160721,17.87,18.23,17.56,17.73,1250200
20160722,17.7,18.48,17.57,18.37,1151800
20160725,18.38,18.45,17.92,18.3,829900
20160726,18.42,18.44,18.17,18.22,656400
20160727,18.35,18.35,18.05,18.07,950600
20160728,18.07,18.11,17.74,17.82,823300
20160729,17.82,17.98,17.35,17.63,1400500
20160801,17.62,18.39,17.54,18.16,1421900
20160802,18.15,18.33,17.22,17.59,1556900
20160803,17.5,17.58,17.22,17.43,1494300
20160804,17.61,19.42,17.29,19.32,3523200
20160805,19.45,20.15,19.14,19.89,1387200
20160808,19.79,20.38,19.52,19.83,1164100
20160809,19.65,19.97,19.46,19.61,730500
20160810,19.56,20.08,19.48,19.56,622800
20160811,19.43,20.11,19.43,20.11,629800
20160812,20.16,20.16,19.06,19.43,1204500
20160815,20.07,21.11,19.99,21.11,1566200
20160816,21.23,21.68,20.25,20.45,1413700
20160817,20.67,20.78,20.39,20.6,1291600
20160818,20.73,20.73,20.12,20.55,838100
20160819,20.32,21.13,20.02,20.93,1109500
20160822,21.01,21.15,20.27,20.5,1268600
20160823,20.5,21.78,20.5,21.26,3529300
20160824,21.12,21.45,20.51,21.17,1057000
20160825,21.34,21.42,20.6,20.68,885600
20160826,20.84,20.84,20.27,20.5,1181600
20160829,20.71,21.29,20.44,20.9,902200
20160830,20.79,22.44,20.79,22.08,2312500
20160831,22.29,22.94,22.27,22.93,3061700
20160901,22.78,23.46,22.73,23.38,2515100
20160902,23.67,23.67,23.01,23.45,1887200
20160905,23.59,23.93,23.17,23.45,731600
20160906,23.5,23.7,22.66,23,880300
20160908,23,23.1,22.5,22.73,1622000
20160909,22.38,22.69,21.99,22.12,1507200
20160912,22.16,22.59,22.01,22.49,1016300
20160913,22.36,22.43,21.47,21.97,1102400
20160914,21.89,21.99,21.66,21.83,889100
20160915,22.08,22.18,21.84,22.08,616900
20160916,22.09,22.15,21.62,22.03,1406400
20160919,22.12,22.55,22.07,22.21,896100
20160920,22.32,22.44,21.7,21.7,1184300
20160921,21.61,22.16,21.23,21.67,1293300
20160922,22.02,22.11,21.37,21.56,820600
20160923,21.57,22.08,21.51,22.08,924900
20160926,22.02,22.02,21.53,21.73,631600
20160927,21.98,22.02,21.41,21.92,587600
20160928,22.83,24.26,22.83,24.17,4211400
20160929,24.46,25.25,24.27,24.29,2459000
20160930,24.64,24.71,23.11,23.88,2784000
20161003,24.07,24.68,23.93,24.61,1930700
20161004,24.37,24.49,23.25,23.54,2041400
20161005,23.55,24.54,23.52,24.16,1664000
20161006,23.88,24.69,23.25,24.35,2028700
20161007,24.35,24.54,24.16,24.39,841700
20161010,24.5,25,24.5,24.87,688800
20161011,25.06,26.32,24.62,26.1,2727800
20161013,26.38,26.65,25.75,26.24,2459800
20161014,26.4,27.49,26.15,27.22,1881100
20161017,27.21,27.88,26.95,27.78,1465000
20161018,27.59,27.95,27.29,27.75,1392200
20161019,27.79,28.31,27.36,27.72,1230300
20161020,27.59,28.48,27.49,28.2,1020100
20161021,28.01,28.49,27.83,28.2,1272200
20161024,28.16,28.83,28.13,28.44,1178000
20161025,28.44,28.8,27.97,28,1661200
20161026,28,28.15,26.67,27.46,2198000
20161027,27.46,28.07,27.32,27.6,1593100
20161028,27.57,28,27.26,27.63,1270300
20161031,27.7,28.45,27.67,28.27,1391400
20161101,28.5,29.28,28.38,28.64,1565200
20161103,28.5,28.61,26.5,26.6,2296300
20161104,26.59,26.82,25.99,26.15,1462200
20161107,26.7,27.54,26.11,27.42,1053400
20161108,27.5,28.25,27.43,27.72,1132900
20161109,26.12,28.05,26.05,27.36,1322400
20161110,27.3,28.65,27.24,28.35,2502600
20161111,28.21,29.55,27.56,28.13,2902800
20161114,28.19,28.19,26.41,27.67,1710300
20161116,27.91,28.03,26.37,27.24,1759100
20161117,27.54,27.81,27.04,27.24,707000
20161118,27.24,27.6,26.56,26.59,1338700
20161121,26.52,27.78,26.03,27.67,1154300
20161122,27.85,28.78,27.61,27.86,1338000
20161123,27.95,28.08,26.55,26.85,2999700
20161124,26.9,27.26,26.82,26.97,253400
20161125,26.8,27.1,26.21,26.55,1300600
20161128,26.56,27.79,26.28,27.79,1207700
20161129,27.65,28.31,27.3,27.58,1087300
20161130,28.2,28.44,27.37,27.5,1326600
20161201,27.5,27.7,26.37,27.12,2001300
20161202,26.57,30.95,26.56,30.49,3792500
20161205,31.11,33,30.82,32.1,3940300
20161206,31.9,33.49,31.6,32.93,2629000
20161207,33.13,33.61,32.62,32.76,1878400
20161208,33,33.28,32.25,32.74,1445500
20161209,32.9,32.97,31.61,32.2,1961400
20161212,31.9,33,31.55,32.52,1749400
20161213,32.56,32.95,31.99,32.95,1515400
20161214,32.95,33.2,32.35,33.04,1708500
20161215,34.31,34.71,33.06,33.4,2283500
20161216,33.5,33.8,33.06,33.45,1610500
20161219,33.6,33.6,32.75,33.4,1808800
20161220,33.59,33.63,32.9,33.03,886700
20161221,33.39,34.22,33.32,34.11,1514300
20161222,34.11,34.11,33,33.3,978300
20161223,33.27,33.27,31.58,33.12,1515000
20161226,32.8,33.21,32.8,32.9,286900
20161227,33.2,33.59,32.89,33.33,925200
20161228,33.59,34.4,33.3,34.39,1020200
20161229,34.31,34.56,33.41,34.25,1435600
20170102,34.04,34.1,33.33,34,486500
20170103,34.29,35.98,34.07,35.94,1377000
20170104,35.77,36.75,35,35.33,1573000
