<DTYYYYMMDD>,<OPEN>,<HIGH>,<LOW>,<CLOSE>,<VOL>
20100601,8.69,9.14,8.67,8.92,19232100
20100602,8.88,9.01,8.85,8.96,11414100
20100604,8.88,8.98,8.75,8.83,9497600
20100607,8.88,8.93,8.79,8.83,7468300
20100608,8.82,8.94,8.81,8.92,13364500
20100609,8.95,9.02,8.81,8.83,11775000
20100610,8.92,9.02,8.92,9.01,8409200
20100611,9,9.1,8.92,9.02,7500400
20100614,9.1,9.13,8.96,8.96,6964200
20100615,8.99,9.14,8.96,9.03,6727800
20100616,9.01,9.14,8.97,9.08,12897800
20100617,9.09,9.25,9.01,9.21,14235200
20100618,9.21,9.4,9.17,9.18,10062700
20100621,9.33,9.43,9.19,9.2,9356100
20100622,9.19,9.41,9.04,9.11,13644900
20100623,9.19,9.44,9.09,9.44,12556200
20100624,9.37,9.47,9.22,9.31,8577400
20100625,9.28,9.58,9.28,9.58,6466100
20100628,9.6,9.6,9.33,9.33,5118600
20100629,9.22,9.22,8.88,8.94,13476300
20100630,8.91,9.09,8.73,8.73,10089100
20100701,8.91,8.91,8.31,8.54,19847300
20100702,8.55,8.62,8.31,8.46,8906700
20100705,8.48,8.54,8.31,8.35,4716900
20100706,8.5,8.7,8.24,8.37,16001400
20100707,8.43,8.65,8.36,8.65,11856900
20100708,8.74,8.83,8.55,8.83,9016300
20100712,8.92,9.01,8.86,8.91,9509400
20100713,9.01,9.04,8.92,9.03,10656300
20100714,8.95,8.95,8.77,8.8,7421500
20100715,8.8,9.06,8.77,9.02,12997500
20100716,9,9.02,8.84,8.84,6200900
20100719,8.95,9.01,8.84,8.91,8876800
20100720,8.84,9.01,8.79,8.96,7928300
20100721,9.01,9.13,8.96,9.01,10517300
20100722,9.13,9.23,9.04,9.1,11797400
20100723,9.12,9.3,9.03,9.29,7205300
20100726,9.32,9.35,9.23,9.33,7809400
20100727,9.37,9.47,9.35,9.43,8271600
20100728,9.44,9.69,9.38,9.62,19520800
20100729,9.7,9.82,9.62,9.68,16554000
20100730,9.56,9.82,9.5,9.74,13409100
20100802,9.84,9.95,9.79,9.9,10395700
20100803,9.85,9.93,9.76,9.82,9810900
20100804,9.88,10.01,9.76,9.94,12177500
20100805,9.9,10.08,9.9,10.02,9334500
20100806,9.94,10.13,9.78,10.07,17421900
20100809,10.14,10.18,10.07,10.13,9555400
20100810,9.99,10.04,9.83,9.89,12040100
20100811,9.78,9.81,9.61,9.71,19141700
20100812,9.64,9.9,9.56,9.59,10501100
20100813,9.62,9.65,9.5,9.56,8754800
20100816,9.59,9.75,9.52,9.68,9422000
20100817,9.74,9.88,9.74,9.84,10392800
20100818,9.86,9.99,9.8,9.96,19397000
20100819,9.94,10.12,9.93,10.05,11473500
20100820,10.02,10.07,9.74,9.77,11395100
20100823,9.78,9.83,9.49,9.56,12889600
20100824,9.5,9.62,9.38,9.43,9373400
20100825,9.34,9.72,9.29,9.61,11971800
20100826,9.63,9.83,9.44,9.49,11462300
20100827,9.58,9.85,9.53,9.84,7547000
20100830,9.8,9.87,9.55,9.55,12419700
20100831,9.5,9.72,9.47,9.72,15346100
20100901,9.75,10.02,9.75,9.96,18716300
20100902,9.94,10.01,9.82,9.88,9523700
20100903,9.98,10.01,9.82,9.95,9518400
20100906,9.95,10.08,9.94,10.03,3036200
20100908,10.02,10.37,9.96,10.37,12904500
20100909,10.39,10.64,10.39,10.55,16051200
20100910,10.57,10.62,10.42,10.6,11558800
20100913,10.68,11,10.68,10.89,18695400
20100914,10.77,10.86,10.71,10.83,10933900
20100915,10.73,11.05,10.68,10.96,13180300
20100916,10.87,10.96,10.74,10.78,7546600
20100917,10.71,10.77,10.52,10.52,10364100
20100920,10.58,10.79,10.48,10.72,13956300
20100921,10.71,10.9,10.67,10.9,13526900
20100922,10.87,11.24,10.74,11.16,17374500
20100923,11.09,11.4,11.04,11.32,13842300
20100924,11.38,11.38,10.73,10.78,30198600
20100927,10.87,10.96,10.75,10.84,13383000
20100928,10.91,11.07,10.83,11.02,13932100
20100929,10.94,10.98,10.82,10.84,18499300
20100930,10.93,10.98,10.69,10.75,10900000
20101001,10.77,10.85,10.5,10.67,16857900
20101004,10.64,10.83,10.64,10.71,17228800
20101005,10.79,11.09,10.76,11.09,17912000
20101006,11.06,11.19,10.81,10.87,16496200
20101007,10.92,10.96,10.56,10.8,12271400
20101008,10.81,11.19,10.74,11.06,14035500
20101011,11.12,11.47,11.09,11.44,14149600
20101013,11.49,11.93,11.49,11.87,28678500
20101014,11.85,11.87,11.33,11.44,24063800
20101015,11.52,11.63,11.43,11.51,13839900
20101018,11.39,11.39,11.02,11.02,18463100
20101019,10.67,11,10.61,10.67,27715800
20101020,10.77,10.83,10.61,10.7,14324600
20101021,10.63,10.63,10.2,10.36,25784500
20101022,10.44,10.62,10.39,10.52,14462900
20101025,10.71,10.94,10.52,10.52,13564900
20101026,10.47,10.76,10.36,10.74,9908700
20101027,10.64,10.93,10.61,10.88,10764900
20101028,11.02,11.02,10.73,10.73,7254600
20101029,10.74,10.94,10.67,10.83,8243200
20101101,10.89,11.09,10.87,10.99,6727000
20101103,11.09,11.12,10.9,10.97,6724600
20101104,11.07,11.21,10.97,11.02,9598400
20101105,11.02,11.02,10.83,10.9,6683800
20101108,10.81,10.82,10.62,10.68,8458100
20101109,10.75,10.82,10.4,10.4,11759100
20101110,10.37,10.44,10.04,10.05,23454700
20101111,10.03,10.13,9.8,10.11,23874300
20101112,9.98,10.17,9.97,10.16,8891800
20101116,10.07,10.27,9.97,10.04,12916500
20101117,10.08,10.48,10.07,10.41,15409400
20101118,10.55,10.69,10.55,10.66,11620900
20101119,10.54,10.77,10.49,10.66,13535900
20101122,10.6,10.72,10.35,10.35,11812400
20101123,10.12,10.46,10.1,10.4,8730000
20101124,10.5,10.76,10.48,10.69,10128500
20101125,10.75,10.76,10.59,10.59,7338000
20101126,10.52,10.63,10.39,10.48,7120200
20101129,10.4,10.5,10.24,10.36,6616900
20101130,10.16,10.24,10,10,21702500
20101201,10.19,10.35,10.17,10.25,10658600
20101202,10.27,10.43,10.18,10.25,8421700
20101203,10.26,10.37,10.13,10.37,7756600
20101206,10.32,10.34,10.2,10.27,5274000
20101207,10.38,10.4,10.18,10.18,7620800
20101208,10.19,10.23,9.83,9.87,13210700
20101209,9.95,10,9.7,9.8,12089000
20101210,9.84,9.85,9.61,9.62,10104700
20101213,9.72,9.85,9.7,9.79,8801700
20101214,9.83,9.84,9.6,9.74,6311000
20101215,9.67,9.82,9.62,9.82,10945400
20101216,9.85,9.93,9.7,9.77,9344000
20101217,9.73,9.94,9.71,9.94,11676400
20101220,9.95,9.98,9.82,9.83,10138100
20101221,9.91,9.94,9.59,9.65,10998800
20101222,9.67,9.81,9.59,9.79,7736200
20101223,9.73,9.89,9.69,9.77,7123200
20101227,9.74,9.78,9.67,9.73,3458900
20101228,9.76,9.85,9.69,9.85,7987600
20101229,9.88,10.04,9.83,9.96,6841100
20101230,10.03,10.13,9.9,10.08,5439100
20110103,10.19,10.34,10.12,10.29,15339200
20110104,10.29,10.38,10.12,10.31,11216500
20110105,10.09,10.18,9.99,10.07,16710600
20110106,10.12,10.22,9.92,10.22,14087000
20110107,10.17,10.24,9.96,9.97,13466500
20110110,9.89,10.02,9.86,10.02,8755200
20110111,10.06,10.09,9.64,9.67,22405700
20110112,9.75,9.83,9.65,9.7,17819800
20110113,9.72,9.73,9.37,9.4,20277500
20110114,9.41,9.56,9.37,9.52,14673300
20110117,9.52,9.64,9.45,9.56,8594500
20110118,9.61,9.66,9.37,9.38,14126600
20110119,9.43,9.44,9.17,9.24,12173600
20110120,9.25,9.27,9.11,9.17,19356200
20110121,9.24,9.39,9.2,9.2,21559400
20110124,9.22,9.38,9.15,9.38,7634200
20110126,9.33,9.42,9.23,9.33,9734400
20110127,9.32,9.41,9.17,9.24,13579500
20110128,9.26,9.28,8.9,9.12,15639400
20110131,9.13,9.23,8.83,8.94,14979700
20110201,8.98,9.15,8.95,9.13,12010100
20110202,9.12,9.28,9.08,9.1,11844500
20110203,9.11,9.13,8.92,9,7932500
20110204,8.97,9,8.58,8.65,17507200
20110207,8.73,8.73,8.38,8.44,20086600
20110208,8.44,8.62,8.37,8.6,20888800
20110209,8.6,9.13,8.49,8.9,38111000
20110210,8.83,9.06,8.73,8.92,15835800
20110211,8.9,9.18,8.8,9.11,9646000
20110214,9.08,9.26,9.04,9.23,8933900
20110215,9.16,9.16,8.7,8.79,23912000
20110216,8.82,8.97,8.63,8.96,19605200
20110217,8.95,9.17,8.8,9.13,15101400
20110218,9.11,9.29,8.97,8.97,19217400
20110221,8.98,8.98,8.69,8.73,8956600
20110222,8.68,8.68,8.42,8.47,22787800
20110223,8.48,8.75,8.44,8.52,17548800
20110224,8.54,8.69,8.52,8.64,15050700
20110225,8.69,8.76,8.52,8.69,11081000
20110228,8.74,8.77,8.54,8.7,18853900
20110301,8.73,8.74,8.52,8.52,9317900
20110302,8.52,8.74,8.52,8.73,21453100
20110303,8.76,9.04,8.76,8.92,12230100
20110304,8.95,9.04,8.82,8.87,9732000
20110309,8.85,9.03,8.8,8.89,10651700
20110310,8.83,8.87,8.62,8.68,8550400
20110311,8.62,8.75,8.34,8.54,17940400
20110314,8.51,8.67,8.48,8.63,9334200
20110315,8.4,8.68,8.39,8.62,12167200
20110316,8.67,8.74,8.56,8.64,11139100
20110317,8.72,8.73,8.58,8.67,7913900
20110318,8.72,8.94,8.69,8.89,11885700
20110321,8.95,8.96,8.69,8.7,22365900
20110322,8.69,8.75,8.59,8.62,16795100
20110323,8.58,8.66,8.55,8.62,15170000
20110324,8.58,8.66,8.54,8.56,10683700
20110325,8.56,8.66,8.56,8.58,7390400
20110328,8.61,8.61,8.54,8.54,5683400
20110329,8.55,8.82,8.54,8.82,13830100
20110330,8.85,9.19,8.84,9.12,19706500
20110331,9.15,9.19,9.05,9.12,12335600
20110401,9.19,9.46,9.19,9.45,27696700
20110404,9.49,9.51,9.33,9.38,9915900
20110405,9.37,9.59,9.35,9.56,15181500
20110406,9.58,9.61,9.32,9.34,13147300
20110407,9.39,9.51,9.35,9.41,13536700
20110408,9.41,9.54,9.26,9.37,9405300
20110411,9.35,9.42,9.12,9.16,12394300
20110412,9.12,9.15,8.91,9.02,14657400
20110413,9.09,9.13,8.77,8.82,13656400
20110414,8.81,8.93,8.7,8.85,10553000
20110415,8.86,8.99,8.72,8.92,8330600
20110418,8.85,8.99,8.65,8.9,12085700
20110419,8.94,9.06,8.9,9.05,10528100
20110420,9.16,9.25,9.05,9.06,18924300
20110425,9.14,9.22,9.04,9.14,7839800
20110426,9.11,9.29,9.1,9.15,11659800
20110427,9.16,9.2,8.99,9.15,8375100
20110428,9.07,9.15,8.96,9.11,10765400
20110429,9.06,9.15,9.02,9.09,6903300
20110502,9.15,9.2,9.02,9.04,10140300
20110503,9.01,9.09,8.91,8.97,10785900
20110504,9.03,9.15,8.97,9.01,16825000
20110505,8.93,9.1,8.86,9.01,12041500
20110506,9.12,9.37,9.11,9.3,13100000
20110509,9.32,9.47,9.29,9.41,12094500
20110510,9.49,9.59,9.43,9.51,12219100
20110511,9.45,9.48,9.2,9.24,14752500
20110512,9.16,9.29,9.09,9.16,7371700
20110513,9.11,9.12,8.87,9.04,12827000
20110516,9.01,9.15,8.97,9.01,12200100
20110517,9.01,9.09,8.88,8.9,12759000
20110518,8.9,8.92,8.68,8.69,12433000
20110519,8.75,8.87,8.62,8.62,8425400
20110520,8.65,8.8,8.62,8.63,12932900
20110523,8.61,8.7,8.59,8.61,7299800
20110524,8.65,8.76,8.62,8.64,10408000
20110525,8.65,8.75,8.62,8.71,9056100
20110526,8.75,8.75,8.61,8.66,13271500
20110527,8.69,8.76,8.67,8.76,5460600
20110530,8.8,8.84,8.72,8.72,2805500
20110531,8.79,8.87,8.65,8.86,6719800
20110601,8.83,9.12,8.64,8.65,17895300
20110602,8.68,8.8,8.67,8.77,8260900
20110603,8.72,8.91,8.7,8.86,9449400
20110606,8.86,8.9,8.71,8.71,7291400
20110607,8.77,8.79,8.61,8.65,9501900
20110608,8.54,8.72,8.54,8.72,11208100
20110609,8.68,8.97,8.66,8.93,13909800
20110610,8.92,8.93,8.77,8.85,7928800
20110613,8.88,8.97,8.71,8.75,6666900
20110614,8.82,8.86,8.61,8.72,12925800
20110615,8.62,8.7,8.36,8.36,23731900
20110616,8.39,8.5,8.11,8.21,13851400
20110617,8.3,8.54,8.24,8.54,9849800
20110620,8.47,8.63,8.27,8.27,18711000
20110621,8.33,8.39,8.25,8.29,7730600
20110622,8.29,8.38,8.15,8.23,12540200
20110624,8.27,8.33,8.14,8.15,7028800
20110627,8.2,8.25,8.07,8.07,9185400
20110628,8.09,8.39,8.08,8.38,13271900
20110629,8.4,8.43,8.19,8.26,10563200
20110630,8.29,8.3,8.1,8.15,17770800
20110701,8.15,8.58,8.08,8.58,19269000
20110704,8.53,8.64,8.48,8.53,3622700
20110705,8.49,8.52,8.3,8.33,9205200
20110706,8.3,8.3,8.18,8.26,10055200
20110707,8.42,8.45,8.3,8.38,11119100
20110708,8.31,8.38,8.21,8.26,6126400
20110711,8.13,8.19,7.94,7.99,10520500
20110712,7.95,8.03,7.73,7.73,10372200
20110713,7.84,7.97,7.81,7.89,16797800
20110714,7.89,7.93,7.6,7.62,9845200
20110715,7.67,7.74,7.5,7.71,12087900
20110718,7.66,7.78,7.46,7.53,9849800
20110719,7.61,7.65,7.48,7.51,8983400
20110720,7.54,7.73,7.52,7.6,8578900
20110721,7.66,7.92,7.61,7.87,8924500
20110722,7.91,7.93,7.75,7.78,7828200
20110725,7.74,7.83,7.66,7.76,7204300
20110726,7.75,7.78,7.48,7.54,11643700
20110727,7.32,7.34,7.09,7.13,26583800
20110728,7.13,7.21,6.95,7.02,19637400
20110729,6.91,7.23,6.86,7.16,14327000
20110801,7.31,7.36,7.04,7.07,13695900
20110802,7.07,7.13,6.75,6.87,13362300
20110803,6.83,7.03,6.61,6.61,13755800
20110804,6.51,6.54,5.97,6.16,25946500
20110805,6.2,6.57,5.92,6.52,31141500
20110808,6.26,6.36,5.96,6.27,31130600
20110809,6.51,6.84,6.31,6.63,46896000
20110810,6.54,7.1,6.54,6.91,40694700
20110811,7.05,7.16,6.87,7.11,36826700
20110812,7.16,7.34,7.08,7.14,15747600
20110815,7.18,7.3,7.05,7.08,18021400
20110816,6.95,7.1,6.91,7.1,16617500
20110817,7.12,7.3,7.06,7.3,18744400
20110818,7.06,7.1,6.88,7.02,19790400
20110819,6.87,7.06,6.86,6.87,12717100
20110822,7.02,7.05,6.86,6.99,17632600
20110823,6.96,7.13,6.81,7.06,13267000
20110824,7.06,7.2,7.01,7.19,13074200
20110825,7.14,7.17,6.88,6.91,16643300
20110826,6.85,6.98,6.7,6.91,16865900
20110829,6.98,7.22,6.93,7.22,15035900
20110830,7.12,7.39,7.11,7.26,14662600
20110831,7.36,7.62,7.33,7.47,21162400
20110901,7.93,8.17,7.78,8.09,55717600
20110902,7.97,8.04,7.72,7.76,24069000
20110905,7.64,7.69,7.47,7.51,10500300
20110906,7.42,7.52,7.38,7.46,16557400
20110908,7.64,7.83,7.58,7.74,17566400
20110909,7.68,7.68,7.25,7.37,16660600
20110912,7.2,7.32,7.13,7.2,15652900
20110913,7.29,7.32,7.05,7.15,10563200
20110914,7.2,7.4,7.05,7.31,10859100
20110915,7.4,7.47,7.23,7.33,8080300
20110916,7.26,7.48,7.2,7.48,12295500
20110919,7.3,7.51,7.24,7.42,12532900
20110920,7.47,7.64,7.43,7.49,14748800
20110921,7.56,7.77,7.46,7.5,11102100
20110922,7.24,7.33,6.97,7.04,12330100
20110923,7.04,7.51,7.02,7.37,20141800
20110926,7.5,7.51,7.16,7.4,16596100
20110927,7.5,7.66,7.28,7.28,17073100
20110928,7.32,7.4,7.04,7.1,14387200
20110929,7.19,7.23,7.01,7.08,15367500
20110930,6.97,7.09,6.89,7.04,15425700
20111003,6.96,7.16,6.88,6.88,16627900
20111004,6.8,6.92,6.67,6.92,14506500
20111005,6.92,7.08,6.89,7.04,12960400
20111006,7.25,7.53,7.18,7.42,28346300
20111007,7.56,7.59,7.2,7.39,11052100
20111010,7.42,7.63,7.42,7.63,8828800
20111011,7.6,7.92,7.56,7.9,12468800
20111013,7.97,8.01,7.77,7.93,23623800
20111014,7.96,7.98,7.78,7.89,13091100
20111017,7.77,7.84,7.66,7.79,12267100
20111018,7.76,7.98,7.62,7.92,10549500
20111019,7.95,7.98,7.77,7.9,6886100
20111020,7.88,7.88,7.66,7.68,9321200
20111021,7.75,7.99,7.74,7.9,10270500
20111024,7.92,8.16,7.89,8.05,11906300
20111025,7.97,8.05,7.83,7.97,9100300
20111026,8.06,8.09,7.94,8.01,8594700
20111027,8.29,8.37,8.21,8.32,15381900
20111028,8.28,8.4,8.18,8.38,5593700
20111031,8.25,8.37,8.18,8.21,9638900
20111101,7.86,8.09,7.86,8.07,10443000
20111103,8.17,8.21,7.95,8.07,12541900
20111104,8.04,8.12,7.97,8.07,5338600
20111107,8.11,8.27,8.08,8.16,5967000
20111108,8.14,8.28,8.09,8.21,8019300
20111109,8.13,8.41,8.11,8.27,14149900
20111110,8.29,8.41,8.06,8.11,12323900
20111111,8.16,8.35,8.14,8.29,7831900
20111114,8.21,8.29,8.11,8.2,6140100
20111116,8.14,8.39,8.14,8.39,9999400
20111117,8.45,8.65,8.41,8.57,21167700
20111118,8.62,8.66,8.5,8.57,8638500
20111121,8.26,8.32,8.1,8.19,19596700
20111122,8.2,8.28,7.99,8.02,11022800
20111123,7.93,7.95,7.72,7.78,12819100
20111124,7.82,7.89,7.71,7.76,4942500
20111125,7.72,7.81,7.66,7.67,11409300
20111128,7.74,7.79,7.58,7.65,13357800
20111129,7.68,7.85,7.5,7.69,30053600
20111130,7.93,8.06,7.85,8,19922300
20111201,8.58,8.7,8.3,8.53,42493100
20111202,8.68,8.74,8.5,8.54,18918800
20111205,8.69,8.76,8.58,8.59,10239900
20111206,8.53,8.58,8.36,8.48,12138400
20111207,8.45,8.45,8.22,8.26,12403100
20111208,8.31,8.36,8.02,8.02,14390300
20111209,8.1,8.32,8.08,8.18,13299100
20111212,8.18,8.27,7.98,8.02,11250300
20111213,8.1,8.24,8.04,8.07,11158300
20111214,8.07,8.11,7.92,8.02,18505200
20111215,8.1,8.29,8.06,8.1,22129100
20111216,8.21,8.23,8.02,8.02,10467100
20111219,8.04,8.14,7.9,7.9,11059600
20111220,7.99,8.15,7.94,8.13,8380400
20111221,8.1,8.13,7.99,8.1,5061200
20111222,8.15,8.22,8.13,8.19,5994500
20111223,8.21,8.27,8.14,8.19,5394100
20111226,8.19,8.22,8.16,8.17,1168000
20111227,8.15,8.24,8.15,8.19,3651000
20111228,8.19,8.21,7.98,7.98,5415800
20111229,8.06,8.07,7.78,7.93,8992200
20120102,7.89,7.98,7.81,7.89,7102200
20120103,7.98,8.05,7.9,8.03,10571100
20120104,7.98,8.21,7.94,8.18,12176500
20120105,8.1,8.23,8,8.09,10474800
20120106,8.1,8.21,8.04,8.21,8992700
20120109,8.22,8.35,8.18,8.34,9344700
20120110,8.42,8.59,8.42,8.51,16119200
20120111,8.49,8.59,8.39,8.43,19507200
20120112,8.49,8.5,8.21,8.27,14347700
20120113,8.25,8.25,8.14,8.19,14281000
20120116,8.19,8.28,8.15,8.19,9610500
20120117,8.3,8.32,8.19,8.19,6902200
20120118,8.23,8.42,8.21,8.42,14304400
20120119,8.4,8.49,8.35,8.38,10097100
20120120,8.36,8.42,8.3,8.42,7736300
20120123,8.4,8.54,8.3,8.44,9539700
20120124,8.36,8.49,8.35,8.43,7007300
20120126,8.5,8.8,8.49,8.66,16409900
20120127,8.66,8.86,8.66,8.82,7760100
20120130,8.73,8.89,8.7,8.89,11833300
20120131,8.9,9.02,8.83,8.9,18004700
20120201,8.97,9.34,8.88,9.34,17834100
20120202,9.31,9.51,9.24,9.46,12948900
20120203,9.36,9.72,9.36,9.59,14404200
20120206,9.55,9.64,9.5,9.59,11480800
20120207,9.55,9.69,9.51,9.64,12741700
20120208,9.66,9.79,9.64,9.78,15769900
20120209,9.72,9.83,9.48,9.63,15548800
20120210,9.42,9.5,9.38,9.39,16923300
20120213,9.55,9.86,9.52,9.85,14104800
20120214,9.89,10.2,9.77,9.97,17918700
20120215,10.08,10.2,9.7,9.75,19179300
20120216,9.69,9.69,9.48,9.52,21596100
20120217,9.56,9.59,9.38,9.52,9215500
20120222,9.51,9.6,9.47,9.55,7906900
20120223,9.46,9.57,9.4,9.44,10276000
20120224,9.45,9.51,9.42,9.49,10536200
20120227,9.43,9.5,9.31,9.43,14608300
20120228,9.41,9.68,9.41,9.64,10846700
20120229,9.69,9.79,9.3,9.3,17415200
20120301,9.44,9.58,9.41,9.47,10280700
20120302,9.56,9.74,9.49,9.74,9169600
20120305,9.7,9.78,9.64,9.72,9211300
20120306,9.6,9.6,9.39,9.47,12842100
20120307,9.56,9.76,9.55,9.76,15228600
20120308,9.9,10.03,9.89,9.95,14700900
20120309,9.98,10.18,9.92,10.13,12558800
20120312,10.04,10.14,9.98,10.12,9867200
20120313,10.13,10.24,10.05,10.24,17281800
20120314,10.22,10.24,9.98,10.12,9225100
20120315,10.03,10.11,9.91,9.91,9353300
20120316,9.93,9.98,9.81,9.85,12086000
20120319,9.87,9.98,9.83,9.9,9038800
20120320,9.83,9.85,9.63,9.69,11195200
20120321,9.71,9.79,9.61,9.63,6203200
20120322,9.52,9.61,9.45,9.61,10113500
20120323,9.61,9.73,9.52,9.59,10924000
20120326,9.64,9.78,9.57,9.72,7124300
20120327,9.72,9.87,9.64,9.72,8732500
20120328,9.43,9.51,9.35,9.47,17226300
20120329,9.35,9.41,9.17,9.18,15793200
20120330,9.33,9.38,9.09,9.2,10996900
20120402,9.16,9.66,9.16,9.54,14850600
20120403,9.51,9.6,9.41,9.5,8558400
20120404,9.41,9.45,9.24,9.29,11406400
20120405,9.28,9.33,9.04,9.16,7869200
20120409,9.05,9.34,8.98,9.32,8606200
20120410,9.25,9.29,9.02,9.11,11121900
20120411,9.17,9.21,8.76,8.8,16804100
20120412,8.9,9.2,8.81,9.11,12345400
20120413,9.07,9.16,8.78,8.84,10829100
20120416,8.92,8.99,8.84,8.95,7762300
20120417,9.02,9.16,8.97,9.06,7034000
20120418,9.07,9.28,9.03,9.13,14699600
20120419,9.1,9.21,9.05,9.21,8220100
20120420,9.25,9.29,9.09,9.09,6417200
20120423,8.98,9,8.73,8.75,9957600
20120424,8.75,8.84,8.68,8.81,7723500
20120425,8.92,9,8.8,8.88,9632200
20120426,8.84,8.95,8.73,8.93,11281200
20120427,8.98,8.98,8.73,8.76,7651600
20120430,8.8,8.87,8.69,8.77,5262400
20120502,8.77,8.98,8.77,8.98,14164200
20120503,8.98,9.05,8.75,9,9992100
20120504,8.95,9.03,8.63,8.71,10348900
20120507,8.62,8.85,8.62,8.84,9117300
20120508,8.73,8.84,8.57,8.67,10016600
20120509,8.55,8.62,8.28,8.33,16039800
20120510,8.39,8.49,8.2,8.29,9565300
20120511,8.22,8.48,8.22,8.39,9259800
20120514,8.34,8.35,8.03,8.03,10192100
20120515,8.08,8.26,7.91,8.1,11219600
20120516,8.19,8.25,7.66,7.75,16778600
20120517,7.75,7.77,7.49,7.62,10738200
20120518,7.63,7.77,7.46,7.53,14976400
20120521,7.56,7.96,7.54,7.89,28462400
20120522,7.76,8.04,7.62,7.69,14405400
20120523,7.69,7.77,7.32,7.77,22955100
20120524,7.85,7.85,7.47,7.82,18399700
20120525,7.78,8.05,7.74,7.87,10654400
20120528,7.95,8.05,7.87,7.92,4512700
20120529,7.89,8.17,7.87,8.07,12561700
20120530,7.93,8.12,7.79,7.95,11953500
20120531,7.9,8.18,7.87,7.91,21781200
20120601,7.75,7.92,7.74,7.81,11431500
20120604,7.78,8.01,7.76,7.91,8207900
20120605,7.89,8.11,7.87,7.88,8587200
20120606,7.95,8.36,7.8,8.28,14258100
20120608,8.16,8.52,8.11,8.52,12700500
20120611,8.48,8.63,8.23,8.26,10456800
20120612,8.32,8.59,8.21,8.59,18444900
20120613,8.5,9.04,8.49,8.87,26457500
20120614,8.89,9.25,8.74,9.05,21589500
20120615,9.05,9.11,8.84,8.89,16959400
20120618,8.81,8.84,8.5,8.62,16908400
20120619,8.64,8.68,8.34,8.45,20437400
20120620,8.45,8.55,8.36,8.45,13457700
20120621,8.44,8.45,7.99,7.99,20359800
20120622,8.01,8.28,7.95,8.27,13427200
20120625,8.19,8.38,8.06,8.07,7348200
20120626,8.16,8.3,7.97,8.24,11093600
20120627,8.28,8.51,8.16,8.2,8137000
20120628,8.2,8.33,8.11,8.3,9400000
20120629,8.5,8.56,8.33,8.49,10691900
20120702,8.52,8.78,8.48,8.77,8988200
20120703,8.85,9.23,8.79,9.15,20369500
20120704,9.11,9.36,9.05,9.29,7235900
20120705,9.34,9.62,9.25,9.45,12207700
20120706,9.36,9.36,9.03,9.18,12665500
20120710,9.23,9.36,9.11,9.11,11340700
20120711,9.21,9.3,8.95,9.13,9246300
20120712,8.98,9.29,8.95,9.2,13591600
20120713,9.28,9.38,9.14,9.35,6580700
20120716,9.31,9.34,9.04,9.07,11927400
20120717,9.14,9.23,9.03,9.19,12373000
20120718,9.19,9.32,9.12,9.27,6334700
20120719,9.24,9.5,9.24,9.45,8307200
20120720,9.25,9.27,8.98,8.98,16229700
20120723,8.86,8.87,8.61,8.74,9620600
20120724,8.74,8.96,8.66,8.89,7915500
20120725,8.98,9.06,8.87,8.94,6236800
20120726,9.05,9.38,9.03,9.36,12141800
20120727,9.47,10.09,9.4,9.85,17569500
20120730,9.75,9.85,9.65,9.79,8170300
20120731,9.73,9.84,9.44,9.52,8815200
20120801,9.58,9.75,9.41,9.65,7432100
20120802,9.56,9.69,9.33,9.39,7851700
20120803,9.65,9.9,9.56,9.9,12956500
20120806,9.89,10.17,9.81,9.94,9294900
20120807,10.06,10.14,9.72,9.76,9547900
20120808,9.9,10.01,9.65,9.75,12862400
20120809,9.75,9.84,9.56,9.81,12575200
20120810,9.7,9.93,9.63,9.83,11234100
20120813,9.85,9.92,9.72,9.83,5776700
20120814,9.83,9.91,9.62,9.66,7533000
20120815,9.66,9.9,9.66,9.83,16574900
20120816,9.92,10.03,9.77,10.02,11494700
20120817,10.07,10.13,9.91,9.98,7606200
20120820,10.04,10.14,9.98,10.08,7768900
20120821,10.16,10.23,10,10.01,9618400
20120822,10.05,10.11,9.76,9.94,10852700
20120823,9.83,9.87,9.64,9.78,6622800
20120824,9.7,10.02,9.67,9.84,7127200
20120827,9.77,9.87,9.69,9.84,7954600
20120828,9.77,9.98,9.64,9.64,10410100
20120829,9.67,9.72,9.2,9.31,20492600
20120830,9.24,9.4,9.15,9.16,16162400
20120831,9.3,9.37,9,9,15131400
20120903,9.1,9.43,9.05,9.35,10060400
20120904,9.25,9.5,9.15,9.36,8505100
20120905,9.44,9.59,9.38,9.5,11561400
20120906,9.54,9.84,9.52,9.81,12987900
20120910,9.88,9.92,9.61,9.69,15027000
20120911,9.62,9.72,9.59,9.69,13223900
20120912,9.78,9.79,9.67,9.71,9976700
20120913,9.71,10.21,9.67,10.11,31213700
20120914,10.17,10.65,10.15,10.5,31900400
20120917,10.5,10.78,10.48,10.63,19824400
20120918,10.83,10.95,10.71,10.82,17256900
20120919,10.88,10.96,10.71,10.71,12828200
20120920,10.6,10.68,10.35,10.62,10615700
20120921,10.65,10.8,10.54,10.54,11026300
20120924,10.5,10.94,10.46,10.94,13157200
20120925,10.82,11.08,10.75,10.75,14317900
20120926,10.7,10.7,10.44,10.64,12648600
20120927,10.64,10.71,10.35,10.5,10954700
20120928,10.35,10.49,10.2,10.25,21452200
20121001,10.13,10.38,10.04,10.26,13962100
20121002,10.29,10.46,10.2,10.27,18460100
20121003,10.32,10.35,10.15,10.29,14173800
20121004,10.29,10.41,10.19,10.3,16516700
20121005,10.38,10.61,10.35,10.38,14249100
20121008,10.37,10.68,10.22,10.59,10401000
20121009,10.64,10.7,10.4,10.49,6870200
20121010,10.51,10.54,10.23,10.38,9557000
20121011,10.46,10.78,10.44,10.78,9490600
20121015,10.86,10.92,10.67,10.81,9820600
20121016,10.81,11.3,10.8,11.3,16313200
20121017,11.3,11.46,11.16,11.24,19940500
20121018,11.21,11.25,11.1,11.21,9813900
20121019,11.17,11.25,11.06,11.1,7844600
20121022,11.06,11.34,11.05,11.21,9534300
20121023,11.16,11.17,10.82,10.88,9803900
20121024,10.96,10.96,10.75,10.75,6401300
20121025,10.88,11.06,10.8,11.04,8768100
20121026,10.96,11.21,10.94,11.11,6491300
20121029,11.04,11.08,10.9,11.03,2942700
20121030,11.04,11.21,11.02,11.06,4847100
20121031,11.16,11.17,10.88,10.88,5952400
20121101,10.95,11.3,10.84,11.3,6965300
20121105,11.18,11.34,10.9,11.05,18637800
20121106,11.05,11.65,11.05,11.57,23151500
20121107,11.47,11.53,11.33,11.48,8327700
20121108,11.55,11.66,11.11,11.15,11831400
20121109,11.17,11.26,10.99,11.09,11724500
20121112,11.2,11.2,10.95,11.02,5856500
20121113,10.96,11.06,10.8,10.93,11143100
20121114,10.93,10.93,10.61,10.72,8888600
20121116,10.59,10.88,10.51,10.63,8230700
20121119,10.68,10.86,10.68,10.74,7466800
20121121,10.79,10.83,10.31,10.49,11861100
20121122,10.6,10.7,10.39,10.56,5176700
20121123,10.57,10.62,10.4,10.62,6990300
20121126,10.56,10.68,10.46,10.62,6375900
20121127,10.62,10.78,10.52,10.56,6659600
20121128,10.47,10.8,10.4,10.73,12793400
20121129,10.77,10.91,10.63,10.9,5821600
20121130,10.94,10.98,10.68,10.84,13312100
20121203,10.85,11.11,10.84,11.11,6529400
20121204,11.11,11.17,10.86,10.9,9317200
20121205,11.06,11.06,10.76,10.77,12583300
20121206,10.84,10.84,10.57,10.65,8802200
20121207,10.66,11.03,10.61,11.01,8966500
20121210,10.96,11.28,10.94,11.28,7536900
20121211,11.33,11.66,11.22,11.66,13062700
20121212,11.74,11.78,11.5,11.56,13236600
20121213,11.47,11.61,11.42,11.57,7413200
20121214,11.59,11.82,11.54,11.61,9533400
20121217,11.6,11.74,11.19,11.35,16148700
20121218,11.44,11.71,11.25,11.71,7958700
20121219,11.71,12.2,11.71,12.08,18018300
20121220,11.97,12.14,11.6,11.8,18665100
20121221,11.61,11.79,11.58,11.64,5815500
20121226,11.62,11.91,11.62,11.83,12059700
20121227,11.87,11.92,11.61,11.64,10860600
20121228,11.74,11.99,11.67,11.82,9437500
20130102,11.99,12.09,11.92,11.92,11026000
20130103,11.95,11.97,11.8,11.92,8363100
20130104,11.83,11.93,11.6,11.74,13987400
20130107,11.66,11.7,11.55,11.64,7143100
20130108,11.53,11.84,11.53,11.74,12665200
20130109,11.86,11.87,11.71,11.82,8291900
20130110,11.88,11.9,11.66,11.82,13976200
20130111,11.86,11.86,11.67,11.82,7002000
20130114,11.82,11.84,11.73,11.73,8547800
20130115,11.72,11.82,11.42,11.44,12181900
20130116,11.38,11.42,11.08,11.32,11656800
20130117,11.33,11.69,11.33,11.66,13009100
20130118,11.7,11.78,11.6,11.76,7960700
20130121,11.67,11.82,11.67,11.82,8310600
20130122,11.77,11.82,11.62,11.82,6822600
20130123,11.75,11.81,11.68,11.75,21574400
20130124,11.75,11.77,11.42,11.52,7274900
20130128,11.57,11.57,11.39,11.45,6368900
20130129,11.4,11.76,11.4,11.76,7364000
20130130,11.66,11.77,11.58,11.59,44079500
20130131,11.66,11.77,11.52,11.77,11240300
20130201,11.77,12.11,11.76,12.1,13678500
20130204,11.97,12.04,11.74,11.87,11017900
20130205,11.91,12.12,11.88,12.12,10419500
20130206,12.09,12.09,11.67,11.72,11186900
20130207,11.7,11.86,11.36,11.53,12328500
20130208,11.45,11.56,11.33,11.35,9218800
20130213,11.39,11.63,11.38,11.53,7644200
20130214,11.52,11.52,11.28,11.39,4997500
20130215,11.39,11.83,11.28,11.74,11405200
20130218,11.66,11.77,11.53,11.61,10591500
20130219,11.62,11.77,11.36,11.43,8819900
20130220,11.4,11.4,10.9,11.11,24712700
20130221,11.04,11.24,10.83,10.94,19839400
20130222,11,11.14,10.81,11.14,14326700
20130225,11.15,11.39,11.06,11.17,7126300
20130226,11.14,11.38,11.09,11.21,7093200
20130227,11.19,11.36,11.03,11.23,6831500
20130228,11.17,11.46,11.15,11.33,6320800
20130301,11.2,11.2,10.95,11.11,8263800
20130304,11.09,11.13,10.83,11.13,12375700
20130305,11.36,11.63,11.28,11.28,17611600
20130306,11.33,11.83,11.32,11.83,10200100
20130307,11.89,11.91,11.53,11.66,11772000
20130308,11.57,11.88,11.57,11.83,6599000
20130311,11.74,11.92,11.74,11.91,5621900
20130312,11.83,11.87,11.61,11.68,8413400
20130313,11.7,11.76,11.33,11.36,10834800
20130314,11.57,11.61,11.4,11.57,10589300
20130315,11.56,11.82,11.56,11.6,10324100
20130318,11.45,11.56,11.42,11.49,6334500
20130319,11.5,11.63,11.48,11.56,5595000
20130320,11.57,11.69,11.28,11.37,7152600
20130321,11.37,11.39,11.04,11.06,12555200
20130322,11.11,11.27,10.98,11.13,6987200
20130325,11.08,11.24,10.98,11.18,6278400
20130326,11.22,11.42,11.2,11.28,6009700
20130327,11.3,11.44,11.14,11.39,4868900
20130328,11.38,11.55,11.38,11.52,5671300
20130401,11.5,11.66,11.45,11.56,4718700
20130402,11.6,11.63,11.3,11.33,7009800
20130403,11.32,11.6,11.21,11.6,7763400
20130404,11.57,11.65,11.45,11.59,27688700
20130405,11.5,11.74,11.28,11.58,7763900
20130408,11.5,11.64,11.28,11.44,14001500
20130409,11.49,11.52,11.3,11.37,14023700
20130410,11.4,11.8,11.39,11.73,10932800
20130411,11.68,11.74,11.46,11.5,7934800
20130412,11.44,11.5,11.15,11.15,8197400
20130415,11.03,11.39,11.03,11.06,15978900
20130416,11.15,11.28,11.06,11.19,6992000
20130417,11.15,11.3,10.88,11,15648400
20130418,11.07,11.19,10.92,11.1,7605200
20130419,11.17,11.42,11.12,11.27,6546900
20130422,11.29,11.49,11.29,11.45,6979700
20130423,11.45,11.62,11.44,11.58,5470800
20130424,11.52,11.74,11.44,11.52,23592200
20130425,11.52,11.76,11.35,11.71,8938400
20130426,11.7,11.86,11.54,11.69,9660200
20130429,11.75,11.8,11.45,11.54,8840500
20130430,11.55,11.98,11.55,11.92,19681800
20130502,11.84,12.28,11.83,12.15,15627500
20130503,12.25,12.44,12.18,12.35,25235700
20130506,12.35,12.38,12.11,12.3,15177000
20130507,12.27,12.42,12.22,12.34,10192000
20130508,12.38,12.43,12.28,12.32,8120600
20130509,12.3,12.43,12.14,12.32,7339100
20130510,12.23,12.41,12.18,12.38,13271300
20130513,12.29,12.43,12.16,12.19,13240200
20130514,12.19,12.25,12.03,12.2,7805200
20130515,12.18,12.29,12.05,12.21,7179200
20130516,12.18,12.28,12.04,12.07,6898100
20130517,12.1,12.18,12.05,12.15,8890700
20130520,12.15,12.41,12.08,12.4,23174300
20130521,12.42,12.55,12.35,12.5,22026900
20130522,12.55,12.58,12.32,12.53,10927300
20130523,12.4,12.53,12.31,12.44,9631700
20130524,12.37,12.41,12.16,12.36,17050200
20130527,12.37,12.52,12.32,12.42,3859400
20130528,12.51,12.59,12.42,12.53,6831600
20130529,12.43,12.53,12.11,12.19,11455400
20130531,12.26,12.26,11.86,12.15,20661500
20130603,12.1,12.23,11.97,12.06,9201600
20130604,12.17,12.17,11.87,12.07,7698400
20130605,12,12.28,11.7,11.76,15485600
20130606,11.8,11.92,11.68,11.86,7990300
20130607,11.69,11.76,11.53,11.76,16568800
20130610,11.6,11.74,11.4,11.51,12696100
20130611,11.34,11.41,11.06,11.1,15196900
20130612,11.19,11.27,10.86,10.89,36691600
20130613,10.87,11.19,10.87,11.12,19395700
20130614,11.21,11.24,10.74,10.94,21588100
20130617,11.02,11.14,10.91,10.98,12022300
20130618,10.87,11.33,10.86,11.32,17672200
20130619,11.18,11.19,10.49,10.54,25209600
20130620,10.42,10.46,9.9,10.16,39942400
20130621,10.1,10.16,9.85,9.92,28143700
20130624,9.76,10.16,9.75,10.16,17059700
20130625,10.16,10.59,10.12,10.47,17827900
20130626,10.61,10.71,10.42,10.47,19357600
20130627,10.52,10.8,10.52,10.65,9364600
20130628,10.57,10.78,10.49,10.68,25625800
20130701,10.68,11.11,10.65,11.11,10689700
20130702,10.97,10.99,10.3,10.5,19567900
20130703,10.36,10.62,10.16,10.45,12380700
20130704,10.56,10.8,10.48,10.5,4853400
20130705,10.44,10.5,10.2,10.5,9339100
20130708,10.4,10.73,10.39,10.61,5518100
20130710,10.61,10.81,10.53,10.81,8034600
20130711,10.93,11.27,10.93,11.19,11482700
20130712,11.11,11.19,10.89,10.93,4915000
20130715,11.04,11.06,10.87,11,8279800
20130716,11.06,11.09,10.58,10.61,17362500
20130717,10.64,10.89,10.51,10.79,13083800
20130718,10.75,10.96,10.7,10.93,9488200
20130719,10.8,10.86,10.51,10.63,6433500
20130722,10.67,10.83,10.63,10.72,5241000
20130723,10.8,10.95,10.68,10.73,6576700
20130724,10.76,10.8,10.63,10.64,9628500
20130725,10.55,10.87,10.52,10.87,7567700
20130726,10.8,11.06,10.72,11.02,8676500
20130729,11.02,11.03,10.64,10.74,9050700
20130730,10.82,10.87,10.41,10.44,11362000
20130731,10.29,10.74,10.29,10.63,16171200
20130801,10.78,10.84,10.6,10.79,9755000
20130802,10.84,10.84,10.48,10.5,9780900
20130805,10.5,10.61,10.2,10.29,9948100
20130806,10.36,10.36,9.99,9.99,15252000
20130807,9.94,10.16,9.66,10.04,18020600
20130808,10.07,10.46,9.94,10.46,9660400
20130809,10.58,10.61,10.1,10.1,21037100
20130812,10.16,10.38,10.01,10.24,19352400
20130813,10.31,10.37,10.16,10.24,10113200
20130814,10.25,10.25,9.84,9.99,22475800
20130815,9.85,10,9.65,9.94,18174500
20130816,9.87,10.11,9.81,10.11,11626800
20130819,10.03,10.16,9.73,9.78,14705500
20130820,9.78,9.99,9.68,9.75,13243500
20130821,9.7,9.99,9.7,9.99,13790000
20130822,10.15,10.19,9.83,9.98,13171100
20130823,10.02,10.49,9.96,10.48,15196400
20130826,10.41,10.48,10.23,10.42,9877900
20130827,10.23,10.23,9.88,9.88,16727100
20130828,9.94,10.12,9.74,10.09,11925100
20130829,10.07,10.22,9.95,10.16,9574900
20130830,10.16,10.29,10.09,10.23,14690400
20130902,10.37,10.55,10.24,10.33,12819200
20130903,10.33,10.47,10.23,10.42,15776100
20130904,10.38,10.64,10.37,10.52,11620400
20130905,10.58,10.71,10.35,10.71,8323600
20130906,10.79,10.99,10.73,10.99,12200500
20130909,10.99,11.16,10.87,11.16,13581100
20130910,11.15,11.2,11.01,11.01,10300600
20130911,11.05,11.08,10.89,11.06,7876700
20130912,11.01,11.08,10.76,10.82,6713700
20130913,10.85,11.14,10.73,11.12,5416600
20130916,11.15,11.29,11.13,11.21,8617600
20130917,11.23,11.26,11.07,11.26,6766900
20130918,11.21,11.69,11.16,11.69,16582100
20130919,11.61,11.66,11.26,11.37,15305400
20130920,11.38,11.39,11.09,11.12,9728300
20130923,11.08,11.22,10.94,11.21,10501000
20130924,11.28,11.36,11.13,11.22,8657400
20130925,11.15,11.33,11.11,11.29,6355400
20130926,11.29,11.36,11.01,11.08,9944500
20130927,11.12,11.22,10.97,10.99,9706800
20130930,10.95,11.03,10.65,10.84,14746300
20131001,11.01,11.21,10.85,11.2,6159300
20131002,11.08,11.2,10.96,10.96,6574900
20131003,11.01,11.03,10.73,10.9,7026700
20131004,10.94,11.2,10.89,11.08,5909100
20131007,11.03,11.15,10.97,11.08,3929000
20131008,11.08,11.08,10.81,11.06,6948300
20131009,11.08,11.1,10.87,11.02,4521400
20131010,11.06,11.16,10.89,10.94,6506100
20131011,10.9,11.06,10.87,11.01,5936900
20131014,11.01,11.18,10.92,11.1,5471100
20131015,11.11,11.17,10.99,11.03,9897200
20131016,11.09,11.44,11.06,11.28,11668000
20131017,11.22,11.36,11.13,11.21,10832100
20131018,11.26,11.41,11.24,11.38,6025700
20131021,11.39,11.56,11.34,11.34,8322500
20131022,11.37,11.5,11.35,11.43,4890900
20131023,11.37,11.43,11.29,11.29,4646400
20131024,11.29,11.38,11.14,11.25,6106400
20131025,11.28,11.28,10.96,10.99,7253100
20131028,11.03,11.35,10.97,11.23,8658100
20131029,11.27,11.35,11.16,11.32,6373800
20131030,11.34,11.36,11.16,11.22,4920700
20131031,11.21,11.24,11.06,11.06,7432100
20131101,11.11,11.15,10.84,10.91,10095400
20131104,10.94,11.05,10.86,10.86,5757600
20131105,10.97,10.97,10.51,10.51,9453700
20131106,10.51,10.66,10.4,10.62,8513500
20131107,10.57,10.62,10.19,10.36,23169600
20131108,10.35,10.44,10.09,10.33,13131900
20131111,10.33,10.34,10.24,10.26,10226700
20131112,10.3,10.32,10.13,10.14,11256800
20131113,10.13,10.46,10.01,10.46,10038400
20131114,10.52,10.66,10.38,10.61,12623900
20131118,10.68,10.68,10.53,10.57,9737900
20131119,10.52,10.55,10.25,10.42,12215800
20131121,10.29,10.47,10.24,10.38,9339700
20131122,10.28,10.66,10.28,10.61,9199700
20131125,10.61,10.66,10.43,10.51,9553700
20131126,10.48,10.52,10.37,10.38,8319000
20131127,10.45,10.53,10.22,10.24,11589100
20131128,10.3,10.46,10.28,10.34,5073200
20131129,10.36,10.43,10.23,10.43,5958900
20131202,10.28,10.4,10.17,10.17,7378800
20131203,10.06,10.19,9.83,9.83,10938400
20131204,9.89,10.1,9.83,9.88,14528900
20131205,9.95,9.99,9.32,9.43,28081600
20131206,9.55,9.99,9.55,9.95,19729000
20131209,9.95,9.95,9.72,9.72,15128100
20131210,9.73,9.86,9.61,9.68,4992800
20131211,9.64,9.72,9.34,9.36,8908300
20131212,9.39,9.69,9.33,9.69,15647900
20131213,9.68,9.78,9.41,9.56,16235700
20131216,9.57,9.68,9.49,9.54,10730500
20131217,9.51,9.56,9.36,9.4,6137900
20131218,9.45,9.46,9.26,9.35,20988600
20131219,9.42,9.55,9.26,9.47,9866400
20131220,9.46,9.5,9.23,9.28,12267400
20131223,9.37,9.45,9.26,9.4,10966100
20131226,9.45,9.64,9.41,9.56,9190400
20131227,9.64,9.72,9.58,9.64,18237300
20131230,9.71,9.86,9.67,9.78,8530800
20140102,9.89,9.89,9.36,9.36,10929200
20140103,9.34,9.45,9.3,9.45,9288900
20140106,9.44,9.44,9.14,9.21,9635200
20140107,9.22,9.49,9.1,9.12,12315300
20140108,9.17,9.41,9.17,9.33,7946800
20140109,9.27,9.31,8.98,8.99,15838000
20140110,9.08,9.16,8.95,8.99,13864500
20140113,9,9,8.82,8.92,32803800
20140114,8.84,9.14,8.84,9.05,16206700
20140115,9.14,9.22,9.08,9.14,5873200
20140116,9.11,9.18,8.92,8.99,7624400
20140117,9.09,9.09,8.88,8.91,5468600
20140120,8.92,9.06,8.84,8.86,4244000
20140121,8.93,8.93,8.62,8.69,11970800
20140122,8.79,8.97,8.68,8.84,22266300
20140123,8.84,8.91,8.62,8.62,13482600
20140124,8.68,8.75,8.45,8.58,15589200
20140127,8.58,8.83,8.58,8.76,20485700
20140128,8.84,8.88,8.7,8.7,12622200
20140129,8.67,8.74,8.4,8.41,12197700
20140130,8.41,8.47,8.18,8.31,19393700
20140131,8.22,8.54,8.21,8.48,14397000
20140203,8.4,8.61,8.14,8.16,8465900
20140204,8.27,8.38,8.05,8.23,13592400
20140205,8.26,8.36,8.17,8.36,12598100
20140206,8.41,8.82,8.4,8.76,15032700
20140207,8.83,8.83,8.36,8.51,10909400
20140210,8.45,8.53,8.21,8.4,7369700
20140211,8.47,8.6,8.38,8.59,7650400
20140212,8.62,8.62,8.22,8.29,11197700
20140213,8.25,8.28,8.12,8.17,10062900
20140214,8.22,8.56,8.22,8.47,17111200
20140217,8.53,8.54,8.37,8.37,5021200
20140218,8.38,8.47,8.2,8.2,11743300
20140219,8.18,8.45,8.09,8.45,12486100
20140220,8.23,8.49,8.23,8.37,12690500
20140221,8.37,8.6,8.37,8.51,6896000
20140224,8.46,8.69,8.46,8.58,10503500
20140225,8.5,8.6,8.39,8.52,5211300
20140226,8.5,8.57,8.37,8.4,6822400
20140227,8.48,8.91,8.43,8.91,25557700
20140228,8.93,9.07,8.83,8.91,12286000
20140305,8.98,9.08,8.76,8.84,7030300
20140306,8.84,9.14,8.78,9.02,15147400
20140307,9.03,9.23,8.95,9.08,31432500
20140310,9.03,9.08,8.82,8.89,17073100
20140311,8.99,8.99,8.64,8.75,7710300
20140312,8.65,8.8,8.61,8.76,8083200
20140313,8.84,8.91,8.63,8.74,7001600
20140314,8.79,8.79,8.56,8.66,6848000
20140317,8.68,8.88,8.63,8.88,9220500
20140318,8.83,9.2,8.81,9.09,12199200
20140319,9.11,9.23,9.03,9.21,6714500
20140320,9.09,9.41,9.05,9.28,14712700
20140321,9.22,9.37,9.1,9.15,11414100
20140324,9.23,9.31,9.06,9.21,7596600
20140325,9.33,9.33,9.07,9.22,6487000
20140326,9.28,9.31,9.06,9.11,10064000
20140327,9.11,9.6,9.11,9.51,16958000
20140328,9.54,9.75,9.47,9.68,16711500
20140331,9.68,9.99,9.64,9.95,23738600
20140401,9.99,10.06,9.55,9.6,12421700
20140402,9.6,9.99,9.59,9.97,19511800
20140403,10.05,10.05,9.85,9.96,14275700
20140404,10.14,10.24,10,10.03,18590800
20140407,10.17,10.39,10.12,10.32,25827300
20140408,10.52,10.6,10.16,10.25,17171500
20140409,10.15,10.52,10.04,10.37,13582700
20140410,10.37,10.45,9.99,10.12,11985900
20140411,10.08,10.22,9.93,10.14,9627800
20140414,10.14,10.32,10.01,10.08,8402200
20140415,9.99,10.12,9.8,9.84,10130900
20140416,9.94,10.12,9.91,9.99,12897600
20140417,10.04,10.16,9.86,10.12,5404100
20140422,10.12,10.35,10.06,10.29,8559000
20140423,10.33,10.38,10.1,10.19,8028600
20140424,10.3,10.35,10.17,10.26,9521200
20140425,10.17,10.27,9.93,9.96,8941900
20140428,9.91,10,9.83,9.83,7766500
20140429,10.02,10.17,9.87,10.17,8995600
20140430,10.08,10.28,10.01,10.08,8325200
20140502,10.22,10.56,10.09,10.49,15255200
20140505,10.57,10.67,10.31,10.5,13096000
20140506,10.44,10.55,10.37,10.47,8882900
20140507,10.42,10.79,10.4,10.61,12713000
20140508,10.61,10.68,10.36,10.37,9872100
20140509,10.43,10.46,10.09,10.31,7438300
20140512,10.44,10.54,10.37,10.52,5681700
20140513,10.52,10.55,10.41,10.44,12262900
20140514,10.44,10.63,10.4,10.47,5750600
20140515,10.44,10.45,10.29,10.38,6353400
20140516,10.45,10.54,10.38,10.52,8819900
20140519,10.45,10.52,10.4,10.48,5567200
20140520,10.55,10.62,10.3,10.34,12810700
20140521,10.43,10.48,10.36,10.4,7645500
20140522,10.37,10.57,10.36,10.54,10530600
20140523,10.54,10.6,10.46,10.52,8289800
20140526,10.53,10.62,10.53,10.54,3331100
20140527,10.51,10.6,10.41,10.45,9671300
20140528,10.47,10.55,10.39,10.45,14773800
20140529,10.46,10.53,10.12,10.16,25381200
20140530,10.05,10.22,9.8,9.8,24550400
20140602,9.91,9.98,9.78,9.78,12010100
20140603,9.82,9.9,9.73,9.82,8606200
20140604,9.75,9.81,9.69,9.72,13072300
20140605,9.72,9.86,9.7,9.72,6571700
20140606,10.03,10.12,9.95,10,14591700
20140609,9.95,10.31,9.95,10.17,12350000
20140610,10.24,10.4,10.18,10.4,7480700
20140611,10.46,10.6,10.45,10.55,9071000
20140613,10.48,10.63,10.48,10.61,11659700
20140616,10.59,10.73,10.54,10.7,10166500
20140617,10.6,10.67,10.56,10.58,4596700
20140618,10.58,10.98,10.53,10.98,11544700
20140620,10.83,10.83,10.6,10.63,12040500
20140623,10.65,10.72,10.56,10.6,3497600
20140624,10.54,10.91,10.54,10.68,5966600
20140625,10.61,10.87,10.57,10.6,9213800
20140626,10.68,10.73,10.55,10.62,5211900
20140627,10.56,10.69,10.45,10.54,4761200
20140630,10.61,10.63,10.37,10.42,6006700
20140701,10.52,10.56,10.35,10.4,5221000
20140702,10.44,10.44,10.11,10.11,7956900
20140703,9.99,10.36,9.99,10.34,4525600
20140704,10.35,10.36,10.23,10.28,958000
20140707,10.23,10.3,10.19,10.25,4295700
20140708,10.19,10.25,10.05,10.12,5181900
20140710,10.2,10.46,10.17,10.42,8546700
20140711,10.42,10.63,10.39,10.59,5849700
20140714,10.69,10.95,10.65,10.94,11581000
20140715,10.87,11,10.82,10.98,6812400
20140716,10.97,11.17,10.97,11.1,12129500
20140717,10.97,11.06,10.82,10.98,9748200
20140718,11.39,11.76,11.33,11.61,20695200
20140721,11.59,11.78,11.59,11.76,9600600
20140722,11.7,11.96,11.62,11.96,11505600
20140723,11.76,11.81,11.46,11.46,11007800
20140724,11.53,11.86,11.5,11.86,7384100
20140725,11.81,11.86,11.71,11.84,2670800
20140728,11.91,11.93,11.61,11.83,3907600
20140729,11.73,11.79,11.3,11.3,14403800
20140730,11.29,11.46,11.15,11.19,6808400
20140731,11.06,11.07,10.79,10.89,12000200
20140801,10.88,11.12,10.79,10.93,6101200
20140804,10.98,11.16,10.85,11.16,4526600
20140805,11.12,11.27,10.93,11.06,5515800
20140806,11.01,11.27,10.86,11.25,8233000
20140807,11.32,11.4,10.88,10.93,11175300
20140808,10.79,11.06,10.71,10.83,8550100
20140811,10.92,11.25,10.89,11.18,5969400
20140812,11.19,11.29,11.09,11.09,5742500
20140813,11.18,11.26,10.78,10.88,14621100
20140814,10.87,11.06,10.76,11.02,7518200
20140815,11.15,11.5,11.09,11.5,12856800
20140818,11.61,11.85,11.59,11.74,13836800
20140819,11.64,12.05,11.64,12.02,9776100
20140820,12.01,12.04,11.62,11.71,9398100
20140821,11.62,11.91,11.59,11.64,12335200
20140822,11.64,11.67,11.35,11.49,11084400
20140825,11.61,11.73,11.56,11.7,9434400
20140826,11.76,11.78,11.59,11.7,7291800
20140827,11.78,12.04,11.74,11.98,27967500
20140828,11.93,11.96,11.75,11.87,32350500
20140829,12.02,12.27,11.95,12.24,46811300
20140901,12.39,12.88,12.3,12.7,29538200
20140902,12.7,12.7,12.35,12.62,19984500
20140903,12.7,12.89,12.57,12.79,15217000
20140904,12.55,12.78,12.54,12.62,13038500
20140905,12.67,12.91,12.57,12.87,17442500
20140908,13.01,13.12,12.38,12.51,16457400
20140909,12.36,12.54,11.93,12.14,22240600
20140910,11.92,12.01,11.59,11.97,20063500
20140911,12.11,12.19,11.83,12.04,8982900
20140912,11.82,12.03,11.37,11.47,21611700
20140915,11.49,11.89,11.25,11.87,13536400
20140916,11.96,12.43,11.91,12.13,15044000
20140917,12.39,12.46,12.06,12.14,11471500
20140918,12.04,12.14,11.69,11.79,21364800
20140919,11.7,11.87,11.56,11.59,17530200
20140922,11.35,11.38,10.97,11.15,33540900
20140923,11.15,11.27,11,11.24,13706200
20140924,11.25,11.35,11.02,11.25,14550200
20140925,11.16,11.32,11.1,11.18,13951400
20140926,11.15,11.62,11.15,11.52,15207600
20140929,10.88,10.93,10.46,10.58,26753200
20140930,10.46,10.58,9.9,10.15,39474300
20141001,9.99,10.23,9.75,9.88,24667800
20141002,9.98,10.12,9.76,10.01,17302400
20141003,10.08,10.15,9.88,10.1,18429400
20141006,11.7,11.7,10.88,10.93,35359200
20141007,11.15,11.54,10.97,11.19,22099600
20141008,11.38,11.48,10.75,11.18,15481900
20141009,11.38,11.64,11.27,11.51,10395900
20141010,11.4,11.43,10.91,10.91,8201700
20141013,11.44,11.94,11.4,11.74,19225200
20141014,11.69,12.09,11.45,11.74,15340100
20141015,11.46,11.52,10.99,11.38,27583600
20141016,10.92,10.99,10.7,10.7,61237200
20141017,10.94,11.25,10.85,11.06,20725400
20141020,10.93,11.15,10.33,10.57,19829200
20141021,9.88,10.12,9.58,9.7,63759000
20141022,9.73,9.88,9.55,9.59,23336700
20141023,9.46,9.46,9.11,9.16,28490700
20141024,9.32,10.01,9.12,9.66,32834400
20141027,8.7,9.56,8.61,9.45,62467500
20141028,9.61,10,9.45,9.88,19498100
20141029,9.83,9.93,9.38,9.43,18778100
20141030,9.58,9.78,9.51,9.51,14793400
20141031,9.62,9.88,9.52,9.88,17402500
20141103,9.79,9.88,9.37,9.61,14806600
20141104,9.7,9.7,9.43,9.62,9700600
20141105,9.55,9.55,9.31,9.37,13758800
20141106,9.39,9.39,9.05,9.11,12062900
20141107,9.13,9.29,8.94,9.1,13927000
20141110,9.17,9.28,8.95,8.97,6205600
20141111,8.94,9.05,8.91,9,6287000
20141112,9,9.23,8.99,9.19,16000100
20141113,9.2,9.29,8.89,8.94,20792300
20141114,8.79,9.06,8.45,8.96,17409000
20141117,8.95,9.1,8.8,8.85,7802200
20141118,8.97,9.18,8.81,9.07,8706100
20141119,9.17,9.29,8.98,9.15,19010100
20141121,9.32,9.83,9.26,9.67,52160400
20141124,9.77,10.08,9.58,9.64,26799000
20141125,9.74,9.9,9.6,9.72,27528100
20141126,9.84,9.84,9.63,9.74,23471600
20141127,9.74,9.96,9.66,9.67,9773500
20141128,9.69,9.81,9.63,9.66,8747800
20141201,9.54,9.58,9.07,9.08,18155400
20141202,9.17,9.24,8.71,8.78,21301100
20141203,8.87,9.07,8.85,8.99,11192100
20141204,9.01,9.06,8.72,8.83,8158500
20141205,8.8,9.04,8.72,8.85,10948200
20141208,8.84,8.85,8.49,8.53,9570100
20141209,8.43,8.6,8.24,8.39,20213000
20141210,8.39,8.49,8.26,8.34,9173000
20141211,8.4,8.41,8.16,8.3,24782600
20141212,8.21,8.39,8.07,8.07,20274600
20141215,8.15,8.28,7.89,8.15,22750200
20141216,7.97,8.36,7.88,8.08,12725900
20141217,8.12,8.72,8.12,8.57,20482800
20141218,8.63,8.81,8.49,8.56,10813300
20141219,8.52,8.7,8.52,8.64,5642200
20141222,8.66,8.85,8.6,8.85,7468700
20141223,8.85,9.07,8.81,9.03,8622600
20141226,8.96,9.18,8.86,8.9,5265900
20141229,8.93,9.2,8.87,9.1,10915400
20141230,9.15,9.17,8.85,9.03,32363000
20150102,8.99,8.99,8.66,8.71,6973700
20150105,8.64,8.67,8.41,8.45,10863700
20150106,8.43,8.56,8.34,8.53,13405800
20150107,8.62,9.03,8.6,8.9,7992200
20150108,9.07,9.07,8.77,8.81,7422100
20150109,8.79,8.85,8.53,8.62,5445600
20150112,8.52,8.59,8.27,8.3,12559900
20150113,8.3,8.6,8.29,8.34,9165600
20150114,8.25,8.51,8.2,8.41,5929600
20150115,8.44,8.74,8.42,8.47,9698300
20150116,8.5,8.75,8.5,8.71,7194500
20150119,8.64,8.74,8.2,8.2,9407500
20150120,8.41,8.56,8.31,8.35,17736900
20150121,8.43,8.8,8.31,8.74,13027100
20150122,8.85,9.19,8.84,9.09,30511000
20150123,9.16,9.16,8.89,9.03,7920000
20150126,8.85,8.97,8.76,8.92,8909200
20150127,8.87,9.12,8.7,9.02,10252200
20150128,8.94,9,8.72,8.85,8211400
20150129,8.83,8.96,8.71,8.95,9570700
20150130,8.85,8.85,8.33,8.34,21921800
20150202,8.43,8.58,8.35,8.52,8328100
20150203,8.68,8.85,8.56,8.85,12822900
20150204,8.85,9.05,8.62,8.98,12361000
20150205,8.88,9.01,8.8,8.83,11379300
20150206,8.74,8.83,8.44,8.66,11556600
20150209,8.64,8.69,8.55,8.63,7889800
20150210,8.59,8.76,8.52,8.52,6612200
20150211,8.52,8.52,8.11,8.2,29330000
20150212,8.34,8.52,8.33,8.48,10043200
20150213,8.54,8.63,8.49,8.57,8417300
20150218,8.64,8.94,8.63,8.85,16015900
20150219,8.82,9.07,8.76,8.89,7215600
20150220,8.89,8.94,8.78,8.88,7580400
20150223,8.77,8.96,8.71,8.83,5783800
20150224,8.85,9.11,8.72,9.11,8955500
20150225,8.95,9.08,8.86,9.08,7567400
20150226,9.1,9.19,8.96,9.17,10896800
20150227,9.17,9.36,9.11,9.2,15945700
20150302,9.14,9.26,8.79,8.87,13556000
20150303,8.89,9.15,8.8,9.07,10215100
20150304,8.88,9.09,8.85,9.05,9619000
20150305,9.11,9.15,8.75,8.9,5843400
20150306,8.89,8.94,8.66,8.9,10335400
20150309,8.8,8.87,8.63,8.86,10060700
20150310,8.74,8.93,8.74,8.74,9360200
20150311,8.75,8.96,8.71,8.95,13978400
20150312,9.06,9.1,8.8,8.89,15234100
20150313,8.67,8.93,8.58,8.85,17530600
20150316,8.89,9.15,8.89,9.13,16066000
20150317,9.12,9.88,9.1,9.85,36032400
20150318,9.86,10.44,9.86,10.27,46713300
20150319,10.21,10.29,10.07,10.13,18535300
20150320,10.31,10.66,10.29,10.48,23305200
20150323,10.51,10.57,10.09,10.3,41922400
20150324,10.27,10.33,9.86,10.03,19490500
20150325,10.06,10.21,9.93,9.95,14819300
20150326,9.84,10.2,9.79,10.2,19205200
20150327,10.07,10.45,9.97,10.2,11729500
20150330,10.33,10.54,10.25,10.41,9099800
20150331,10.33,10.5,10.15,10.23,11406400
20150401,10.39,10.81,10.35,10.73,22803700
20150402,10.84,11.05,10.62,10.99,27576800
20150406,10.94,11.14,10.77,10.93,20602200
20150407,10.91,10.98,10.64,10.68,10981300
20150408,10.84,11.06,10.79,10.96,29379600
20150409,10.84,11.05,10.84,10.99,13558800
20150410,10.99,11.11,10.94,11.07,21990800
20150413,11.04,11.19,11,11.15,9170600
20150414,11.17,11.17,11,11.02,8322600
20150415,11.12,11.37,11.06,11.37,12514200
20150416,11.37,11.37,11.22,11.32,14610900
20150417,11.19,11.3,11.1,11.23,10448800
20150420,11.18,11.2,11.06,11.19,13780900
20150422,11.14,11.3,11.14,11.26,8980100
20150423,11.23,11.48,11.11,11.48,11562700
20150424,11.55,11.89,11.41,11.77,12659200
20150427,11.71,11.99,11.41,11.69,17749600
20150428,11.79,11.86,11.37,11.5,24991900
20150429,11.35,11.57,11.28,11.42,19048100
20150430,11.32,11.5,11.31,11.47,14569500
20150504,11.64,11.87,11.49,11.81,14501100
20150505,11.75,11.97,11.74,11.81,6663600
20150506,11.77,11.87,11.65,11.78,6024800
20150507,11.66,11.83,11.37,11.45,8882200
20150508,11.56,11.69,11.41,11.56,6896400
20150511,11.73,11.78,11.53,11.63,5473500
20150512,11.54,11.57,11.28,11.33,11452900
20150513,11.27,11.45,11.07,11.09,10363400
20150514,11.14,11.26,10.96,11.14,7381300
20150515,11.16,11.55,11.16,11.38,9184100
20150518,11.44,11.55,11.26,11.39,12185100
20150519,11.48,11.52,11.3,11.51,6036400
20150520,11.35,11.65,11.3,11.37,12912100
20150521,11.37,11.41,11.09,11.21,10658600
20150522,11.26,11.32,10.79,11.04,12392500
20150525,11.04,11.08,10.79,10.93,2910700
20150526,10.9,10.91,10.61,10.77,14399900
20150527,10.77,11.17,10.68,10.94,11355600
20150528,10.88,10.94,10.74,10.85,9974300
20150529,10.78,10.93,10.49,10.49,18911300
20150601,10.37,10.93,10.37,10.84,10751800
20150602,10.88,11.07,10.84,11,25282600
20150603,11.08,11.11,10.85,10.99,22314500
20150605,11.02,11.06,10.87,10.98,17835000
20150608,11.02,11.08,10.73,10.79,6617700
20150609,10.86,10.92,10.62,10.74,8491100
20150610,10.84,11.15,10.8,11,28942400
20150611,11.09,11.13,10.91,11.04,7066700
20150612,10.95,11,10.81,10.97,7585900
20150615,10.87,10.99,10.7,10.92,8733900
20150616,10.87,11.03,10.83,10.88,8495300
20150617,10.87,11.01,10.79,10.88,11588000
20150618,10.91,11.08,10.85,10.94,10365400
20150619,10.87,10.93,10.75,10.8,8398100
20150622,10.93,10.94,10.78,10.81,10504100
20150623,10.9,10.9,10.66,10.69,9613700
20150624,10.69,10.74,10.62,10.65,14441700
20150625,10.69,10.78,10.49,10.68,9434500
20150626,10.68,10.99,10.63,10.9,5535600
20150629,10.69,10.89,10.69,10.76,6825300
20150630,10.81,10.97,10.74,10.94,9427900
20150701,10.9,11.04,10.74,10.8,5580400
20150702,10.91,10.95,10.79,10.79,8307100
20150703,10.75,10.79,10.66,10.69,3546300
20150706,10.64,10.9,10.6,10.74,6053300
20150707,10.67,10.94,10.59,10.91,10403800
20150708,10.8,11.02,10.76,10.82,6320900
20150710,10.93,11.13,10.91,11.01,5489400
20150713,11.06,11.12,10.96,11.07,4788700
20150714,11.06,11.33,11,11.19,6502700
20150715,11.22,11.27,11.08,11.1,7344700
20150716,11.22,11.26,11.03,11.19,4213600
20150717,11.17,11.32,10.96,11.04,11143200
20150720,11.02,11.07,10.65,10.74,14377200
20150721,10.66,10.77,10.36,10.5,14919700
20150722,10.37,10.51,10.24,10.37,11639200
20150723,10.26,10.32,9.82,9.99,15552800
20150724,9.91,9.97,9.5,9.79,14119500
20150727,9.71,9.78,9.55,9.66,8075600
20150728,9.81,9.88,9.32,9.65,12368600
20150729,9.53,9.76,9.48,9.6,15433500
20150730,9.63,9.73,9.51,9.59,8783800
20150731,9.61,9.79,9.57,9.75,8099100
20150803,9.66,9.76,9.52,9.55,5750700
20150804,9.62,9.7,9.48,9.58,5620200
20150805,9.71,9.72,9.49,9.52,5320700
20150806,9.45,9.63,9.27,9.51,10733100
20150807,9.52,9.65,9.4,9.49,9791900
20150810,9.49,9.74,9.45,9.7,12026000
20150811,9.59,9.71,9.52,9.71,10824000
20150812,9.57,9.94,9.54,9.77,20192900
20150813,9.81,9.99,9.58,9.99,18395000
20150814,10.09,10.33,9.9,9.94,42103800
20150817,9.94,9.95,9.67,9.76,12630400
20150818,9.68,10.17,9.66,9.97,16166700
20150819,9.88,10.07,9.75,9.97,10885300
20150820,9.97,10.2,9.8,10.13,12333100
20150821,10.03,10.04,9.83,9.85,10564300
20150824,9.13,10.04,8.97,9.79,20064900
20150825,9.98,10.16,9.75,9.75,14729800
20150826,9.88,10.24,9.81,10.23,18094400
20150827,10.3,10.82,10.27,10.51,18047700
20150828,10.28,10.5,10.22,10.35,8796700
20150831,10.16,10.32,9.88,10.18,14825000
20150901,9.89,10,9.59,9.78,10530600
20150902,9.9,9.95,9.64,9.84,9146500
20150903,9.95,10.13,9.61,9.96,10573100
20150904,9.73,9.9,9.52,9.64,12738300
20150908,9.85,9.87,9.62,9.67,8402300
20150909,10.14,10.27,9.95,10.04,18265300
20150910,9.65,10.2,9.65,10.2,15675700
20150911,10.2,10.33,9.9,10.07,9763200
20150914,10.11,10.59,9.89,10.43,12493100
20150915,10.39,10.86,10.32,10.77,15652600
20150916,10.85,11.28,10.81,11.22,19802100
20150917,11.01,11.1,10.74,10.74,16216200
20150918,10.67,10.83,10.43,10.54,8457800
20150921,10.42,10.6,10.35,10.35,6403900
20150922,10.2,10.52,10.16,10.48,6972000
20150923,10.5,10.67,10.24,10.33,15825700
20150924,10.06,10.67,9.89,10.5,14938000
20150925,10.63,10.71,10.38,10.38,9779100
20150928,10.25,10.46,10.15,10.18,7460100
20150929,10.18,10.34,10.01,10.16,10406400
20150930,10.38,10.47,10.16,10.47,17475800
20151001,10.53,10.93,10.43,10.75,11908500
20151002,10.65,11.17,10.63,11.13,10505400
20151005,11.26,11.28,10.78,10.91,8372600
20151006,10.87,11.02,10.72,10.9,7448500
20151007,11.15,11.3,10.67,10.93,10375000
20151008,10.86,11.15,10.84,11.02,6435300
20151009,11.21,11.3,11.04,11.26,10979700
20151013,11.18,11.34,11,11.12,13806300
20151014,11.01,11.15,10.67,10.67,18691800
20151015,10.71,10.93,10.67,10.88,5372100
20151016,10.88,11.03,10.67,10.81,8293700
20151019,10.79,10.97,10.7,10.83,5126600
20151020,10.85,10.97,10.6,10.75,8796000
20151021,10.75,10.82,10.68,10.74,5478900
20151022,10.8,11.29,10.68,11.2,17414200
20151023,11.3,11.58,11.22,11.38,19537400
20151026,11.34,11.48,11.32,11.4,6867300
20151027,11.37,11.43,11.2,11.29,8244000
20151028,11.19,11.33,11.16,11.16,9811200
20151029,11.17,11.23,10.88,10.88,4913200
20151030,10.87,11,10.67,10.77,7427400
20151103,11.23,11.93,11.18,11.71,27410500
20151104,12.05,12.08,11.49,11.63,14722600
20151105,11.71,11.75,11.49,11.55,5312300
20151106,11.49,11.6,11.05,11.34,12479600
20151109,11.34,11.57,11.26,11.41,7048400
20151110,11.34,11.57,11.23,11.55,6399100
20151111,11.62,11.91,11.62,11.81,10249900
20151112,11.82,11.95,11.45,11.54,11949100
20151113,11.54,11.57,11.23,11.34,14901900
20151116,11.25,11.54,11.25,11.35,13323800
20151117,11.48,11.64,11.38,11.42,14797300
20151118,11.45,11.81,11.4,11.71,14185600
20151119,11.87,11.88,11.48,11.54,15241600
20151123,11.58,11.81,11.58,11.76,8767500
20151124,11.69,11.83,11.57,11.61,9471900
20151125,11.5,11.69,11.33,11.61,16840400
20151126,11.58,11.69,11.48,11.51,7449900
20151127,11.47,11.56,11.15,11.25,10442100
20151130,11.04,11.27,10.87,10.87,28878200
20151201,10.91,11.14,10.77,11.09,14646200
20151202,11,11.18,10.88,11.02,16715000
20151203,11.41,11.58,11.16,11.28,13230000
20151204,11.12,11.19,10.86,11.05,15530500
20151207,11.11,11.21,10.98,11.04,9980500
20151208,11.04,11.09,10.81,10.85,7394400
20151209,11.06,11.53,10.91,11.46,14390800
20151210,11.54,11.54,11.26,11.45,9931500
20151211,11.31,11.73,11.31,11.47,13089300
20151214,11.55,11.55,11.25,11.41,6675100
20151215,11.44,11.55,11.28,11.28,7824500
20151216,11.2,11.32,10.97,11.29,14942400
20151217,11.49,11.56,11.28,11.4,16226300
20151218,11.09,11.26,10.9,10.93,13560500
20151221,10.93,11.05,10.73,10.77,9734300
20151222,10.79,10.89,10.72,10.81,5640600
20151223,10.93,11,10.64,10.76,5272700
20151228,10.79,10.84,10.56,10.62,5153800
20151229,10.67,10.8,10.61,10.64,5489600
20151230,10.61,10.79,10.53,10.6,7320300
20160104,10.45,10.66,10.15,10.17,11394700
20160105,10.22,10.62,10.22,10.56,10840900
20160106,10.48,10.67,10.37,10.55,7183200
20160107,10.47,10.49,10.05,10.12,14588500
20160108,10.21,10.32,10.16,10.24,9129900
20160111,10.3,10.49,10.22,10.22,13866800
20160112,10.31,10.37,10.02,10.15,11448700
20160113,10.21,10.3,9.99,10.14,6658000
20160114,10.18,10.38,9.99,10.35,11230600
20160115,10.17,10.28,10.06,10.14,13571600
20160118,10.17,10.21,10.06,10.13,5772800
20160119,10.35,10.36,10.15,10.25,9066200
20160120,10.12,10.21,9.89,9.98,11726800
20160121,10,10.02,9.81,9.81,11258000
20160122,9.91,9.97,9.77,9.77,14358100
20160126,9.73,9.76,9.47,9.69,18567100
20160127,9.66,10.21,9.65,9.99,16779800
20160128,10.07,10.17,9.91,10.1,8096000
20160129,10.22,10.32,9.8,9.99,30083300
20160201,9.88,10.19,9.87,10.19,8248800
20160202,10.05,10.16,9.85,9.93,7911700
20160203,10,10.12,9.77,10.11,11223200
20160204,10.22,10.25,9.96,10.21,9556300
20160205,10.2,10.26,9.98,10.04,5129100
20160210,9.95,10.16,9.88,10.06,5588700
20160211,9.91,9.96,9.74,9.93,4711600
20160212,9.98,10.01,9.75,9.88,9106300
20160215,10.04,10.11,9.89,10.11,3387000
20160216,10.03,10.17,9.88,10.17,7597100
20160217,10.17,10.51,10.06,10.24,11277000
20160218,10.17,10.34,10.11,10.28,5899400
20160219,10.16,10.42,10.06,10.27,6970000
20160222,10.54,11.09,10.54,10.93,17020800
20160223,10.88,11.05,10.7,10.86,12672400
20160224,10.67,10.89,10.51,10.89,9286300
20160225,10.75,10.94,10.69,10.81,5996000
20160226,10.97,11.1,10.82,10.9,5766000
20160229,11.09,11.39,10.9,11.31,10634000
20160301,11.39,11.87,11.27,11.87,18384300
20160302,11.85,12.3,11.67,12.22,22661600
20160303,12.27,13.36,12.11,13.09,37411200
20160304,13.52,14.54,13.39,14.41,75651000
20160307,14.31,14.49,13.46,13.64,29937200
20160308,13.53,14.05,13.51,13.7,34789400
20160309,13.92,14.58,13.73,14.39,28128100
20160310,14.6,15.36,14.42,15.05,35626600
20160311,15.09,15.52,14.41,15.39,26500100
20160314,15.58,15.99,14.86,14.89,24997900
20160315,14.36,14.69,14.07,14.15,25482300
20160316,13.96,14.49,13.89,14.49,15394000
20160317,15.85,15.9,15.29,15.43,26952600
20160318,15.56,15.65,14.97,15.09,14668000
20160321,15.11,15.29,15.03,15.19,15006800
20160322,15.08,15.49,14.99,15.07,8481300
20160323,14.88,15.2,14.67,14.89,10652700
20160324,14.64,15,14.5,14.93,7705800
20160328,15.34,15.42,15.05,15.34,11676700
20160329,15.42,15.51,15.1,15.15,9421900
20160330,15.33,15.58,14.96,15.27,10540300
20160331,15.02,15.27,14.71,14.98,9473200
20160401,14.68,15.36,14.68,15.16,5797000
20160404,15.01,15.21,14.8,15.02,5045100
20160405,14.83,15.41,14.74,15.21,7288800
20160406,14.92,15.11,14.48,14.57,10483500
20160407,14.75,14.79,14.51,14.75,4211200
20160408,15.39,16.03,15.19,15.48,12504600
20160411,15.73,15.94,14.99,15.29,13650100
20160412,15.46,15.69,15.25,15.63,11690100
20160413,16.02,16.41,15.72,16.26,22483500
20160414,16.26,16.73,16.03,16.55,15201600
20160415,16.62,16.87,16.49,16.65,15106800
20160418,16.65,16.65,15.87,16.04,12530300
20160419,16.17,16.53,15.97,16.35,15588200
20160420,16.07,16.76,16.07,16.7,16432900
20160422,16.36,16.55,16.08,16.48,10964100
20160425,16.44,16.45,16.13,16.25,6890400
20160426,16.29,16.42,15.99,16.3,7622000
20160427,16.23,17.26,16.22,17.19,12357300
20160428,17.29,17.72,17,17.52,10676700
20160429,17.53,17.58,16.57,16.73,16082800
20160502,16.7,16.91,16.56,16.69,5369400
20160503,16.6,16.74,16.24,16.31,7830200
20160504,16.26,16.52,16.23,16.29,11588200
20160505,16.46,16.5,16.02,16.12,7023000
20160506,16.08,16.14,15.69,16.05,14377500
20160509,15.94,16.21,15.56,16.09,9060900
20160510,16.36,17.2,16.27,17.02,17869200
20160511,17.42,17.61,16.8,17.12,16302500
20160512,17.21,17.75,17.09,17.61,10281000
20160513,17.51,17.75,17.03,17.28,7995700
20160516,17.1,17.34,16.89,17.09,8332200
20160517,17.14,17.23,16.16,16.26,12226900
20160518,16.15,16.39,15.87,16.08,10433000
20160519,15.94,16.12,15.82,16.07,10777000
20160520,16.21,16.38,15.9,15.97,4424700
20160523,15.6,15.99,15.43,15.82,6486000
20160524,15.91,16.17,15.65,15.81,3634500
20160525,15.94,16.09,15.61,15.75,4792400
20160527,15.85,15.89,15.61,15.84,6719500
20160530,15.73,15.84,15.64,15.66,1511200
20160531,15.61,15.81,15.4,15.58,16730300
20160601,15.52,15.75,15.45,15.7,9495900
20160602,15.68,16,15.62,15.85,7868400
20160603,15.8,16.34,15.68,16.28,14594100
20160606,16.37,16.39,16.02,16.09,9038800
20160607,15.98,16.08,15.64,15.87,6334100
20160608,15.98,16.56,15.92,16.44,10274200
20160609,16.38,16.55,16.27,16.44,9218700
20160610,16.27,16.4,15.79,15.79,6939700
20160613,15.63,15.71,15.51,15.56,6644600
20160614,15.55,15.56,15.07,15.48,12643400
20160615,15.45,16.18,15.29,15.84,14650800
20160616,15.67,15.79,15.48,15.79,12397900
20160617,15.94,15.97,15.71,15.73,13620300
20160620,16.06,16.48,15.98,16.29,9949300
20160621,16.28,16.69,16.16,16.57,8341500
20160622,16.54,16.98,16.27,16.61,7586400
20160623,16.67,17.01,16.44,16.84,4988100
20160624,16.15,16.72,16,16.55,8425800
20160627,16.34,16.63,16.09,16.36,4566800
20160628,16.58,16.87,16.56,16.78,7582600
20160629,16.98,17.24,16.83,16.83,8806500
20160630,16.89,17.62,16.89,17.62,16664900
20160701,17.62,17.62,17.33,17.52,7185600
20160704,17.62,17.78,17.43,17.62,3900200
20160705,17.52,17.52,17.1,17.27,6410100
20160706,17.04,17.37,16.87,17.13,5631900
20160707,17.15,17.43,17.04,17.25,5473800
20160708,17.52,17.83,17.42,17.76,6139500
20160711,17.86,18.1,17.83,18.03,6918500
20160712,18.11,18.5,18.06,18.3,5867200
20160713,18.35,18.88,18.28,18.71,6967300
20160714,18.99,19.57,18.82,19.4,11911700
20160715,19.33,19.92,19.31,19.67,6814000
20160718,19.66,19.99,19.55,19.94,12503700
20160719,19.87,20.32,19.38,19.77,9208700
20160720,19.82,19.87,18.89,18.94,14892900
20160721,18.99,19.28,18.79,18.94,10283300
20160722,19.12,19.23,18.88,18.91,10259000
20160725,18.94,19.1,18.56,18.79,5363700
20160726,18.71,18.79,18.66,18.67,17504000
20160727,18.75,19.02,18.47,18.47,20707900
20160728,18.41,18.88,18.33,18.79,6617300
20160729,18.84,19.01,18.6,18.68,27906800
20160801,18.84,18.86,18.2,18.37,9309300
20160802,18.17,18.26,17.76,17.88,12286600
20160803,17.75,18.08,17.43,17.81,14846900
20160804,17.98,18.82,17.82,18.6,12177100
20160805,18.72,18.85,18.45,18.71,6843500
20160808,18.77,18.77,18.19,18.34,5125400
20160809,18.37,18.9,18.21,18.62,5342400
20160810,18.79,18.79,18.21,18.27,8350000
20160811,18.22,18.83,18.22,18.74,9654400
20160812,18.74,18.98,18.61,18.94,9770300
20160815,19.07,19.08,18.31,18.36,13968200
20160816,18.35,18.35,17.87,18.1,7323100
20160817,18.18,18.47,17.97,18.36,17393400
20160818,18.18,18.32,17.74,17.96,8788800
20160819,17.86,17.94,17.62,17.91,3753400
20160822,17.89,18.01,17.45,17.57,6061700
20160823,17.62,17.87,17.58,17.72,6057100
20160824,17.52,17.86,17.31,17.7,6643700
20160825,17.75,18.1,17.59,17.77,6641600
20160826,17.9,18.19,17.49,17.69,8230100
20160829,17.67,17.82,17.54,17.58,7152600
20160830,17.61,17.84,17.13,17.82,6652200
20160831,17.86,17.94,17.27,17.63,11084200
20160901,17.58,17.68,16.94,17.09,14196300
20160902,17.13,17.71,17.11,17.7,9835900
20160905,17.81,17.82,17.44,17.62,2618400
20160906,17.71,17.75,17.47,17.69,4819800
20160908,17.44,17.61,17.3,17.46,6132800
20160909,17.12,17.13,16.49,16.66,19458300
20160912,16.59,16.78,16.41,16.7,11311600
20160913,16.41,16.43,15.95,16.14,19759000
20160914,16.14,16.32,15.95,16.31,15948200
20160915,16.31,17.01,16.22,16.88,10202200
20160916,16.84,16.96,16.41,16.75,10250800
20160919,16.77,16.96,16.65,16.84,5764900
20160920,16.88,16.93,16.66,16.78,4537900
20160921,16.84,17.09,16.36,16.92,6970200
20160922,17.08,17.3,16.9,17,7882000
20160923,17.13,17.13,16.52,16.72,5733400
20160926,16.59,16.64,16.35,16.46,3961200
20160927,16.46,16.77,16.11,16.58,11026600
20160928,16.64,16.87,16.46,16.72,6046400
20160929,16.78,16.81,16.36,16.36,10759200
20160930,16.51,16.72,16.36,16.55,10844300
20161003,16.55,17.17,16.55,17.13,15173600
20161004,17.15,17.2,16.9,16.98,10786500
20161005,17.08,17.26,17.03,17.17,32739400
20161006,17.17,17.37,17.11,17.23,9524600
20161007,17.42,17.64,17.19,17.53,23891600
20161010,17.57,17.68,17.42,17.64,7499500
20161011,17.52,17.56,17.17,17.22,10652500
20161013,17.22,17.34,16.38,17.31,15043000
20161014,17.38,17.69,17.32,17.42,12392900
20161017,17.41,17.58,17.33,17.52,7893700
20161018,17.71,17.71,17.24,17.55,26841500
20161019,17.55,17.99,17.47,17.94,10544700
20161020,17.89,18.31,17.69,18.31,8827700
20161021,18.25,18.41,18.15,18.31,12550400
20161024,18.36,18.45,18.11,18.37,9178800
20161025,18.35,18.35,18.01,18.11,8950400
20161026,17.96,18.19,17.88,18.16,10207400
20161027,18.03,18.37,18,18.21,8521700
20161028,18.17,18.26,17.89,18.01,11436100
20161031,18.01,18.71,17.97,18.5,11857600
20161101,18.5,18.66,17.73,17.96,16018300
20161103,17.91,18.04,17.42,17.44,9749600
20161104,17.41,17.87,17.24,17.31,8132300
20161107,17.66,18.31,17.57,18.27,9484100
20161108,18.02,18.4,17.98,18.11,6010800
20161109,17.33,18.22,17.27,17.69,10844400
20161110,17.91,17.93,16.5,17.09,16368200
20161111,16.73,17.23,15.95,16.73,27885600
20161114,16.24,16.56,15.95,16.49,25257500
20161116,16.68,16.78,16.16,16.5,21047800
20161117,16.67,16.68,16.05,16.2,10058300
20161118,16.2,16.41,16.01,16.3,12862300
20161121,16.44,16.46,16.02,16.19,11104400
20161122,16.44,16.55,16.05,16.3,10117600
20161123,16.31,16.31,15.96,16.11,6833500
20161124,16.06,16.33,15.82,16.15,6862600
20161125,15.87,16.32,15.87,16.23,4153600
20161128,16.21,16.5,16.21,16.47,6979300
20161129,16.31,16.46,16.28,16.3,5604300
20161130,16.39,16.69,16.21,16.42,11457300
20161201,16.06,16.19,15.13,15.54,17332400
20161202,15.27,15.98,15.13,15.82,13408400
20161205,15.9,15.93,15.38,15.46,9673000
20161206,15.33,15.96,15.21,15.85,12542600
20161207,15.95,16.17,15.78,16.05,8610400
20161208,16.16,16.24,15.83,15.94,8426100
20161209,16.05,16.05,15.49,15.56,10637800
20161212,15.23,15.5,15.15,15.29,7469900
20161213,15.29,15.56,15.29,15.54,8960700
20161214,15.52,15.52,14.96,15.02,13146500
20161215,14.89,15.1,14.77,14.83,19041200
20161216,14.88,15.4,14.85,15.2,11102800
20161219,15.32,15.62,15.21,15.33,11624600
20161220,15.52,15.7,15.24,15.47,6338600
20161221,15.56,15.56,15.17,15.4,4893800
20161222,15.31,15.45,15.07,15.3,9561600
20161223,15.4,15.97,15.26,15.74,8632400
20161226,15.87,15.96,15.81,15.88,1717300
20161227,15.99,16.19,15.89,16.1,6142500
20161228,16.02,16.7,16.02,16.5,8965500
20161229,16.5,16.74,16.42,16.5,15651500
20170102,16.26,16.35,16.15,16.28,2806500
20170103,16.35,17.04,16.35,16.95,14568200
20170104,16.9,17.27,16.75,17.27,9410800
