<DTYYYYMMDD>,<OPEN>,<HIGH>,<LOW>,<CLOSE>,<VOL>
20100601,13.21,13.34,13.15,13.15,770092
20100602,13.16,13.52,13.1,13.45,805212
20100604,13.48,13.74,13.29,13.74,1512471
20100607,13.7,14.03,13.7,13.97,1847165
20100608,13.98,14.04,13.82,13.86,1213319
20100609,13.82,14.05,13.7,13.83,786806
20100610,13.83,13.97,13.79,13.9,999428
20100611,13.74,14.08,13.6,14.05,670869
20100614,14.04,14.15,13.98,14.06,526794
20100615,14.11,14.4,14.07,14.31,493155
20100616,14.16,14.47,14.16,14.47,1359933
20100617,14.36,14.52,14.24,14.49,706412
20100618,14.4,14.6,14.39,14.53,469460
20100621,14.62,14.64,14.34,14.41,422070
20100622,14.51,14.89,14.44,14.44,912263
20100623,14.46,14.46,14.27,14.39,903378
20100624,14.29,14.55,14.2,14.31,883068
20100625,14.35,14.63,14.26,14.38,656483
20100628,14.55,14.83,14.51,14.66,723972
20100629,14.46,14.69,14.32,14.55,1816911
20100630,14.54,14.76,14.41,14.41,1037509
20100701,14.49,14.51,14.18,14.4,733492
20100702,14.36,14.65,14.36,14.53,1129751
20100705,14.51,14.62,14.34,14.55,411915
20100706,14.62,14.85,14.58,14.79,1553302
20100707,14.9,14.97,14.73,14.8,1091670
20100708,14.84,14.84,14.4,14.4,981656
20100712,14.42,14.7,14.35,14.4,591321
20100713,14.45,14.62,14.38,14.5,605284
20100714,14.4,14.53,14.14,14.14,514312
20100715,14.13,14.43,14.13,14.43,623055
20100716,14.47,14.51,14.29,14.4,637653
20100719,14.39,14.59,14.33,14.44,1059724
20100720,14.54,14.89,14.43,14.76,1194490
20100721,14.62,14.79,14.61,14.61,686736
20100722,14.79,14.79,14.61,14.65,1156408
20100723,14.59,14.71,14.55,14.71,1316774
20100726,14.77,14.77,14.6,14.62,685890
20100727,14.68,14.69,14.31,14.53,2396385
20100728,14.52,14.62,14.44,14.52,1107325
20100729,14.51,14.75,14.51,14.72,584551
20100730,14.72,14.95,14.66,14.84,1187508
20100802,14.98,15.13,14.79,15.11,436244
20100803,15.08,15.17,14.93,14.93,793365
20100804,14.93,15.2,14.84,15.17,963039
20100805,15.02,15.21,15.01,15.12,1485390
20100806,15.04,15.18,14.92,14.97,1019526
20100809,14.97,15.16,14.97,15.1,479404
20100810,14.99,15.35,14.97,15.26,661137
20100811,15.24,15.35,15.09,15.32,860642
20100812,15.17,15.24,14.99,15.13,1218185
20100813,15.17,15.22,15.07,15.07,780882
20100816,15.02,15.36,15.02,15.28,753590
20100817,15.32,15.79,15.32,15.73,1995683
20100818,15.86,16.17,15.75,16.08,2013031
20100819,16,16.28,15.77,15.79,1163390
20100820,15.86,15.89,15.64,15.89,653732
20100823,15.83,16,15.72,15.72,388219
20100824,15.57,15.75,15.5,15.57,673408
20100825,15.56,15.78,15.52,15.78,646962
20100826,15.73,15.89,15.69,15.76,1251189
20100827,15.82,16.27,15.73,15.82,1448790
20100830,15.76,15.93,15.69,15.69,872701
20100831,15.67,15.86,15.39,15.39,1908941
20100901,15.44,15.79,15.4,15.76,1177142
20100902,15.76,16.01,15.48,15.52,1519029
20100903,15.52,15.73,15.43,15.56,853237
20100906,15.56,15.69,15.45,15.66,318403
20100908,15.75,15.75,14.76,14.87,3310976
20100909,14.95,15.16,14.82,15.06,1535743
20100910,15.01,15.33,14.99,15.06,674254
20100913,15.2,15.23,14.99,15.06,1096324
20100914,15.09,15.21,14.91,15.16,1899633
20100915,15.14,15.51,15.12,15.38,820233
20100916,15.52,15.52,15.08,15.08,649289
20100917,15.12,15.16,15,15,456343
20100920,15.01,15.31,15.01,15.23,605284
20100921,15.32,15.35,15.06,15.06,1039625
20100922,15.1,15.27,15.04,15.1,1297098
20100923,15.13,15.2,14.98,15.06,1132502
20100924,15.08,15.12,14.74,14.77,996254
20100927,14.76,14.9,14.6,14.69,747455
20100928,14.83,14.9,14.61,14.86,2929315
20100929,14.89,14.94,14.67,14.67,1331372
20100930,14.72,14.87,14.68,14.68,625594
20101001,14.61,15.06,14.61,14.92,1076226
20101004,14.94,15.21,14.88,15.18,536314
20101005,15.23,15.51,15.23,15.37,1610848
20101006,15.4,15.47,15.31,15.37,1079822
20101007,15.3,15.41,15.16,15.23,1211627
20101008,15.14,15.25,15.04,15.18,1282289
20101011,15.1,15.3,15.09,15.21,579685
20101013,15.34,15.4,15.12,15.2,2994265
20101014,15.18,15.33,15.01,15.25,1215012
20101015,15.34,15.35,15.17,15.17,1062685
20101018,15.17,15.33,15.08,15.21,1369665
20101019,15.14,15.36,15.03,15.04,1827701
20101020,15.13,15.31,15.08,15.25,1304926
20101021,15.18,15.4,15.14,15.28,864238
20101022,15.46,15.46,15.14,15.16,406202
20101025,15.15,15.35,15.05,15.11,1237226
20101026,15.05,15.41,15.04,15.19,967905
20101027,15.21,15.49,15.14,15.47,666003
20101028,15.57,15.67,15.26,15.32,358600
20101029,15.42,15.42,15.13,15.13,732646
20101101,15.04,15.33,15.04,15.21,470306
20101103,15.21,15.27,15.03,15.08,1502104
20101104,15.17,15.28,15.04,15.16,797596
20101105,15.18,15.25,15.15,15.16,550912
20101108,15.2,15.4,15.02,15.35,525524
20101109,15.42,15.48,15.23,15.48,478980
20101110,15.37,15.72,15.36,15.69,937863
20101111,15.61,15.61,15.23,15.37,654155
20101112,15.24,15.37,15.24,15.24,302748
20101116,15.18,15.31,15.07,15.15,803308
20101117,15.07,15.32,15.07,15.32,507330
20101118,15.2,15.4,15.18,15.25,434340
20101119,15.32,15.37,15.15,15.3,473268
20101122,15.22,15.37,15.13,15.18,883914
20101123,15.12,15.32,15.07,15.14,541815
20101124,15.18,15.32,15.13,15.13,1698435
20101125,15.28,15.34,15.09,15.16,335963
20101126,15.16,15.23,15.04,15.04,422916
20101129,15.04,15.18,14.85,14.91,894492
20101130,14.91,15.23,14.76,15.06,1445193
20101201,15.2,15.39,15.15,15.33,923688
20101202,15.51,15.51,15.23,15.29,739627
20101203,15.33,15.61,15.2,15.61,784479
20101206,15.51,15.65,15.42,15.5,433071
20101207,15.61,15.61,15.31,15.31,382930
20101208,15.39,15.44,15.18,15.31,501406
20101209,15.24,15.33,15.19,15.33,475595
20101210,15.39,15.43,15.06,15.24,661772
20101213,15.25,15.29,15.21,15.27,221084
20101214,15.24,15.35,15.12,15.24,383142
20101215,15.15,15.35,15.15,15.33,582224
20101216,15.42,15.59,15.33,15.53,685255
20101217,15.4,15.62,15.29,15.56,520235
20101220,15.46,15.56,15.13,15.21,869316
20101221,15.16,15.47,15.16,15.4,503945
20101222,15.33,15.5,15.21,15.48,507753
20101223,15.42,15.53,15.31,15.5,413819
20101227,15.42,15.51,15.42,15.45,217910
20101228,15.51,15.53,15.45,15.49,211775
20101229,15.51,15.76,15.48,15.67,498233
20101230,15.75,15.97,15.63,15.63,879894
20110103,15.88,15.92,15.71,15.83,746397
20110104,15.82,15.96,15.75,15.88,497175
20110105,15.87,15.97,15.76,15.95,773901
20110106,15.94,16.12,15.94,15.97,898723
20110107,15.94,16.19,15.94,16.09,721433
20110110,16.09,16.22,15.84,15.94,641885
20110111,16.01,16.08,15.95,15.96,814098
20110112,15.97,16.24,15.97,16.11,751052
20110113,16.16,16.46,16.03,16.32,642519
20110114,16.31,16.49,16.19,16.38,696891
20110117,16.35,16.47,16.24,16.41,152326
20110118,16.37,16.38,16.17,16.2,273129
20110119,16.2,16.31,15.94,16.05,385258
20110120,16.02,16.22,15.94,16.03,520659
20110121,16.03,16.16,15.98,15.99,456343
20110124,15.99,16.27,15.94,16.13,321577
20110126,16.07,16.24,15.89,15.93,321365
20110127,15.88,16.04,15.68,15.75,993504
20110128,15.76,15.8,15.39,15.59,1019315
20110131,15.75,15.75,15.48,15.57,427359
20110201,15.51,15.72,15.46,15.72,677004
20110202,15.66,15.68,15.46,15.46,721010
20110203,15.45,15.61,15.44,15.5,449996
20110204,15.39,15.54,15.24,15.24,682505
20110207,15.26,15.43,15.12,15.28,455285
20110208,15.21,15.35,15.15,15.35,507330
20110209,15.29,15.44,15.06,15.06,580320
20110210,15.06,15.27,14.96,15.1,506061
20110211,15.11,15.62,15.03,15.21,984830
20110214,15.29,15.37,15.12,15.12,734761
20110215,15.11,15.29,15.08,15.13,685890
20110216,15.21,15.75,15.12,15.54,809655
20110217,15.51,15.72,15.51,15.68,852814
20110218,15.7,15.82,15.63,15.79,681870
20110221,15.74,15.89,15.58,15.65,575242
20110222,15.65,15.95,15.53,15.82,983137
20110223,15.86,15.94,15.58,15.67,721433
20110224,15.67,16.05,15.67,15.95,916072
20110225,16.05,16.14,15.93,16.04,1027777
20110228,16.24,16.44,16.07,16.42,915225
20110301,16.41,16.41,16.25,16.31,662618
20110302,16.31,16.31,15.97,16.14,1052742
20110303,16.3,16.3,16.06,16.12,346330
20110304,16.12,16.49,16.09,16.42,922842
20110309,16.49,16.52,16.2,16.2,445976
20110310,16.17,16.53,16.15,16.37,823618
20110311,16.46,16.65,16.35,16.47,461844
20110314,16.49,16.91,16.36,16.71,953942
20110315,16.65,17.07,16.51,16.85,921149
20110316,16.85,16.85,16.22,16.31,856411
20110317,16.37,16.65,16.22,16.39,519812
20110318,16.52,16.62,16.31,16.31,1017622
20110321,16.54,16.74,16.51,16.74,594494
20110322,16.62,16.85,16.55,16.75,443649
20110323,16.66,16.99,16.66,16.92,466710
20110324,16.78,17.13,16.78,17.02,528063
20110325,17.07,17.17,16.96,17.15,409376
20110328,17.04,17.15,16.95,16.95,777920
20110329,16.99,17.11,16.79,17.04,796750
20110330,17.11,17.61,17.01,17.57,819810
20110331,17.56,17.77,17.29,17.6,785325
20110401,17.6,17.87,17.6,17.69,834619
20110404,17.83,18.08,17.78,17.94,530179
20110405,18.02,18.32,17.8,18.22,1038779
20110406,18.22,18.22,17.68,17.68,855987
20110407,17.68,17.75,17.48,17.54,552605
20110408,17.59,17.66,17.28,17.3,383777
20110411,17.26,17.52,17.14,17.14,542238
20110412,17.17,17.71,17.12,17.47,1458310
20110413,17.66,17.83,17.33,17.37,569530
20110414,17.33,17.77,17.33,17.49,443861
20110415,17.52,17.67,17.37,17.63,454439
20110418,17.63,18.32,17.63,18.29,1394629
20110419,18.22,18.29,17.97,17.97,998582
20110420,18.14,18.36,18.01,18.22,805847
20110425,18.25,18.28,18.01,18.1,327712
20110426,18.1,18.35,18,18.04,290900
20110427,17.99,18.3,17.99,18.21,582858
20110428,18.21,18.26,17.88,18.08,893857
20110429,18.03,18.16,17.65,17.65,1255420
20110502,17.76,18.16,17.72,17.86,943575
20110503,17.92,18.14,17.82,17.95,638923
20110504,17.87,18.18,17.83,18.18,526371
20110505,18.08,18.2,17.89,17.95,577358
20110506,18.19,18.44,18.1,18.37,352254
20110509,18.35,18.46,18.22,18.42,461844
20110510,18.27,18.61,18.27,18.46,216006
20110511,18.42,18.42,18.13,18.18,612477
20110512,18.37,18.61,18.23,18.44,601053
20110513,18.49,18.59,18.22,18.4,796750
20110516,18.22,18.65,18.22,18.38,773054
20110517,18.34,18.65,18.26,18.42,449996
20110518,18.49,18.49,18.21,18.26,412126
20110519,18.3,18.59,18.3,18.31,411703
20110520,18.46,18.5,18.27,18.3,397528
20110523,18.27,18.4,18.08,18.08,585186
20110524,18.11,18.17,18.03,18.13,558317
20110525,17.97,18.21,17.97,18.07,527005
20110526,18.14,18.14,17.9,17.9,576511
20110527,17.99,18.01,17.68,17.78,619670
20110530,17.78,17.97,17.6,17.72,311633
20110531,17.53,17.8,17.53,17.57,597879
20110601,17.55,17.75,17.49,17.52,568472
20110602,17.42,17.89,17.42,17.87,1133771
20110603,17.81,18.1,17.76,17.84,496540
20110606,17.95,17.95,17.46,17.54,517908
20110607,17.54,17.83,17.45,17.83,521928
20110608,17.88,17.88,17.45,17.45,595341
20110609,17.42,17.63,17.38,17.41,599995
20110610,17.45,17.62,17.04,17.14,868047
20110613,17.14,17.3,16.97,17.14,513465
20110614,17.18,17.36,17.05,17.08,932997
20110615,16.96,17.1,16.82,16.89,1362260
20110616,16.89,17.15,16.75,16.87,1279750
20110617,16.92,17.23,16.92,17.1,808809
20110620,16.96,17.23,16.96,17.1,531025
20110621,17.07,17.33,17.07,17.33,380815
20110622,17.14,17.32,17.06,17.06,390547
20110624,17.06,17.26,17.04,17.1,463325
20110627,17.06,17.22,16.87,16.87,762265
20110628,16.87,17.25,16.75,17.25,690756
20110629,17.36,17.49,17,17.23,546681
20110630,17.36,17.36,17.04,17.29,586666
20110701,17.34,17.36,16.96,17.06,615651
20110704,17.16,17.37,17.07,17.29,336069
20110705,17.39,17.39,17.02,17.29,580214
20110706,17.34,17.34,17.11,17.25,645799
20110707,17.32,17.35,16.9,16.9,1043327
20110708,16.87,17.16,16.85,17.12,731799
20110711,17.04,17.32,16.9,17.32,564241
20110712,17.14,17.45,16.98,17.29,633422
20110713,17.29,17.67,17.21,17.67,481942
20110714,17.66,17.66,17.37,17.41,483952
20110715,17.41,17.54,17.25,17.26,347705
20110718,17.25,17.43,17.04,17.14,412444
20110719,17.18,17.24,16.96,16.98,336598
20110720,17.08,17.19,17.01,17.18,404298
20110721,17.2,17.4,17.06,17.06,451160
20110722,17.08,17.32,16.98,17.18,423339
20110725,17.12,17.24,17.11,17.18,286669
20110726,17.12,17.29,16.98,17.04,378276
20110727,16.99,17.22,16.87,16.87,632259
20110728,16.9,17.13,16.9,17.03,601899
20110729,17.1,17.17,16.91,17.1,526794
20110801,17.44,17.45,16.97,16.98,846467
20110802,16.98,17.42,16.98,17.03,978271
20110803,17.05,17.42,17.05,17.11,1119490
20110804,17.14,17.4,16.61,16.75,996995
20110805,16.75,17.03,16.28,16.28,935959
20110808,16.21,16.32,15.15,15.51,1277000
20110809,15.59,16.24,15.46,16.05,955317
20110810,16.09,16.38,15.55,15.55,1111768
20110811,15.59,15.83,15.43,15.51,993927
20110812,15.58,15.72,15.21,15.21,650770
20110815,15.49,15.9,15.39,15.76,664628
20110816,15.62,16.13,15.62,16.06,510080
20110817,16.14,16.46,16.14,16.46,1259652
20110818,16.33,16.34,15.97,16.34,828907
20110819,16.26,16.31,15.84,15.91,548056
20110822,15.94,16.22,15.64,15.73,703767
20110823,15.76,15.98,15.49,15.98,551970
20110824,15.97,16.06,15.79,16.01,399644
20110825,16,16.05,15.57,15.64,522351
20110826,15.49,16.1,15.49,15.98,725770
20110829,16.33,16.33,15.86,16.22,487337
20110830,16.22,16.34,16.11,16.32,583599
20110831,16.26,16.7,16.26,16.7,818964
20110901,16.74,17.01,16.64,16.74,730847
20110902,16.69,16.97,16.46,16.46,863921
20110905,16.18,16.64,16.1,16.45,514946
20110906,16.15,16.85,16.15,16.79,714980
20110908,16.89,17.04,16.67,16.81,551864
20110909,16.59,16.72,16.43,16.64,428417
20110912,16.56,16.81,16.27,16.77,515369
20110913,16.77,16.79,16.46,16.51,487126
20110914,16.51,16.93,16.48,16.77,618824
20110915,16.67,17.06,16.67,16.69,459093
20110916,16.5,17.1,16.5,17.1,560327
20110919,16.89,17.1,16.78,17.06,777920
20110920,17.14,17.44,16.93,17.3,510080
20110921,17.22,17.79,17.14,17.51,566356
20110922,17.1,17.43,16.5,16.82,1025556
20110923,16.58,16.85,16.5,16.76,694353
20110926,16.77,16.84,16.55,16.68,600735
20110927,16.97,16.97,16.6,16.71,543084
20110928,16.85,16.92,16.52,16.62,784796
20110929,16.64,16.81,16.49,16.76,573126
20110930,16.6,16.79,16.54,16.6,631306
20111003,16.47,16.85,16.44,16.66,631730
20111004,16.46,16.72,16.05,16.19,807328
20111005,16.1,16.35,15.97,16.31,611843
20111006,16.56,16.62,16.24,16.27,625277
20111007,16.48,16.56,16.08,16.08,710749
20111010,16.32,16.44,16.22,16.4,414665
20111011,16.24,16.49,16.2,16.35,464065
20111013,16.49,16.88,16.26,16.88,1027037
20111014,16.93,16.97,16.56,16.66,299997
20111017,16.7,16.73,16.38,16.58,615439
20111018,16.38,17.06,16.38,17.06,798019
20111019,17.05,17.08,16.77,16.99,418156
20111020,16.93,17.12,16.85,16.99,484058
20111021,16.92,17.44,16.92,17.44,487760
20111024,17.71,17.75,17.4,17.55,671292
20111025,17.55,17.65,17.06,17.35,366428
20111026,17.66,17.71,17.3,17.64,558846
20111027,17.75,17.94,17.4,17.43,769458
20111028,17.48,17.63,17.35,17.39,399750
20111031,17.07,17.82,17.07,17.68,714240
20111101,16.85,17.46,16.85,17.29,634374
20111103,17.56,18.14,17.51,17.71,390335
20111104,17.58,17.76,17.16,17.47,544777
20111107,17.47,18.23,17.37,18.19,774747
20111108,18.35,18.35,17.79,17.99,531025
20111109,17.88,18.17,17.73,18.11,724077
20111110,18.1,18.28,17.76,17.76,306027
20111111,18.04,18.46,18.04,18.37,809232
20111114,18.54,18.54,17.99,18.2,438572
20111116,18.5,18.51,17.95,18.31,724077
20111117,18.25,18.38,17.96,17.99,531237
20111118,18.11,18.21,17.93,18.21,448727
20111121,18.09,18.27,17.84,17.92,511138
20111122,17.95,18.34,17.95,18.19,597774
20111123,18.15,18.35,18.05,18.25,539276
20111124,18.34,18.41,18.05,18.28,206063
20111125,18.12,18.66,18.09,18.49,493261
20111128,18.67,19.31,18.56,18.87,650559
20111129,18.87,19,18.43,18.43,854612
20111130,18.62,18.97,18.43,18.43,1503479
20111201,18.66,18.75,18.4,18.43,1317514
20111202,18.43,18.68,18.13,18.23,702604
20111205,18.3,18.67,18.04,18.6,966741
20111206,18.66,19.2,18.51,19.2,845303
20111207,19.18,19.18,18.99,19,495377
20111208,19.16,19.28,18.85,19.14,508494
20111209,19.13,19.19,18.98,19.14,542661
20111212,19.13,19.41,19.02,19.41,598726
20111213,19.46,19.72,19.33,19.72,694987
20111214,19.63,19.99,19.49,19.82,1004082
20111215,19.72,20.3,19.6,20.13,745974
20111216,20.36,20.4,19.97,20.04,567943
20111219,20.04,20.46,19.99,20.36,476124
20111220,20.61,20.82,20.36,20.72,804048
20111221,20.46,20.77,20.46,20.69,606130
20111222,20.93,21.05,20.63,20.85,480461
20111223,21.02,21.25,20.85,21.14,416357
20111226,20.93,21.41,20.91,21.33,275350
20111227,21.33,21.52,21.13,21.33,441639
20111228,21.33,21.48,21.06,21.07,650770
20111229,21.09,21.27,20.9,20.94,687583
20120102,20.85,21.22,20.77,20.77,547421
20120103,20.78,21.07,20.45,20.61,529015
20120104,20.73,20.89,20.44,20.86,585397
20120105,20.85,20.96,20.57,20.91,503310
20120106,21,21.12,20.69,20.9,341358
20120109,20.89,21.09,20.73,20.96,573126
20120110,21.15,21.17,20.32,20.44,668965
20120111,20.48,20.59,20.28,20.38,377535
20120112,20.51,20.61,20.24,20.4,360610
20120113,20.34,20.53,20.2,20.44,500666
20120116,20.44,20.53,20.31,20.53,148623
20120117,20.44,20.59,20.03,20.21,897983
20120118,20.21,20.52,20.11,20.52,722067
20120119,20.52,20.52,20.21,20.22,574819
20120120,20.32,20.57,20.23,20.48,391499
20120123,20.5,20.7,20.28,20.29,585714
20120124,20.39,20.67,20.33,20.4,644952
20120126,20.44,20.66,20.37,20.44,726193
20120127,20.45,20.55,20.28,20.44,329828
20120130,20.32,20.58,20.32,20.48,409376
20120131,20.62,20.79,20.48,20.77,784902
20120201,20.85,20.93,20.61,20.71,896502
20120202,20.69,20.89,20.5,20.69,579896
20120203,20.59,20.76,20.4,20.61,635644
20120206,20.47,20.93,20.29,20.93,642308
20120207,20.94,21.36,20.73,21.29,740050
20120208,21.33,21.33,21.02,21.09,527323
20120209,21.17,21.4,20.95,21.37,433494
20120210,21.25,21.41,21.06,21.31,499925
20120213,21.36,21.68,21.25,21.67,441957
20120214,21.69,21.72,21.41,21.53,321894
20120215,21.71,21.78,21.5,21.57,473797
20120216,21.43,21.88,21.43,21.85,382401
20120217,21.74,22.18,21.59,22.18,350138
20120222,22.1,22.1,21.84,21.93,445024
20120223,21.89,21.93,21.68,21.89,523515
20120224,21.89,22.12,21.68,22.12,439206
20120227,22.05,22.14,21.96,22.13,320096
20120228,22.14,22.28,22.05,22.09,426195
20120229,22.14,22.49,22.14,22.27,751263
20120301,22.3,22.5,22.16,22.42,601053
20120302,22.51,22.54,22.29,22.42,487126
20120305,22.47,22.9,22.28,22.76,564664
20120306,22.54,23.13,22.51,23.01,902108
20120307,22.95,23.05,22.58,22.58,503416
20120308,23.14,23.31,22.63,22.78,665474
20120309,22.86,23.47,22.71,23.45,762159
20120312,23.36,23.83,23.35,23.58,897560
20120313,23.67,23.97,23.43,23.56,813886
20120314,23.58,23.76,23.26,23.44,776122
20120315,23.36,23.71,23.05,23.14,792836
20120316,23.31,23.33,22.61,23,586666
20120319,23.08,23.09,22.72,22.81,510927
20120320,22.68,22.92,22.43,22.54,1124145
20120321,22.53,22.84,22.23,22.74,1436625
20120322,22.84,22.85,22.44,22.54,600947
20120323,22.56,22.63,22.26,22.39,767977
20120326,22.39,22.61,22.38,22.6,413396
20120327,22.56,22.81,22.47,22.66,478769
20120328,22.72,22.8,22.31,22.43,543296
20120329,22.23,22.33,21.83,22.3,850275
20120330,22.35,22.46,21.97,22.1,925063
20120402,21.89,22.84,21.89,22.84,847102
20120403,22.85,23.01,22.36,22.36,555461
20120404,22.34,22.49,22.15,22.25,358918
20120405,22.34,22.67,22.23,22.67,708527
20120409,22.54,22.55,22.32,22.45,477711
20120410,22.4,22.62,22.31,22.62,653203
20120411,22.54,22.54,21.97,21.97,588571
20120412,22.1,22.18,21.43,21.65,1526328
20120413,21.41,21.65,21.14,21.56,1281972
20120416,21.64,21.83,21.15,21.31,724077
20120417,21.31,21.39,21.05,21.24,902426
20120418,21.36,21.52,21.14,21.31,1281125
20120419,21.51,21.58,21.17,21.2,801298
20120420,21.33,21.48,21.15,21.15,372881
20120423,21.1,21.15,20.9,20.97,532189
20120424,21.18,21.36,21.02,21.36,651299
20120425,21.56,21.87,21.31,21.76,617449
20120426,21.89,22.05,21.42,21.54,496540
20120427,21.7,22.06,21.59,22.03,707787
20120430,21.77,22.1,21.76,22.1,428205
20120502,21.82,22.38,21.49,22.38,742589
20120503,22.27,22.37,21.75,21.91,864027
20120504,21.91,21.92,21.58,21.87,691708
20120507,22.22,22.22,21.62,21.73,571222
20120508,21.52,21.87,21.5,21.78,1013708
20120509,21.68,21.84,21.53,21.58,660608
20120510,21.56,21.88,21.52,21.81,907397
20120511,21.8,21.86,21.6,21.81,516850
20120514,21.64,21.78,21,21,768294
20120515,20.81,21.24,20.59,21.01,637548
20120516,21.34,21.61,21.17,21.44,921784
20120517,21.56,21.59,21.01,21.1,630354
20120518,20.98,21.33,20.88,21.03,702286
20120521,21.02,21.02,20.12,20.32,1071254
20120522,20.32,20.54,19.95,20.42,893752
20120523,20.55,20.73,19.8,20.1,974992
20120524,20,20.29,19.83,19.99,635749
20120525,20.02,20.17,19.56,19.76,439629
20120528,19.76,20.28,19.69,20.26,307931
20120529,20.27,20.39,19.78,19.9,858632
20120530,19.91,20.11,19.57,19.87,714134
20120531,20.19,20.57,19.98,20.46,4128565
20120601,20.12,20.27,19.89,20.11,803520
20120604,20.18,20.51,20.11,20.46,758668
20120605,20.38,20.65,20.01,20.01,732117
20120606,20.01,20.37,19.78,20.37,830071
20120608,20.22,20.42,19.9,20.42,567097
20120611,20.27,20.53,20.2,20.53,563077
20120612,20.44,21.3,20.43,21.3,1234793
20120613,21.35,21.52,20.97,21.35,1097805
20120614,21.29,21.69,21.07,21.38,1024075
20120615,21.24,21.93,21.24,21.31,3045357
20120618,21.32,21.64,21.19,21.49,548797
20120619,21.48,21.72,21.23,21.33,708845
20120620,21.36,21.54,21.16,21.51,696468
20120621,21.55,21.63,20.98,21.01,499714
20120622,21.13,21.23,20.6,20.65,287303
20120625,20.5,20.85,20.5,20.69,316393
20120626,20.95,20.96,20.61,20.8,752850
20120627,20.8,21.29,20.8,21.09,430426
20120628,21.06,21.31,20.92,21.1,749148
20120629,21.24,21.47,20.7,21.06,1125097
20120702,21.05,21.27,20.8,21.27,579262
20120703,21.19,21.19,20.23,20.56,1012756
20120704,20.66,20.85,20.51,20.71,210400
20120705,20.64,20.89,20.28,20.37,668119
20120706,20.32,20.51,20.07,20.15,308460
20120710,20.45,20.47,19.49,19.65,1271711
20120711,19.65,19.73,18.93,19.1,1197346
20120712,18.9,19.1,18.74,18.94,901685
20120713,19.01,19.34,18.97,19.24,1031903
20120716,19.35,19.38,18.89,19.3,830600
20120717,19.25,19.44,19.01,19.23,1044597
20120718,19.2,19.33,19.01,19.17,733069
20120719,19.22,19.52,19.15,19.4,637442
20120720,19.38,19.54,19.01,19.49,903801
20120723,19.16,19.43,19.02,19.17,877461
20120724,19.18,19.24,18.83,18.89,797067
20120725,19.12,19.12,18.76,18.9,651193
20120726,19.17,19.35,19.01,19.17,596081
20120727,19.41,19.88,19.3,19.79,2193283
20120730,19.79,19.86,19.59,19.86,672667
20120731,20.02,20.07,19.6,19.6,458988
20120801,19.98,19.98,19.47,19.69,1089871
20120802,19.4,19.61,19.14,19.25,1297627
20120803,19.78,19.81,19.48,19.65,1096536
20120806,19.36,20.17,19.36,19.91,1136521
20120807,19.88,20.29,19.82,20.11,550701
20120808,20.3,20.3,19.75,20.11,651828
20120809,19.82,20.07,19.74,19.92,666743
20120810,20.18,20.23,19.83,20.23,832292
20120813,20.08,20.2,19.82,19.98,606659
20120814,19.99,20.08,19.88,20,805212
20120815,20,20.05,19.78,19.97,814098
20120816,20.16,20.3,19.95,20.07,1178411
20120817,19.98,20.4,19.88,19.95,728732
20120820,19.98,20.07,19.48,19.48,828167
20120821,19.65,19.74,19.48,19.61,1193644
20120822,19.61,19.75,19.34,19.41,598831
20120823,19.36,19.44,19.16,19.32,779824
20120824,19.17,19.49,19.15,19.27,911735
20120827,19.33,19.33,19.05,19.11,400384
20120828,19.14,19.31,18.85,19.1,596610
20120829,19.02,19.07,18.56,18.62,886453
20120830,18.55,18.78,18.18,18.21,771679
20120831,18.21,18.39,17.24,18.33,2636404
20120903,18.41,19,18.21,18.8,631730
20120904,18.65,18.93,18.38,18.63,1792581
20120905,18.82,18.86,18.37,18.86,666426
20120906,18.75,19.83,18.75,19.83,2209785
20120910,19.76,19.77,19.31,19.47,1395581
20120911,19.49,19.76,19.11,19.27,1645756
20120912,19.06,19.19,18.14,19.02,2713202
20120913,18.85,19.56,18.85,19.56,1082784
20120914,19.55,20.23,19.13,20.03,1607145
20120917,19.86,20.24,19.86,20,697526
20120918,19.89,20.16,19.54,20.07,645058
20120919,20.03,20.07,19.68,19.87,516321
20120920,19.64,19.87,19.48,19.64,446400
20120921,19.59,19.66,19.24,19.4,1095795
20120924,19.37,19.54,19.27,19.54,960288
20120925,19.61,19.73,19.33,19.49,1066388
20120926,19.56,19.78,19.37,19.78,954788
20120927,19.8,19.81,19.2,19.53,659868
20120928,19.33,19.78,18.98,19.09,724289
20121001,19.09,19.43,18.76,19.14,418685
20121002,19.18,19.39,19.11,19.18,1002813
20121003,19.18,19.53,19.06,19.1,942306
20121004,19.2,19.37,18.85,18.93,608140
20121005,18.93,19.23,18.85,18.93,946008
20121008,19.04,19.22,18.82,19.18,494953
20121009,19.02,19.24,18.72,18.82,673831
20121010,18.82,19.14,18.72,18.98,706835
20121011,18.98,19.1,18.83,19.04,678379
20121015,19.4,19.89,19.28,19.89,1367232
20121016,19.75,20.07,19.72,19.72,709056
20121017,19.89,19.99,19.66,19.88,838005
20121018,19.88,20.19,19.71,20.19,607188
20121019,20.13,20.19,19.78,19.78,582753
20121022,19.98,20.17,19.43,19.94,809232
20121023,19.8,20.15,19.71,20.08,529121
20121024,20.21,20.21,19.78,20,651405
20121025,19.92,20.14,19.83,20.14,293121
20121026,19.84,20.23,19.84,20.07,1109758
20121029,20.15,20.24,19.84,20.18,352677
20121030,20.21,20.24,19.92,20.17,279581
20121031,20.17,20.19,19.9,20.13,980176
20121101,20.24,20.46,20.02,20.38,957221
20121105,20.07,20.24,19.54,19.81,1110605
20121106,19.81,20.1,19.56,19.84,528804
20121107,19.74,19.93,19.49,19.74,427993
20121108,19.73,19.84,19.32,19.44,639981
20121109,19.4,19.4,18.8,19.06,554086
20121112,19.05,19.08,18.73,18.98,404616
20121113,18.77,19.12,18.57,18.99,495588
20121114,18.91,18.99,18.45,18.6,562654
20121116,18.6,18.98,18.48,18.91,577252
20121119,18.62,19.03,18.53,18.76,385892
20121121,18.48,18.91,18.48,18.82,429686
20121122,18.81,18.96,18.42,18.96,358706
20121123,18.76,19.51,18.66,19.44,455285
20121126,19.23,19.38,18.8,18.97,563500
20121127,19.09,19.47,19.04,19.07,755495
20121128,19.03,19.34,18.93,19.26,527534
20121129,19.26,19.6,19.14,19.44,605813
20121130,19.72,19.93,19.22,19.49,1122875
20121203,19.74,19.84,19.26,19.58,547633
20121204,19.65,19.83,19.29,19.53,461844
20121205,19.53,19.61,19.11,19.27,459305
20121206,19.23,19.4,18.73,19.1,1379291
20121207,19.17,19.29,18.89,19.01,1192586
20121210,18.94,19.13,18.6,19.11,1128270
20121211,19.15,19.38,18.9,19.34,773266
20121212,19.24,19.49,19.04,19.21,932785
20121213,19.13,19.49,19.02,19.11,768823
20121214,19.31,19.31,18.68,18.98,1346075
20121217,18.97,19.22,18.81,19.09,899993
20121218,19.17,19.17,18.91,18.97,617555
20121219,18.97,19.19,18.86,18.97,780776
20121220,18.92,19.02,18.62,18.68,1555418
20121221,18.5,18.74,18.41,18.69,653732
20121226,18.72,18.92,18.37,18.37,776334
20121227,18.48,18.7,18.13,18.15,664945
20121228,18.25,18.27,18.04,18.25,957221
20130102,18.47,18.93,18.13,18.9,1134617
20130103,18.9,19.02,18.58,18.72,1099498
20130104,18.65,18.8,17.93,18.15,2682314
20130107,18.25,18.25,17.35,17.56,1610848
20130108,17.5,17.59,17.17,17.18,1798717
20130109,17.19,17.57,17.06,17.57,1306196
20130110,17.87,17.93,17.53,17.73,879894
20130111,17.75,17.75,17.37,17.67,652780
20130114,17.77,17.98,17.61,17.84,715826
20130115,17.84,17.91,17.5,17.69,1148052
20130116,17.63,18.09,17.61,18.08,568155
20130117,18,18.26,17.86,18.25,1926713
20130118,18.24,18.33,18.04,18.33,505743
20130121,18.33,18.39,18.17,18.25,196648
20130122,18.32,18.53,18.24,18.4,545306
20130123,18.5,18.5,18.21,18.43,649501
20130124,18.43,18.48,18.11,18.31,634163
20130128,18.08,18.14,17.66,17.86,1130809
20130129,17.91,17.98,17.6,17.66,753062
20130130,17.56,17.82,17.24,17.44,972982
20130131,17.43,17.6,17.19,17.31,1041635
20130201,17.42,17.75,17.26,17.64,1778089
20130204,17.51,17.59,17.34,17.52,619353
20130205,17.5,17.64,17.27,17.4,1010112
20130206,17.39,17.4,17.13,17.23,721327
20130207,17.23,17.31,16.97,17.05,571328
20130208,16.94,17.21,16.8,17.02,819704
20130213,16.85,17.12,16.72,16.93,838322
20130214,16.91,17.05,16.7,16.76,363890
20130215,16.73,16.94,16.71,16.86,477394
20130218,16.86,17.14,16.63,16.97,428311
20130219,16.88,16.88,16.58,16.67,1037721
20130220,16.64,16.79,16.4,16.41,722914
20130221,16.41,16.59,16.15,16.2,1240082
20130222,16.21,16.64,16.14,16.63,1849915
20130225,16.56,16.99,16.32,16.94,1139589
20130226,16.92,17.19,16.77,17.19,1091987
20130227,17.13,17.17,16.83,16.84,1087438
20130228,16.76,17.23,16.7,17.21,1099392
20130301,17.08,17.64,16.73,16.97,1172064
20130304,16.89,17.11,16.89,17,849535
20130305,16.94,17.22,16.91,16.93,1191211
20130306,17.06,17.48,16.95,17.48,1274355
20130307,17.74,18.51,17.56,18.33,2568175
20130308,18.16,18.17,17.75,17.83,1132713
20130311,17.89,18.05,17.81,17.91,857892
20130312,18.05,18.27,17.92,18.12,808386
20130313,18.08,18.25,18,18.16,585291
20130314,18.15,18.24,17.9,18.04,1081515
20130315,18.02,18.21,17.88,18.21,894704
20130318,18.2,18.21,17.85,18.11,582012
20130319,18.15,18.15,17.63,17.91,707787
20130320,17.76,17.77,17.02,17.54,1647977
20130321,17.57,17.76,17.21,17.35,885395
20130322,17.35,17.53,17.05,17.21,928765
20130325,17.34,17.51,17.1,17.35,1025344
20130326,17.35,17.89,17.17,17.74,1108912
20130327,17.75,17.94,17.24,17.82,1603760
20130328,17.9,18.08,17.72,17.99,1046607
20130401,17.79,18.09,17.69,18.04,870162
20130402,17.89,18.08,17.73,17.86,962510
20130403,17.93,18.2,17.76,18.17,848688
20130404,18.09,18.18,17.96,18.04,3888863
20130405,17.91,18.29,17.74,18.11,1385426
20130408,18.1,18.38,17.89,18.25,1381830
20130409,18.24,18.72,18.15,18.47,1599423
20130410,18.57,18.95,18.46,18.5,1165188
20130411,18.49,18.52,18.19,18.33,788181
20130412,18.18,18.4,18.07,18.16,1149321
20130415,18.09,18.1,17.86,18.02,1027883
20130416,18.22,18.48,17.98,18.36,1318678
20130417,18.12,18.33,18.02,18.12,1821883
20130418,18.15,18.44,17.92,18.25,923582
20130419,18.21,18.46,18.1,18.33,799817
20130422,18.33,18.41,18.1,18.3,496117
20130423,18.3,18.73,18.14,18.57,714874
20130424,18.49,18.77,18.49,18.59,619882
20130425,18.54,18.86,18.38,18.66,818541
20130426,18.68,18.77,18.35,18.48,740579
20130429,18.63,18.63,18.17,18.39,817060
20130430,18.22,18.79,18.22,18.79,1214906
20130502,18.64,19.06,18.64,18.96,1059512
20130503,19.15,19.17,18.83,18.97,1330843
20130506,18.8,19.06,18.76,18.91,3986817
20130507,18.76,19.18,18.76,18.99,582012
20130508,19.06,19.28,18.79,19,893857
20130509,18.99,19.1,18.72,19.02,682505
20130510,18.99,19.09,18.78,19.05,591744
20130513,18.93,19.13,18.82,19.07,627921
20130514,19.09,19.46,18.84,19.27,1530771
20130515,19.24,19.43,19.12,19.34,644423
20130516,19.24,19.65,19.24,19.4,1022911
20130517,19.44,19.76,19.36,19.58,1053800
20130520,19.6,19.81,19.46,19.62,953836
20130521,19.69,20.07,19.53,20,1357288
20130522,20.06,20.54,19.85,20.17,1718957
20130523,19.99,20.26,19.81,20.13,950133
20130524,20.07,20.57,19.92,20.55,1081620
20130527,20.55,20.64,20.28,20.48,516321
20130528,20.49,20.56,20.25,20.53,1554678
20130529,20.44,20.49,20.06,20.12,1093256
20130531,19.85,20.21,19.63,19.63,1342690
20130603,19.48,19.85,19.36,19.66,1325554
20130604,19.6,19.81,19.44,19.68,894281
20130605,19.51,19.7,19.31,19.61,1155139
20130606,19.61,19.66,19.38,19.56,909513
20130607,19.56,19.56,19.05,19.31,1330843
20130610,19.29,19.51,19.15,19.32,935324
20130611,19.24,19.3,18.87,18.9,844880
20130612,18.95,19.02,18.44,18.76,1050521
20130613,18.75,19.15,18.62,19.04,1052319
20130614,18.9,19.21,18.22,18.28,1462965
20130617,18.19,18.59,18.13,18.28,1104046
20130618,18.23,18.47,17.84,17.94,1871812
20130619,17.81,18.22,17.34,17.44,1590326
20130620,17.43,17.47,16.85,17,1743816
20130621,16.86,17.12,16.21,16.73,3614782
20130624,16.59,16.73,16.2,16.36,1241986
20130625,16.49,17.12,16.44,16.94,1552245
20130626,17.07,17.6,17.03,17.45,1120231
20130627,17.49,18,17.45,17.88,1253410
20130628,17.74,18.13,17.48,18.06,1362683
20130701,17.7,18.05,17.59,18.05,1454819
20130702,17.91,18.04,17.32,17.78,1214906
20130703,17.53,17.9,17.43,17.51,2166098
20130704,17.65,17.98,17.53,17.92,458882
20130705,17.77,17.94,17.32,17.77,1049569
20130708,17.57,17.97,17.4,17.74,1253199
20130710,17.66,18.01,17.47,18.01,926227
20130711,18.15,18.42,17.98,18.27,1038250
20130712,18.15,18.36,17.82,17.88,1058454
20130715,18.18,18.18,17.66,18.17,753696
20130716,18.3,18.39,17.99,18.14,899570
20130717,18.22,18.57,18.15,18.43,887299
20130718,18.43,18.69,18.36,18.65,692766
20130719,18.5,18.63,18.22,18.47,729578
20130722,18.44,18.88,18.4,18.69,731588
20130723,18.74,18.94,18.52,18.6,584128
20130724,18.64,18.84,18.09,18.22,2185032
20130725,18.08,18.85,18.08,18.75,842236
20130726,18.67,18.95,18.5,18.73,637865
20130729,18.63,18.97,18.51,18.88,673725
20130730,19.01,19.01,18.51,18.51,1049569
20130731,18.49,18.61,18.29,18.41,650982
20130801,18.36,18.94,18.36,18.9,833350
20130802,18.88,19,18.4,18.4,568366
20130805,18.39,18.65,18.19,18.48,511455
20130806,18.62,18.62,18.01,18.15,1062368
20130807,18.01,18.31,17.98,18.31,569001
20130808,18.25,18.73,18.01,18.73,876615
20130809,18.71,18.86,18.42,18.75,1042375
20130812,18.75,19.08,18.63,18.76,1065118
20130813,18.63,19.01,18.58,18.97,1007361
20130814,18.83,19.18,18.68,18.97,1580700
20130815,18.81,18.82,17.98,18.18,1462541
20130816,18.07,18.31,17.86,18.31,874288
20130819,18.16,18.3,17.44,17.65,1189518
20130820,17.65,17.73,17.45,17.61,661454
20130821,17.47,17.74,17.15,17.26,974781
20130822,17.26,17.67,17.25,17.53,703767
20130823,17.53,17.53,17.09,17.44,1039096
20130826,17.44,17.59,17.21,17.24,665474
20130827,17.1,17.44,17.07,17.32,1170583
20130828,17.23,17.45,16.96,17.33,599360
20130829,17.23,17.43,17.04,17.13,542555
20130830,17.13,17.37,16.9,17.33,692131
20130902,17.47,18.09,17.32,17.59,719846
20130903,17.59,17.86,17.25,17.33,1004400
20130904,17.19,17.35,17.05,17.33,779613
20130905,17.19,17.55,17.12,17.42,1036875
20130906,17.56,17.62,17.31,17.53,1241880
20130909,17.52,17.95,17.49,17.84,1388071
20130910,17.94,17.94,17.49,17.59,943998
20130911,17.71,17.71,17.28,17.45,760255
20130912,17.51,17.51,17.25,17.42,1049145
20130913,17.42,17.42,17.19,17.4,1260180
20130916,17.3,17.42,17.25,17.35,877673
20130917,17.29,17.58,17.29,17.58,993821
20130918,17.5,17.71,17.26,17.71,1043539
20130919,17.71,17.71,17.33,17.43,710431
20130920,17.51,17.51,17.06,17.06,727462
20130923,17.11,17.23,16.98,17.21,736771
20130924,17.17,17.28,17.12,17.2,915225
20130925,17.2,17.28,17.03,17.19,1354221
20130926,17.18,17.34,17.11,17.22,877990
20130927,17.18,17.29,17.13,17.28,843399
20130930,17.25,17.25,16.98,17.23,1393466
20131001,17.2,17.21,16.99,17.11,790297
20131002,17.1,17.42,17.03,17.33,4096407
20131003,17.32,17.33,17.09,17.19,1182642
20131004,17.23,17.24,17.03,17.11,550595
20131007,17.19,17.21,16.86,17.01,842447
20131008,16.97,17.14,16.86,16.97,759514
20131009,16.97,17.75,16.95,17.19,1680029
20131010,17.19,17.62,17.19,17.59,2344869
20131011,17.59,17.75,17.52,17.67,1239024
20131014,17.64,17.89,17.56,17.71,959548
20131015,17.72,17.82,17.34,17.43,1352845
20131016,17.55,17.68,17.45,17.59,1050203
20131017,17.57,17.61,17.39,17.49,680389
20131018,17.42,17.74,17.4,17.59,910571
20131021,17.67,17.69,17.54,17.58,540122
20131022,17.6,17.89,17.55,17.77,933843
20131023,17.84,18.06,17.73,17.85,971396
20131024,17.82,17.93,17.24,17.51,1056021
20131025,17.51,17.51,17.29,17.38,694564
20131028,17.38,17.54,17.26,17.4,748196
20131029,17.39,17.47,17.11,17.24,521293
20131030,17.24,17.3,17.09,17.13,655319
20131031,17.12,17.18,16.79,17.01,1261661
20131101,16.88,17.2,16.83,17.18,1301753
20131104,17.18,17.19,16.89,17.03,884760
20131105,17.02,17.19,16.97,17.14,969915
20131106,17.13,17.15,16.75,16.84,1916452
20131107,16.8,17.01,16.69,16.75,1392831
20131108,16.71,16.79,16.33,16.4,1362789
20131111,16.41,16.66,16.34,16.58,1046501
20131112,16.58,16.94,16.48,16.8,1955909
20131113,16.79,16.95,16.56,16.88,1108383
20131114,16.87,17.36,16.85,17.17,1463070
20131118,17.05,17.35,17.03,17.28,967905
20131119,17.16,17.24,16.8,17.02,1131021
20131121,16.74,16.95,16.61,16.86,1604818
20131122,16.77,17.12,16.63,17.02,1206549
20131125,17.08,17.08,16.72,16.98,1341421
20131126,17.07,17.33,16.71,17.14,1489304
20131127,17.22,17.32,17,17.29,899675
20131128,17.29,17.32,16.91,17.15,320942
20131129,17,17.27,16.94,17.27,769881
20131202,17.11,17.17,16.77,16.87,820127
20131203,16.84,16.95,16.51,16.84,1010958
20131204,16.71,16.83,16.47,16.47,701546
20131205,16.4,16.85,16.4,16.68,842236
20131206,16.68,16.84,16.47,16.55,809972
20131209,16.65,16.72,16.43,16.64,889203
20131210,16.76,16.79,16.47,16.53,673090
20131211,16.48,16.62,16.25,16.34,932150
20131212,16.27,16.47,16.19,16.39,1110287
20131213,16.39,16.78,16.3,16.77,809126
20131216,16.77,16.83,16.4,16.45,918505
20131217,16.53,16.79,16.38,16.68,924005
20131218,16.97,16.97,16.68,16.75,1392408
20131219,16.67,16.87,16.63,16.75,992975
20131220,16.84,17.31,16.72,17.24,1343642
20131223,17.24,17.3,16.99,17.12,605707
20131226,17.12,17.21,16.67,16.79,631095
20131227,16.79,16.91,16.54,16.78,461103
20131230,16.78,16.96,16.65,16.96,885924
20140102,16.95,17.04,16.44,16.44,921890
20140103,16.31,16.71,16.31,16.36,1029047
20140106,16.26,16.54,16.08,16.4,1000274
20140107,16.44,16.82,16.17,16.26,1155774
20140108,16.17,16.37,16.14,16.32,886876
20140109,16.19,16.32,16.06,16.14,818117
20140110,16.05,16.36,15.87,16.35,1471216
20140113,16.44,16.48,16.09,16.22,810184
20140114,16.07,16.49,16.06,16.35,845727
20140115,16.43,16.66,16.31,16.64,829965
20140116,16.56,16.85,16.52,16.77,921890
20140117,16.71,16.75,16.55,16.62,820656
20140120,16.52,16.57,16.26,16.26,200351
20140121,16.3,16.54,16.17,16.29,1088390
20140122,16.42,16.8,16.26,16.76,858738
20140123,16.61,16.87,16.47,16.5,750946
20140124,16.34,16.49,15.99,16.24,974886
20140127,16.24,16.57,16.16,16.39,1107114
20140128,16.53,16.63,16.29,16.39,857892
20140129,16.24,16.34,15.94,16.17,649395
20140130,16.29,16.29,15.71,15.73,1605559
20140131,15.68,16.09,15.68,16.09,1904710
20140203,16.01,16.06,15.62,15.62,983984
20140204,15.56,15.92,15.55,15.65,1563563
20140205,15.49,15.72,15.19,15.31,1207289
20140206,15.41,15.95,15.38,15.66,1317832
20140207,15.74,16.07,15.69,15.86,3133157
20140210,15.68,15.98,15.65,15.72,1531088
20140211,15.76,15.94,15.54,15.8,1785388
20140212,15.96,15.96,15.35,15.73,2466307
20140213,15.72,15.72,15.09,15.26,1225801
20140214,15.39,15.5,14.88,14.88,2273678
20140217,14.98,15.01,14.07,14.17,2676813
20140218,14.13,14.28,13.6,13.7,3627370
20140219,13.58,14.53,13.58,14.44,2759958
20140220,14.47,15.19,14.23,15.06,2958722
20140221,15.06,15.23,14.71,14.86,1466773
20140224,14.83,14.92,14.44,14.57,938286
20140225,14.42,14.56,14.22,14.22,1186768
20140226,14.36,14.69,14.34,14.64,822455
20140227,14.84,15.33,14.57,15.14,3180124
20140228,15.14,15.3,14.83,14.93,1955591
20140305,14.8,14.9,14.42,14.48,908350
20140306,14.57,15.13,14.31,15.03,1177988
20140307,14.9,15.03,14.44,14.51,1327140
20140310,14.57,14.57,13.96,14.03,1566102
20140311,14.16,14.64,14.1,14.57,2387499
20140312,14.41,14.97,14.38,14.97,2357246
20140313,15.11,15.64,15.03,15.64,4058220
20140314,15.65,15.81,14.88,15.03,2854633
20140317,14.95,15.24,14.83,14.85,1046818
20140318,14.85,15.18,14.55,15.11,2046247
20140319,15.19,15.3,14.98,15.06,957644
20140320,15.04,15.36,14.82,15.36,1634226
20140321,15.14,15.54,15.03,15.32,911840
20140324,15.59,15.59,15.23,15.42,1532992
20140325,15.48,15.78,15.09,15.78,2426004
20140326,15.99,15.99,15.55,15.55,1803688
20140327,15.67,16.44,15.65,16.44,3704379
20140328,16.58,16.94,16.37,16.59,2130132
20140331,16.79,16.82,16.49,16.53,1439269
20140401,16.7,16.73,16.01,16.39,1517231
20140402,16.38,16.95,16.3,16.75,3231005
20140403,16.95,17.16,16.51,16.71,1325765
20140404,16.93,17.06,16.54,16.64,1193432
20140407,16.83,16.87,16.52,16.55,1394629
20140408,16.95,17.05,16.4,16.55,2208516
20140409,16.92,16.92,16.03,16.39,1704676
20140410,16.26,16.63,16.17,16.55,1127212
20140411,16.57,16.88,16.5,16.88,1424883
20140414,16.92,17.29,16.72,17.08,2201852
20140415,16.88,17.67,16.74,17.67,3202126
20140416,17.51,17.75,16.8,17.34,3020181
20140417,17.42,17.58,17.24,17.37,938392
20140422,17.5,17.91,17.45,17.67,932785
20140423,17.46,17.72,17.26,17.42,1133454
20140424,17.52,17.52,17.27,17.42,1254362
20140425,17.26,17.42,17.13,17.24,1309475
20140428,17.15,17.34,17.02,17.24,944950
20140429,17.33,17.59,17.08,17.19,1128376
20140430,17.13,17.33,16.99,17.33,2319905
20140502,17.19,17.66,17.18,17.43,1644169
20140505,17.78,17.78,17.36,17.55,1251718
20140506,17.69,18.1,17.52,17.92,1220935
20140507,17.92,18.14,17.61,18.03,1460955
20140508,17.96,18.07,17.52,17.63,1021113
20140509,17.63,17.68,17.06,17.19,1049886
20140512,17.3,17.52,17.08,17.52,870162
20140513,17.41,17.64,17.23,17.28,960183
20140514,17.35,17.72,17.26,17.3,1065753
20140515,17.32,17.36,16.77,16.86,763005
20140516,16.91,17.52,16.86,17.17,1345547
20140519,17.15,17.15,16.5,16.52,1172170
20140520,16.52,16.77,16.4,16.5,2160280
20140521,16.53,16.63,16.18,16.3,1561130
20140522,16.2,16.77,16.06,16.77,1181584
20140523,16.75,16.79,16.38,16.57,930564
20140526,16.56,16.81,16.46,16.71,446928
20140527,16.82,16.96,16.22,16.22,881164
20140528,16.23,16.65,16.14,16.6,1445511
20140529,16.67,16.77,16.42,16.77,1318255
20140530,16.57,17.01,16.38,16.68,4851797
20140602,16.54,17.14,16.51,16.82,1162544
20140603,16.67,16.95,16.57,16.86,799923
20140604,16.82,16.96,16.6,16.92,781623
20140605,17.04,17.12,16.91,17.02,684726
20140606,17.25,17.87,17.22,17.86,1438106
20140609,17.78,18.61,17.52,18.51,1722554
20140610,18.57,18.79,18.36,18.54,1615502
20140611,18.87,18.93,18.51,18.85,1361731
20140613,18.75,19.02,18.34,18.64,1398966
20140616,18.24,18.61,18.18,18.52,1143609
20140617,18.79,18.79,18.44,18.51,575665
20140618,18.57,19.13,18.53,19.09,976685
20140620,18.77,19.11,18.58,18.77,1174180
20140623,18.85,18.94,18.24,18.34,387585
20140624,18.33,18.7,18.27,18.51,659127
20140625,18.52,18.91,18.43,18.66,1721813
20140626,18.77,18.79,18.4,18.53,384411
20140627,18.43,18.63,18.23,18.49,311422
20140630,18.49,18.63,18.14,18.63,979752
20140701,18.63,18.63,18.07,18.17,719211
20140702,18.27,18.3,17.67,17.96,769987
20140703,17.74,18.18,17.63,18.15,776228
20140704,18.26,18.47,18.15,18.4,84519
20140707,18.16,18.51,18.07,18.38,552393
20140708,18.24,18.47,18.2,18.34,377959
20140710,18.64,18.65,18.34,18.49,922524
20140711,18.49,18.68,18.42,18.51,706517
20140714,18.7,18.96,18.47,18.94,1205491
20140715,18.88,19.01,18.59,18.68,970126
20140716,18.79,18.91,18.4,18.51,871643
20140717,18.51,18.62,18.21,18.3,1454079
20140718,18.68,19.01,18.48,18.67,2065816
20140721,18.67,19.13,18.5,19.1,1085958
20140722,19.08,19.29,18.88,19.25,1145195
20140723,19.15,19.23,18.67,18.89,686207
20140724,19,19.38,18.84,19.29,964097
20140725,19.41,19.41,18.95,18.95,848477
20140728,19.07,19.32,19,19.21,749148
20140729,19.33,19.33,18.72,18.72,687688
20140730,18.85,18.98,18.62,18.67,635749
20140731,18.48,18.48,18.06,18.15,1059512
20140801,18.01,18.59,17.66,18.51,577146
20140804,18.61,18.74,18.35,18.74,547739
20140805,18.62,18.74,18.15,18.24,517908
20140806,18.15,18.31,17.88,18.09,644318
20140807,18.2,18.29,18,18.17,717942
20140808,18.04,18.49,17.92,18.4,1004188
20140811,18.34,18.82,18.34,18.62,378805
20140812,18.71,18.71,18.45,18.45,488395
20140813,18.59,18.8,18.09,18.11,1322275
20140814,17.98,18.57,17.98,18.38,364842
20140815,18.58,19.04,18.58,18.89,645058
20140818,19.06,19.29,18.86,19.29,886135
20140819,19.17,19.43,19.12,19.3,1223051
20140820,19.42,20.16,19.18,20.13,1241245
20140821,20.06,20.44,19.93,20.35,986946
20140822,20.31,20.41,19.92,20.26,616391
20140825,20.39,20.78,20.3,20.78,966001
20140826,20.9,21.08,20.53,20.84,1426364
20140827,21.04,21.2,20.71,20.83,1028306
20140828,20.86,21.06,20.53,20.62,943575
20140829,20.83,20.93,20.62,20.71,2395644
20140901,20.9,21.08,20.5,20.63,584868
20140902,20.88,20.9,20.32,20.45,876509
20140903,20.34,20.58,20.13,20.41,1297310
20140904,20.27,20.65,20.08,20.17,868152
20140905,20.16,20.36,19.95,19.95,696151
20140908,20.19,20.28,19.36,19.36,853449
20140909,18.95,19.28,18.74,18.85,1030210
20140910,18.72,18.99,18.42,18.81,1629783
20140911,18.7,18.92,18.57,18.8,1061945
20140912,18.5,18.69,18.12,18.24,1420017
20140915,18.39,18.48,18.09,18.41,732223
20140916,18.39,19.23,18.39,19.1,1602808
20140917,19.13,19.23,18.69,18.79,871432
20140918,18.66,18.83,18.29,18.48,1054329
20140919,18.35,18.98,18.27,18.98,1714726
20140922,18.63,18.66,17.99,18.23,1020584
20140923,18.1,18.51,17.98,18.22,877673
20140924,18.09,18.39,17.96,18.22,787441
20140925,18.1,18.46,18.1,18.3,751686
20140926,18.3,18.8,18.08,18.8,1037509
20140929,17.74,18.31,17.74,17.88,1353903
20140930,17.72,17.98,17.58,17.87,1293396
20141001,17.6,17.69,17.11,17.11,1503691
20141002,16.84,17.58,16.83,17.35,1154822
20141003,17.46,17.69,17.13,17.69,663464
20141006,18.56,19.17,18.26,18.78,2347831
20141007,19.14,19.2,18.8,18.87,1535108
20141008,19.17,19.49,18.53,18.67,1336449
20141009,19.02,19.27,18.43,18.43,872807
20141010,18.39,18.63,18.12,18.12,942200
20141013,18.68,19.12,18.19,18.86,1224849
20141014,18.97,19.05,18.32,18.76,790403
20141015,18.32,18.51,17.57,17.95,1702984
20141016,17.57,17.75,17.05,17.38,1579959
20141017,17.4,18.26,17.4,18.05,1420969
20141020,18.11,18.11,17.65,17.81,1605982
20141021,17.21,17.56,16.96,17.21,1790995
20141022,17.19,17.55,16.95,17.21,1150590
20141023,16.93,17.02,16.05,16.18,2037678
20141024,16.05,17.33,15.8,16.83,1788033
20141027,15.81,16.34,14.94,16.12,3423422
20141028,16.12,16.72,15.8,16.63,1370511
20141029,16.31,17.12,16.17,16.94,1864090
20141030,17.02,17.4,16.7,16.92,955846
20141031,16.8,17.4,16.67,17.4,1644486
20141103,17.4,17.44,16.45,16.87,1475553
20141104,16.87,17.33,16.59,17.25,869316
20141105,16.97,17.34,16.77,16.99,975838
20141106,17.05,17.11,16.52,16.91,731905
20141107,16.86,17.41,16.78,17.27,743330
20141110,17.48,17.56,17,17,487020
20141111,16.88,17.32,16.83,17.12,505320
20141112,17.02,17.44,16.83,17.15,937651
20141113,17.21,17.25,16.81,16.82,727145
20141114,16.37,17.02,16.16,16.77,1282395
20141117,16.89,17.16,16.25,16.65,496540
20141118,16.75,16.91,16.55,16.82,1544946
20141119,16.92,17.73,16.82,17.62,1137791
20141121,17.71,18.87,17.69,18.81,2304883
20141124,19.29,19.3,18.34,18.56,1472379
20141125,18.7,19.15,17.97,18.05,1638774
20141126,18.23,18.4,17.85,18.14,944633
20141127,18.09,18.78,18.01,18.3,532823
20141128,18.31,18.83,18.14,18.43,935112
20141201,18.12,18.48,17.4,17.51,1419065
20141202,17.36,17.86,17.06,17.57,1553302
20141203,17.68,18.02,17.47,17.84,591638
20141204,17.77,17.83,17.49,17.54,679860
20141205,17.57,18.01,17.39,17.82,763217
20141208,17.75,17.94,16.95,17.14,785748
20141209,17.02,17.34,16.92,17.32,610467
20141210,17.14,17.69,17.14,17.58,875134
20141211,17.54,17.75,17.35,17.72,1368184
20141212,17.52,17.78,16.97,17.04,1005246
20141215,17.04,17.27,16.36,16.61,1284299
20141216,16.51,16.64,15.91,16.07,1555101
20141217,16.21,17.38,15.99,16.83,1898786
20141218,16.71,17.3,16.31,16.45,1028624
20141219,16.15,16.96,16.15,16.92,955423
20141222,16.87,17.05,16.53,17.05,578521
20141223,16.93,17.23,16.8,17.22,757081
20141226,17.11,17.71,17.11,17.27,408847
20141229,17.15,17.82,17.14,17.73,781305
20141230,17.58,17.75,17.29,17.29,851862
20150102,17.29,17.31,16.37,16.49,1022277
20150105,16.27,16.51,16.11,16.41,1283664
20150106,16.57,16.89,16.28,16.76,778978
20150107,16.75,17.63,16.59,17.28,1207184
20150108,17.36,17.81,17.02,17.77,1240505
20150109,17.71,17.71,16.5,16.57,2694373
20150112,16.4,16.73,16.19,16.45,929506
20150113,16.57,17.11,16.42,16.96,1761164
20150114,16.69,17.83,16.67,17.51,2044131
20150115,17.53,17.9,17,17.06,1574882
20150116,17.1,17.98,16.97,17.68,912581
20150119,17.5,17.63,16.05,16.38,1560601
20150120,16.97,16.97,15.8,15.95,2604035
20150121,16.04,16.67,15.8,16.64,2577695
20150122,16.74,16.74,15.95,16.11,1960986
20150123,15.91,16.05,15.35,15.49,2187994
20150126,15.49,15.79,15.08,15.63,1838279
20150127,15.34,16.17,15.34,16.13,1280596
20150128,15.89,16.34,15.8,16.09,655319
20150129,15.9,16.53,15.9,16.5,973405
20150130,16.17,16.27,15.75,15.75,886135
20150202,15.85,17.17,15.67,17.16,1943003
20150203,17.26,17.56,16.26,16.98,1784965
20150204,16.88,16.96,16.34,16.47,1348191
20150205,16.18,16.67,16.18,16.36,848583
20150206,16.27,16.59,16.01,16.48,1060781
20150209,16.37,17.23,16.32,16.9,1079611
20150210,16.58,16.96,16.3,16.3,1016565
20150211,16.19,16.67,16.09,16.19,1569275
20150212,16.53,17.02,16.29,17.02,1643429
20150213,16.74,17.25,16.58,17.21,1373790
20150218,17.49,17.49,17.07,17.23,1406794
20150219,16.99,17.4,16.99,17.35,974358
20150220,17.32,17.35,16.8,16.95,487549
20150223,16.73,17.24,16.68,16.83,541286
20150224,16.94,17.63,16.78,17.36,1081197
20150225,17.21,17.56,17.13,17.44,1093045
20150226,17.58,17.98,17.3,17.91,1055492
20150227,17.97,18.17,17.31,17.37,1757250
20150302,17.37,17.45,17.11,17.13,979223
20150303,17.54,17.54,16.98,17.29,799077
20150304,16.87,17.08,16.42,16.69,1011170
20150305,16.61,16.97,16.52,16.79,971925
20150306,16.76,16.82,16.39,16.8,691179
20150309,16.69,16.69,16.22,16.51,740368
20150310,16.38,16.94,16.14,16.31,1325660
20150311,16.47,16.53,16.23,16.43,607611
20150312,16.84,17.1,16.68,17.1,1475553
20150313,16.69,16.98,16.65,16.75,1429855
20150316,16.76,17.07,16.6,16.97,626864
20150317,17.06,17.4,16.77,17.4,882327
20150318,17.32,17.99,17.12,17.69,1182960
20150319,17.7,17.76,17.26,17.26,748090
20150320,17.39,18.46,17.39,18.14,1551293
20150323,18.08,18.37,17.84,18.17,1255209
20150324,18.3,18.58,17.92,18.23,956375
20150325,18.37,18.6,18.1,18.1,1022171
20150326,17.97,18.12,17.59,17.62,1396005
20150327,17.58,18.19,17.47,17.95,3680684
20150330,17.85,18.52,17.85,18.52,2094166
20150331,18.52,19.15,18.33,19.14,1661517
20150401,19.26,19.68,19.06,19.42,1544840
20150402,19.55,19.81,19.25,19.4,1367761
20150406,19.54,20.03,19.43,19.72,944950
20150407,19.86,20.01,19.31,19.31,644847
20150408,19.71,20.01,19.42,19.54,1081620
20150409,19.62,19.86,19.52,19.83,1194384
20150410,19.82,19.83,19.22,19.42,1127212
20150413,19.42,19.54,19.1,19.17,727357
20150414,19.3,19.57,19.09,19.09,1122135
20150415,19.24,19.64,19.23,19.3,887934
20150416,19.21,19.61,19.21,19.46,707998
20150417,19.22,19.42,18.99,18.99,1091670
20150420,18.9,19.35,18.77,18.88,770516
20150422,18.98,19.52,18.8,19.27,1263142
20150423,19.17,19.7,19.1,19.58,440899
20150424,19.72,19.82,19.29,19.41,932150
20150427,19.28,19.45,18.99,19.24,954682
20150428,19.37,19.64,19.01,19.61,1096747
20150429,19.33,19.61,19.18,19.28,736771
20150430,19.26,19.43,18.67,19.18,1473860
20150504,19.04,19.59,18.92,19.59,1173101
20150505,19.78,20.35,19.54,20.03,1429166
20150506,20.03,20.24,19.46,19.54,1293855
20150507,19.3,19.54,19.18,19.33,1004680
20150508,19.51,19.63,19.13,19.52,997095
20150511,19.59,19.67,18.93,19.4,1440749
20150512,19.4,19.89,19.17,19.79,2206382
20150513,19.69,19.75,18.84,18.84,2039396
20150514,18.92,19.75,18.74,19.71,2098953
20150515,19.57,20.07,19.36,19.99,1728694
20150518,20.1,20.21,19.34,19.36,1367251
20150519,19.48,19.62,19.27,19.35,1216154
20150520,19.26,19.58,19.16,19.21,1895987
20150521,19.07,19.16,18.76,18.86,1590924
20150522,18.95,19.02,18.55,19,1622701
20150525,19.09,19.54,18.68,19.21,560103
20150526,19.11,19.17,18.57,18.82,1349722
20150527,18.92,18.97,18.38,18.82,788696
20150528,18.68,18.95,18.55,18.69,932617
20150529,18.55,18.71,18.42,18.67,12231767
20150601,18.67,18.98,18.45,18.92,1181199
20150602,18.86,19.17,18.74,18.9,1270586
20150603,19.21,19.25,18.77,19.03,1572472
20150605,18.66,18.92,18.49,18.84,1570422
20150608,18.83,19.17,18.56,18.93,1785996
20150609,18.93,18.93,18.42,18.53,1524088
20150610,18.55,18.86,18.54,18.81,1547460
20150611,18.91,18.93,18.55,18.72,1476832
20150612,18.59,18.72,18.5,18.63,1969691
20150615,18.58,18.59,18.3,18.49,946763
20150616,18.59,18.79,18.43,18.57,1948779
20150617,18.51,18.62,18.19,18.43,2813127
20150618,18.53,18.81,18.3,18.7,1318047
20150619,18.57,18.83,18.49,18.77,2234981
20150622,18.87,19.1,18.84,18.88,879928
20150623,19.01,19.17,18.75,18.75,889666
20150624,18.85,18.87,18.4,18.41,1511172
20150625,18.35,18.57,17.9,18.04,1447002
20150626,18.12,18.7,17.96,18.7,2380748
20150629,18.44,18.59,18.18,18.18,839027
20150630,18.14,18.58,18.12,18.58,1462584
20150701,18.71,18.71,18.05,18.05,1579545
20150702,18.17,18.46,18.05,18.09,1160595
20150703,17.96,18.42,17.96,18.37,421820
20150706,18.03,18.17,17.84,18.01,1086892
20150707,18.1,18.67,17.84,18.63,2514521
20150708,18.69,18.87,18.36,18.45,1331988
20150710,18.84,18.91,18.32,18.63,1321943
20150713,18.72,18.95,18.62,18.77,1850884
20150714,18.64,18.88,18.56,18.71,1414507
20150715,18.71,19.35,18.56,19.12,1219332
20150716,19.25,19.4,18.96,18.96,904530
20150717,18.96,19.19,18.76,18.76,1169616
20150720,18.74,19.11,18.67,18.94,2003826
20150721,19.07,19.07,18.67,18.82,990022
20150722,18.68,18.94,18.45,18.67,846306
20150723,18.54,18.67,18.21,18.38,1508610
20150724,18.38,18.38,17.56,18.01,1283502
20150727,17.9,18.24,17.65,17.85,701462
20150728,17.98,18.33,17.72,18.15,1885122
20150729,18.07,18.24,17.59,17.71,689058
20150730,17.71,18.48,17.62,18.24,868960
20150731,18.24,18.75,18.07,18.61,1232966
20150803,18.76,18.84,18.57,18.59,702692
20150804,18.59,18.95,18.31,18.48,647030
20150805,18.54,18.56,17.94,17.94,622736
20150806,17.82,18.02,17.52,17.67,923392
20150807,17.55,17.57,17.17,17.24,644570
20150810,17.24,17.67,17.19,17.57,1082279
20150811,17.45,17.56,17.24,17.5,1199241
20150812,17.37,17.63,16.99,17.33,1533622
20150813,17.42,17.42,17,17.13,615253
20150814,16.99,16.99,16.35,16.4,1668830
20150817,16.4,16.76,16.25,16.33,996070
20150818,16.26,16.77,16.26,16.6,1004475
20150819,16.48,16.54,16.12,16.49,798332
20150820,16.18,16.56,16.13,16.54,1020672
20150821,16.43,16.64,15.83,15.83,958142
20150824,15.65,15.65,14.65,15.25,2336567
20150825,15.49,15.72,15.22,15.25,2589147
20150826,15.28,15.68,15.13,15.59,2169479
20150827,15.59,16.13,15.49,16,1871488
20150828,15.92,15.98,15.17,15.49,1779641
20150831,15.38,15.38,14.87,15.15,2559214
20150901,14.77,15.05,14.65,14.84,2453426
20150902,14.95,14.95,14.41,14.62,2856692
20150903,14.73,15.42,14.69,15.32,2149285
20150904,15.21,15.34,14.59,14.6,1767135
20150908,15.3,15.3,14.43,14.68,831954
20150909,14.78,15.1,14.62,14.72,1448335
20150910,14.38,14.95,14.38,14.71,1934223
20150911,14.6,15.19,14.52,15.14,1033280
20150914,15.25,15.44,14.99,15.44,1251520
20150915,15.55,15.57,14.91,15.16,946148
20150916,15.17,15.79,15.16,15.79,1040968
20150917,15.64,15.99,15.4,15.67,1755244
20150918,15.57,15.57,14.4,14.48,2622872
20150921,14.38,14.73,14.3,14.55,940203
20150922,14.38,14.45,13.83,14.12,2432924
20150923,14.09,14.6,13.87,13.94,2020022
20150924,13.61,14.03,13.28,13.79,1755244
20150925,13.88,13.94,13.62,13.92,1519168
20150928,13.82,13.82,13.55,13.67,1076231
20150929,13.67,14.21,13.65,14.14,1355053
20150930,14.22,14.67,14.21,14.35,1889017
20151001,14.52,14.52,13.7,14,1314870
20151002,14.1,14.51,13.83,14.51,1274276
20151005,14.73,14.76,14.36,14.52,1210209
20151006,14.63,14.67,14.15,14.38,1451513
20151007,14.52,14.65,14.19,14.61,1392878
20151008,14.69,15.13,14.49,15.13,1290165
20151009,15.27,15.32,14.56,14.83,967778
20151013,14.94,15.1,14.72,14.81,1018314
20151014,14.71,14.91,14.33,14.33,3207577
20151015,14.43,14.67,14.27,14.52,1003245
20151016,14.48,14.67,14.19,14.19,2327854
20151019,14.19,14.59,14.1,14.42,2373060
20151020,14.42,15.03,14.42,14.74,1454793
20151021,14.75,15.05,14.45,14.8,1048759
20151022,14.79,15.33,14.76,15.33,1144604
20151023,15.9,15.9,14.92,14.92,1201086
20151026,14.78,15.21,14.73,14.81,1241371
20151027,14.81,14.96,14.66,14.89,1206109
20151028,14.88,14.96,14.44,14.62,1280324
20151029,14.4,14.94,14.4,14.72,1192988
20151030,14.61,15.2,14.51,14.95,1751554
20151103,14.96,15.77,14.87,15.52,2130526
20151104,15.53,16.44,15.53,15.84,1900703
20151105,15.75,15.94,15.33,15.54,1104728
20151106,15.44,15.63,14.66,15.33,1130970
20151109,15.25,15.33,14.85,14.88,1000273
20151110,14.77,15.19,14.67,15.19,1556686
20151111,15.3,15.74,15.27,15.44,1653249
20151112,15.55,15.92,15.45,15.63,1605377
20151113,15.91,16.2,15.57,15.78,1892912
20151116,15.67,15.92,15.45,15.54,920931
20151117,15.64,15.82,15.37,15.54,1652223
20151118,15.7,16.26,15.6,16.11,1467812
20151119,16.26,16.26,15.9,15.91,1805678
20151123,16.03,16.29,15.89,16.09,1186632
20151124,15.97,16.25,15.89,16.13,1012471
20151125,16.07,16.12,15.66,15.74,1609683
20151126,15.88,15.98,15.75,15.94,813503
20151127,15.83,16.01,15.3,15.34,2272909
20151130,15.24,15.41,14.97,15.19,1993678
20151201,15.3,15.49,15.02,15.21,1105548
20151202,15.32,15.75,14.76,14.78,1769288
20151203,15.01,15.59,14.99,15.18,1756987
20151204,15.08,15.28,14.75,15.09,1324403
20151207,15.18,15.42,14.97,15.13,1102781
20151208,15.13,15.25,14.61,14.72,1439417
20151209,14.83,15.62,14.83,15.41,1799322
20151210,15.52,15.6,14.7,15.1,1298263
20151211,15,15.47,14.84,14.92,1624034
20151214,14.81,15.16,14.66,14.88,1325735
20151215,14.88,15.39,14.88,15,1463404
20151216,14.89,15.35,14.67,15.21,1523576
20151217,15.32,15.61,15.18,15.18,1357308
20151218,15.05,15.07,14.49,14.62,1597792
20151221,14.63,14.81,14.2,14.2,1802295
20151222,14.29,14.75,14.23,14.56,1062802
20151223,14.72,15.01,14.7,14.85,788901
20151228,15.01,15.01,14.64,14.67,1063110
20151229,14.61,14.93,14.43,14.52,540832
20151230,14.43,14.78,14.43,14.65,1757704
20160104,14.54,14.63,14.1,14.28,1466479
20160105,14.19,14.48,14.14,14.48,1024567
20160106,14.37,14.54,14.18,14.33,946866
20160107,14.23,14.23,13.6,13.75,1365304
20160108,13.6,14.04,13.58,13.71,1161210
20160111,13.8,14.14,13.68,13.76,1004270
20160112,13.85,14.09,13.49,13.58,1366226
20160113,13.79,13.88,13.57,13.75,1532699
20160114,13.94,14.07,13.66,13.72,2383823
20160115,13.72,13.77,13.38,13.66,1418300
20160118,13.77,13.77,13.37,13.41,794642
20160119,13.58,13.81,13.45,13.58,1303491
20160120,13.37,13.59,13.12,13.38,1559966
20160121,13.41,13.66,13.22,13.59,1517630
20160122,13.75,14.35,13.67,14.22,1268946
20160126,14.33,14.45,13.85,13.92,1255620
20160127,13.84,14.47,13.84,14.32,1367456
20160128,14.48,15.05,14.3,15.03,1272841
20160129,15.15,15.9,15.05,15.64,2519851
20160201,15.38,16.01,15.38,15.91,1708910
20160202,15.61,15.88,15.33,15.33,1326453
20160203,15.51,15.73,15.21,15.55,2582791
20160204,15.77,16.16,15.58,15.92,1706040
20160205,15.75,16.12,15.61,16.02,2284493
20160210,16.01,16.1,15.63,15.99,965522
20160211,15.76,15.89,15.27,15.44,1561709
20160212,15.63,15.73,15.07,15.35,1159980
20160215,15.72,15.89,14.95,15.18,724321
20160216,15.37,15.77,15.23,15.31,2004031
20160217,15.54,16.38,15.28,16.03,2132986
20160218,15.88,16.77,15.88,16.26,1685949
20160219,16.01,16.2,15.75,15.89,920419
20160222,16.44,16.59,16.31,16.55,1717009
20160223,16.48,16.63,16.03,16.03,1076436
20160224,15.75,16.07,15.65,15.95,1221690
20160225,15.95,16.44,15.95,16.43,1064853
20160226,16.6,16.78,15.65,15.72,1649251
20160229,16.04,16.57,15.84,16.12,1802603
20160301,16.37,16.6,16.32,16.55,1444235
20160302,16.64,16.64,16,16.16,1785074
20160303,16.34,16.98,16.2,16.73,2233444
20160304,16.91,17.36,16.8,17.06,3393834
20160307,17.29,17.31,16.68,16.94,1763240
20160308,16.94,17.56,16.93,17.16,2729172
20160309,17.42,18.22,17.42,17.96,3065194
20160310,18.24,18.67,17.5,18.18,3894688
20160311,18.12,18.31,17.7,18.1,3930771
20160314,18.1,18.23,17.74,17.83,1369814
20160315,17.56,17.56,16.67,16.93,1758832
20160316,16.75,17.74,16.75,17.54,965830
20160317,18.16,18.76,17.82,18.67,1909929
20160318,18.82,18.84,18.39,18.67,1370531
20160321,18.82,19.1,18.51,18.53,1525831
20160322,18.6,18.89,18.41,18.51,1616858
20160323,18.33,18.52,17.89,18.07,1611835
20160324,17.88,18.78,17.88,18.78,959269
20160328,19.12,19.62,18.72,19.48,1380782
20160329,19.57,19.72,19.03,19.59,3021628
20160330,19.78,19.78,19.07,19.22,1718649
20160331,19.17,19.32,18.73,18.92,3334072
20160401,18.59,19.07,18.51,18.97,1039226
20160404,18.74,19.16,18.28,18.48,976388
20160405,18.3,18.88,18.3,18.58,1569192
20160406,18.3,18.69,17.58,17.79,1157110
20160407,17.99,18.24,17.91,17.98,1411945
20160408,18.53,18.73,18.19,18.39,2111357
20160411,18.62,18.91,18.17,18.17,1033690
20160412,18.21,18.72,18.17,18.59,1917207
20160413,19.05,19.35,18.84,18.96,2017459
20160414,19.01,19.08,18.28,18.48,2665310
20160415,18.67,19.13,18.49,18.83,1371147
20160418,18.79,18.91,18.45,18.62,3020090
20160419,18.8,18.87,18.55,18.72,1306156
20160420,18.51,18.83,18.43,18.63,3782545
20160422,18.26,18.62,18.17,18.59,2122940
20160425,18.63,18.9,18.41,18.57,983461
20160426,18.65,18.9,18.47,18.7,2085832
20160427,18.89,19.8,18.72,19.59,2724662
20160428,19.57,19.69,19.38,19.58,1050399
20160429,19.59,19.59,19.08,19.16,2299971
20160502,19.06,19.58,18.96,19.58,1149600
20160503,19.34,19.61,19.11,19.58,1282500
20160504,19.48,19.56,19.22,19.35,975100
20160505,19.43,19.67,19.07,19.4,2040200
20160506,19.42,19.69,19.06,19.55,3794800
20160509,19.37,19.56,18.96,19.24,1356700
20160510,19.52,19.9,19.2,19.75,2462800
20160511,20,20.23,19.59,19.7,1860500
20160512,19.86,20.38,19.86,20,2454700
20160513,19.9,20.17,19.48,19.76,2447000
20160516,19.53,19.78,19.48,19.51,1912700
20160517,19.52,19.6,18.69,19.05,1755200
20160518,19,19.09,18.52,18.6,2985100
20160519,18.4,18.67,18.26,18.54,1360100
20160520,18.54,18.89,18.5,18.68,1839700
20160523,18.25,18.49,18,18.3,1690400
20160524,18.27,18.62,18.15,18.51,1152400
20160525,18.49,18.69,18.12,18.15,1305000
20160527,18.04,18.59,18.04,18.36,1101100
20160530,18.4,18.55,18.1,18.33,461800
20160531,18.12,18.44,18.1,18.28,2052700
20160601,18.18,18.53,18.18,18.53,2337700
20160602,18.56,18.88,18.37,18.88,2198900
20160603,19,19.3,18.8,19.15,2418800
20160606,19.3,19.3,18.82,19,1393900
20160607,18.9,19.04,18.8,19.01,1012700
20160608,19.14,20,18.98,19.85,1926600
20160609,19.8,19.8,19.49,19.64,2638800
20160610,19.59,19.6,19.13,19.19,1132200
20160613,19,19.82,18.83,19.73,1359100
20160614,19.9,19.9,19.44,19.61,1283100
20160615,19.53,19.67,19.24,19.58,1794000
20160616,19.69,20.24,19.26,20.05,2384000
20160617,20.29,20.45,20.03,20.2,1775100
20160620,20.5,20.6,20.24,20.34,1831900
20160621,20.35,20.81,19.94,20.81,2085400
20160622,20.81,21.25,20.46,20.46,2959300
20160623,20.61,20.64,20.36,20.45,4156400
20160624,19.88,20.25,19.75,20.15,2407500
20160627,19.97,20.24,19.86,19.95,1734300
20160628,20.1,20.4,19.91,20.05,1914700
20160629,20.15,20.65,20.05,20.65,2848400
20160630,20.55,20.8,20.37,20.59,2014700
20160701,20.71,21.04,20.39,20.56,2096400
20160704,22.15,23.2,22.06,22.31,8632100
20160705,22.3,22.45,21.64,22.16,6217100
20160706,22.16,22.19,21.76,22.1,1808000
20160707,22.17,22.5,21.96,22.5,1981100
20160708,22.62,22.74,22.27,22.46,2526900
20160711,22.6,22.69,22.39,22.46,1593500
20160712,22.6,22.6,22.29,22.35,2150700
20160713,22.5,22.58,22.28,22.58,2061100
20160714,22.67,22.67,22.32,22.5,2216300
20160715,22.49,22.61,22.41,22.61,1273200
20160718,22.61,22.8,22.09,22.44,2686300
20160719,22.35,22.69,22.35,22.59,1871100
20160720,22.45,22.77,22.45,22.55,4035900
20160721,22.66,22.75,22.4,22.56,1821600
20160722,22.63,22.95,22.59,22.78,1101900
20160725,22.78,22.88,22.53,22.66,803800
20160726,22.66,22.72,22.5,22.55,1580000
20160727,22.66,22.71,22.37,22.48,1944200
20160728,22.47,22.56,22.22,22.55,2157600
20160729,22.57,22.93,22.44,22.84,1280300
20160801,22.86,23,22.51,22.6,927600
20160802,22.34,22.6,22.3,22.58,1285100
20160803,22.7,22.7,22.31,22.62,909900
20160804,22.51,22.98,22.51,22.71,1496800
20160805,22.81,22.95,22.46,22.6,1545300
20160808,22.49,22.71,22.4,22.5,1397500
20160809,22.51,22.57,22.31,22.4,1886200
20160810,22.51,22.66,22.25,22.4,1283700
20160811,22.36,22.88,22.32,22.87,1144600
20160812,22.97,23.39,22.67,22.83,906700
20160815,23.01,23.45,23.01,23.35,1805400
20160816,23.16,23.48,23.15,23.22,1093200
20160817,23.4,23.43,22.72,23.31,1627900
20160818,23.31,23.46,23.13,23.3,1790900
20160819,23.2,23.37,23.08,23.3,693600
20160822,23.14,23.28,23.04,23.14,840300
20160823,23.16,23.28,22.8,22.96,2051700
20160824,22.8,23.17,22.79,23.04,680700
20160825,22.93,23.15,22.83,23.02,940800
20160826,23.02,23.48,22.8,22.95,1253200
20160829,23.14,23.25,22.88,23.17,607300
20160830,23.3,23.34,22.97,23.1,770500
20160831,23.22,23.6,23.04,23.25,1994700
20160901,23.3,23.57,23.3,23.55,1552200
20160902,23.63,24.04,23.58,23.91,4043600
20160905,24.03,24.19,23.74,23.85,1228100
20160906,23.97,24.14,23.83,24.01,896800
20160908,24.2,24.2,23.77,23.95,1869700
20160909,23.75,24,23.5,23.82,1466400
20160912,23.7,23.91,23.49,23.81,1139600
20160913,23.67,23.8,23.52,23.7,1246600
20160914,23.82,23.95,23.59,23.89,964600
20160915,23.77,24.05,23.7,24,928900
20160916,23.8,24.05,23.74,24.04,1010400
20160919,24.06,24.27,24.02,24.16,1079700
20160920,24.1,24.35,24,24.19,1776900
20160921,24.3,24.45,24.07,24.32,1573100
20160922,24.49,24.55,24.14,24.3,5871200
20160923,24.2,24.35,24.2,24.3,1258600
20160926,24.35,24.45,24.25,24.3,2816900
20160927,24.4,24.45,24.19,24.26,1322800
20160928,24.33,24.33,24.15,24.31,1580100
20160929,24.31,24.39,24.16,24.19,1056100
20160930,24.27,24.33,24.13,24.19,1637900
20161003,24.07,24.32,24.05,24.23,1220300
20161004,24.12,24.27,24.12,24.2,4587400
20161005,24.18,24.24,24.05,24.14,1294300
20161006,24.13,24.25,24.05,24.22,1140700
20161007,24.25,24.29,24.12,24.13,1864900
20161010,24.15,24.3,24.13,24.29,1592800
20161011,24.34,24.34,24.15,24.18,5044300
20161013,24.08,24.25,24.07,24.12,2215000
20161014,24.24,24.34,24.2,24.21,991700
20161017,24.22,24.3,24.15,24.26,1533400
20161018,24.2,24.39,24.15,24.39,1340300
20161019,24.37,24.4,24.18,24.3,1196100
20161020,24.2,24.34,24.11,24.25,1609200
20161021,24.21,24.32,24.19,24.27,736900
20161024,24.35,24.39,24.21,24.25,1331700
20161025,24.23,24.34,24.15,24.25,900200
20161026,24.15,24.28,24.15,24.2,968600
20161027,24.2,24.29,24.2,24.24,692000
20161028,24.24,24.27,24.16,24.19,1013500
20161031,24.21,24.3,24.12,24.22,699200
20161101,24.29,24.29,23.93,24.1,1997100
20161103,24.19,24.22,23.92,24.01,1750000
20161104,24.07,24.17,23.94,24.1,1799200
20161107,24.13,24.23,24.03,24.14,1898300
20161108,24.08,24.17,24,24.08,2227700
20161109,23.9,24.13,23.8,24.13,1491100
20161110,24,24.09,23.54,23.84,15606700
20161111,23.6,23.75,23.2,23.64,3526700
20161114,23.4,23.87,23.04,23.6,2876800
20161116,23.51,23.95,23.41,23.95,3400600
20161117,24.05,24.05,23.68,23.88,1172800
20161118,23.8,24.1,23.75,24.1,1575000
20161121,24.11,24.2,23.95,24.2,972100
20161122,24.29,24.3,24.15,24.29,1208700
20161123,24.1,24.23,24.03,24.23,1078700
20161124,24.05,24.52,24.03,24.48,3380300
20161125,24.27,24.53,24.23,24.45,848800
20161128,24.44,24.72,24.33,24.59,1405400
20161129,24.6,24.62,24.43,24.54,1299900
20161130,24.63,24.68,24.36,24.66,3849300
20161201,24.45,24.58,24.26,24.32,2453100
20161202,24.25,24.4,24.09,24.35,1931000
20161205,24.41,24.41,24.2,24.34,1731900
20161206,24.2,24.41,24.1,24.39,1224900
20161207,24.42,24.42,24.27,24.4,1441000
20161208,24.41,24.42,24.25,24.29,1626300
20161209,24.41,24.79,24.24,24.74,5967400
20161212,24.61,24.95,24.49,24.79,1542300
20161213,24.8,25.15,24.8,25.12,3047600
20161214,25.1,25.16,24.96,25.12,1985700
20161215,25,25.17,24.99,25.12,1833700
20161216,25.17,25.17,25.03,25.13,1332900
20161219,25.07,25.18,25.06,25.16,1995300
20161220,25.18,25.18,25.05,25.09,1134700
20161221,25.11,25.17,25.01,25.13,751700
20161222,25.08,25.16,25.03,25.14,1086800
20161223,25.17,25.22,25.05,25.15,1555800
20161226,25.15,25.2,25.05,25.1,633900
20161227,25.2,25.2,25.12,25.12,1091000
20161228,25.11,25.24,25.08,25.11,1286600
20161229,25.08,25.34,25.08,25.21,1732200
20170102,25.23,25.3,25.14,25.26,411000
20170103,25.3,25.32,25.16,25.32,2060000
20170104,25.22,25.32,25.21,25.26,1154500
