<DTYYYYMMDD>,<OPEN>,<HIGH>,<LOW>,<CLOSE>,<VOL>
20100601,14.95,15.29,14.87,14.91,660200
20100602,14.87,15.04,14.79,14.91,906600
20100604,14.83,14.86,14.5,14.65,642300
20100607,14.54,14.67,14.24,14.43,793300
20100608,14.43,15.01,14.4,15.01,804700
20100609,15.09,15.16,14.68,14.83,774300
20100610,14.83,15.23,14.83,15.16,1029900
20100611,15.24,15.61,15.02,15.27,1463600
20100614,15.29,15.52,15.14,15.34,957700
20100615,15.38,16.04,15.29,15.91,1249800
20100616,15.87,16.55,15.76,16.55,2143800
20100617,16.56,16.62,16.2,16.6,1436300
20100618,16.48,16.63,16.37,16.53,941400
20100621,16.66,16.72,16.36,16.5,1302600
20100622,16.4,16.78,16.29,16.52,1433400
20100623,16.56,16.72,16.3,16.46,588400
20100624,16.46,16.7,16.06,16.62,710800
20100625,16.59,16.69,16.31,16.59,581800
20100628,16.59,16.7,16.56,16.67,695100
20100629,16.45,16.59,15.87,16.51,931100
20100630,16.31,16.86,16.21,16.58,1205200
20100701,16.43,17.41,16.41,16.74,2118300
20100702,16.76,16.89,16.53,16.78,711000
20100705,16.89,16.89,16.6,16.74,1114400
20100706,16.83,17.12,16.83,16.97,2104500
20100707,16.97,17.29,16.97,17.11,760600
20100708,17.11,17.69,16.98,17.69,1374300
20100712,17.6,18.06,17.3,17.69,766300
20100713,17.69,17.89,17.33,17.73,1355400
20100714,17.74,17.74,17.25,17.69,913600
20100715,17.69,17.73,17.28,17.62,802900
20100716,17.47,17.58,17.11,17.18,417900
20100719,17.38,17.69,17.05,17.47,385100
20100720,17.58,17.62,17.36,17.44,571600
20100721,17.6,17.69,17.29,17.36,899800
20100722,17.62,17.66,17.36,17.36,1268700
20100723,17.4,17.62,17.23,17.4,699200
20100726,17.41,17.68,17.19,17.29,913900
20100727,17.55,18.18,17.5,18.13,1389100
20100728,18.2,18.66,18.08,18.18,2020500
20100729,18.35,18.66,18.21,18.28,886600
20100730,17.95,18.72,17.91,18.35,989400
20100802,18.78,19.14,18.48,18.69,1470500
20100803,18.53,18.72,18.08,18.12,726900
20100804,18.31,18.31,17.58,17.97,1048600
20100805,17.87,18.91,17.76,18.68,894700
20100806,18.62,18.91,18.12,18.35,1419100
20100809,18.39,18.5,17.92,18.15,917700
20100810,17.9,18.54,17.81,18.46,588400
20100811,18.16,18.63,17.94,18.35,904800
20100812,18.21,18.62,17.97,18.42,633500
20100813,18.61,18.61,17.83,17.95,1038300
20100816,17.97,17.98,17.49,17.86,867900
20100817,17.98,18.17,17.79,17.79,1051600
20100818,17.37,17.76,17.12,17.65,2352400
20100819,17.73,17.91,17.5,17.91,787700
20100820,17.79,17.8,17.03,17.23,1711800
20100823,17.37,17.46,17.05,17.41,948300
20100824,17.16,17.44,16.99,17.33,1062800
20100825,17.6,17.78,17.16,17.6,3031800
20100826,17.67,17.95,16.85,17.08,1228200
20100827,17.11,17.22,16.59,16.89,1437700
20100830,16.9,16.9,16.59,16.66,524800
20100831,16.67,17.22,16.61,17.14,1716100
20100901,17.14,17.63,17.02,17.45,1708500
20100902,17.52,17.82,17.23,17.56,658200
20100903,17.68,17.94,17.23,17.33,1203000
20100906,17.45,17.46,16.99,17.08,277600
20100908,17.02,17.1,16.85,17.08,572100
20100909,17.21,17.85,17.16,17.75,852600
20100910,17.71,18.12,17.64,18.12,1458700
20100913,18.21,18.57,18.21,18.42,1459800
20100914,18.35,18.54,18.29,18.42,657500
20100915,18.22,18.72,18.22,18.7,866200
20100916,18.57,18.76,18.26,18.69,504300
20100917,18.51,18.65,18.27,18.48,543200
20100920,18.42,19.02,18.42,18.95,1088500
20100921,18.95,19.01,18.6,18.76,499200
20100922,18.65,18.98,18.6,18.72,774600
20100923,18.6,19.17,18.48,18.72,1142200
20100924,18.84,18.99,18.09,18.54,1644600
20100927,18.58,19.08,18.36,18.72,776200
20100928,18.72,19.02,18.21,18.28,1269900
20100929,18.21,18.72,18.03,18.57,1170300
20100930,18.63,18.84,18.42,18.83,1694300
20101001,18.8,19.06,18.39,18.73,1571200
20101004,18.77,18.99,18.48,18.63,1089100
20101005,18.75,18.99,18.72,18.76,1254900
20101006,18.87,19.05,18.57,18.86,1088600
20101007,18.84,19.1,18.66,18.94,1109000
20101008,18.9,19.81,18.82,19.76,1850400
20101011,19.84,20.06,19.56,19.66,1014900
20101013,19.91,20.18,19.73,20.15,1694500
20101014,20.09,20.54,19.92,20.51,2451500
20101015,20.51,20.51,19.85,20.07,2054500
20101018,20.15,20.15,19.54,19.64,834300
20101019,19.34,19.45,18.81,19.19,1005400
20101020,19.34,19.94,19.33,19.85,1472400
20101021,19.92,20.15,19.19,19.87,1308000
20101022,19.94,20.07,19.33,19.55,1229600
20101025,20.14,20.22,19.92,20.15,1770200
20101026,20.22,20.45,20,20.06,1218500
20101027,20.03,20.3,19.48,20.22,1122700
20101028,20.53,20.6,20.17,20.6,731600
20101029,20.87,20.97,20.11,20.11,970800
20101101,20.37,20.97,20.24,20.96,1376100
20101103,21.35,21.54,21.1,21.2,968800
20101104,21.5,21.87,21.42,21.61,1709400
20101105,21.72,21.72,20.69,21.2,1112200
20101108,21.23,21.29,20.75,21.08,1007900
20101109,20.97,21.35,20.97,21.26,1456700
20101110,21.2,21.51,20.67,21.2,1758100
20101111,21.42,21.42,20.75,20.97,1057300
20101112,20.6,20.75,20.27,20.37,1188100
20101116,20.3,20.3,19.55,19.81,1240700
20101117,19.77,20.28,19.77,19.85,1051100
20101118,20.15,20.81,20.15,20.44,1984700
20101119,20.6,20.6,19.96,20.23,949800
20101122,20.16,20.43,19.61,20.37,951900
20101123,20.06,20.13,19.29,19.61,1363500
20101124,19.89,20.21,19.67,19.7,1669300
20101125,19.81,19.84,19.58,19.61,462400
20101126,19.48,19.48,19.2,19.2,1071900
20101129,19.23,19.36,18.57,18.94,1554900
20101130,18.94,19.66,18.72,19.66,2178700
20101201,19.86,20.29,19.7,19.88,2159400
20101202,20.07,20.17,19.74,20.15,903100
20101203,20.08,20.57,19.86,20.3,1307500
20101206,20.3,20.49,19.93,20.37,1013900
20101207,20.48,20.6,20.11,20.22,955600
20101208,20.09,20.48,19.83,20.09,1594400
20101209,20.09,20.23,19.4,19.69,1295200
20101210,19.79,19.84,19.32,19.54,632900
20101213,19.7,19.76,19.12,19.24,1299100
20101214,19.32,19.41,18.78,19.13,1333400
20101215,19.2,19.45,18.87,19.32,1445900
20101216,19.33,19.53,18.95,19.18,1407300
20101217,19.05,19.24,18.42,19.24,1365400
20101220,19.35,19.37,18.73,18.98,752600
20101221,19.17,19.99,19.17,19.7,1445600
20101222,19.7,20.18,19.59,19.98,1223200
20101223,20,20.32,19.98,20.32,833900
20101227,20.21,20.33,19.77,20.23,492300
20101228,20.13,20.51,20.12,20.51,1037200
20101229,20.57,21.05,20.57,20.78,1004700
20101230,20.82,20.97,20.68,20.68,1688400
20110103,21.01,21.01,20.5,20.6,1191300
20110104,20.9,21.11,20.76,20.96,1870300
20110105,20.93,21.45,20.9,20.92,1450000
20110106,21.03,21.12,20.54,20.6,1517200
20110107,20.64,20.75,20.27,20.6,869300
20110110,20.6,20.97,19.73,20.86,1218000
20110111,21,21.34,20.94,21.2,1239400
20110112,21.34,21.46,21.09,21.41,1024700
20110113,21.37,21.37,21,21.12,1940900
20110114,21.08,21.23,20.66,21.15,807800
20110117,21,21,20.6,20.71,440300
20110118,20.75,20.89,20.6,20.62,1161800
20110119,20.71,20.93,20.63,20.8,563200
20110120,20.97,20.97,20.22,20.49,1510700
20110121,20.45,20.59,19.85,19.92,1316800
20110124,20.05,20.14,19.77,20.07,745800
20110126,20.07,20.33,19.36,19.71,1193500
20110127,19.85,19.85,19.1,19.7,1360800
20110128,19.73,20,19.14,19.46,714200
20110131,19.46,19.95,19.17,19.49,868800
20110201,19.62,20.35,19.28,20.15,1024600
20110202,20.24,20.37,19.56,19.7,976100
20110203,19.7,20,19.34,19.65,579300
20110204,19.65,19.78,18.87,19.28,927700
20110207,19.46,19.46,18.8,19.25,767500
20110208,19.18,19.51,19.14,19.47,648500
20110209,19.43,19.58,18.64,18.64,817600
20110210,18.05,18.17,17.67,17.91,3461000
20110211,17.88,18.55,17.88,18.39,3372200
20110214,18.42,18.83,18.21,18.72,1485600
20110215,18.95,19.1,18.43,18.54,1285500
20110216,18.57,19.01,18.27,18.93,928900
20110217,18.99,19.06,18.54,18.72,942700
20110218,18.87,18.91,18.35,18.42,1278900
20110221,18.39,18.53,17.9,18.43,918600
20110222,18.28,18.48,17.98,18.48,1283700
20110223,18.44,19.1,18.39,18.87,1519900
20110224,18.84,19.1,18.77,18.78,1227300
20110225,18.98,19.02,18.35,18.92,819300
20110228,19.04,19.46,18.99,19.46,1395600
20110301,19.66,19.75,19.25,19.25,1514300
20110302,19.88,20.03,19.55,20,2341100
20110303,20,20.29,19.62,20.03,2032600
20110304,20.03,20.03,19.4,19.8,1648100
20110309,19.47,19.85,19.42,19.7,632600
20110310,19.62,19.67,19.14,19.3,823000
20110311,19.17,19.36,18.74,19.17,1351600
20110314,19.07,19.08,18.78,19.05,1079900
20110315,18.61,19.28,18.38,19.14,1284600
20110316,19.14,19.24,18.42,18.72,1802100
20110317,18.87,18.99,18.42,18.54,1074500
20110318,18.74,19.08,18.63,18.69,1411800
20110321,18.94,19.4,18.72,19.37,794200
20110322,19.32,19.61,19.2,19.47,1173900
20110323,19.31,19.31,18.93,19.28,889100
20110324,19.28,19.28,18.75,19.21,1470300
20110325,19.34,19.62,19.1,19.52,1019900
20110328,19.44,19.66,19.18,19.34,673200
20110329,19.36,19.39,18.92,19.03,1268900
20110330,19.17,19.17,18.83,18.95,606400
20110331,19.02,19.28,18.9,19.02,1140300
20110401,19.08,19.62,19.08,19.53,1446900
20110404,19.55,20.14,19.55,19.81,1169000
20110405,19.81,20.06,19.57,20.06,822200
20110406,19.79,19.92,19.32,19.32,1860500
20110407,19.23,19.23,18.13,18.31,7412400
20110408,18.39,18.42,17.72,17.84,4011000
20110411,17.92,18.24,17.72,18.04,2560300
20110412,18.01,18.11,17.73,17.9,1398300
20110413,18.03,18.15,17.46,17.71,967600
20110414,17.6,18.01,17.6,17.67,1025400
20110415,17.81,18,17.67,17.86,751200
20110418,17.81,18.08,17.64,17.67,871000
20110419,17.68,17.97,17.67,17.67,904000
20110420,17.91,17.97,17.58,17.58,759700
20110425,17.73,18.05,17.7,17.82,757300
20110426,17.98,18.04,17.86,17.97,997700
20110427,17.97,18.02,17.38,17.43,986200
20110428,17.34,17.79,17.3,17.61,1587400
20110429,17.61,18.12,17.56,18.12,1152600
20110502,18.12,18.16,17.43,17.64,1400300
20110503,17.63,17.63,17.04,17.04,968600
20110504,17.12,17.37,16.78,16.96,986800
20110505,16.78,17.32,16.6,16.85,998500
20110506,17.14,17.69,16.96,17.11,1213800
20110509,17.22,17.88,17.11,17.56,983800
20110510,17.88,17.88,17.22,17.34,718000
20110511,17.31,17.31,16.78,16.92,1010900
20110512,16.83,17.22,16.39,17.22,1420700
20110513,17.32,17.34,16.33,16.76,1883200
20110516,16.59,16.59,16.03,16.08,1860800
20110517,16.03,16.52,15.87,16.48,1275000
20110518,16.48,16.55,15.88,15.99,1016200
20110519,16.03,16.33,15.77,15.9,873100
20110520,15.88,16.45,15.8,16.33,1133200
20110523,16.14,16.42,15.88,16.33,994100
20110524,16.4,17.11,16.24,17.11,927200
20110525,17,17.82,16.85,17.82,1868800
20110526,17.68,17.85,17.45,17.85,1575400
20110527,17.84,17.86,17.52,17.67,565600
20110530,17.74,17.79,17.46,17.79,480700
20110531,17.86,18.09,17.61,18.09,799900
20110601,17.89,17.96,17.31,17.32,671500
20110602,17.47,18.16,17.45,18.16,2118200
20110603,17.97,18.72,17.86,18.57,1543800
20110606,18.54,18.68,17.92,18.42,1048400
20110607,18.52,18.68,17.97,18.12,1722300
20110608,17.97,18.69,17.88,18.44,1534600
20110609,18.36,18.64,18.21,18.5,537300
20110610,18.42,18.42,17.8,18.09,743700
20110613,17.79,18.27,17.79,18.03,736000
20110614,18.19,18.5,18,18.5,705000
20110615,18.24,18.36,17.67,17.75,1353700
20110616,17.67,18.05,17.49,18.05,1181100
20110617,18.42,18.45,17.94,18.38,1105200
20110620,18.22,18.63,18.03,18.42,671200
20110621,18.5,18.6,18.27,18.38,893000
20110622,18.24,18.57,18.14,18.35,469700
20110624,18.35,18.56,17.73,18.09,573500
20110627,17.97,18.15,17.83,17.97,586000
20110628,17.89,18.33,17.89,18.31,530400
20110629,18.27,18.46,18.05,18.35,410700
20110630,18.34,18.42,18.15,18.42,356900
20110701,18.43,18.5,18.05,18.27,763500
20110704,18.3,18.3,18.12,18.12,465900
20110705,18.05,18.17,17.91,17.91,422200
20110706,17.9,17.9,17.63,17.81,549000
20110707,17.95,18.03,17.32,17.41,658800
20110708,17.32,17.97,17.08,17.67,928300
20110711,17.31,17.69,17.23,17.69,347100
20110712,17.51,18.25,17.34,18.07,681600
20110713,18.06,18.27,17.9,18.18,1313200
20110714,18.18,18.24,17.9,18.11,816500
20110715,18.11,18.14,17.58,18.04,888100
20110718,17.79,17.97,17.55,17.64,965400
20110719,17.68,17.97,17.54,17.58,1172400
20110720,17.75,17.94,17.62,17.8,1138200
20110721,17.83,18.57,17.8,18.35,1124800
20110722,18.41,18.55,18.05,18.33,757700
20110725,18.24,18.34,17.97,18.24,846400
20110726,18.14,18.23,17.38,17.73,1050900
20110727,17.52,17.79,16.93,17.15,998100
20110728,17.16,17.58,16.93,17.58,886700
20110729,17.44,17.97,17.22,17.82,904900
20110801,17.84,18.18,17.44,17.7,752200
20110802,17.63,17.86,17.2,17.22,774000
20110803,17.2,17.35,16.71,17.11,951400
20110804,16.69,16.69,15.71,16.2,1552100
20110805,16,16.71,15.43,16.52,1479700
20110808,15.53,15.91,14.41,14.93,2314600
20110809,14.91,15.52,14.64,15.43,1470500
20110810,14.87,16.32,14.77,15.68,1410000
20110811,15.68,16.63,15.68,16.29,1223300
20110812,16.21,17.02,15.84,16.86,790300
20110815,16.75,17.65,16.75,17.44,1336300
20110816,17.55,17.89,17.11,17.74,1044200
20110817,17.97,18.2,17.49,18.09,1943100
20110818,17.67,17.93,17.3,17.57,1315000
20110819,17.47,17.66,16.91,17.41,1313000
20110822,17.53,17.7,17.21,17.21,886300
20110823,17.24,17.89,17.13,17.81,779200
20110824,17.81,18.01,17.22,17.74,980200
20110825,17.79,17.79,17.07,17.21,1060000
20110826,17.19,18.12,17.05,17.83,1332800
20110829,17.89,18.43,17.89,18.09,1111400
20110830,18.08,18.35,17.63,17.78,1367900
20110831,17.89,18.28,17.77,18.28,1495700
20110901,18.27,18.74,18.09,18.62,1356200
20110902,18.47,18.58,18.24,18.32,1386900
20110905,18.13,18.36,17.52,18.2,795100
20110906,17.65,18.35,17.65,18.28,939800
20110908,18.61,19.27,18.35,18.97,1593000
20110909,18.77,19.08,18.51,19.04,1158700
20110912,18.74,19.07,18.57,19.04,1146500
20110913,19.03,19.08,18.43,18.58,1349100
20110914,18.58,19.42,18.47,19.18,1048400
20110915,19.18,19.26,18.81,19.2,1039200
20110916,18.98,19.42,18.98,19.35,1146100
20110919,18.98,19.62,18.98,19.5,1354000
20110920,19.65,19.75,19.03,19.49,1059300
20110921,19.48,19.69,18.81,19.11,1350700
20110922,18.51,18.81,17.6,18.2,1903000
20110923,18.05,18.52,17.65,18.23,1131100
20110926,18.23,18.69,17.69,18.46,990000
20110927,18.66,19.33,18.61,18.89,1074200
20110928,19.07,19.23,18.43,18.81,988900
20110929,18.82,19.03,18.54,18.89,763600
20110930,18.87,18.87,18.15,18.33,1444200
20111003,18.12,18.31,17.4,17.59,908900
20111004,17.37,18.12,16.98,17.93,1640000
20111005,17.75,18.16,17.47,17.74,951200
20111006,18.02,18.35,17.83,18.09,829700
20111007,18.22,18.71,17.82,18.02,1003600
20111010,18.29,18.66,18.09,18.51,689800
20111011,18.58,19.01,18.35,18.76,567800
20111013,18.9,19.23,18.46,19.12,1422800
20111014,19.12,19.49,18.94,19.25,549600
20111017,18.97,19.26,18.87,19.11,533300
20111018,19.03,19.73,18.91,19.55,872600
20111019,19.62,20.57,19.39,20.14,2368600
20111020,20.07,20.54,19.86,20.27,1888500
20111021,20.56,20.86,20.24,20.5,1833000
20111024,20.57,20.79,20.12,20.41,1430500
20111025,20.27,20.3,19.81,20.27,593300
20111026,20.34,20.34,19.78,20.24,1321500
20111027,20.61,20.73,20.3,20.57,1427700
20111028,20.47,20.56,20.2,20.42,719500
20111031,20.34,20.79,19.88,20.5,939000
20111101,19.81,20.69,19.81,20.5,1217600
20111103,20.7,20.79,20.27,20.27,1289200
20111104,20.17,20.34,20.07,20.27,1069900
20111107,20.23,20.57,20.11,20.5,792400
20111108,20.4,20.69,20.24,20.58,1483300
20111109,20.43,20.5,19.92,20.4,882200
20111110,20.81,21.15,20.33,20.4,1730500
20111111,20.52,20.99,20.52,20.76,988000
20111114,20.69,20.8,20.17,20.5,1024800
20111116,20.31,20.33,19.95,20.27,1304800
20111117,20.08,20.4,19.49,19.75,1185100
20111118,19.73,19.95,19.49,19.82,856300
20111121,19.81,19.81,19.3,19.65,1522000
20111122,19.69,19.9,19.59,19.85,1341500
20111123,19.77,19.88,19.18,19.65,3188400
20111124,19.67,19.88,19.43,19.79,444900
20111125,19.68,19.88,19.39,19.73,310900
20111128,19.81,20.5,19.81,20.3,793400
20111129,20.29,20.6,19.93,20.14,893900
20111130,20.46,21,20.23,20.57,1312200
20111201,20.87,21.25,20.5,21.11,1075300
20111202,21.37,21.39,20.9,21.03,1208200
20111205,21.03,21.65,21,21.22,850200
20111206,21.2,21.51,20.38,21.34,1193200
20111207,21.19,21.65,20.9,21.42,951900
20111208,21.49,21.49,20.98,21.33,1003400
20111209,21.41,21.41,21.04,21.28,734200
20111212,21.05,21.46,21.05,21.31,1384100
20111213,21.34,21.45,21.05,21.25,1229100
20111214,21.18,21.34,20.42,20.5,2157000
20111215,20.68,21.01,19.92,20.23,1560100
20111216,20.34,20.7,20.22,20.38,971300
20111219,20.27,20.61,20.22,20.5,752100
20111220,20.49,20.73,20.37,20.66,952700
20111221,20.55,20.71,20.3,20.5,689900
20111222,20.64,20.64,20.27,20.42,969300
20111223,20.42,20.56,20.24,20.43,1075900
20111226,20.65,20.86,20.52,20.69,461600
20111227,20.71,20.73,20.35,20.63,572600
20111228,20.58,20.65,20.14,20.57,579100
20111229,20.56,20.69,20.43,20.65,1016300
20120102,20.64,20.66,20.32,20.42,746200
20120103,20.52,20.8,20.16,20.71,900300
20120104,20.63,20.95,20.58,20.81,1156300
20120105,20.79,21.21,20.33,20.98,1271300
20120106,20.98,21.05,20.6,20.73,943900
20120109,20.82,20.99,20.59,20.88,915400
20120110,21.06,21.37,20.95,21.23,1227000
20120111,21.18,21.28,21.11,21.18,660700
20120112,21.35,21.38,21.04,21.26,744100
20120113,21.19,21.25,20.76,20.99,1192300
20120116,20.83,21.07,20.83,21.03,589300
20120117,21.21,21.21,20.69,20.86,708900
20120118,20.86,21.06,20.57,21.06,1805400
20120119,21.14,21.34,20.89,21.03,753500
20120120,20.92,21.28,20.9,21.18,1145700
20120123,21.23,21.23,20.76,20.98,739900
20120124,20.96,21.18,20.55,21.18,658000
20120126,21.18,21.27,20.97,21.18,601500
20120127,21.08,21.18,20.8,21.18,861500
20120130,20.96,21.25,20.82,21.03,767900
20120131,21.08,21.62,20.97,21.62,1902900
20120201,21.72,22.29,21.72,22.08,2199000
20120202,21.99,22.37,21.67,21.87,1581400
20120203,21.64,22.28,21.51,22.06,1227000
20120206,22.07,22.1,21.8,22.03,937600
20120207,21.87,22.26,21.83,22.18,1350200
20120208,22.18,22.58,21.9,22.28,1066400
20120209,22.28,22.75,22.06,22.44,1811800
20120210,22.03,22.58,21.83,22.31,1338800
20120213,22.4,22.6,22.06,22.56,897900
20120214,22.55,22.94,22.28,22.58,935500
20120215,22.78,23.09,22.7,23.02,2009600
20120216,22.75,23.51,22.75,23.4,1229300
20120217,23.4,23.93,23.23,23.71,1284400
20120222,22.55,22.79,22.18,22.32,2140200
20120223,22.22,22.56,22.22,22.48,2176500
20120224,22.56,23.17,22.55,23.13,1435600
20120227,23.04,23.44,23.04,23.33,1078800
20120228,23.28,23.62,22.84,23.56,1845300
20120229,23.55,23.86,23.26,23.52,924700
20120301,23.44,23.94,23.44,23.84,1187400
20120302,24.01,24.25,23.61,24.08,1107500
20120305,24.16,24.21,23.66,23.95,713900
20120306,23.94,24.03,23.69,23.87,1738400
20120307,24.04,24.3,23.88,24.09,792700
20120308,24.47,24.66,23.88,24.12,823400
20120309,24.28,24.76,23.74,24.13,722600
20120312,23.97,24.7,23.83,24.63,896100
20120313,24.82,25.35,24.64,25.01,980000
20120314,25.15,25.61,25.01,25.54,1044600
20120315,25.16,26.12,25.04,26.08,1863900
20120316,26.08,26.16,25.89,25.93,1552000
20120319,25.77,26.13,25.64,25.77,1218300
20120320,25.62,25.77,25.48,25.68,761300
20120321,25.54,26.45,25.53,26.45,1384100
20120322,26.65,26.65,25.8,25.93,831700
20120323,26.01,26.11,25.66,25.86,1088900
20120326,26,26.61,25.86,26.54,1217800
20120327,26.72,26.72,26.09,26.3,716700
20120328,26.18,26.35,25.81,25.92,908500
20120329,25.63,26.03,25.05,25.62,1938500
20120330,25.67,26.08,25.13,25.97,1575300
20120402,26,26.35,25.77,26.23,954900
20120403,26.28,26.62,26.07,26.28,1198400
20120404,26.23,26.54,26.09,26.31,647200
20120405,26.13,26.52,26.05,26.36,637100
20120409,26.31,26.36,25.9,25.94,905300
20120410,25.9,26.23,25.52,25.9,1503400
20120411,26,26.39,25.54,25.62,2050200
20120412,25.39,25.62,24.19,24.78,3792700
20120413,24.56,24.81,23.88,24.17,1656000
20120416,24.17,24.58,24.09,24.48,1081400
20120417,24.79,25.16,24.73,25.02,1328100
20120418,25.15,25.83,24.89,25.62,2219000
20120419,25.38,25.74,25.03,25.09,1158400
20120420,25.31,25.54,24.59,24.76,790500
20120423,24.59,24.59,23.52,23.9,1222600
20120424,23.69,24.57,23.69,24.57,1049500
20120425,24.65,24.88,24.34,24.81,851600
20120426,24.7,25.61,24.64,25.37,819400
20120427,25.62,25.69,25.14,25.24,1255600
20120430,25.39,25.54,24.86,25.31,669100
20120502,25.24,25.46,24.86,25.1,2217500
20120503,25.24,25.7,25.21,25.31,1697600
20120504,24.9,25.84,24.9,25.48,2026100
20120507,25.7,25.84,25.28,25.62,1396700
20120508,25.85,25.85,24.67,24.99,1746200
20120509,24.77,25.41,24.53,25.2,1031200
20120510,25.28,25.28,24.94,25.12,780400
20120511,25.12,25.22,24.79,25.12,679700
20120514,24.55,24.78,24.11,24.32,907300
20120515,24.26,24.61,23.8,24.05,1539300
20120516,24.08,24.4,23.52,23.63,1044800
20120517,23.56,23.94,22.56,22.72,1214800
20120518,22.72,23.25,22.34,22.94,1599300
20120521,22.94,23.52,22.71,23.43,876200
20120522,23.36,23.36,22.74,22.87,977100
20120523,22.56,23.24,21.94,22.56,932200
20120524,22.22,22.63,21.74,22.44,1066700
20120525,22.57,22.94,22.32,22.52,827500
20120528,22.53,22.84,22.29,22.65,487100
20120529,22.68,23.09,22.18,22.51,1282500
20120530,22.29,22.48,21.8,22.22,1460400
20120531,22.22,23.03,22.22,22.91,1813300
20120601,22.71,22.87,22.19,22.48,827600
20120604,22.33,22.78,22.18,22.29,734200
20120605,22.4,22.83,22.4,22.44,553700
20120606,22.51,23.15,22.42,23.15,1635400
20120608,22.87,22.9,22.43,22.85,826200
20120611,22.87,23.1,22.38,22.41,578400
20120612,22.39,23.4,22.28,23.33,753700
20120613,23.15,23.86,22.92,23.82,1119600
20120614,23.64,24.06,23.37,23.65,862800
20120615,23.62,23.71,23.25,23.71,1509100
20120618,23.48,24.44,23.33,24.01,890700
20120619,24.16,24.4,23.85,24.21,1014000
20120620,24.13,24.19,23.59,23.71,1019100
20120621,23.71,23.71,23.1,23.18,844200
20120622,23.39,23.4,22.84,23.04,424000
20120625,22.52,22.91,22.1,22.29,1575700
20120626,22.29,23.01,22.28,23.01,1052700
20120627,23.05,23.33,22.73,23.13,895800
20120628,22.95,23.24,22.81,23.22,507400
20120629,23.89,23.89,23.12,23.7,910200
20120702,23.48,23.76,22.97,23.65,848000
20120703,23.66,23.82,23.22,23.59,745800
20120704,23.68,24,23.48,23.86,398000
20120705,24.01,24.01,23.58,23.9,1321700
20120706,23.65,23.94,23.33,23.86,593900
20120710,23.94,24,23.23,23.39,782400
20120711,23.52,23.59,23.1,23.38,512900
20120712,23.38,23.48,22.97,23.33,584300
20120713,23.29,23.68,23.05,23.47,1234900
20120716,23.47,23.78,22.97,22.98,1041800
20120717,23.1,23.57,22.98,23.36,759200
20120718,23.26,23.86,23.16,23.59,561700
20120719,23.67,23.91,23.28,23.61,867900
20120720,23.37,23.71,23.34,23.57,977300
20120723,23.02,23.58,23.02,23.36,740900
20120724,23.36,23.36,22.71,23.2,705600
20120725,23.32,23.4,23.07,23.33,407200
20120726,23.59,24.01,22.98,23.63,930400
20120727,24.01,24.63,23.39,24.44,1195700
20120730,24.41,24.66,24.01,24.44,703200
20120731,24.43,24.43,23.5,23.86,1253300
20120801,24.07,24.48,23.77,24.1,1726200
20120802,23.97,24.27,23.59,23.65,1202700
20120803,24.19,24.52,23.55,23.83,1076600
20120806,23.96,24.79,23.89,24.62,1139200
20120807,24.77,25.16,24.43,24.84,1151700
20120808,24.77,25.64,24.67,25.46,2398800
20120809,25.32,25.36,24.97,25.07,1331000
20120810,24.58,25,24.43,24.7,1764100
20120813,24.66,24.96,24.04,24.57,1039400
20120814,24.57,25,24.41,24.78,1065800
20120815,24.78,25.19,24.6,25.13,1351200
20120816,25.14,25.43,24.76,24.99,1213100
20120817,25.1,25.3,24.67,25.17,957300
20120820,25.17,25.56,24.86,25.47,1257600
20120821,25.56,26.36,25.36,25.91,1636000
20120822,25.77,26.44,25.73,26.16,1325100
20120823,26.02,26.24,25.79,25.79,882800
20120824,25.76,26.59,25.75,26.45,980500
20120827,26.31,26.69,26.17,26.49,751000
20120828,26.6,26.65,25.85,26.06,1310500
20120829,26.21,26.21,25.49,25.81,943200
20120830,25.84,26.3,25.71,26.3,793000
20120831,26.38,26.59,25.78,26.38,1277000
20120903,26.24,26.63,26.19,26.39,660500
20120904,26.26,26.49,25.65,26.06,1534400
20120905,26.21,26.95,25.99,26.77,1412100
20120906,26.92,27.38,26.42,27.27,916800
20120910,27.46,27.64,26.75,26.88,1452700
20120911,27.12,27.61,27.06,27.46,1475800
20120912,27.38,28.07,27.23,27.43,1482700
20120913,27.43,28.4,27.24,28.29,1317700
20120914,28.45,28.45,27.38,27.55,1169600
20120917,27.67,28.16,27.58,27.69,796400
20120918,27.72,28.08,27.66,27.66,923400
20120919,27.81,28.55,27.75,28.37,1101900
20120920,28.11,28.36,27.78,27.98,1369800
20120921,28.09,28.48,27.77,28.11,1319200
20120924,28.11,28.37,27.89,28.21,836000
20120925,28.2,28.6,28.1,28.2,1495900
20120926,28.2,29.02,28.02,28.94,1470200
20120927,29.03,29.23,28.59,28.99,1021400
20120928,28.98,29.19,28.48,28.9,1597700
20121001,28.79,29.34,28.76,28.95,950100
20121002,28.94,29.22,28.64,29.03,830600
20121003,29.21,29.21,28.5,28.94,958600
20121004,28.87,29.12,28.49,28.72,1045100
20121005,28.87,29.58,28.74,29.23,819500
20121008,29.07,29.59,28.87,29.34,931400
20121009,29.58,29.58,28.96,29.37,595000
20121010,29.37,29.46,29,29.46,1457600
20121011,30.16,30.35,29.77,30.12,1793800
20121015,29.92,30.04,28.64,28.77,4276500
20121016,29.04,29.17,28.22,28.95,2790800
20121017,29.01,29.49,28.99,29.24,1250100
20121018,29.23,29.43,28.7,29.21,1593400
20121019,29.26,29.64,29.05,29.38,1289100
20121022,29.37,29.64,29.12,29.5,675700
20121023,29.34,29.62,28.73,28.98,874000
20121024,29.12,29.14,28.68,28.76,624400
20121025,28.78,29.19,28.77,28.87,847100
20121026,28.79,29.9,28.73,29.75,1414900
20121029,29.59,29.81,29.42,29.81,573100
20121030,29.82,30.36,29.82,30.35,732900
20121031,30.23,30.79,29.82,30.4,920900
20121101,30.69,31.2,30.36,31.1,1175800
20121105,30.94,31.14,30.64,31.06,597500
20121106,30.98,31.18,30.52,30.63,1618100
20121107,30.61,30.79,30.03,30.05,1032300
20121108,30.51,31.16,30.49,30.72,1032400
20121109,30.72,31.36,30.3,30.88,1094100
20121112,30.88,30.93,30.47,30.53,799300
20121113,30.53,31.11,30.26,30.78,627000
20121114,30.62,31.04,30.47,30.67,694000
20121116,30.67,30.91,30.19,30.44,596600
20121119,30.61,31.2,30.33,31.14,534900
20121121,31.35,31.35,30.58,30.94,567400
20121122,30.83,30.98,30.45,30.72,489000
20121123,30.83,31.25,30.67,31.17,765000
20121126,31.01,31.48,30.86,30.86,845500
20121127,30.87,31.42,30.69,30.9,876700
20121128,30.83,31.02,30.53,30.79,994100
20121129,30.94,31.06,30.45,31.01,536000
20121130,31.01,31.07,30.26,30.66,1331800
20121203,30.79,30.81,30.09,30.44,834500
20121204,30.4,30.63,30.05,30.2,923600
20121205,30.33,30.4,29.66,30.28,722800
20121206,30.16,30.73,29.97,30.67,1456400
20121207,30.59,30.97,30.46,30.63,494300
20121210,30.62,30.97,30.28,30.75,845400
20121211,31.02,31.08,30.56,30.9,1037300
20121212,31.06,31.4,30.47,31.06,1483700
20121213,30.91,31.31,30.61,30.98,798900
20121214,30.99,31.45,30.99,31.27,815600
20121217,31.13,32.18,31.13,32.14,821700
20121218,32.46,32.46,31.88,32.39,828200
20121219,32.39,32.89,31.7,32.75,804500
20121220,32.61,33.48,32.47,32.68,1336600
20121221,32.51,33.07,32.18,32.66,918400
20121226,32.62,33.44,32.39,33.07,692200
20121227,33.12,33.32,32.28,32.75,741300
20121228,32.77,33.08,32.32,32.58,828500
20130102,32.82,33.53,32.78,33.17,807400
20130103,33.24,33.26,32.54,32.96,1103800
20130104,32.96,33.98,32.7,32.86,933100
20130107,32.86,33.31,32.75,33.01,1076200
20130108,33.09,33.71,32.97,33.36,1037900
20130109,33.55,33.98,33.39,33.43,1123300
20130110,33.46,33.58,32.46,33.05,780300
20130111,32.89,33.35,32.82,33.19,560400
20130114,33.37,33.73,33.36,33.55,633100
20130115,33.71,33.73,33.32,33.36,606200
20130116,33.53,33.71,33.29,33.36,1037700
20130117,33.35,33.75,33.21,33.42,571200
20130118,33.71,33.78,32.95,33.44,577800
20130121,33.6,34.03,33.44,33.87,536200
20130122,33.99,34.08,33.11,33.11,855100
20130123,33.15,33.87,32.94,33.87,887100
20130124,33.87,34.86,33.84,34.72,1034400
20130128,34.73,35.35,34.46,34.92,1118100
20130129,34.92,35.77,34.9,35.67,1709300
20130130,35.29,36.72,35.12,36.59,1222200
20130131,36.46,37.35,36.09,36.68,2444200
20130201,36.84,36.99,36.34,36.68,2314800
20130204,36.67,36.83,35.67,36.29,1184900
20130205,36.2,36.79,36.03,36.76,1101400
20130206,36.75,36.83,36.2,36.2,1160400
20130207,37.06,37.64,36.57,37.34,3236700
20130208,37.61,37.8,36.23,36.48,1271700
20130213,36.48,36.77,35.55,35.98,1360900
20130214,35.98,36.27,35.58,35.9,688800
20130215,35.73,36.68,35.73,36.29,1134000
20130218,36.28,36.84,36.09,36.37,616700
20130219,36.51,36.84,36.25,36.76,968400
20130220,36.73,36.74,35.81,36.02,1365700
20130221,35.98,37.01,35.78,35.86,1111100
20130222,35.24,35.81,34.92,35.7,1939600
20130225,35.9,36.46,35.31,35.74,1087900
20130226,35.47,36.08,35.35,35.67,1561000
20130227,35.67,35.95,35.24,35.31,1098900
20130228,35.13,36.48,35.13,36.41,1408300
20130301,36.45,36.59,35.75,36.27,799200
20130304,36.28,36.48,35.55,36.45,1184800
20130305,36.56,38.15,36.46,37.45,2118400
20130306,37.81,38.04,36.93,37.36,1456700
20130307,37.73,37.73,36.09,36.27,1423100
20130308,36.27,36.87,36.02,36.22,787500
20130311,36.25,36.97,36.06,36.52,518100
20130312,36.67,36.68,36.29,36.68,563200
20130313,36.72,37.42,36.53,37.02,1025200
20130314,37.07,37.59,36.73,36.92,1038800
20130315,36.87,37.26,36.1,36.49,900800
20130318,35.9,36.98,35.9,36.98,855400
20130319,36.94,37.05,35.84,35.95,1223200
20130320,36.09,36.25,35.27,35.33,1212300
20130321,35.5,35.74,35.17,35.59,1200700
20130322,35.59,35.88,34.44,34.69,1158400
20130325,34.73,35.65,34.36,34.94,827400
20130326,35.1,35.74,34.62,35.63,668400
20130327,35.42,36.04,35.05,36.04,851600
20130328,35.83,36.04,34.93,35.38,1902000
20130401,35.22,35.86,34.96,35.52,1026100
20130402,35.54,35.54,34.57,34.74,801500
20130403,34.71,34.93,34.02,34.92,920400
20130404,34.8,34.89,34.03,34.89,913700
20130405,34.61,34.8,34.14,34.65,677600
20130408,34.65,34.8,34.12,34.65,405900
20130409,34.64,34.92,34.28,34.92,672900
20130410,35.01,35.87,35.01,35.51,1570000
20130411,35.4,35.57,34.51,34.61,908900
20130412,34.58,34.83,33.37,34.01,988400
20130415,33.55,34.08,33.01,33.01,1005000
20130416,33.13,34.77,32.89,34.75,992800
20130417,34.18,34.85,33.74,33.95,1573400
20130418,33.99,35.35,33.99,35.35,1155800
20130419,35.36,35.59,34.73,35.1,735600
20130422,35.05,35.45,34.67,34.84,742000
20130423,35.11,36.68,35,35.95,989400
20130424,36.04,37.11,36.03,36.3,1796100
20130425,36.16,36.52,35.81,36.28,1287800
20130426,36.2,36.28,35.74,35.82,1206600
20130429,36.26,36.26,35.48,36.2,960700
20130430,36.15,37.07,35.75,37.07,982100
20130502,36.76,37.34,36.67,36.68,1065900
20130503,36.99,37.37,36.59,36.93,1133000
20130506,36.91,36.93,36.3,36.68,1179000
20130507,36.76,37.07,36.43,36.68,666200
20130508,36.68,36.73,36.13,36.13,705300
20130509,36.2,36.86,36.17,36.45,1467100
20130510,36.34,36.84,36.06,36.55,1158300
20130513,36.45,36.52,35.7,36.34,659900
20130514,36.33,37.31,35.93,36.48,938900
20130515,36.48,36.9,35.98,36.68,811000
20130516,36.65,36.66,35.89,36.02,1146400
20130517,36.11,37.25,36.11,36.59,981500
20130520,36.59,37.6,36.41,37.59,1185900
20130521,37.64,38.47,37.41,38.08,1286300
20130522,38.22,38.55,37.75,38.23,1727800
20130523,37.7,38.26,37.51,38.26,905700
20130524,38.11,38.17,37.29,37.62,940800
20130527,37.51,37.78,37.19,37.24,237000
20130528,37.41,37.91,37.23,37.45,725400
20130529,37.22,37.45,36.81,37.25,1146000
20130531,37.12,37.37,36.21,36.91,1166700
20130603,36.94,36.95,36.09,36.34,827800
20130604,36.52,36.52,35.77,36.43,909600
20130605,36.68,36.68,35.62,35.9,1079300
20130606,35.12,35.24,34.08,34.26,2939600
20130607,34.24,35.2,33.97,34.79,2180100
20130610,34.88,34.88,33.64,34.05,993500
20130611,33.76,33.84,32.66,33.03,1002000
20130612,33.57,34.17,33.19,33.95,1224600
20130613,34.17,34.73,33.77,34.58,1579100
20130614,34.88,34.88,33.78,34.22,1218900
20130617,34.05,34.27,33.64,33.76,755900
20130618,33.71,34.13,33.57,33.91,725600
20130619,33.97,34.28,32.95,33.32,1007500
20130620,33.05,33.09,31.8,33.09,1278600
20130621,32.71,33.15,31.85,33.01,1159100
20130624,32.49,32.75,31.69,32.75,1308800
20130625,32.52,32.87,32.02,32.26,1311900
20130626,32.35,33.1,32.14,32.58,982500
20130627,32.59,34.05,32.59,33.96,1301400
20130628,33.83,34.23,33.01,33.76,1498600
20130701,33.71,34.14,33.32,33.87,817700
20130702,33.57,33.78,32.46,33.02,924400
20130703,32.75,33.5,32.62,32.91,496900
20130704,33.02,33.25,32.78,32.78,709600
20130705,32.62,33.01,32.22,32.74,640300
20130708,32.57,33.25,32.41,32.93,536600
20130710,33.15,33.56,32.43,32.58,749700
20130711,32.93,34.25,32.84,34.18,1000100
20130712,34,34.02,33.48,33.84,642200
20130715,33.22,34.27,33.22,33.87,672000
20130716,34.14,34.25,33.5,33.78,610200
20130717,33.87,34.67,33.86,34.29,1070100
20130718,34.22,34.49,33.93,34.19,1058400
20130719,34.18,34.36,33.79,34.06,524100
20130722,34.14,34.71,33.85,34.34,968000
20130723,34.65,34.73,33.96,34.26,555700
20130724,34.25,34.48,33.62,33.86,560700
20130725,33.82,33.95,33.27,33.36,2261300
20130726,33.27,33.78,32.64,33.75,1544700
20130729,33.52,33.64,33.18,33.56,798000
20130730,33.67,34.02,33.44,33.44,1043600
20130731,33.39,34.03,33.17,33.76,2726000
20130801,34.02,34.72,33.83,34.5,903600
20130802,34.44,35.15,34.27,34.38,1432700
20130805,34.3,34.44,33.84,33.94,537600
20130806,34.14,34.26,33.23,33.5,1537300
20130807,33.35,33.56,32.71,33.11,1028000
20130808,33.1,33.38,32,33.19,1481700
20130809,33.34,33.66,32.6,33.49,2029800
20130812,33.63,34.14,32.68,32.87,1215300
20130813,32.73,33.3,32.51,33.02,980500
20130814,33.02,33.44,31.94,32.36,2515000
20130815,31.94,32.71,31.22,32.2,2056400
20130816,32.15,32.34,31.55,32.01,2020900
20130819,32.08,32.32,31.46,32.32,1177800
20130820,32.19,32.68,31.67,31.96,1420100
20130821,31.69,31.98,31.62,31.68,2223300
20130822,31.9,32.77,31.9,32.62,1400500
20130823,32.25,33.75,32.16,33.58,1478200
20130826,33.41,33.51,32.95,33.01,924800
20130827,32.64,32.87,31.72,32.12,1696800
20130828,32.24,32.62,31.89,32.37,865500
20130829,32.4,32.71,31.88,31.92,1175100
20130830,32.05,33.02,31.76,33.02,1964200
20130902,33.35,33.98,32.98,33.35,893400
20130903,33.38,33.52,32.34,32.57,1091200
20130904,32.43,33.34,32.12,33.11,1447400
20130905,32.95,33.35,32.62,33.35,819000
20130906,33.49,33.83,32.78,33.03,1197300
20130909,33.2,34.38,33,34.14,2029300
20130910,34.13,34.46,33.71,34.27,1245500
20130911,34.12,34.37,33.61,34.14,1178800
20130912,33.99,34.38,33.76,34.14,863500
20130913,34.14,34.27,33.79,34.23,926100
20130916,34.3,34.53,34.07,34.17,827100
20130917,34.29,34.42,33.52,34.09,1096800
20130918,34.14,34.44,33.6,34.44,1516400
20130919,34.39,34.42,33.23,33.27,1749800
20130920,33.34,33.69,32.7,33.21,1604600
20130923,33.35,33.85,33.21,33.4,746100
20130924,33.4,34.58,33.4,34.48,1890200
20130925,34.34,35.06,34.34,34.78,1698600
20130926,34.68,34.91,34.22,34.3,1420900
20130927,34.29,34.39,33.8,34.13,1094800
20130930,34.02,34.23,33.61,33.92,1176400
20131001,34.28,35.05,33.93,35.05,1324900
20131002,34.94,35.26,34.6,34.79,958000
20131003,34.93,34.99,34.35,34.48,782600
20131004,34.48,34.67,33.75,34.42,952200
20131007,34.37,35.33,34.37,34.62,1442400
20131008,34.79,35.33,34.64,35.02,1292400
20131009,35.09,35.47,34.77,35.47,1286200
20131010,35.56,35.57,34.04,34.56,2093000
20131011,34.62,34.74,33.75,34.36,1086300
20131014,34.29,34.94,34.18,34.83,1272000
20131015,34.82,35.33,34.56,35.14,1418200
20131016,35.02,35.37,34.7,35.04,1319400
20131017,34.87,35.45,34.56,35.35,629700
20131018,35.29,35.33,34.72,34.91,935600
20131021,35.18,35.26,34.71,34.95,751800
20131022,35.1,35.8,34.84,35.29,1125000
20131023,35.24,35.55,34.74,34.93,971100
20131024,34.94,35.32,34.23,34.46,1081000
20131025,34.54,34.59,33.99,34.44,716500
20131028,34.58,35.41,34.48,35.27,1672400
20131029,35.11,35.48,34.98,35.45,478700
20131030,35.5,35.53,34.83,35.06,778200
20131031,35.12,35.7,34.95,35.67,963300
20131101,35.29,35.92,35.29,35.45,1077300
20131104,35.45,35.56,34.74,35.1,1146600
20131105,35.27,35.56,34.52,34.74,1313600
20131106,34.86,34.87,34.06,34.81,1575000
20131107,35.34,35.89,34.98,35.02,3332200
20131108,34.98,35.28,33.96,34.46,1979800
20131111,34.46,34.83,34.21,34.66,872300
20131112,34.61,35,34.48,34.86,1331200
20131113,34.77,35.17,34.53,35.17,698700
20131114,35.16,35.46,35.06,35.46,1293600
20131118,35.28,35.4,34.76,34.86,1254300
20131119,34.74,34.8,34.1,34.3,1244900
20131121,33.98,34.1,33.13,33.75,1359700
20131122,33.56,33.66,33.27,33.49,945500
20131125,33.66,34.14,33.33,34.14,764200
20131126,33.94,34.43,33.6,33.6,936300
20131127,33.64,33.83,33.33,33.78,800500
20131128,33.81,33.91,33.48,33.51,469300
20131129,33.55,34.36,33.55,34.14,1299500
20131202,33.86,33.86,33.17,33.31,1431100
20131203,33.12,33.12,32.25,32.47,2579700
20131204,32.71,32.78,31.94,32.52,1203000
20131205,32.61,32.71,32,32,1875400
20131206,32.15,32.72,31.94,32.36,948200
20131209,32.4,32.67,32.12,32.43,850100
20131210,32.4,32.7,32.26,32.43,762900
20131211,32.43,32.79,31.62,31.82,1442300
20131212,31.92,31.96,31.18,31.88,1084000
20131213,31.91,32.52,31.37,31.56,886900
20131216,31.75,31.92,31.4,31.41,809800
20131217,31.54,31.67,31.01,31.36,1017400
20131218,31.47,31.68,31.2,31.4,1700500
20131219,31.48,31.95,31.22,31.95,1273500
20131220,31.95,32.11,31.16,31.54,1395500
20131223,31.54,31.68,31.13,31.63,817000
20131226,31.49,31.68,31.01,31.2,594300
20131227,31.26,31.49,30.97,31.19,363800
20131230,31.18,31.68,31.11,31.43,547800
20140102,31.42,31.49,30.04,30.21,1456300
20140103,30.21,30.56,30.19,30.49,747800
20140106,30.29,30.36,29.63,29.79,1276800
20140107,29.87,30.01,29.39,29.65,945000
20140108,29.7,29.85,29.3,29.31,1234000
20140109,29.37,30.17,29.19,29.62,2714300
20140110,29.66,30.61,29.4,30.33,1996900
20140113,30.21,30.68,29.49,29.8,1208100
20140114,29.82,30.76,29.7,30.76,976600
20140115,30.75,30.89,30.25,30.38,1116100
20140116,30.63,30.73,30.04,30.2,621400
20140117,30.34,30.49,29.42,30.33,1312400
20140120,30.24,30.36,29.75,30.12,748300
20140121,30.02,30.02,29.44,29.7,1276600
20140122,29.59,29.8,28.85,29.8,2436500
20140123,29.59,29.66,28.66,29.01,2094600
20140124,28.72,28.9,28.44,28.74,1559800
20140127,28.74,29.3,28.74,29.08,1689400
20140128,29.38,29.54,28.59,29.21,2643700
20140129,28.94,29.38,28.46,28.86,1350600
20140130,28.86,28.95,27.96,27.99,1581900
20140131,27.7,28.54,27.19,28.54,3113800
20140203,28.31,28.43,27.19,27.42,1938900
20140204,27.45,28.31,27.07,28.31,1316900
20140205,28.31,28.31,27.52,28.12,1056000
20140206,28.17,28.25,27.5,27.73,1922300
20140207,27.96,28.42,27.86,28.19,1222300
20140210,28.03,28.12,27.68,27.7,474500
20140211,27.88,28.23,27.3,28.08,747600
20140212,27.97,28.31,27.64,27.96,1480900
20140213,27.79,27.94,26.96,27.58,1034800
20140214,27.72,29.38,27.72,28.96,2572500
20140217,28.89,28.97,28.22,28.81,493200
20140218,28.67,29.16,27.61,27.63,1104900
20140219,27.6,27.61,26.24,27,2192000
20140220,26.77,27.55,26.68,27.55,954500
20140221,27.54,28.08,27,28.08,2524400
20140224,28.52,29.66,28.08,29.06,2318200
20140225,28.52,29.1,28.38,28.62,1039000
20140226,28.73,28.73,28.23,28.5,866800
20140227,28.82,29.22,27.94,28.42,1345200
20140228,28.5,28.55,27.23,27.54,1594800
20140305,27.41,27.66,26.84,26.88,698300
20140306,26.79,28,26.79,27.63,1773600
20140307,27.62,27.66,26.83,26.84,917700
20140310,26.76,27.44,26.58,27.39,1508900
20140311,27.47,27.62,27.23,27.49,743900
20140312,27.19,27.47,26.85,27.34,1575100
20140313,27.39,27.48,26.85,26.95,1069900
20140314,27.07,27.61,26.2,26.2,1470500
20140317,26.16,26.45,25.98,26.04,505100
20140318,25.88,26.5,25.87,26.2,933000
20140319,26.21,27.14,26.12,26.31,1775800
20140320,26.23,26.51,26.04,26.08,1398600
20140321,25.92,26.9,25.92,26.69,1631000
20140324,26.91,27.39,26.28,27.26,1870500
20140325,27.39,27.43,26.36,26.65,1402200
20140326,26.7,27.17,26.4,26.91,1083600
20140327,26.76,27.87,26.76,27.63,2108500
20140328,27.77,27.83,27,27.83,1358400
20140331,27.83,28.08,27.33,28,1243100
20140401,27.79,27.99,27.26,27.87,730500
20140402,27.83,28.94,27.55,28.85,2046000
20140403,28.56,29.17,28.24,28.84,1437300
20140404,29.31,29.68,29,29.28,2530900
20140407,29.38,29.66,29.06,29.41,1140500
20140408,30.07,30.36,28.47,28.81,1377500
20140409,28.79,28.79,28.19,28.5,617400
20140410,28.58,29.61,28.58,29.35,1486200
20140411,29.17,30.57,29.04,30.57,1444900
20140414,30.55,31.41,30.01,30.21,2419400
20140415,30.17,30.81,29.19,29.38,2208000
20140416,30.16,30.96,29.74,30.75,2610000
20140417,30.96,30.96,29.74,30.51,2205400
20140422,30.41,30.46,29.74,29.99,1589800
20140423,29.86,30.05,29.31,29.58,864800
20140424,29.58,29.9,29.12,29.85,1070700
20140425,29.63,30.21,29.24,29.46,1082900
20140428,29.24,29.63,29.12,29.59,1078600
20140429,29.79,30.33,29.7,30.2,1994700
20140430,30.19,30.36,29.76,30.36,1342500
20140502,30.36,31.11,30,31.11,1929900
20140505,31.03,31.11,30.52,31.05,1322500
20140506,31.1,31.33,30.68,30.99,783200
20140507,30.72,31.3,30.58,31.21,1000900
20140508,31.18,31.18,30.51,30.88,681700
20140509,31.26,31.26,30.55,30.73,544200
20140512,30.89,31.2,30.76,31.19,529200
20140513,31.04,31.75,30.97,31.53,1011500
20140514,31.83,32.02,31.28,31.28,1353800
20140515,31.18,31.25,30.53,31.11,1015600
20140516,31.12,31.25,30.27,30.55,1179000
20140519,30.47,30.52,29.53,29.59,1783800
20140520,29.45,30.23,29.45,29.67,1023400
20140521,29.7,29.75,29.32,29.53,691100
20140522,29.63,29.99,29.49,29.84,669700
20140523,29.7,30.07,29.58,29.77,411400
20140526,29.77,30.07,29.65,29.87,363100
20140527,29.87,30.19,29.5,29.5,438200
20140528,29.43,30.13,29.3,29.7,747700
20140529,29.81,30.18,29.69,30.1,514200
20140530,29.99,30.71,29.91,30.18,1626400
20140602,30.19,30.57,30.07,30.39,866800
20140603,30.39,30.74,30.23,30.57,859800
20140604,30.57,30.97,30.47,30.77,1472900
20140605,30.89,31.39,30.71,31.2,1025000
20140606,31.67,31.98,31.48,31.64,916700
20140609,31.64,32.63,31.51,32.3,1123800
20140610,32.31,33.08,32.27,32.44,1601600
20140611,32.79,32.95,32.42,32.55,1014600
20140613,32.36,33.51,32.32,33.11,1437000
20140616,33.11,33.42,32.57,32.63,469100
20140617,32.76,33.06,32.42,32.87,483900
20140618,32.79,32.79,32.17,32.48,1104800
20140620,32.11,32.91,32.06,32.08,912500
20140623,32.23,32.68,31.95,32.5,440600
20140624,32.59,33.55,32.37,32.58,852500
20140625,32.46,32.91,31.95,32.2,875300
20140626,32.4,32.4,31.4,31.7,725000
20140627,31.68,32.31,31.43,32.21,1893400
20140630,32.34,32.47,31.73,32.15,761600
20140701,32.18,32.58,31.57,31.8,417800
20140702,31.83,31.86,31.25,31.56,640000
20140703,31.49,32.16,31.45,32.02,431900
20140704,32.03,32.15,31.63,32.11,237400
20140707,31.93,31.95,31.39,31.66,623700
20140708,31.55,31.69,31.44,31.59,376900
20140710,31.75,31.97,31.47,31.83,409000
20140711,31.86,31.98,31.54,31.68,420700
20140714,31.79,32.24,31.59,31.79,625900
20140715,31.77,31.83,31.05,31.63,973500
20140716,31.56,31.65,30.98,31.05,719600
20140717,30.96,31.25,30.84,31.03,394200
20140718,31.58,32.07,31.37,31.74,1100500
20140721,31.73,31.92,31.49,31.84,695200
20140722,32.01,32.21,31.72,31.97,646500
20140723,31.76,31.97,31.65,31.77,1150000
20140724,31.94,32.07,31,31.02,1495600
20140725,31.04,31.06,30.42,30.64,815000
20140728,30.76,30.76,29.55,29.63,1789400
20140729,29.56,29.97,29.09,29.91,1399400
20140730,30.15,30.39,29.77,30.07,1770200
20140731,29.82,29.97,29.67,29.8,1218400
20140801,29.7,29.77,29.27,29.7,668800
20140804,29.63,30.24,29.5,30.04,658800
20140805,29.93,30.43,29.8,29.88,748600
20140806,30.05,30.18,29.43,29.67,307900
20140807,29.86,29.97,29.31,29.5,733800
20140808,29.23,29.59,29.23,29.43,940000
20140811,29.51,29.85,29.44,29.67,812800
20140812,29.51,30.11,29.51,29.72,853400
20140813,29.9,30.05,29.44,29.55,1098000
20140814,29.47,29.47,28.76,29.27,1267500
20140815,29.41,29.66,29.31,29.43,798900
20140818,29.63,30.27,29.44,30.15,872600
20140819,30.2,31,29.95,30.89,1341000
20140820,30.86,31.67,30.71,31.63,1834300
20140821,31.66,31.91,31.19,31.49,878600
20140822,31.28,32.06,31.28,31.99,2030400
20140825,32.14,32.88,32.14,32.81,1666900
20140826,32.71,34.43,32.71,33.77,2579500
20140827,34.12,35.72,34.11,35.24,3230400
20140828,35.12,35.83,34.99,35.64,2171500
20140829,36.1,37.49,36.1,37.28,2405600
20140901,38.23,38.31,36.08,36.24,2347900
20140902,36,37.11,35.56,36.23,2343700
20140903,36.36,37.19,35.68,36.51,2490800
20140904,35.95,36.22,35.55,35.96,1173800
20140905,36.19,36.24,34.86,35.17,1257200
20140908,35.58,35.89,34.3,34.56,1087500
20140909,34.21,34.44,33.78,34.24,1334900
20140910,34.23,34.52,33.27,33.92,1444200
20140911,34.21,34.29,33.44,33.79,844000
20140912,33.4,33.5,32.5,32.87,1942000
20140915,32.92,33.19,32.68,32.95,1041900
20140916,32.93,33.9,32.75,33.52,1625400
20140917,33.8,35.1,33.8,34.23,1459500
20140918,34,34.2,33.35,33.64,944900
20140919,33.38,33.6,32.42,32.99,1245400
20140922,32.65,32.65,31.75,32.11,1274900
20140923,32.15,32.47,31.33,31.86,1113800
20140924,31.55,32.07,31.21,31.78,1199900
20140925,31.6,31.86,31.01,31.01,1154200
20140926,31.13,32.42,31.11,32.34,1145200
20140929,30.56,31.96,30.47,31.51,2818700
20140930,31.12,31.54,30.97,31.54,1957700
20141001,31.04,31.15,29.67,30.15,2963900
20141002,29.87,30.4,29.37,29.73,1222100
20141003,29.91,30.38,29.06,30.27,1058800
20141006,33.52,33.61,31.52,32.38,2030000
20141007,33.16,33.23,32.09,32.44,1282300
20141008,33.08,33.11,31.13,31.91,1395800
20141009,32.13,32.67,31.65,31.73,754200
20141010,31.41,32.38,31.37,31.47,1171500
20141013,32.08,34.29,32.08,33.34,1650100
20141014,33,34.86,32.78,33.97,1546600
20141015,33.79,33.79,31.78,33.03,1407800
20141016,32.13,32.13,31.15,31.86,2156300
20141017,32.26,33.11,31.68,32.07,1606800
20141020,32.09,32.09,31.18,31.22,778500
20141021,30.22,30.22,29.12,29.19,2614100
20141022,29.1,30.06,28.33,28.88,1641400
20141023,28.49,28.49,27.68,27.78,1801400
20141024,27.83,29.16,27.61,28.46,1642800
20141027,26.79,28.14,26.34,28.08,3014900
20141028,28.24,29.57,28.15,29.25,2440500
20141029,29.3,29.3,28.26,28.54,2234200
20141030,28.62,30.63,28.62,29.55,1910300
20141031,29.65,31.78,29.53,31.31,2025700
20141103,31.22,31.22,29.98,30.7,1016500
20141104,30.7,31.35,30,31,993200
20141105,30.54,30.95,30.26,30.46,1099300
20141106,30.11,30.11,28.65,28.65,1948400
20141107,28.96,29.34,28.15,28.55,1449800
20141110,28.59,28.87,28.35,28.42,848000
20141111,28.62,28.85,27.43,27.6,1111100
20141112,27.57,28.39,27.32,28.35,1063100
20141113,28.27,28.55,27.24,27.24,1002600
20141114,27.06,27.22,26.2,27.1,1480800
20141117,27.04,27.33,26.38,27.17,805600
20141118,27.21,27.66,26.95,27.09,889600
20141119,27.09,27.94,26.93,27.88,1178000
20141121,28.6,30.6,27.93,29.5,1369900
20141124,29.95,30.63,29.64,29.78,1548100
20141125,29.99,30.4,29.08,29.28,906500
20141126,29.78,31.02,29.78,30.5,2763100
20141127,30.77,31.03,29.35,29.58,1171000
20141128,29.64,29.9,28.51,28.87,1815900
20141201,28.94,28.94,27.15,28.1,1486900
20141202,28.39,29.3,27.96,28.8,1373300
20141203,28.98,29.14,28.28,28.6,1426700
20141204,28.82,28.82,27.91,28.06,956700
20141205,28.06,28.39,27.36,28.15,933500
20141208,28.06,28.06,26.9,26.92,1227500
20141209,26.97,27.1,25.97,26.15,1343200
20141210,25.99,26.11,24.94,25.52,2125300
20141211,25.23,26.25,25.18,25.67,1287400
20141212,25.27,25.54,24.32,24.66,1660200
20141215,24.87,24.91,23.08,23.4,2038600
20141216,22.9,24.21,22.63,24.07,2396000
20141217,24.47,26.02,24.23,25.24,2931900
20141218,25.3,26.02,24.72,24.98,1860600
20141219,24.9,25.52,24.83,25.2,1569600
20141222,25.2,25.39,24.74,25.11,1153300
20141223,24.99,25.65,24.86,25.65,721000
20141226,25.65,26.25,25.41,25.66,499300
20141229,25.42,26.29,25.39,25.97,1592400
20141230,26.15,26.42,25.68,26.11,947700
20150102,26.09,26.09,24.94,25.16,1565500
20150105,24.8,24.87,23.44,23.67,1889600
20150106,23.76,23.9,21.68,22.73,2881000
20150107,22.81,23.65,22.28,23.07,2500900
20150108,23.52,23.69,22.63,23.35,1952300
20150109,23.11,23.86,22.62,22.62,1800300
20150112,22.53,22.74,21.21,21.21,2005300
20150113,21.19,22.61,21.09,22.44,2372500
20150114,22.17,23.81,21.98,22.7,1949700
20150115,22.72,23.94,22.62,23.87,2187000
20150116,23.98,24.62,23.32,23.47,950300
20150119,23.46,23.72,22.26,22.26,1089100
20150120,23.38,24.04,22.99,23.26,2200400
20150121,23.38,23.76,22.79,23.36,1814800
20150122,23.54,25.16,23.53,24.58,3125300
20150123,24.56,25.48,24.34,24.71,1504900
20150126,24.43,25.12,24.24,24.57,1272400
20150127,24.47,24.9,23.88,23.98,1560900
20150128,23.89,24.04,23.15,23.34,879900
20150129,23.48,23.78,23.1,23.57,1263400
20150130,23.33,23.33,21.94,22.2,2057800
20150202,22.27,23,21.54,22.65,1910300
20150203,22.88,23.3,22.63,23.16,1727200
20150204,23.16,23.28,22.62,23.01,1052800
20150205,23.01,23.91,23.01,23.83,844600
20150206,23.48,23.61,22.75,22.85,1346100
20150209,22.9,23.82,22.52,23.44,990400
20150210,23.25,23.9,23.12,23.85,1510400
20150211,23.65,24.12,23.25,24,2016600
20150212,24.25,25.49,24.15,25.25,2543300
20150213,25.25,25.69,24.84,25.19,1545200
20150218,25.34,25.77,25.08,25.34,1108900
20150219,25.17,25.35,24.81,24.98,1203000
20150220,25.12,25.43,24.64,25.16,917200
20150223,24.93,25.46,24.4,24.57,946600
20150224,24.58,25.17,24.36,24.89,1650200
20150225,24.71,24.79,24.46,24.75,1593700
20150226,24.86,25.52,24.67,25.41,1659000
20150227,25.54,25.95,25.2,25.6,1641800
20150302,25.6,25.76,25.21,25.35,916600
20150303,25.25,25.61,24.84,25.08,1198200
20150304,24.69,24.91,24.34,24.5,1482200
20150305,24.81,25.06,24.2,24.39,1003200
20150306,24.34,24.57,23.83,24.15,743000
20150309,23.8,23.93,23.45,23.89,1086400
20150310,23.79,24.12,23.53,23.87,927500
20150311,23.78,24.18,23.5,24.09,760800
20150312,24.7,24.7,23.72,23.86,873900
20150313,23.56,23.67,22.89,23.16,2008800
20150316,23.28,23.48,23.08,23.38,1436500
20150317,23.25,23.97,23.11,23.97,1602800
20150318,23.89,25.34,23.64,25.34,1480900
20150319,25.39,25.45,24.1,24.78,1656100
20150320,24.89,25.79,24.84,25.27,1659300
20150323,25.26,25.77,25.09,25.25,1661000
20150324,25.36,25.67,25.07,25.39,884700
20150325,25.35,26.34,25.35,26.34,2310400
20150326,26.34,26.34,25.48,25.81,1410000
20150327,25.63,25.8,24.66,24.71,1697100
20150330,24.8,25.25,24.78,25.08,1212400
20150331,24.8,25.69,24.79,25.24,1270100
20150401,25.3,26.59,25.3,26.23,1922200
20150402,26.12,27.05,25.57,26.25,2009200
20150406,26.64,26.91,26.06,26.06,1232400
20150407,26.14,26.64,26.09,26.53,983000
20150408,26.8,27.08,26.67,26.75,1310000
20150409,26.53,27.05,26.1,26.37,971300
20150410,26.24,26.83,26.15,26.61,834900
20150413,26.61,27.04,26.61,26.79,1089500
20150414,26.95,26.97,26.43,26.43,673100
20150415,26.55,27.05,26.55,26.97,988900
20150416,26.96,26.97,26.44,26.49,690000
20150417,26.02,26.34,25.78,26.15,1285400
20150420,26.28,26.7,25.71,26.04,908000
20150422,26.16,27.26,26.08,27.01,1364100
20150423,27.05,27.54,26.7,27.19,1063500
20150424,27.32,27.35,26.6,26.66,1074300
20150427,26.61,26.78,26.19,26.22,914800
20150428,26.25,26.68,26.01,26.63,1250500
20150429,26.25,26.38,26.02,26.15,767200
20150430,26.03,26.7,26.02,26.7,1380700
20150504,26.94,27.12,26.35,26.53,2501400
20150505,26.49,26.77,25.34,25.47,1976900
20150506,25.52,26.02,24.96,26.02,2481600
20150507,25.66,25.74,24.81,25.18,2945300
20150508,25.35,25.47,24.9,25.37,1119600
20150511,25.36,25.57,24.39,24.49,2894300
20150512,24.24,25.04,24.24,24.78,2032800
20150513,24.78,25.27,24.78,25.1,1235600
20150514,25.33,25.58,25.09,25.39,1397800
20150515,25.21,25.58,25.1,25.34,783400
20150518,25.34,25.55,25.01,25.29,820400
20150519,25.3,25.33,24.81,25.01,867700
20150520,24.95,25.52,24.92,25.47,1145400
20150521,25.31,25.84,25.3,25.64,934700
20150522,25.69,25.97,25.26,25.47,1342200
20150525,25.34,25.44,25.01,25.24,321900
20150526,25.17,25.31,24.35,24.48,873200
20150527,24.5,24.61,23.79,24.55,914600
20150528,24.53,24.53,23.59,23.72,1086700
20150529,23.72,23.74,22.63,23.01,1832000
20150601,22.95,23.15,22.66,22.97,477900
20150602,23.13,24.02,23.13,23.65,2675000
20150603,23.84,24.02,23.46,23.89,1108300
20150605,23.76,23.92,23.36,23.55,862000
20150608,23.57,23.87,23.44,23.61,832700
20150609,23.61,24.31,23.41,24.02,1749200
20150610,24.32,24.48,23.82,24.42,1094400
20150611,24.52,24.67,23.89,24.42,792900
20150612,24.17,24.38,23.81,24.14,787900
20150615,24.1,24.1,23.33,23.59,901400
20150616,23.59,23.75,23,23,1019100
20150617,23,23.43,23,23.05,1008400
20150618,23.27,24.04,22.93,23.78,837500
20150619,23.67,23.67,23.13,23.21,625000
20150622,23.28,23.92,23.28,23.61,619200
20150623,23.88,24.05,23.7,24.05,770400
20150624,24.19,24.37,23.51,23.93,1139200
20150625,23.83,23.96,23.43,23.61,1148600
20150626,23.61,24.14,23.61,23.78,760500
20150629,23.5,23.75,23.01,23.07,568700
20150630,23.31,23.35,22.77,23,2164200
20150701,23.06,23.11,22.46,22.71,1737900
20150702,22.83,22.87,21.99,22.04,1125300
20150703,21.88,22.26,21.68,21.76,810400
20150706,21.6,21.6,20.95,21.03,1579700
20150707,20.94,21.03,20.16,20.86,2580800
20150708,20.74,21,20.27,20.74,1081800
20150710,21.03,21.66,20.71,21.42,1553400
20150713,21.62,21.62,21.27,21.56,806800
20150714,21.45,21.97,21.29,21.81,568700
20150715,21.81,21.81,20.84,21.14,1148500
20150716,21.25,21.32,20.48,20.81,883200
20150717,20.63,20.83,20.19,20.35,940700
20150720,20.35,20.44,19.66,19.94,1410900
20150721,19.95,20.43,19.35,19.44,1688000
20150722,19.12,19.4,19.02,19.4,1177800
20150723,19.37,19.64,18.76,18.94,1785300
20150724,18.77,19.01,18.3,18.88,779600
20150727,18.71,19.63,18.43,19.11,1190500
20150728,19.49,19.61,18.59,18.88,1275500
20150729,18.77,19.11,18.51,18.74,2657000
20150730,18.67,18.96,18.51,18.76,738200
20150731,18.7,19.29,18.67,19.02,721100
20150803,18.84,18.84,18.36,18.65,1285900
20150804,18.66,18.97,17.83,18.52,915500
20150805,18.65,18.83,18.21,18.3,530300
20150806,18.24,18.92,17.86,18.7,1415400
20150807,18.44,18.54,18.22,18.29,1076100
20150810,18.29,18.84,18.12,18.65,784500
20150811,18.53,18.88,18.36,18.88,911100
20150812,18.87,18.87,18.25,18.75,1625700
20150813,18.61,19.34,18.06,18.47,1821400
20150814,18.56,18.56,18.06,18.47,1706700
20150817,18.3,18.39,17.83,17.83,1122700
20150818,17.73,17.89,17.29,17.47,1366200
20150819,17.37,17.41,16.99,17.23,788700
20150820,16.97,17.01,16.36,16.44,1963800
20150821,16.18,16.68,16.07,16.65,1260300
20150824,16.05,16.73,15.59,16.32,1841000
20150825,16.69,16.84,16.37,16.62,1175200
20150826,16.69,17.16,16.23,17.16,1270000
20150827,17.35,18.11,17.15,17.66,2188700
20150828,17.29,17.76,17.08,17.47,1235500
20150831,17.34,17.34,16.41,16.6,2233200
20150901,16.19,16.63,16.05,16.14,1703500
20150902,16.25,16.57,15.82,16.19,1837400
20150903,16.46,17.01,16.31,17.01,2011200
20150904,17.1,17.74,17.05,17.68,3869300
20150908,18.03,18.28,17.57,18.1,2132900
20150909,18.27,18.55,17.17,17.24,2414400
20150910,16.58,17.52,16.58,17.31,1423000
20150911,17.19,17.61,17.03,17.61,1074700
20150914,17.97,18.5,17.52,18.43,1813900
20150915,17.97,18.13,17.74,17.99,1982500
20150916,18.04,18.91,18.04,18.66,1476400
20150917,18.6,19.24,18.6,18.72,1256900
20150918,18.7,18.7,17.81,18.21,1600100
20150921,18.18,18.49,17.82,17.99,480300
20150922,17.45,18.23,17.29,18.14,812700
20150923,18.1,18.2,17.36,17.43,1226800
20150924,17.11,18.04,16.84,17.53,800200
20150925,17.77,18.14,17.38,17.82,1018500
20150928,17.54,17.85,17.06,17.65,1159800
20150929,17.65,18.31,17.55,17.71,1382600
20150930,18.74,19.48,18.49,18.77,4724200
20151001,19.1,19.23,18.19,19.07,1669800
20151002,19.16,19.95,18.84,19.89,1787100
20151005,20.64,20.64,19.44,19.79,1948100
20151006,19.79,20.88,19.79,20.75,1655900
20151007,20.94,21.9,20.89,21.59,2269200
20151008,21.6,21.86,20.89,21.03,1359800
20151009,21.17,21.85,21.08,21.82,1105300
20151013,21.49,21.52,20.75,20.93,2074500
20151014,20.75,21.27,20.75,21.03,1464000
20151015,21.03,21.26,20.34,20.7,1043900
20151016,20.78,21.45,20.46,21.03,1568300
20151019,21.07,21.49,20.62,21.26,667600
20151020,21.25,22,21.17,21.78,1362000
20151021,21.59,22.28,21.36,21.48,994900
20151022,21.6,22.68,21.59,22.3,1088600
20151023,22.66,22.84,22.01,22.08,750100
20151026,22.27,22.47,21.82,21.95,891700
20151027,22.09,22.29,21.86,22.11,1108600
20151028,22.09,22.52,21.96,22.24,1798500
20151029,21.99,22.66,21.74,21.87,908000
20151030,21.86,23.04,21.76,23.04,2095200
20151103,22.85,24.67,22.85,23.7,2201800
20151104,23.79,24.41,23.31,23.54,1221200
20151105,23.55,24.2,23.32,24.11,1029200
20151106,24.03,24.04,23.07,23.64,975300
20151109,23.59,23.94,23.21,23.31,562900
20151110,23.1,23.66,22.95,23.66,862800
20151111,23.96,24.05,23.56,24.01,1062500
20151112,23.96,25.12,23.89,24.71,1329000
20151113,24.4,24.93,23.73,24.06,1448300
20151116,24.11,24.32,23.73,23.87,939700
20151117,23.93,24.41,23.87,23.87,1481700
20151118,23.79,24,23.67,23.89,1123400
20151119,23.87,24.25,23.61,24.24,1381500
20151123,24.38,24.97,24.27,24.31,847100
20151124,24.18,24.86,24.14,24.43,1483200
20151125,24.15,24.15,23.25,23.4,2291200
20151126,23.39,24.03,23.39,23.69,758000
20151127,23.51,24.05,23,23.46,942600
20151130,23.31,23.45,22.47,22.47,2727000
20151201,22.24,23.19,21.97,23.08,985600
20151202,23.02,23.34,22.67,23.11,658200
20151203,23.48,23.94,23.21,23.7,913100
20151204,23.51,23.75,23.12,23.22,885100
20151207,23.56,24.01,23.22,23.4,1444200
20151208,23.4,23.65,22.62,22.75,1734000
20151209,22.88,24.47,22.88,23.9,2405100
20151210,24.02,24.07,22.93,23.62,1328600
20151211,23.25,23.95,23.11,23.31,558600
20151214,23.15,23.5,22.81,23.27,508200
20151215,23.57,23.75,23.12,23.26,383300
20151216,22.99,23.55,22.32,23.36,901800
20151217,23.73,24.3,23.46,23.58,524400
20151218,23.12,23.2,22.23,22.78,1615400
20151221,22.65,23.12,22.21,22.75,794700
20151222,22.85,23.13,22.51,22.94,935600
20151223,23.2,23.37,22.76,23.11,544300
20151228,22.99,23.88,22.86,23.6,666800
20151229,23.6,24.15,23.6,23.7,435900
20151230,23.71,23.87,22.94,23.5,741400
20160104,23.25,23.33,22.08,22.38,849600
20160105,22.52,22.83,22.07,22.49,744800
20160106,22.24,22.38,21.54,22.06,1157900
20160107,21.54,21.82,20.84,21.82,1156200
20160108,21.79,22.17,21.45,21.82,1163400
20160111,21.76,22.3,21.55,21.86,1245700
20160112,21.82,22.04,20.2,20.69,2043600
20160113,20.82,21.77,20.77,21.45,1588900
20160114,21.45,21.59,20.48,21.56,1276800
20160115,21.34,21.59,20.84,21.26,1443300
20160118,21.05,21.24,20.71,20.72,604000
20160119,21.17,21.32,20.57,20.61,1010300
20160120,20.33,21.09,20.15,21.09,1577000
20160121,20.78,21.49,20.78,21.07,1332000
20160122,21.26,22.12,21.26,21.87,1610100
20160126,21.51,22.56,21.51,21.91,2268400
20160127,22.18,22.75,21.87,22.38,2531900
20160128,22.66,23.03,22.17,22.92,2459500
20160129,23.11,23.77,22.86,23.44,1852800
20160201,23.31,23.55,22.93,23.41,1116400
20160202,23.12,23.54,22.79,22.94,1562400
20160203,23.2,23.27,22.17,22.36,2653200
20160204,22.61,22.84,22.2,22.43,2042100
20160205,22.26,22.56,21.5,21.8,1680900
20160210,21.17,22.07,21.17,21.99,831400
20160211,21.62,21.8,20.92,21.35,1158100
20160212,21.35,22.26,21.33,21.96,1608400
20160215,22.38,23.07,22.38,22.67,1004500
20160216,22.69,23.23,22.58,22.85,1092300
20160217,23.18,23.22,22.33,22.75,1300200
20160218,22.46,22.95,22.38,22.75,927900
20160219,23.05,23.43,22.41,23.04,1238700
20160222,23.52,24.15,23.46,23.86,2376200
20160223,23.86,24.78,23.68,24.12,1642400
20160224,23.92,24.9,23.55,24.58,2357500
20160225,24.39,25.37,24.31,24.99,1127000
20160226,25.24,25.85,24.72,25,968200
20160229,25.53,25.89,25.16,25.68,1939500
20160301,25.82,26.73,25.73,26.31,1675500
20160302,26.21,26.68,25.91,26.53,1127200
20160303,26.67,27.24,26.59,27.02,1651500
20160304,27.33,28.34,27.06,27.38,1653700
20160307,27.48,27.65,26.71,27.05,1182500
20160308,27.04,27.37,26.18,27,1184700
20160309,27.02,27.78,26.69,27.21,1079700
20160310,27.47,28.19,27.06,27.59,1872500
20160311,27.55,28.09,27.37,27.6,1042500
20160314,27.47,27.96,26.91,27.68,695600
20160315,27.16,27.93,26.91,27.37,1032100
20160316,27.18,28.19,27.01,27.56,906900
20160317,27.95,29.8,27.94,29.09,2481600
20160318,29.29,29.78,28.81,29.2,1868600
20160321,29.39,30.29,29.3,29.43,1376000
20160322,29.56,30.23,29.52,30.19,1626400
20160323,30.14,30.24,29.3,30.24,1059000
20160324,29.86,30.21,29.53,29.76,673800
20160328,30.22,30.61,30.1,30.36,685700
20160329,30.51,30.99,30.27,30.51,666100
20160330,30.73,31.55,30.29,30.47,1078100
20160331,30.47,30.72,29.71,30.14,1465100
20160401,30.16,30.64,29.87,30.58,959800
20160404,29.76,29.76,27.64,28.19,2254400
20160405,28.33,29.17,27.95,28.29,902600
20160406,27.97,28.69,27.49,27.93,677400
20160407,28.19,28.79,27.9,28.42,796300
20160408,29.15,29.62,28.91,28.91,1238700
20160411,29.25,29.28,28.43,28.61,659200
20160412,28.99,29.59,28.72,29.05,798000
20160413,29.66,30.43,29.34,30.04,1334300
20160414,30.21,30.67,30.01,30.05,635200
20160415,30.53,31.07,29.72,30.51,806100
20160418,30.26,31.14,29.07,30.44,843300
20160419,30.52,32,30.52,31.35,1653600
20160420,31.16,31.18,30.26,31.06,869500
20160422,30.44,31.14,29.89,30.92,968800
20160425,30.91,30.91,29.71,29.94,790200
20160426,30.32,30.64,29.16,29.4,1327600
20160427,29.67,31.48,29.6,31.3,1390100
20160428,31.27,31.51,30.35,30.82,706800
20160429,30.53,31,30.25,30.57,690600
20160502,30.82,30.91,29.7,30.19,686200
20160503,29.91,30.14,29.47,29.93,584200
20160504,29.86,30.38,29.45,30.32,703000
20160505,30.51,30.58,29.65,30.02,509600
20160506,29.91,30.64,29.67,30.36,468100
20160509,30.16,30.22,28.96,29.84,521500
20160510,30.32,30.76,29.76,30.31,927400
20160511,30.72,31.16,30.03,30.92,831200
20160512,30.96,32.3,30.74,32.14,1472200
20160513,32.16,33.06,32,32.9,1434400
20160516,33.09,33.76,31.92,33.49,1236400
20160517,33.83,34.59,33.35,34.56,3597700
20160518,34.17,35.36,33.69,33.75,2008200
20160519,33.56,33.66,32.18,32.88,1224100
20160520,33.07,33.75,32.67,33.14,935300
20160523,32.42,33.62,32.34,33.14,638900
20160524,33.32,34.05,32.53,32.81,718300
20160525,33.01,33.28,32.9,32.94,826700
20160527,32.55,33.08,31.95,32.36,542000
20160530,32.19,32.81,32.1,32.24,421800
20160531,32.24,32.8,32,32.19,1235600
20160601,31.96,32.74,31.52,32.64,889200
20160602,32.65,33.17,32.07,32.83,714500
20160603,32.95,33.13,32.49,32.96,810700
20160606,33.12,33.54,33,33.34,882600
20160607,33.32,33.55,32.83,33.18,530700
20160608,33.21,33.92,33.21,33.69,835000
20160609,33.73,33.73,32.78,33.16,417500
20160610,32.97,33.06,32.17,32.17,712800
20160613,31.79,32.43,31.18,32.4,790900
20160614,32.17,32.42,30.89,31.28,945000
20160615,31.23,32.18,31,31.54,975900
20160616,31.27,31.74,30.49,31.57,793600
20160617,31.76,32.53,31.62,32.1,1025500
20160620,32.42,33.3,32.27,32.69,917200
20160621,32.82,33.02,31.87,32.99,517100
20160622,33.19,33.21,31.95,32.06,649500
20160623,32.41,32.75,31.73,32.3,996100
20160624,31.31,31.96,30.84,31.13,1433400
20160627,30.9,32.04,30.85,31.84,938300
20160628,32.38,33.11,32.13,32.7,1047700
20160629,33.04,33.84,32.02,32.41,1519800
20160630,32.28,33.24,32.16,32.66,1596700
20160701,33.05,33.41,32.51,33.04,770700
20160704,33.34,33.73,32.96,33.27,343800
20160705,33.14,33.36,32.66,33.05,670600
20160706,33.11,33.93,32.88,33.62,753400
20160707,33.54,34.17,33.35,33.54,966900
20160708,33.71,33.91,33.44,33.83,701800
20160711,33.84,34.07,33.78,34.07,519600
20160712,34.12,34.49,33.83,33.94,621700
20160713,33.92,34.15,33.53,33.73,977900
20160714,34.09,34.38,33.76,34.22,791100
20160715,34.04,34.49,33.04,33.16,1279800
20160718,33.1,33.9,32.9,33.67,952800
20160719,33.66,34.28,33.5,33.83,1768300
20160720,33.91,34,33.48,33.98,793200
20160721,33.83,34.1,33.22,33.56,754300
20160722,33.68,34,33.4,33.44,642100
20160725,33.54,33.6,32.53,32.9,879300
20160726,32.98,33.99,32.67,33.54,1011500
20160727,33.69,33.81,33.32,33.35,732700
20160728,33.34,33.53,32.71,33.48,514800
20160729,33.45,33.78,33.15,33.39,992300
20160801,33.52,33.55,32.86,33.07,1016800
20160802,33.05,33.28,31.81,32.36,972800
20160803,32.36,32.6,31.53,32.02,1101600
20160804,32.14,32.36,31.33,31.62,1868500
20160805,31.8,33.17,31.73,33.17,2147000
20160808,33.19,33.24,32.4,32.85,945400
20160809,32.97,33.3,32.92,33.25,1168500
20160810,33.26,33.49,32.82,33.49,974300
20160811,33.92,33.99,32.86,33.39,1071900
20160812,33.38,34.12,32.91,33.4,953500
20160815,33.26,34.15,33.15,33.61,1374600
20160816,33.4,34.63,33.37,34.32,1169700
20160817,34.3,35.43,34.18,35.43,1375200
20160818,35.43,35.71,34.86,35.54,885400
20160819,35.3,35.56,34.92,35.12,450400
20160822,35.1,35.17,34.17,34.46,485600
20160823,34.46,34.83,34.41,34.56,520400
20160824,34.51,35.56,34.26,35.15,656800
20160825,35.15,35.84,34.84,35.41,964800
20160826,35.46,35.78,35.16,35.51,763000
20160829,35.58,36.46,35.07,35.89,1509600
20160830,35.94,37.8,35.71,37.8,1968300
20160831,37.53,37.73,36.4,36.89,1711600
20160901,36.87,37.77,36.63,36.9,1221900
20160902,36.89,37.29,36.74,37.29,807300
20160905,37.25,37.9,37.07,37.52,508800
20160906,37.65,37.65,36.86,37.16,643900
20160908,37.07,37.14,36.43,37.02,1075300
20160909,36.57,36.8,35.8,36.04,1110000
20160912,36.04,36.54,35.41,36.2,1161800
20160913,36.08,36.09,34.9,35.18,1172600
20160914,35.01,35.4,34.65,34.82,512200
20160915,34.84,35.87,34.84,35.37,600000
20160916,35.19,35.19,34.66,34.66,1182500
20160919,34.66,35.52,34.66,34.98,825900
20160920,35.25,36.55,35.25,36.33,1859300
20160921,36.47,37.1,36.05,36.97,1057900
20160922,37.26,37.6,36.49,36.71,959500
20160923,37.03,37.03,35.9,36.53,612900
20160926,36.37,36.38,35.71,35.77,630100
20160927,35.77,36.17,35.57,35.99,518900
20160928,35.99,37.17,35.99,37.16,762200
20160929,36.92,37.26,36.58,36.75,619400
20160930,36.6,37.04,36.24,36.98,774500
20161003,37.02,37.84,37.02,37.57,1343900
20161004,37.55,37.69,36.88,37.36,642100
20161005,37.51,38.98,37.46,38.91,1261900
20161006,38.91,39.7,38.61,39.64,733800
20161007,39.65,40.09,38.85,39.62,1346600
20161010,39.62,39.96,38.84,39.23,1111500
20161011,39.33,40.35,38.98,39.63,1589000
20161013,39.42,40.98,39.13,40.67,2341100
20161014,40.84,40.89,39.53,40.65,1296700
20161017,40.71,41.24,40.31,40.89,945600
20161018,40.9,42.93,40.6,42.93,1220100
20161019,42.53,43.51,41.05,41.26,1274800
20161020,41.26,42.2,40.69,41.66,671000
20161021,41.75,42.53,41.5,42.49,724800
20161024,42.54,42.78,41.42,41.86,499500
20161025,41.68,42.29,41.42,42.16,517800
20161026,41.67,41.89,40.02,40.43,1579800
20161027,40.43,42.2,40.36,42.1,822000
20161028,41.9,42.5,41.61,41.79,919600
20161031,41.94,42.26,41.68,42.09,682400
20161101,42.26,42.29,40.5,40.9,851900
20161103,40.6,41.2,39.74,39.84,759100
20161104,39.73,41,39.53,39.87,702200
20161107,40.39,41.76,40.39,41.71,477700
20161108,41.39,42.45,41.34,42.41,520300
20161109,40.84,41.95,39.97,41.38,1271800
20161110,41.58,41.68,37.42,39.91,1633100
20161111,39.21,39.5,36.04,36.28,2602600
20161114,36.18,37.56,35.28,37.26,1455700
20161116,37.29,37.83,35.89,36.28,2469800
20161117,36.81,36.81,34.81,34.81,1379600
20161118,34.81,37.36,34.49,36.23,1388300
20161121,36.32,38.07,35.38,36.94,1444000
20161122,37.67,37.88,36.66,37.31,1549500
20161123,37.26,37.64,35.91,36.79,1058900
20161124,37.09,37.51,36.39,37.18,534400
20161125,36.84,38.14,36.53,37.7,1161100
20161128,37.7,38.08,36.9,37.75,786700
20161129,37.75,37.75,37.07,37.45,666900
20161130,37.91,39.19,37.86,38.71,1307000
20161201,38.23,38.64,36.89,37.39,1580400
20161202,36.95,38.02,35.6,37.45,933600
20161205,37.56,37.7,35.85,36.28,1553100
20161206,36.28,38.35,36.08,38.25,939400
20161207,38.73,38.95,37.18,38.14,954500
20161208,38.68,39.01,36.8,37.56,1051100
20161209,37.89,38.23,37.09,38.01,623000
20161212,37.37,37.77,37.18,37.44,500400
20161213,37.2,37.69,36.7,37.15,884700
20161214,37.05,37.91,36.46,36.46,932600
20161215,36.45,37.56,35.61,37.23,827800
20161216,37.49,37.76,36.38,37.15,793800
20161219,37.17,37.6,36.15,36.15,609100
20161220,36.68,36.86,35.9,36.35,550800
20161221,36.3,37.28,36.15,36.52,350300
20161222,36.51,37.24,36.17,37.12,532100
20161223,37.21,37.25,36.84,36.89,191800
20161226,37.08,37.08,36.45,36.5,308500
20161227,36.88,37.06,35.64,35.71,943000
20161228,35.67,38.15,35.01,37.76,1160600
20161229,37.71,38.17,37.04,38.15,729400
20170102,37.62,37.86,36.97,37.15,520200
20170103,37.4,39.28,37.4,38.88,878800
20170104,38.69,38.98,38.38,38.9,612300
