<DTYYYYMMDD>,<OPEN>,<HIGH>,<LOW>,<CLOSE>,<VOL>
20100601,19.84,19.96,19.44,19.59,3561500
20100602,19.52,20.05,19.52,19.85,2343500
20100604,19.55,19.59,18.86,18.87,3924600
20100607,19,19.07,18.24,18.47,3671100
20100608,18.58,18.74,18.25,18.56,3064000
20100609,18.76,19.05,18.48,18.54,2657100
20100610,18.74,19.52,18.74,19.37,2886400
20100611,19.29,19.82,19.18,19.69,2992700
20100614,19.92,20.14,19.6,19.7,3058700
20100615,19.8,19.91,19.62,19.8,2377900
20100616,19.7,20.02,19.62,19.83,3198800
20100617,19.87,20.06,19.35,19.59,3990600
20100618,19.62,19.62,19.2,19.39,2917200
20100621,19.88,20.06,19.63,19.63,3252100
20100622,19.64,20.11,19.64,19.8,2713900
20100623,19.94,20.02,19.55,19.98,2621200
20100624,19.91,20.42,19.64,19.99,7214800
20100625,20.01,20.24,19.76,20.13,3011200
20100628,20.18,20.48,20.07,20.1,3476000
20100629,19.83,19.84,18.83,19.12,5056300
20100630,19.19,19.61,18.97,18.97,7251500
20100701,18.99,19.44,18.69,19.26,3965300
20100702,19.41,19.51,19.08,19.3,2061600
20100705,19.42,19.47,19.18,19.3,1082700
20100706,19.8,20.04,19.41,19.6,3294000
20100707,19.62,20.11,19.45,20.01,2660300
20100708,20.09,20.23,19.78,20.09,3102200
20100712,20.12,20.29,19.6,19.77,3020800
20100713,19.97,20.09,19.66,19.73,4211100
20100714,19.66,19.76,19.18,19.44,3551400
20100715,19.44,19.44,18.73,18.9,5399600
20100716,18.99,18.99,18.54,18.65,3482200
20100719,18.66,19.05,18.66,18.92,3095800
20100720,18.76,19.96,18.72,19.93,5641900
20100721,20.16,20.39,19.95,20.14,4943200
20100722,20.5,21.08,20.5,20.89,5778100
20100723,20.89,21.32,20.55,21.32,3949100
20100726,21.21,21.59,21.19,21.39,2913700
20100727,21.54,21.6,20.92,21.02,4906200
20100728,20.92,21.42,20.82,21.2,3202800
20100729,21.36,21.57,21.18,21.39,4913700
20100730,21.2,21.37,20.68,21.1,5165700
20100802,21.32,21.65,21.32,21.5,3779200
20100803,21.46,21.9,21.22,21.69,3800900
20100804,21.72,22.13,21.71,21.88,2291700
20100805,21.97,22.02,21.54,21.97,2775800
20100806,21.65,21.95,21.54,21.93,1876300
20100809,22.03,22.13,21.62,21.76,1839700
20100810,21.5,21.8,21.16,21.8,3067000
20100811,21.43,21.57,20.87,20.96,4630400
20100812,20.96,21.24,20.75,20.97,2392000
20100813,21.03,21.28,20.75,20.75,4825900
20100816,20.63,21.12,20.45,20.99,2256400
20100817,21.14,21.33,20.97,20.97,2734500
20100818,21.01,21.02,20.5,20.81,4583800
20100819,20.77,21.03,20.59,20.72,2896500
20100820,20.58,20.7,20.22,20.46,3302000
20100823,20.63,20.79,20.06,20.17,2584100
20100824,19.88,20.2,19.73,20.09,3197100
20100825,19.84,20.39,19.57,19.63,4861800
20100826,19.83,19.84,19.34,19.41,3369200
20100827,19.62,19.8,19.34,19.66,2113000
20100830,19.55,19.66,19.37,19.47,1582000
20100831,19.44,19.69,19.23,19.41,2704000
20100901,19.7,20.29,19.61,20.27,3366600
20100902,20.27,20.36,20.04,20.24,2248500
20100903,20.59,20.76,20.06,20.17,2987700
20100906,20.27,20.27,19.92,20.09,766800
20100908,19.88,20.4,19.78,20.28,2724900
20100909,20.36,20.5,20.17,20.2,1164900
20100910,20.3,20.3,19.86,20.06,2417300
20100913,20.38,20.67,20.14,20.43,3570300
20100914,20.48,20.63,20.19,20.61,3044500
20100915,20.49,20.61,20.22,20.49,2829600
20100916,20.44,20.52,20.27,20.44,1518100
20100917,20.26,20.49,20.01,20.12,1991800
20100920,20.06,20.36,20.06,20.22,1582600
20100921,20.24,20.48,20.06,20.22,1977400
20100922,20.19,20.54,20.09,20.38,2749500
20100923,20.34,20.63,20.09,20.31,4155600
20100924,20.31,20.76,20.12,20.35,3421800
20100927,20.32,20.89,20.17,20.79,2945400
20100928,20.93,21.47,20.68,21.32,4058700
20100929,21.29,21.46,20.98,21.18,3072500
20100930,21.28,21.34,20.87,21.16,2970100
20101001,21.16,21.32,20.89,21.3,2856800
20101004,21.25,21.39,21,21.23,1794400
20101005,21.28,21.33,20.71,20.84,5094500
20101006,20.84,21,20.47,20.65,3539000
20101007,20.71,20.79,20.11,20.51,2415300
20101008,20.54,20.92,20.36,20.82,3380300
20101011,20.93,21.1,20.47,20.89,1707500
20101013,20.98,21.15,20.71,20.78,2741100
20101014,20.66,20.79,20.51,20.6,2684600
20101015,20.69,20.89,20.49,20.79,1810700
20101018,20.56,20.97,20.56,20.81,1959900
20101019,20.48,20.71,20.2,20.42,2268500
20101020,20.49,20.55,19.77,19.98,3528100
20101021,20.04,20.37,19.63,20.13,2894500
20101022,20.78,20.78,20.25,20.48,4987300
20101025,20.56,20.74,20.41,20.41,3099600
20101026,20.25,20.25,19.93,20.08,3482400
20101027,19.93,20.35,19.83,20.04,2711600
20101028,20.43,20.6,20.13,20.45,4501400
20101029,20.2,20.54,20.11,20.38,4258700
20101101,20.31,20.56,20.31,20.33,1358100
20101103,20.71,21,20.59,20.92,3569700
20101104,21.25,21.72,21.21,21.57,4292200
20101105,21.5,21.65,21.21,21.4,2322500
20101108,21.21,21.67,21.21,21.46,2218700
20101109,21.43,21.64,21.13,21.25,2450900
20101110,21.12,21.41,20.89,21.22,1601900
20101111,21.01,21.31,20.92,21.1,2686000
20101112,20.89,21,20.61,20.89,1526200
20101116,20.68,20.68,20.14,20.35,2505900
20101117,20.27,20.52,20.06,20.35,2875400
20101118,21.28,21.28,20.49,20.63,2289100
20101119,20.51,20.71,20.36,20.58,2013900
20101122,20.38,20.5,20.06,20.25,2520800
20101123,19.96,20.12,19.63,19.66,2980900
20101124,19.84,20.1,19.72,20.1,2322700
20101125,20.1,20.1,19.8,19.95,913900
20101126,19.62,19.8,19.42,19.52,2485400
20101129,19.42,19.55,19.09,19.34,2550400
20101130,19.31,19.31,18.84,18.84,5139400
20101201,19.18,19.52,19.16,19.19,3153100
20101202,19.39,19.6,19,19.48,3171700
20101203,19.58,19.6,19.26,19.34,2880800
20101206,19.42,19.87,19.42,19.78,2496900
20101207,19.92,20.32,19.8,19.86,3270400
20101208,19.86,19.87,19.36,19.57,2001200
20101209,19.6,19.8,19.49,19.69,1958500
20101210,19.73,19.88,19.51,19.83,2190500
20101213,19.97,20.63,19.91,20.63,3439700
20101214,20.44,20.56,20.28,20.42,2441200
20101215,20.32,20.37,19.67,19.73,3440200
20101216,19.67,20.06,19.52,19.7,1778200
20101217,19.59,19.88,19.39,19.62,2277400
20101220,19.77,19.77,19.19,19.19,3336900
20101221,19.42,19.84,19.26,19.57,1805300
20101222,19.61,19.62,19.24,19.43,2285500
20101223,19.43,19.55,19.2,19.46,1747700
20101227,19.26,19.63,19.19,19.29,1722000
20101228,19.3,19.47,18.97,19.14,1976100
20101229,19.26,19.37,19.1,19.23,1705700
20101230,19.29,19.43,19.18,19.24,2561100
20110103,19.48,19.88,19.48,19.7,2411700
20110104,19.77,20.36,19.77,20.24,4675000
20110105,20.07,20.92,20.07,20.74,5889200
20110106,20.79,21.12,20.5,20.83,6174400
20110107,20.71,21.03,20.65,20.96,3736100
20110110,20.82,21.05,20.76,20.94,2737000
20110111,21.07,21.39,20.95,21.32,4033700
20110112,21.52,21.75,21.4,21.75,4256500
20110113,21.79,21.89,21.36,21.43,2858800
20110114,21.36,21.57,21.1,21.54,1885100
20110117,21.43,21.56,21.15,21.31,1323100
20110118,21.43,21.51,21.12,21.16,2541100
20110119,21.18,21.36,20.61,20.76,3475200
20110120,20.61,20.97,20.23,20.87,3728400
20110121,20.92,21.14,20.58,20.69,1928400
20110124,20.67,20.99,20.44,20.76,1163200
20110126,20.88,21.09,20.63,20.8,3264000
20110127,20.79,21.1,20.33,20.47,2655900
20110128,20.47,20.55,19.48,20.01,3696800
20110131,19.91,20.35,19.87,19.99,2645800
20110201,20.17,20.84,20.17,20.45,2625100
20110202,20.27,20.59,20.02,20.13,2063700
20110203,19.99,20.63,19.93,20.56,2461200
20110204,20.42,20.84,19.94,20.17,2746700
20110207,20.38,20.45,20.04,20.23,1183700
20110208,20.09,20.74,20.09,20.5,3277700
20110209,20.35,20.56,19.57,19.7,3769300
20110210,19.7,19.88,19.4,19.47,2598000
20110211,19.55,19.75,19.26,19.51,3199300
20110214,19.55,19.93,19.4,19.64,2503500
20110215,19.49,19.82,19.4,19.67,2457200
20110216,19.77,20.3,19.7,20.17,2931300
20110217,20.26,20.26,19.67,19.77,3206600
20110218,19.7,19.99,19.7,19.94,2451400
20110221,19.93,19.93,19.3,19.52,1871600
20110222,19.34,20.04,19.26,19.51,5291900
20110223,19.51,19.59,19.13,19.42,3095800
20110224,19.37,19.52,19.05,19.26,2957700
20110225,19.47,19.65,19.08,19.12,2305000
20110228,19.43,19.47,19.08,19.23,2799400
20110301,19.34,19.44,18.83,18.94,2477700
20110302,18.82,19.21,18.77,18.97,3737200
20110303,19.11,19.49,19.08,19.34,4842900
20110304,19.41,19.62,19.12,19.39,3022900
20110309,18.97,19.33,18.85,19.08,2270900
20110310,18.98,18.98,18.44,18.61,3209100
20110311,18.57,18.79,18.37,18.61,3330100
20110314,18.54,19.16,18.39,19.05,4310300
20110315,18.41,19.13,18.41,19.12,3304500
20110316,19.23,19.37,18.3,18.43,5297100
20110317,18.61,18.82,18.26,18.42,3076900
20110318,18.56,18.87,18.36,18.74,3347800
20110321,18.97,19.04,18.55,18.63,2390000
20110322,18.59,18.81,18.45,18.62,2209800
20110323,18.47,19.08,18.47,18.94,2467600
20110324,19.08,19.23,18.85,18.97,2557600
20110325,19.12,19.32,18.98,19.08,2621600
20110328,19.09,19.43,19.08,19.16,2730300
20110329,19.32,19.7,19.21,19.37,3072600
20110330,19.51,19.66,19.18,19.25,1940400
20110331,19.26,19.41,19.18,19.25,2088900
20110401,19.4,19.55,19.18,19.28,2325700
20110404,19.32,19.7,19.32,19.54,2676400
20110405,19.55,19.8,19.42,19.5,2789600
20110406,19.67,19.67,19.31,19.41,1765300
20110407,19.44,19.44,18.92,19.13,3467100
20110408,19.13,19.27,18.69,18.74,3655300
20110411,18.83,18.87,18.38,18.66,3605600
20110412,18.45,18.64,18.17,18.33,3722900
20110413,18.51,18.56,17.61,17.71,8041800
20110414,17.61,17.86,17.22,17.45,5199600
20110415,17.53,17.65,17.19,17.53,2977500
20110418,17.39,17.45,17.12,17.39,2866800
20110419,17.5,17.71,17.32,17.32,2521700
20110420,17.66,17.89,17.57,17.75,3407100
20110425,17.67,17.79,17.5,17.75,1601800
20110426,17.7,17.82,17.54,17.79,1595000
20110427,17.79,17.91,17.19,17.74,3812200
20110428,17.47,17.71,17.26,17.6,3311900
20110429,17.53,17.95,17.5,17.65,3386900
20110502,17.93,18.02,17.39,17.47,3885500
20110503,17.43,17.62,16.81,17.35,4357500
20110504,17.54,17.71,17.3,17.47,4824100
20110505,17.44,17.82,17.22,17.35,4731100
20110506,17.66,17.76,17.29,17.37,3715500
20110509,17.42,17.65,17.22,17.32,2527600
20110510,17.39,17.65,17.29,17.35,1345200
20110511,17.33,17.33,17.01,17.01,3526800
20110512,16.84,17.42,16.75,17.24,2349600
20110513,17.24,17.34,16.81,16.87,2652100
20110516,16.77,17.24,16.67,16.93,2673400
20110517,17,17.29,16.69,17.09,2920800
20110518,17.12,17.41,17.04,17.05,3283500
20110519,17.12,17.19,16.72,16.96,2351600
20110520,17.04,17.06,16.61,16.74,2951500
20110523,16.51,16.78,16.38,16.71,1593200
20110524,16.78,16.94,16.62,16.89,2265200
20110525,16.81,16.99,16.63,16.63,1874800
20110526,16.68,16.87,16.61,16.74,3236100
20110527,16.77,16.9,16.67,16.71,2433200
20110530,16.75,16.82,16.55,16.58,707800
20110531,16.78,16.8,16.48,16.77,2242900
20110601,16.71,16.86,16.44,16.44,2053300
20110602,16.52,16.61,16.24,16.52,2659900
20110603,16.38,16.69,16.27,16.38,3158600
20110606,16.42,16.42,15.78,15.79,3608600
20110607,15.91,16.07,15.69,15.69,3457100
20110608,15.68,15.86,15.44,15.48,2611300
20110609,15.49,15.62,14.95,15.08,9489800
20110610,15.08,15.35,14.99,15.22,5062800
20110613,15.22,15.26,14.92,14.92,3037900
20110614,14.95,15.08,14.8,14.88,3638800
20110615,14.79,15.01,14.69,14.76,3952400
20110616,14.76,14.83,14.43,14.48,3441400
20110617,14.54,14.69,14.38,14.49,2798000
20110620,14.42,14.68,14.37,14.38,1726100
20110621,14.44,14.51,14.24,14.35,2592600
20110622,14.28,14.38,14.15,14.15,2758900
20110624,14.23,14.35,14.06,14.12,2157200
20110627,14.16,14.29,14,14.16,2111500
20110628,14.18,14.44,14.18,14.37,3477000
20110629,14.46,14.96,14.28,14.65,4772900
20110630,14.77,14.88,14.39,14.6,2754000
20110701,14.6,14.79,14.43,14.67,3342900
20110704,14.67,14.89,14.61,14.88,1337300
20110705,14.86,15.07,14.67,14.73,3105000
20110706,14.65,14.7,14.43,14.54,1904500
20110707,14.73,14.83,14.61,14.8,2507100
20110708,14.61,14.69,14.32,14.46,3443300
20110711,14.27,14.33,13.86,13.95,3456000
20110712,13.86,13.99,13.62,13.62,3060500
20110713,13.57,14.02,13.57,13.88,2152900
20110714,13.88,13.89,13.36,13.46,3229800
20110715,13.46,13.56,13.04,13.15,2550600
20110718,12.98,13.13,12.82,12.9,2639600
20110719,13,13.24,12.79,13.06,3465100
20110720,13.17,13.28,12.87,12.87,2688800
20110721,12.94,13.28,12.79,13.13,3825300
20110722,13.13,13.42,12.93,12.94,2897300
20110725,12.86,13.01,12.66,12.66,3784000
20110726,12.67,12.72,12.37,12.4,3669200
20110727,12.24,12.53,12.11,12.37,3996000
20110728,12.37,12.6,12.31,12.39,2341800
20110729,12.31,12.45,12.23,12.31,3486500
20110801,12.4,12.48,12.01,12.02,2562900
20110802,11.97,12.33,11.72,11.81,2632900
20110803,11.87,12.09,11.42,11.84,5665900
20110804,11.45,11.54,10.88,10.88,7919700
20110805,10.81,11.25,10.46,11.03,5878900
20110808,10.41,10.62,9.74,9.74,6351800
20110809,9.94,10.46,9.77,10.42,6809700
20110810,10.41,10.54,10.06,10.27,6156600
20110811,10.39,11.39,10.29,11.14,5796200
20110812,11.3,11.64,10.97,11.41,7597600
20110815,11.71,11.96,11.62,11.72,4866800
20110816,11.41,11.56,11.16,11.32,4438700
20110817,11.45,11.45,10.94,11.32,5937100
20110818,10.93,11.02,10.62,11,3745300
20110819,10.8,11.19,10.65,10.69,4040900
20110822,10.86,11.06,10.56,10.56,3326500
20110823,10.66,11.22,10.47,11.22,4079700
20110824,11.26,11.45,11.03,11.34,3690000
20110825,11.32,11.4,10.97,11.03,2932200
20110826,10.9,11.22,10.67,11.11,3038500
20110829,11.32,11.72,11.15,11.59,3360700
20110830,11.53,11.83,11.35,11.74,3305400
20110831,11.91,12.17,11.71,12.02,4206300
20110901,12.18,12.47,12.08,12.1,3751300
20110902,11.77,11.99,11.61,11.61,2736000
20110905,11.34,11.56,11.19,11.23,1313700
20110906,11.07,11.83,10.97,11.83,3860700
20110908,12.1,12.28,11.92,12.02,4232000
20110909,11.84,11.95,11.51,11.58,3874500
20110912,11.45,11.75,11.27,11.73,3937500
20110913,11.76,12,11.6,11.65,2686200
20110914,11.87,12.08,11.45,11.92,3985300
20110915,12.01,12.27,11.86,11.99,3019400
20110916,12.1,12.49,12.02,12.49,2890500
20110919,12.21,12.76,12.2,12.75,4281800
20110920,12.78,12.78,12.37,12.44,3884700
20110921,12.62,12.75,12.26,12.26,4383600
20110922,11.68,12.1,11.35,11.42,5259500
20110923,11.41,11.57,11.04,11.37,3591900
20110926,11.47,11.63,11.01,11.54,3297200
20110927,11.78,11.95,11.41,11.41,1900600
20110928,11.48,11.8,11.28,11.38,3556200
20110929,11.51,11.68,11.25,11.43,3461800
20110930,11.26,11.64,11.08,11.23,4549600
20111003,11.11,11.29,10.58,10.58,3479000
20111004,10.46,10.65,10.07,10.38,4732200
20111005,10.44,10.52,10.14,10.39,2890900
20111006,10.62,10.79,10.5,10.62,3890300
20111007,10.78,10.88,10.36,10.44,4312200
20111010,10.69,11.17,10.56,11.03,2423900
20111011,10.97,11.25,10.87,11.06,4459000
20111013,11.24,11.57,10.78,11.09,6573400
20111014,11.19,11.37,11.11,11.25,3298500
20111017,11.11,11.22,10.67,10.67,2971700
20111018,10.62,11.03,10.39,11,3825800
20111019,11.01,11.02,10.58,10.66,3915700
20111020,10.58,10.68,10.36,10.41,3197700
20111021,10.54,10.77,10.54,10.69,3290400
20111024,10.83,11.49,10.73,11.37,5683500
20111025,11.25,11.45,11.09,11.16,5261100
20111026,11.32,11.6,11.25,11.57,7223400
20111027,12.15,12.65,11.99,12.48,11170600
20111028,12.45,12.66,12.12,12.48,6269000
20111031,12.21,12.31,11.99,12.11,3598700
20111101,11.62,12.03,11.56,11.91,4647800
20111103,12.21,12.29,11.95,12.11,4305700
20111104,12.07,12.48,11.87,12.48,2675600
20111107,12.46,12.75,12.39,12.67,2693100
20111108,12.75,12.93,12.32,12.57,4195600
20111109,12.33,12.35,11.95,12.06,3315100
20111110,12.22,12.44,12,12.01,2889700
20111111,12.2,12.63,12.18,12.54,3359700
20111114,12.47,12.53,12.21,12.33,2098400
20111116,12.4,12.6,12.24,12.4,2547100
20111117,12.43,12.7,12.04,12.17,5792100
20111118,12.31,12.34,11.8,11.86,3092900
20111121,11.67,11.76,11.22,11.48,6817800
20111122,11.49,11.57,11.13,11.31,4529300
20111123,11.12,11.29,10.91,11.03,3452400
20111124,11.21,11.21,10.74,10.8,1858200
20111125,10.66,11.03,10.6,10.86,2389800
20111128,11.09,11.39,11,11.24,3875000
20111129,11.3,11.34,10.76,10.78,3038300
20111130,11.1,11.71,10.94,11.22,5416700
20111201,11.45,11.53,11.23,11.34,2732500
20111202,11.56,11.63,11.16,11.28,2606700
20111205,11.45,11.77,11.32,11.72,3358500
20111206,11.64,12.05,11.52,12.05,2567300
20111207,11.9,11.96,11.6,11.67,3268000
20111208,11.73,11.8,11.19,11.19,3110800
20111209,11.26,11.47,11.13,11.45,2696500
20111212,11.34,11.43,10.99,11.05,2610900
20111213,11.23,11.34,11.09,11.15,3599200
20111214,11.09,11.15,10.81,10.87,5627500
20111215,10.96,11.1,10.72,10.72,2906000
20111216,10.75,10.81,10.57,10.57,3568200
20111219,10.58,10.72,10.42,10.42,1899900
20111220,10.52,10.96,10.44,10.96,3330300
20111221,10.95,11.26,10.88,11.15,2935000
20111222,11.18,11.38,11,11.35,2422800
20111223,11.4,11.41,11.19,11.41,2490700
20111226,11.41,11.56,11.32,11.5,732200
20111227,11.45,11.6,11.38,11.6,2192700
20111228,11.6,11.64,11.22,11.29,2631200
20111229,11.38,11.41,11.25,11.4,1909500
20120102,11.63,11.64,11.27,11.5,1656600
20120103,11.57,12.09,11.54,12.09,3210200
20120104,11.99,12.33,11.73,12.18,4315800
20120105,12.08,12.25,11.84,12.08,3052800
20120106,12.08,12.21,11.91,12.05,1952300
20120109,12.1,12.25,11.87,12.05,1967600
20120110,12.24,12.54,12.18,12.52,5232900
20120111,12.51,12.63,12.42,12.52,2024200
20120112,12.63,12.74,12.42,12.56,3866400
20120113,12.48,12.51,12.2,12.46,2896500
20120116,12.4,12.71,12.39,12.5,1329700
20120117,12.7,12.78,12.56,12.68,1706200
20120118,12.7,13.01,12.66,12.98,3413500
20120119,13.03,13.29,12.91,13.2,4854700
20120120,13.09,13.7,13.04,13.62,6392900
20120123,13.62,13.94,13.38,13.82,4053800
20120124,13.74,13.94,13.58,13.8,4781600
20120126,13.93,14.16,13.83,13.95,5294200
20120127,13.9,14.03,13.64,13.93,4924500
20120130,13.74,13.93,13.62,13.73,4131900
20120131,13.85,14.02,13.71,13.89,5081600
20120201,13.99,14.23,13.87,14.09,6539400
20120202,14.08,14.08,13.71,13.84,7073000
20120203,13.73,14.35,13.49,14.19,8081700
20120206,14.05,14.17,13.97,14.09,3442500
20120207,14.05,14.19,13.9,14.16,2793700
20120208,14.22,14.31,13.93,14.02,5058900
20120209,13.9,14.15,13.81,14.04,3681800
20120210,13.81,13.85,13.55,13.61,5562000
20120213,13.83,13.85,13.69,13.82,3836500
20120214,13.86,13.92,13.52,13.61,3691300
20120215,13.71,13.75,13.2,13.28,7101800
20120216,13.11,13.39,13.04,13.25,3952800
20120217,13.38,13.55,13.24,13.32,3903100
20120222,13.51,13.6,13.36,13.44,1653700
20120223,13.42,13.54,13.24,13.36,3391900
20120224,13.4,13.47,13.32,13.39,2185400
20120227,13.33,13.39,13.14,13.28,2390300
20120228,13.26,13.44,13.2,13.37,2928800
20120229,13.41,13.65,13.33,13.33,4238700
20120301,13.45,13.64,13.33,13.52,3679500
20120302,13.65,13.87,13.58,13.87,4712800
20120305,13.74,14.04,13.62,13.71,4653400
20120306,13.55,13.55,13.17,13.31,4739600
20120307,13.4,13.46,13.04,13.26,3565000
20120308,13.55,13.64,13.35,13.45,3372000
20120309,13.45,13.75,13.37,13.65,3358100
20120312,13.46,13.77,13.44,13.55,2742800
20120313,13.58,14.19,13.57,14.12,4955600
20120314,14.1,14.6,14.07,14.54,6258700
20120315,14.54,14.81,14.31,14.65,4075100
20120316,14.76,14.79,14.6,14.79,3136200
20120319,14.72,14.88,14.6,14.72,1878200
20120320,14.45,14.65,14.32,14.65,2927800
20120321,14.54,14.67,14.09,14.11,5961500
20120322,13.93,13.97,13.65,13.7,4120000
20120323,13.8,13.89,13.59,13.81,2865400
20120326,14,14.1,13.81,13.93,2415300
20120327,14.12,14.21,13.55,13.61,5203800
20120328,13.58,13.61,13.12,13.2,4896500
20120329,13.16,13.23,12.87,13.2,3946400
20120330,13.36,13.41,12.98,13.1,4292000
20120402,13.1,13.46,13.01,13.36,3570700
20120403,13.47,13.52,12.99,13.06,3173400
20120404,12.94,12.94,12.72,12.81,3407000
20120405,12.86,13.15,12.67,12.85,3378400
20120409,12.69,12.82,12.6,12.75,2010900
20120410,12.71,12.75,12.43,12.59,3400400
20120411,12.7,12.94,12.58,12.59,2836900
20120412,12.69,13,12.4,12.94,4430000
20120413,12.87,12.88,12.52,12.7,2258000
20120416,12.77,12.88,12.43,12.6,3235200
20120417,12.8,12.97,12.58,12.88,3355000
20120418,12.94,13.19,12.6,13.14,4484900
20120419,13.1,13.23,12.82,12.92,2244400
20120420,13.04,13.12,12.83,12.83,1746000
20120423,12.56,12.69,12.42,12.63,3158700
20120424,12.59,12.7,12.5,12.69,2896800
20120425,12.87,13.04,12.68,12.84,3112200
20120426,12.74,12.9,12.62,12.85,2507300
20120427,12.9,12.93,12.71,12.91,2494100
20120430,13.01,13.08,12.72,13.08,2385400
20120502,13.04,13.05,12.76,13.05,2865800
20120503,13.04,13.17,12.76,12.8,2083400
20120504,12.8,12.83,12.35,12.35,3715400
20120507,12.08,12.41,12.08,12.16,3892500
20120508,12.08,12.11,11.79,11.91,4458900
20120509,11.75,12.14,11.73,12.08,4205700
20120510,12.16,12.44,12.04,12.09,2691100
20120511,11.69,12.01,11.64,11.64,5547800
20120514,11.53,11.57,11.36,11.43,3211200
20120515,11.42,11.49,11.04,11.04,4346900
20120516,11.24,11.4,10.8,10.84,3665800
20120517,10.98,11.16,10.52,10.63,3538500
20120518,10.63,10.8,10.36,10.5,5775200
20120521,10.57,11.19,10.57,11.12,6123900
20120522,11.16,11.32,10.96,11.15,5762100
20120523,11.03,11.12,10.56,10.76,6068400
20120524,10.79,10.93,10.4,10.55,4241400
20120525,10.42,10.63,10.42,10.48,3135700
20120528,10.56,10.7,10.44,10.49,2091300
20120529,10.55,10.66,10.42,10.5,3713800
20120530,10.44,10.54,10.32,10.5,4791500
20120531,10.56,10.56,10.24,10.39,6078100
20120601,10.24,10.4,10.12,10.24,3182600
20120604,10.35,10.35,10.15,10.2,2753700
20120605,10.22,10.36,10.01,10.04,3748300
20120606,10.12,10.22,9.86,10.08,8802300
20120608,9.91,10.15,9.88,10.04,3155700
20120611,10.13,10.48,9.88,9.94,3673800
20120612,9.97,10.09,9.87,9.97,3716300
20120613,9.96,10.12,9.81,10.06,4488600
20120614,10.02,10.2,9.94,10.04,4381100
20120615,10.08,10.14,9.88,10.04,5237600
20120618,9.88,9.96,9.72,9.77,5924600
20120619,9.85,9.88,9.35,9.69,8889700
20120620,9.76,9.96,9.64,9.87,5853400
20120621,9.87,9.87,9.5,9.56,4051500
20120622,9.56,9.62,9.28,9.32,4251400
20120625,9.19,9.2,8.84,8.92,2912300
20120626,8.88,9.12,8.74,8.97,3865000
20120627,8.97,9.08,8.8,8.88,3250100
20120628,8.87,8.88,8.6,8.74,2973900
20120629,8.99,9.14,8.8,9.1,5474200
20120702,9.04,9.3,9.04,9.24,4113400
20120703,9.28,9.88,9.24,9.65,5909000
20120704,9.67,10.08,9.48,9.95,3650100
20120705,10.05,10.16,9.76,9.82,5711300
20120706,9.74,9.74,9.44,9.52,3436500
20120710,9.32,9.43,8.74,8.79,7300600
20120711,8.88,8.89,8.48,8.57,4406500
20120712,8.41,8.63,8.28,8.52,4624600
20120713,8.68,8.78,8.46,8.62,4538900
20120716,8.65,8.66,8.4,8.4,2976400
20120717,8.51,8.62,8.23,8.32,3938200
20120718,8.31,8.49,8.25,8.36,3179700
20120719,8.4,8.51,8.29,8.36,3175000
20120720,8.24,8.26,7.97,8,6046300
20120723,7.84,7.84,7.63,7.83,4056800
20120724,7.96,7.96,7.67,7.76,5936300
20120725,7.85,7.91,7.4,7.46,4993200
20120726,7.54,7.59,7.2,7.39,5467000
20120727,7.5,8.12,7.48,7.87,6044000
20120730,7.89,8.16,7.73,8.15,4666100
20120731,8.08,8.52,8.08,8.42,6239300
20120801,8.44,8.53,8.1,8.14,4793700
20120802,8.04,8.2,7.85,7.86,4982100
20120803,8.16,8.35,8.09,8.35,4839000
20120806,8.31,9.08,8.27,8.97,6580500
20120807,9.18,9.42,8.85,8.88,7924100
20120808,8.82,9.16,8.76,8.97,4826100
20120809,8.88,9.12,8.78,8.98,3026000
20120810,8.86,8.88,8.49,8.68,7561700
20120813,8.72,8.72,8.44,8.6,3138600
20120814,8.68,8.87,8.32,8.36,4911400
20120815,8.24,8.41,7.93,8.28,8482900
20120816,8.44,8.76,8.36,8.61,5769100
20120817,8.72,8.85,8.44,8.52,5137900
20120820,8.56,8.81,8.32,8.78,4098000
20120821,8.92,9.11,8.68,8.74,4567000
20120822,8.72,9.12,8.72,9.06,8685700
20120823,9.04,9.59,9,9.24,10162300
20120824,8.96,9.08,8.68,8.73,11199300
20120827,8.73,8.75,8.48,8.49,4352700
20120828,8.52,8.64,8.26,8.26,6648300
20120829,8.31,8.33,7.88,7.9,7563000
20120830,7.88,8.01,7.71,7.72,5016600
20120831,7.84,8.05,7.64,8,12637900
20120903,8.07,8.19,7.93,8.04,3504900
20120904,7.98,8.03,7.64,7.64,7616400
20120905,8.01,8.28,7.9,8.27,11224000
20120906,8.36,8.69,8.28,8.41,9708300
20120910,8.97,9.15,8.88,8.92,11969600
20120911,8.96,9.34,8.79,9.32,7816000
20120912,9.36,9.5,8.99,9.45,8307000
20120913,9.31,10.55,9.3,10.46,12963200
20120914,10.68,11.64,10.52,10.96,17467900
20120917,10.83,10.98,10.46,10.66,6685000
20120918,10.66,10.75,10.28,10.4,4884600
20120919,10.56,10.74,10.32,10.48,6364500
20120920,10.34,10.52,10.16,10.42,4153000
20120921,10.56,10.65,10.28,10.28,5170000
20120924,10.26,10.35,9.98,10.17,5833300
20120925,9.84,9.92,9.22,9.28,12516500
20120926,9.22,9.6,9,9.51,8388500
20120927,9.67,9.72,9.24,9.3,7526900
20120928,9.19,9.32,9,9.13,5991700
20121001,9.2,9.5,9.13,9.2,3959500
20121002,9.28,9.4,8.86,9,5255600
20121003,9,9.09,8.71,8.81,4589500
20121004,8.85,9.03,8.76,8.97,3864100
20121005,9.11,9.17,8.81,8.84,3440900
20121008,8.76,9.09,8.72,9.09,4086100
20121009,9.15,9.27,8.86,8.86,6840900
20121010,8.88,8.99,8.62,8.71,5201600
20121011,8.82,9.02,8.78,8.97,4523400
20121015,8.97,9.21,8.74,9.2,4482200
20121016,9.24,9.48,9.1,9.27,6323300
20121017,9.34,9.44,9.22,9.34,5033900
20121018,9.25,9.51,9.22,9.44,4921200
20121019,9.45,9.58,9,9.12,4846400
20121022,9.16,9.36,9.04,9.2,3370400
20121023,9.12,9.24,9.08,9.11,3394500
20121024,9.2,9.26,8.95,8.96,3765600
20121025,9.12,9.18,8.92,9.07,4333100
20121026,8.99,9.11,8.68,8.85,4073600
20121029,8.77,8.95,8.68,8.93,1699600
20121030,8.96,9.13,8.88,9.13,2140900
20121031,9.14,9.24,8.93,8.98,3629600
20121101,8.94,9.26,8.76,9.2,5182900
20121105,9.16,9.2,8.96,9.12,3187100
20121106,9.11,9.54,9.04,9.46,6114300
20121107,9.48,9.56,9.05,9.12,5663800
20121108,9.15,9.25,8.85,8.88,5063200
20121109,8.84,9,8.73,8.84,5290600
20121112,8.86,8.92,8.71,8.71,2672600
20121113,8.74,8.81,8.48,8.64,4364900
20121114,8.55,8.59,8.19,8.29,5688900
20121116,8.23,8.23,7.86,7.86,5518100
20121119,8.09,8.28,8,8.18,5670500
20121121,8.12,8.34,8,8.31,6252100
20121122,8.36,8.38,8.19,8.19,1381900
20121123,8.22,8.56,8.15,8.56,3565100
20121126,8.48,8.52,8.16,8.19,5220200
20121127,8.28,8.35,8.05,8.11,4651900
20121128,8.01,8.16,7.96,8.07,3745700
20121129,8.28,8.84,8.24,8.84,9618200
20121130,8.88,8.98,8.39,8.39,9684400
20121203,8.33,8.53,8.24,8.34,7359200
20121204,8.36,8.48,8.27,8.31,5069300
20121205,8.56,8.56,8.31,8.46,7069900
20121206,8.51,8.52,8.25,8.4,4017200
20121207,8.4,8.73,8.34,8.57,5554600
20121210,8.55,9,8.47,9,4948900
20121211,9.06,9.4,9.04,9.2,6826300
20121212,9.2,9.47,9.12,9.3,8432400
20121213,9.12,9.4,9.05,9.16,4367600
20121214,9.32,9.33,9.1,9.28,5039100
20121217,9.28,9.41,9.16,9.29,6159600
20121218,9.37,9.76,9.36,9.76,6154600
20121219,9.6,9.95,9.44,9.71,9489400
20121220,9.77,9.86,9.48,9.6,3831400
20121221,9.2,9.44,9.15,9.38,5660700
20121226,9.34,9.51,9.29,9.42,2534800
20121227,9.49,9.59,9.32,9.43,3174600
20121228,9.58,9.76,9.46,9.65,3471200
20130102,9.86,10.34,9.86,10.27,6874200
20130103,10.29,10.49,10.07,10.42,4386700
20130104,10.37,10.4,9.9,9.98,8647800
20130107,10.07,10.17,9.8,9.98,4249200
20130108,10.08,10.35,9.85,9.89,6584000
20130109,10.09,10.21,9.9,10.17,4296900
20130110,10.23,10.45,10.13,10.35,4346800
20130111,10.37,10.37,10.09,10.27,4967000
20130114,10.27,10.46,10.17,10.34,4956100
20130115,10.26,10.32,10.03,10.15,4148100
20130116,10.15,10.19,10,10.13,2863500
20130117,9.72,9.81,9.62,9.75,12167400
20130118,9.82,9.85,9.57,9.77,4184500
20130121,9.77,9.79,9.52,9.56,3720800
20130122,9.56,9.75,9.5,9.64,4447200
20130123,9.7,9.84,9.62,9.74,4002100
20130124,9.69,9.76,9.22,9.26,4486100
20130128,9.36,9.47,8.97,8.98,4486500
20130129,8.91,9.34,8.89,9.18,5142300
20130130,9.16,9.23,8.8,8.8,5347900
20130131,8.86,8.93,8.66,8.75,7283400
20130201,8.82,9.22,8.78,9.07,5458700
20130204,9.03,9.03,8.71,8.81,4925000
20130205,8.81,9.01,8.65,8.85,4313100
20130206,8.87,8.94,8.59,8.94,5557000
20130207,8.92,9.02,8.69,8.79,4927200
20130208,8.9,8.9,8.61,8.61,2814600
20130213,8.67,8.7,8.55,8.64,3412700
20130214,8.59,8.65,8.5,8.64,2356200
20130215,8.64,8.81,8.57,8.65,3228100
20130218,8.68,8.74,8.49,8.58,1867100
20130219,8.64,8.78,8.36,8.42,4689200
20130220,8.42,8.46,8.06,8.1,5720500
20130221,8.14,8.2,7.82,8.02,5733300
20130222,8.14,8.24,7.87,7.91,5248300
20130225,8.02,8.37,7.77,7.97,8837700
20130226,7.97,8.29,7.89,8.14,8812900
20130227,8.22,8.31,8.03,8.11,5635300
20130228,8.11,8.36,8.06,8.14,4238600
20130301,8.1,8.1,7.91,7.91,5188500
20130304,7.9,8.02,7.79,7.98,6066700
20130305,8.08,8.24,8.05,8.1,8385500
20130306,8.25,8.69,8.21,8.55,8289200
20130307,8.67,8.95,8.59,8.64,6871500
20130308,8.54,8.74,8.43,8.66,3214500
20130311,8.59,8.62,8.46,8.54,3091100
20130312,8.57,8.7,8.5,8.52,4299500
20130313,8.52,8.61,8.27,8.28,6226200
20130314,8.44,8.44,8.11,8.22,6048800
20130315,8.3,8.43,7.96,7.96,9374700
20130318,7.9,8.13,7.89,8.06,3744800
20130319,8.09,8.09,7.54,7.55,11585500
20130320,7.55,7.75,7.49,7.67,6017100
20130321,7.65,7.67,7.4,7.42,8783600
20130322,7.52,7.64,7.46,7.57,6581800
20130325,7.63,7.63,7.36,7.36,4515300
20130326,7.43,7.59,7.39,7.48,5806300
20130327,7.47,7.47,7.24,7.4,8324200
20130328,7.41,7.51,7.29,7.43,6322200
20130401,7.61,7.95,7.55,7.81,10983500
20130402,7.95,8.05,7.49,7.5,12592700
20130403,7.52,7.6,7.41,7.54,5656600
20130404,7.58,7.58,7.31,7.31,5180700
20130405,7.13,7.27,6.8,7.15,11300100
20130408,7.16,7.2,6.91,7.06,4787600
20130409,7.11,7.37,7.09,7.18,7081900
20130410,7.25,7.37,7.1,7.15,5780400
20130411,7.21,7.21,6.92,6.94,12314500
20130412,6.89,7.09,6.82,6.93,5248600
20130415,6.82,6.87,6.64,6.64,5296300
20130416,6.7,6.7,6.42,6.51,12885200
20130417,6.46,6.59,6.42,6.53,11045400
20130418,6.58,6.76,6.51,6.63,6108600
20130419,6.77,6.81,6.55,6.65,6048800
20130422,6.75,6.75,6.46,6.62,4422000
20130423,6.65,6.87,6.59,6.76,5655200
20130424,6.77,6.89,6.7,6.81,4758800
20130425,6.91,6.92,6.45,6.65,9966000
20130426,6.69,6.7,6.53,6.56,4240700
20130429,6.69,6.8,6.51,6.67,5792200
20130430,6.58,6.77,6.5,6.7,8124800
20130502,6.73,6.76,6.55,6.61,5738000
20130503,6.71,6.78,6.54,6.59,13926600
20130506,6.61,6.61,6.47,6.52,8895700
20130507,6.52,6.69,6.41,6.54,6175100
20130508,6.55,6.59,6.43,6.44,7598100
20130509,6.48,6.57,6.33,6.36,7915000
20130510,6.32,6.38,6.17,6.18,7136600
20130513,6.14,6.18,6.03,6.03,5585000
20130514,6.03,6.07,5.81,5.84,9081200
20130515,5.81,5.97,5.67,5.69,9002600
20130516,5.59,5.81,5.51,5.68,12601800
20130517,5.76,5.83,5.63,5.68,5592700
20130520,5.66,5.86,5.59,5.81,5768900
20130521,5.82,6.04,5.77,5.97,7204000
20130522,6.03,6.26,5.87,5.93,11560300
20130523,5.71,5.98,5.68,5.91,5667800
20130524,5.91,6.05,5.81,5.98,6261300
20130527,6.04,6.1,5.98,5.98,2191100
20130528,6.04,6.09,5.91,5.92,6544500
20130529,5.88,5.89,5.72,5.72,8097600
20130531,5.71,5.81,5.55,5.6,9488600
20130603,5.69,5.76,5.59,5.73,4645900
20130604,5.75,5.81,5.65,5.7,6054800
20130605,5.63,5.74,5.46,5.46,8054000
20130606,5.5,5.5,5.27,5.36,8260400
20130607,5.22,5.38,5.14,5.2,7164300
20130610,5.19,5.27,5.09,5.12,5329000
20130611,5.03,5.06,4.88,4.93,8881900
20130612,5.02,5.11,4.91,4.97,10118500
20130613,4.97,5.42,4.96,5.38,11303400
20130614,5.43,5.53,5.31,5.44,13463800
20130617,5.54,5.58,5.42,5.43,7965500
20130618,5.36,5.63,5.35,5.59,5975000
20130619,5.54,5.72,5.45,5.49,9185500
20130620,5.38,5.71,5.25,5.59,16114600
20130621,5.51,5.7,5.45,5.45,14410400
20130624,5.35,5.41,5.25,5.25,6767200
20130625,5.32,5.43,5.22,5.36,5063600
20130626,5.47,5.47,5.22,5.22,5148600
20130627,5.25,5.36,5.21,5.24,5124100
20130628,5.21,5.33,5.06,5.06,9249300
20130701,5.11,5.19,5.06,5.13,4681100
20130702,5.08,5.09,4.8,4.83,7872600
20130703,4.78,4.91,4.7,4.7,4726700
20130704,4.87,4.9,4.77,4.8,4514800
20130705,4.69,4.85,4.47,4.62,10785400
20130708,4.58,4.75,4.58,4.63,4041100
20130710,4.74,4.75,4.63,4.68,3103500
20130711,4.76,5.04,4.75,5.01,8588800
20130712,4.99,5,4.75,4.75,6068300
20130715,4.78,5.19,4.78,5.14,10787100
20130716,5.15,5.19,4.88,4.98,7908300
20130717,5.01,5.15,4.97,5.09,6056300
20130718,4.98,5.13,4.96,5.08,5495100
20130719,4.98,5.11,4.96,5.08,4551100
20130722,5.09,5.37,5.09,5.34,6747300
20130723,5.36,5.64,5.36,5.5,7947100
20130724,5.49,5.49,5.31,5.35,5684800
20130725,5.3,5.48,5.3,5.42,4907900
20130726,5.76,5.93,5.67,5.89,12553700
20130729,5.89,6.3,5.82,6.01,10598800
20130730,6.07,6.11,5.64,5.65,10506800
20130731,5.59,5.75,5.57,5.57,5658600
20130801,5.53,5.68,5.45,5.61,8499100
20130802,5.66,5.77,5.47,5.47,5708100
20130805,5.49,5.64,5.46,5.56,4773400
20130806,5.58,5.63,5.43,5.49,9380800
20130807,5.76,5.86,5.64,5.68,14047400
20130808,5.83,6.04,5.72,5.9,7826700
20130809,5.95,6.2,5.94,6.17,8370800
20130812,6.21,6.54,6.19,6.34,11013600
20130813,6.51,6.63,6.38,6.55,10725100
20130814,6.5,6.89,6.44,6.69,21892100
20130815,6.54,6.9,6.49,6.82,15949900
20130816,6.79,7.3,6.79,7.3,16388600
20130819,7.23,7.92,7.2,7.77,15401000
20130820,7.65,7.75,7.42,7.49,11512700
20130821,7.38,7.71,7.35,7.56,10577600
20130822,7.79,7.93,7.63,7.91,8591200
20130823,7.82,7.92,7.65,7.71,9949500
20130826,7.71,7.82,7.64,7.65,6441400
20130827,7.58,7.76,7.49,7.49,7596400
20130828,7.5,7.73,7.37,7.52,7926100
20130829,7.63,7.68,7.45,7.45,5771800
20130830,7.51,7.6,7.28,7.36,10696200
20130902,7.53,7.85,7.52,7.76,7266700
20130903,7.78,7.82,7.68,7.74,4905900
20130904,7.73,7.98,7.65,7.94,9057000
20130905,7.85,8.1,7.8,8.01,9923400
20130906,8.12,8.18,7.96,8.04,8199400
20130909,8.03,8.27,8.02,8.2,10038100
20130910,8.27,8.41,8.2,8.27,9763900
20130911,8.27,8.4,8.15,8.2,9845700
20130912,8.2,8.29,8.13,8.19,5661000
20130913,8.17,8.27,8.12,8.22,6131300
20130916,8.31,8.37,8.13,8.13,6758100
20130917,8.16,8.2,7.99,8.16,7766200
20130918,8.15,8.37,8.15,8.27,7836100
20130919,8.35,8.35,8.18,8.26,5816100
20130920,8.25,8.28,8.08,8.13,5260000
20130923,8.13,8.22,8.03,8.13,7595200
20130924,8.18,8.24,8.01,8.19,7767900
20130925,8.22,8.27,8.13,8.27,6724500
20130926,8.28,8.55,8.23,8.52,9767800
20130927,8.51,8.56,8.37,8.45,8488800
20130930,8.31,8.37,8.14,8.27,7386600
20131001,8.31,8.34,8.08,8.22,7315000
20131002,8.2,8.27,8.1,8.21,4352700
20131003,8.27,8.43,8.25,8.28,8701000
20131004,8.34,8.62,8.31,8.55,7054700
20131007,8.49,8.74,8.49,8.62,6641400
20131008,8.66,8.79,8.62,8.7,5131200
20131009,8.76,8.81,8.66,8.68,6758500
20131010,8.82,9.09,8.7,9.09,9728000
20131011,8.88,9.35,8.87,9.28,10406200
20131014,9.27,9.77,9.19,9.7,7606700
20131015,9.71,10.01,9.62,10.01,7795400
20131016,10.01,10.49,9.91,10.27,13580600
20131017,10.02,10.25,9.78,10.12,12691400
20131018,10.21,10.37,10.02,10.23,7696800
20131021,10.21,10.49,10.17,10.42,5425200
20131022,10.39,10.86,10.35,10.85,8744300
20131023,10.71,10.85,10.63,10.68,7809700
20131024,10.72,10.79,10.33,10.39,8570800
20131025,10.43,10.43,10.11,10.23,6747000
20131028,10.25,10.56,10.23,10.44,5676400
20131029,10.51,10.56,10.26,10.34,3781900
20131030,10.44,10.62,10.37,10.45,5920300
20131031,10.49,10.76,10.44,10.66,6599300
20131101,10.58,11.41,10.58,11.24,10603600
20131104,11.24,11.39,11.08,11.12,5766200
20131105,11.22,11.23,10.93,11.13,6273800
20131106,11.15,11.28,10.98,11.11,5487300
20131107,11.02,11.45,10.79,10.93,7095600
20131108,10.94,11.32,10.81,11.21,6315800
20131111,11.22,11.32,11.14,11.25,3235100
20131112,11.24,11.31,10.85,10.85,5694100
20131113,10.79,10.98,10.45,10.95,5309100
20131114,11.66,11.68,11.34,11.35,9349100
20131118,11.5,11.58,11.32,11.54,5894800
20131119,11.4,11.62,11.27,11.31,4981300
20131121,11.15,11.54,11.07,11.33,5102000
20131122,11.16,11.46,11.16,11.24,3531800
20131125,11.29,11.36,10.93,11.01,4762400
20131126,10.95,11.13,10.58,10.63,6370200
20131127,10.66,10.85,10.6,10.76,3655400
20131128,10.86,10.92,10.58,10.58,2831300
20131129,10.58,10.86,10.57,10.71,4443400
20131202,10.52,11,10.52,10.76,5367500
20131203,10.66,10.84,10.52,10.59,5575300
20131204,10.67,10.88,10.57,10.83,4913600
20131205,10.97,11.46,10.94,11.24,7026200
20131206,11.24,11.41,10.97,11.25,4357700
20131209,11.32,11.56,11.16,11.48,2989500
20131210,11.41,11.63,11.4,11.56,2975800
20131211,11.51,11.64,11.36,11.36,4703000
20131212,11.37,11.45,11.14,11.31,4867600
20131213,11.32,11.52,11.31,11.31,3835700
20131216,11.36,11.85,11.33,11.78,6702400
20131217,11.78,11.94,11.68,11.69,4877500
20131218,11.87,12.28,11.75,12.27,10420900
20131219,12.3,12.73,12.26,12.66,6083600
20131220,12.63,12.89,12.46,12.46,5877200
20131223,12.51,12.96,12.51,12.88,4648300
20131226,12.92,13.22,12.91,12.97,4928900
20131227,13,13.09,12.91,12.91,2679600
20131230,12.95,13.16,12.93,12.93,4937300
20140102,13.07,13.09,12.59,12.63,8459500
20140103,12.58,12.99,12.48,12.99,18493100
20140106,12.93,13.1,12.77,12.85,6589200
20140107,12.92,13.04,12.6,12.73,6419900
20140108,12.82,12.93,12.61,12.88,6742300
20140109,12.86,12.91,12.5,12.52,7856500
20140110,12.48,12.63,12.28,12.49,5858700
20140113,12.45,12.71,12.41,12.51,3636800
20140114,12.43,12.49,12.18,12.26,5329300
20140115,12.27,12.46,12.19,12.35,3854600
20140116,12.47,12.48,12.21,12.44,3870500
20140117,12.44,12.51,12.26,12.37,2759700
20140120,12.37,12.44,12.2,12.3,2508600
20140121,12.32,12.33,11.31,11.39,12692000
20140122,11.42,11.48,10.81,11.2,13157600
20140123,11.05,11.15,10.8,10.87,7671600
20140124,10.77,11.03,10.45,10.61,10480900
20140127,10.65,10.84,10.18,10.21,6572400
20140128,10.4,10.44,10.26,10.36,4762100
20140129,10.36,10.48,10.02,10.23,5331900
20140130,10.24,10.56,10.12,10.12,5772300
20140131,10.02,10.14,9.8,10.06,9760600
20140203,9.96,10.15,9.55,9.55,5176200
20140204,9.7,10.1,9.6,10.06,4640400
20140205,9.99,10.08,9.72,9.78,3887300
20140206,9.91,10.48,9.9,10.34,5567700
20140207,10.37,10.52,10.16,10.45,4377700
20140210,10.38,10.4,9.98,10.11,4446500
20140211,10.21,10.6,10,10.43,6483400
20140212,10.51,10.74,10.38,10.58,6749700
20140213,10.5,10.55,10.2,10.49,3201400
20140214,10.57,10.66,10.39,10.5,3092100
20140217,10.5,10.59,10.1,10.14,3236100
20140218,10.15,10.21,9.63,9.63,6688100
20140219,9.5,10.23,9.49,10.13,10183500
20140220,9.99,10.44,9.85,10.29,7165000
20140221,10.29,10.4,10.03,10.17,6006000
20140224,10.12,10.21,9.9,10.01,4982500
20140225,9.92,10.03,9.59,9.66,5074700
20140226,9.8,9.85,9.46,9.56,4165500
20140227,9.6,9.9,9.6,9.88,3767000
20140228,10.07,10.1,9.15,9.2,11907300
20140305,9.02,9.06,8.79,8.85,5490200
20140306,8.9,9.09,8.83,8.92,4797500
20140307,8.9,8.95,8.42,8.47,7079200
20140310,8.31,8.33,7.98,8.19,7923000
20140311,8.29,8.44,8.01,8.01,7614900
20140312,7.93,8.22,7.87,8.08,5192300
20140313,8.19,8.22,7.96,7.96,4603000
20140314,8.61,9.23,8.5,8.9,19447600
20140317,9.03,9.11,8.9,8.91,6675500
20140318,9.03,9.15,8.79,9.08,5931000
20140319,9.13,9.13,8.85,8.93,5179900
20140320,8.87,9.02,8.73,8.9,4365900
20140321,8.79,9.13,8.79,8.91,5074900
20140324,9.03,9.12,8.91,9.06,3607800
20140325,9.12,9.33,9.05,9.21,5085100
20140326,9.28,9.4,8.91,8.96,5628900
20140327,9.07,9.37,9.04,9.35,7703100
20140328,9.38,9.54,9.12,9.15,6390400
20140331,9.22,9.34,9.08,9.11,3642000
20140401,9.16,9.19,8.81,8.97,4242500
20140402,8.97,9.26,8.92,9.15,4791200
20140403,9.22,9.22,8.96,9.07,4192400
20140404,9.15,9.4,9.11,9.23,9982000
20140407,9.34,9.38,9.1,9.1,5216300
20140408,9.27,9.39,8.9,8.9,6950100
20140409,8.89,8.89,8.25,8.43,10439300
20140410,8.38,8.63,8.38,8.44,5789300
20140411,8.38,8.62,8.35,8.48,5155100
20140414,8.57,8.87,8.47,8.65,8114200
20140415,8.59,8.66,8.26,8.28,6463300
20140416,8.58,8.74,8.46,8.48,8870200
20140417,8.53,8.9,8.41,8.67,5949300
20140422,8.65,8.84,8.48,8.56,6385400
20140423,8.54,8.58,8.41,8.47,5419600
20140424,8.53,8.65,8.11,8.29,7644200
20140425,8.24,8.26,8.1,8.15,4810200
20140428,8.11,8.13,7.94,8.01,4316600
20140429,8.05,8.26,8.01,8.14,4615200
20140430,8.08,8.14,7.92,7.92,4816600
20140502,7.95,8.38,7.91,8.28,5678800
20140505,8.28,8.52,8.2,8.27,4087800
20140506,8.26,8.6,8.22,8.56,9005200
20140507,8.53,8.56,8.17,8.27,9015400
20140508,8.28,8.44,8.24,8.32,7748800
20140509,8.46,8.46,8.23,8.37,4178100
20140512,8.46,8.67,8.36,8.65,4564300
20140513,8.69,8.75,8.58,8.6,4294400
20140514,8.6,8.86,8.6,8.67,3988900
20140515,8.65,8.81,8.63,8.72,3262900
20140516,8.73,8.86,8.6,8.65,3693300
20140519,8.64,8.64,8.41,8.42,4160100
20140520,8.42,8.49,8.05,8.05,5710200
20140521,8.09,8.2,7.97,8.05,5689000
20140522,8.11,8.22,8.02,8.05,4216000
20140523,8.08,8.17,7.96,8.03,7617500
20140526,8.2,8.52,8.17,8.33,7648800
20140527,8.41,8.47,8.29,8.33,4836600
20140528,8.38,8.38,8.07,8.23,6345300
20140529,8.23,8.28,8.09,8.15,3682500
20140530,8.04,8.06,7.9,7.95,8673600
20140602,7.99,8.08,7.93,8.07,4777400
20140603,8.06,8.19,8.02,8.18,4995100
20140604,8.12,8.22,8.08,8.15,3943200
20140605,8.24,8.3,8.15,8.15,3638100
20140606,8.33,8.53,8.28,8.53,9321600
20140609,8.53,8.78,8.46,8.75,6194200
20140610,8.72,8.77,8.56,8.65,5778300
20140611,8.78,8.87,8.65,8.87,4947000
20140613,8.78,8.81,8.66,8.7,5864300
20140616,8.7,8.74,8.5,8.63,5429700
20140617,8.66,8.66,8.51,8.53,2158200
20140618,8.58,8.82,8.52,8.78,5667200
20140620,8.66,8.78,8.57,8.58,7156600
20140623,8.64,8.81,8.61,8.81,3211200
20140624,8.78,9.12,8.74,8.89,8450900
20140625,8.9,9.05,8.78,8.85,5826700
20140626,8.9,8.93,8.74,8.85,4405000
20140627,8.82,8.87,8.64,8.66,4755200
20140630,8.66,8.72,8.51,8.7,4857600
20140701,8.77,8.86,8.65,8.65,3251900
20140702,8.6,8.98,8.58,8.94,5622100
20140703,8.94,9.38,8.94,9.38,6105900
20140704,9.41,9.41,9.33,9.36,998800
20140707,9.29,9.76,9.21,9.66,9468500
20140708,9.63,9.72,9.59,9.66,4624900
20140710,9.81,9.9,9.58,9.77,7909600
20140711,9.77,9.91,9.72,9.82,5076900
20140714,9.84,10.3,9.84,10.25,9896600
20140715,10.25,10.81,10.13,10.65,11866200
20140716,10.68,11.02,10.55,10.59,9401400
20140717,10.54,10.6,9.87,9.89,14299800
20140718,10.69,10.96,10.6,10.7,15705900
20140721,10.74,10.92,10.55,10.83,5560500
20140722,10.79,10.98,10.7,10.7,4488900
20140723,10.6,10.65,10.28,10.46,5906900
20140724,10.46,10.67,10.39,10.55,5016500
20140725,10.55,10.58,10.43,10.46,3225100
20140728,10.47,10.65,10.47,10.65,3619100
20140729,10.66,10.71,10.37,10.37,3320100
20140730,10.44,10.51,10.3,10.38,2888900
20140731,10.28,10.65,10.18,10.6,5504200
20140801,10.55,11.04,10.5,10.88,8100600
20140804,10.82,11.11,10.79,10.96,5566600
20140805,10.95,11.18,10.83,10.83,5118500
20140806,10.82,10.95,10.7,10.7,5870900
20140807,10.66,10.73,10.42,10.54,7121600
20140808,10.42,10.62,10.38,10.44,4558700
20140811,10.48,10.65,10.48,10.49,6388800
20140812,10.46,10.59,10.14,10.14,4529300
20140813,10.11,10.19,9.81,9.91,6545300
20140814,9.86,9.97,9.73,9.78,5596300
20140815,9.9,9.96,9.67,9.67,4722000
20140818,9.73,9.94,9.69,9.84,4760300
20140819,9.95,10.15,9.87,9.92,5712100
20140820,10,10.06,9.85,9.99,3067500
20140821,9.96,10.08,9.74,9.74,3196400
20140822,9.72,9.77,9.53,9.65,3197500
20140825,9.75,9.85,9.62,9.81,3264100
20140826,9.86,9.87,9.68,9.74,3095600
20140827,9.8,9.86,9.69,9.72,3902800
20140828,9.6,9.71,9.19,9.22,6816400
20140829,9.27,9.3,8.9,9.09,5998600
20140901,9.1,9.25,8.93,8.93,2862300
20140902,8.97,9.4,8.93,9.21,5959900
20140903,9.12,9.47,9.12,9.4,6466100
20140904,9.29,9.52,9.24,9.26,5430600
20140905,9.3,9.32,8.96,9.03,5845400
20140908,9.11,9.14,8.78,8.78,6017800
20140909,8.65,9.02,8.65,8.81,6142700
20140910,8.75,8.9,8.66,8.85,6529700
20140911,8.94,8.95,8.67,8.78,4142800
20140912,8.66,8.87,8.61,8.7,4510700
20140915,8.69,8.96,8.67,8.93,4307000
20140916,8.93,9.2,8.85,9.03,3949100
20140917,9.1,9.19,8.93,8.93,3768400
20140918,8.93,9.32,8.85,9.25,8819300
20140919,9.27,9.46,9.13,9.31,6976800
20140922,9.05,9.16,8.88,9.01,6286400
20140923,8.9,9.12,8.84,9.03,3664600
20140924,8.93,9.22,8.92,9.08,3747200
20140925,9.12,9.14,8.83,8.9,4888200
20140926,8.95,8.95,8.48,8.53,5915800
20140929,8.38,8.52,8.12,8.13,7217700
20140930,8.14,8.15,7.98,8.05,4761300
20141001,8.04,8.08,7.82,7.88,5075000
20141002,7.9,8.13,7.83,8.08,5156700
20141003,8.42,8.43,8.14,8.18,7662800
20141006,8.38,8.68,8.15,8.27,6405500
20141007,8.42,8.51,8.3,8.33,4909200
20141008,8.5,8.51,8.28,8.36,4610900
20141009,8.46,8.52,8.05,8.05,7163800
20141010,8.05,8.07,7.78,7.78,6918500
20141013,7.95,8.14,7.88,7.99,5442300
20141014,8.02,8.48,7.96,8.29,4207900
20141015,8.15,8.29,8.07,8.27,5311100
20141016,8.01,8.28,7.9,8.04,4903500
20141017,8.11,8.21,7.85,7.85,5436900
20141020,7.89,7.9,7.61,7.79,4610800
20141021,7.62,7.85,7.59,7.68,5728900
20141022,7.68,7.87,7.61,7.67,4926100
20141023,7.64,8.28,7.58,8.05,7111200
20141024,7.99,8.77,7.99,8.47,6885300
20141027,8.15,8.4,7.75,7.75,8614400
20141028,7.83,7.94,7.65,7.73,5285300
20141029,7.76,7.78,7.4,7.4,5866800
20141030,7.41,7.41,7.07,7.22,5634800
20141031,7.26,7.75,7.18,7.64,5016300
20141103,7.58,7.73,7.4,7.52,3317400
20141104,7.59,7.81,7.43,7.74,3312800
20141105,7.67,7.8,7.48,7.49,3341700
20141106,7.45,7.5,7.15,7.15,3811800
20141107,7.22,7.28,7.09,7.28,4473800
20141110,7.4,7.4,7.19,7.25,2781100
20141111,7.17,7.19,6.91,6.92,5513900
20141112,6.93,7.12,6.85,6.85,3764200
20141113,6.9,6.94,6.7,6.76,5369000
20141114,6.6,6.65,6.25,6.52,11474900
20141117,6.48,6.61,6.27,6.39,4462300
20141118,6.38,6.43,6.05,6.14,6623400
20141119,6.02,6.14,5.85,5.9,8844100
20141121,6.02,6.48,5.94,6.18,10231200
20141124,6.39,6.6,6.23,6.26,7121000
20141125,6.29,6.39,6.06,6.18,7915600
20141126,6.24,6.25,5.69,5.69,8080300
20141127,5.75,5.82,5.49,5.55,4421500
20141128,5.59,5.71,5.56,5.61,4355700
20141201,5.6,5.6,5.28,5.35,6250500
20141202,5.41,5.5,5.1,5.14,4666700
20141203,5.19,5.32,5.16,5.26,3002300
20141204,5.31,5.31,5.03,5.03,3808600
20141205,5.14,5.32,5.06,5.12,6676600
20141208,5.12,5.2,4.83,4.85,5282500
20141209,4.82,4.86,4.64,4.67,4720900
20141210,4.69,4.79,4.51,4.51,5913800
20141211,4.56,4.62,4.46,4.48,6986800
20141212,4.45,4.51,4.16,4.2,8860400
20141215,4.19,4.38,3.9,4.3,11406100
20141216,4.14,4.69,4.08,4.57,9513600
20141217,4.7,5.26,4.67,5.11,13071900
20141218,5.27,5.39,4.87,4.89,10027500
20141219,4.89,5.27,4.76,5.27,6985400
20141222,5.32,5.46,5.12,5.44,6251100
20141223,5.44,5.98,5.37,5.91,5839000
20141226,5.87,6,5.55,5.59,4003600
20141229,5.63,5.79,5.37,5.41,4720000
20141230,5.42,5.51,5.16,5.16,5275300
20150102,5.24,5.36,4.84,4.84,5675500
20150105,4.84,4.84,4.58,4.66,7303300
20150106,4.69,5.16,4.67,4.97,9974200
20150107,5.16,5.54,5.07,5.51,9719300
20150108,5.63,5.75,5.23,5.38,8981000
20150109,5.28,5.32,5.05,5.17,8064400
20150112,5.15,5.2,4.95,5.14,3673900
20150113,5.15,5.41,4.86,4.86,8571000
20150114,4.78,4.85,4.63,4.68,7479400
20150115,4.72,4.95,4.66,4.66,7181900
20150116,4.74,5.04,4.68,4.95,6483300
20150119,4.93,4.94,4.6,4.6,5733200
20150120,4.74,4.97,4.66,4.83,8395000
20150121,4.87,5.06,4.71,5.02,6037000
20150122,5.09,5.3,5.05,5.12,5356100
20150123,5.05,5.07,4.8,4.8,4390700
20150126,4.75,4.84,4.64,4.82,5959100
20150127,4.72,4.78,4.56,4.59,6146400
20150128,4.56,4.58,4.4,4.4,6400300
20150129,4.43,4.49,4.19,4.22,6994500
20150130,4.13,4.19,3.98,3.99,7329800
20150202,4.07,4.19,3.98,4.19,4212600
20150203,4.24,4.46,4.24,4.34,4055600
20150204,4.37,4.49,4.27,4.27,4458900
20150205,4.22,4.36,4.18,4.22,3994000
20150206,4.21,4.41,4.13,4.4,9154600
20150209,4.4,4.92,4.39,4.78,7951300
20150210,4.7,5.03,4.69,4.76,7863900
20150211,4.74,4.91,4.62,4.86,4293400
20150212,4.93,4.99,4.61,4.61,5751700
20150213,4.67,4.87,4.51,4.66,6029900
20150218,4.73,4.94,4.73,4.84,3730800
20150219,4.85,4.95,4.77,4.85,2504000
20150220,4.89,5.22,4.87,5.06,6984500
20150223,5.1,5.21,4.84,4.86,4432600
20150224,4.88,5,4.82,4.93,3954800
20150225,4.9,5.04,4.87,4.96,4788200
20150226,5.03,5.03,4.87,4.94,4444600
20150227,4.95,5.08,4.92,4.94,5687100
20150302,4.97,5.06,4.9,4.98,4844300
20150303,5.03,5.14,4.96,5.02,3720800
20150304,4.99,5.2,4.94,5.02,6246100
20150305,5.1,5.15,4.9,4.9,4571500
20150306,4.89,4.93,4.68,4.75,6233700
20150309,4.69,4.97,4.62,4.97,6421000
20150310,4.92,5.09,4.9,4.94,6268700
20150311,5.01,5.05,4.87,4.99,3976200
20150312,5.2,5.42,5.12,5.35,9325000
20150313,5.3,5.53,5.28,5.5,5707100
20150316,5.55,5.67,5.38,5.59,5763000
20150317,5.59,5.91,5.59,5.81,5459800
20150318,5.8,5.94,5.7,5.7,4902800
20150319,5.65,5.75,5.52,5.56,3969900
20150320,5.61,5.88,5.6,5.88,7144900
20150323,5.83,5.96,5.79,5.92,2917700
20150324,5.95,5.98,5.72,5.84,3680600
20150325,5.9,6.18,5.79,6.1,4813400
20150326,6.1,6.14,5.87,6.05,5297200
20150327,5.99,6.04,5.54,5.62,5411100
20150330,5.71,5.81,5.63,5.71,3604500
20150331,5.69,5.75,5.43,5.43,8216000
20150401,5.58,5.66,5.52,5.57,5965000
20150402,5.51,5.72,5.43,5.62,5213700
20150406,5.74,5.86,5.7,5.79,3726200
20150407,5.81,5.92,5.7,5.7,3481100
20150408,5.75,5.88,5.57,5.59,7802200
20150409,5.63,5.76,5.51,5.58,3549100
20150410,5.6,5.73,5.57,5.68,3001500
20150413,5.68,5.73,5.59,5.67,2645000
20150414,5.66,5.84,5.66,5.84,3450500
20150415,5.91,6.6,5.86,6.34,9526500
20150416,6.4,6.94,6.4,6.57,7751000
20150417,6.5,6.5,6.1,6.1,5637900
20150420,6.17,6.27,6.11,6.14,4077000
20150422,6.18,6.61,6.16,6.57,5835400
20150423,6.59,7.16,6.54,7.05,6123000
20150424,7.17,7.42,7.04,7.23,5156200
20150427,7.25,7.91,7.15,7.91,8943600
20150428,8.04,8.37,7.88,7.89,12803600
20150429,7.65,7.83,7.56,7.79,7439200
20150430,7.64,8.3,7.53,8.07,7187700
20150504,8.27,8.79,8.26,8.66,7020000
20150505,8.55,9.1,8.55,9.02,6611400
20150506,9.26,9.4,8.85,9.05,8663500
20150507,9.05,9.06,8.3,8.35,6537400
20150508,8.5,8.67,7.98,8.09,7192000
20150511,8.16,8.57,8.16,8.55,5100900
20150512,8.51,8.61,8.23,8.31,4533700
20150513,8.27,8.37,7.91,7.93,5868800
20150514,7.91,8.1,7.66,7.91,5766200
20150515,7.88,8.01,7.8,7.83,3551800
20150518,7.85,7.96,7.53,7.59,5089500
20150519,7.51,7.51,7.09,7.17,4279300
20150520,7.09,7.45,7.02,7.38,5002500
20150521,7.36,7.53,7.23,7.3,3825300
20150522,7.34,7.53,7.06,7.2,3918500
20150525,7.13,7.39,7.1,7.16,2232800
20150526,7.21,7.31,6.97,7.04,5337100
20150527,6.99,7.12,6.87,7.05,4590000
20150528,6.88,6.94,6.5,6.57,5975600
20150529,6.6,6.65,6.16,6.16,11193000
20150601,6.18,6.43,6.08,6.37,4622700
20150602,6.38,6.82,6.34,6.7,5593800
20150603,6.78,6.84,6.43,6.5,5792400
20150605,6.34,6.45,6.1,6.16,4804900
20150608,6.21,6.22,5.97,6.08,5282200
20150609,6.06,6.25,6.02,6.11,3716000
20150610,6.2,6.29,6.04,6.04,3317200
20150611,6.16,6.22,6.01,6.13,3410700
20150612,6.08,6.19,6,6.13,2973900
20150615,6.09,6.14,5.94,6.02,3461200
20150616,6.01,6.02,5.8,5.8,4947000
20150617,5.77,5.78,5.54,5.67,3256700
20150618,5.71,5.81,5.57,5.76,4488200
20150619,5.65,5.82,5.61,5.72,3164800
20150622,5.77,5.85,5.65,5.68,2501600
20150623,5.73,5.75,5.65,5.67,1785500
20150624,5.73,5.73,5.52,5.59,2184200
20150625,5.54,5.56,5.33,5.39,4248600
20150626,5.4,5.63,5.36,5.56,2560400
20150629,5.45,5.52,5.32,5.32,2590300
20150630,5.35,5.35,5.12,5.17,3833500
20150701,5.17,5.25,5.06,5.11,2521400
20150702,5.05,5.1,4.92,4.95,3555700
20150703,4.92,4.92,4.75,4.77,2629600
20150706,4.64,4.99,4.62,4.87,4787900
20150707,4.83,4.93,4.65,4.9,5109600
20150708,4.77,4.96,4.63,4.65,5641800
20150710,4.88,4.88,4.5,4.54,5470000
20150713,4.54,4.95,4.42,4.86,7380600
20150714,4.8,4.85,4.65,4.77,4221500
20150715,4.78,4.94,4.61,4.67,3727900
20150716,4.67,4.78,4.5,4.58,3717000
20150717,4.6,4.7,4.48,4.5,4152800
20150720,4.53,4.56,4.33,4.33,3680800
20150721,4.32,4.4,4.06,4.06,7383800
20150722,4.01,4.09,3.93,3.95,6700600
20150723,3.93,4.14,3.91,4.01,6968600
20150724,4.05,4.12,3.9,3.98,4944600
20150727,3.91,3.96,3.8,3.8,4752900
20150728,3.85,4.18,3.82,4.18,7590300
20150729,4.23,4.28,4.1,4.17,5619500
20150730,4.18,4.26,4.02,4.13,5470900
20150731,4.12,4.38,4.04,4.33,6265700
20150803,4.32,4.44,4.23,4.31,4666500
20150804,4.36,4.46,4.31,4.36,2744500
20150805,4.47,4.59,4.35,4.35,5848100
20150806,4.29,4.38,4.18,4.18,4901200
20150807,4.16,4.2,3.99,4,5303900
20150810,4.03,4.09,3.96,4,3869400
20150811,3.95,3.98,3.82,3.85,4939900
20150812,3.86,4.05,3.8,3.98,7142200
20150813,3.85,3.94,3.6,3.6,15303800
20150814,3.58,3.63,3.44,3.44,6722900
20150817,3.45,3.51,3.4,3.46,5027500
20150818,3.41,3.43,3.3,3.31,6233900
20150819,3.27,3.3,3.1,3.12,6385500
20150820,3.05,3.19,3.04,3.16,4045000
20150821,3.11,3.14,3.03,3.05,4141500
20150824,2.8,2.94,2.75,2.83,7630300
20150825,2.93,2.96,2.78,2.78,4307200
20150826,2.82,3.14,2.76,3.14,7993200
20150827,3.18,3.5,3.18,3.45,8697300
20150828,3.4,3.54,3.32,3.36,6307700
20150831,3.25,3.56,3.19,3.5,6621500
20150901,3.36,3.6,3.35,3.53,5625800
20150902,3.6,3.74,3.54,3.71,5581500
20150903,3.8,3.88,3.7,3.85,5686600
20150904,3.68,4.03,3.68,4.03,10077700
20150908,4.13,4.4,4.1,4.26,6039100
20150909,4.44,4.56,4.3,4.33,6616300
20150910,4.11,4.67,4.11,4.66,10621100
20150911,4.7,5.18,4.66,5.13,11949400
20150914,5.24,5.39,4.74,4.92,13114300
20150915,4.83,5,4.66,4.92,10503600
20150916,5.07,5.23,4.98,5.15,7037800
20150917,5.13,5.48,5.08,5.42,8450000
20150918,5.38,5.75,5.34,5.75,13924200
20150921,5.84,5.85,5.66,5.66,5373300
20150922,5.43,5.43,5.06,5.12,10945600
20150923,5.12,5.12,4.07,4.07,12761600
20150924,3.85,4.49,3.85,4.2,16915800
20150925,4.31,4.44,3.92,4.01,11010500
20150928,3.9,4.14,3.86,3.96,7047800
20150929,4.02,4.13,3.93,3.93,5255900
20150930,4.12,4.15,3.92,3.92,6843900
20151001,3.94,4.09,3.69,3.69,8894900
20151002,3.62,3.86,3.56,3.78,8449600
20151005,3.87,4.15,3.85,4.09,6713600
20151006,4.17,4.47,4.17,4.44,7074300
20151007,4.65,4.95,4.56,4.7,7964200
20151008,4.76,5.05,4.7,5,7911200
20151009,5.2,5.49,5.15,5.33,12010300
20151013,5.12,5.19,4.55,4.66,8659500
20151014,4.76,4.91,4.44,4.44,21304400
20151015,4.53,4.79,4.36,4.69,10207700
20151016,4.85,5.04,4.71,5.02,16885800
20151019,5.1,5.24,4.97,5.13,8211800
20151020,5.2,5.2,4.75,4.8,7968800
20151021,4.8,4.9,4.65,4.68,7440400
20151022,4.66,4.98,4.66,4.8,7478100
20151023,4.99,5.08,4.92,4.92,7158900
20151026,5,5.04,4.88,4.96,4144900
20151027,4.94,5.03,4.9,4.92,4634400
20151028,4.93,4.94,4.61,4.61,6772000
20151029,4.49,4.65,4.29,4.31,5421100
20151030,4.26,4.5,4.26,4.34,5212400
20151103,4.5,5.17,4.41,5.06,12458000
20151104,5.2,5.33,4.86,4.96,10417400
20151105,4.96,5.06,4.87,4.95,5076300
20151106,4.98,5.17,4.78,5,8846900
20151109,4.99,5.23,4.98,5.06,6250700
20151110,5.08,5.18,5.04,5.16,4251900
20151111,5.23,5.46,5.23,5.34,6183100
20151112,5.39,5.46,5.31,5.42,6238800
20151113,5.25,5.25,4.9,4.9,7830900
20151116,4.9,5.09,4.86,4.92,6280500
20151117,5,5.04,4.81,4.91,5182600
20151118,5.28,5.84,5.27,5.76,15137500
20151119,5.91,6.14,5.69,5.86,9860000
20151123,5.85,5.91,5.57,5.73,5906000
20151124,5.72,6.1,5.58,6.03,6090200
20151125,5.9,6.37,5.9,6.1,8267000
20151126,6.15,6.35,6.02,6.02,4571100
20151127,5.96,6.17,5.88,5.88,5650300
20151130,5.94,6.17,5.5,5.5,12116400
20151201,5.6,5.69,5.14,5.14,7561600
20151202,5.11,5.25,4.87,4.98,8571800
20151203,5.2,5.22,5.01,5.03,5139000
20151204,5.04,5.13,4.81,4.87,5131200
20151207,4.94,5.09,4.83,4.86,5573300
20151208,4.85,4.91,4.55,4.55,6133900
20151209,4.65,4.76,4.54,4.65,6268800
20151210,4.62,4.85,4.59,4.62,4934800
20151211,4.61,4.68,4.47,4.51,4721500
20151214,4.51,4.55,4.4,4.44,3559600
20151215,4.47,4.57,4.41,4.41,2980700
20151216,4.37,4.45,4.29,4.29,4292300
20151217,4.36,4.49,4.3,4.3,6698800
20151218,4.25,4.32,4.13,4.19,6043400
20151221,4.21,4.32,4.01,4.01,5193900
20151222,4.03,4.11,3.95,4.02,3638900
20151223,4.05,4.42,4.05,4.33,5438300
20151228,4.35,4.47,4.22,4.24,3462000
20151229,4.21,4.3,4.18,4.2,2452300
20151230,4.15,4.22,4,4,4545700
20160104,3.98,3.98,3.83,3.86,4417300
20160105,3.86,3.9,3.67,3.67,4163300
20160106,3.52,3.65,3.35,3.38,4565700
20160107,3.17,3.37,3.14,3.3,6308300
20160108,3.46,3.63,3.42,3.42,7965500
20160111,3.44,3.55,3.31,3.37,4962200
20160112,3.42,3.47,3.27,3.28,5125300
20160113,3.32,3.42,3.19,3.2,5411800
20160114,3.24,3.46,3.16,3.3,8097600
20160115,3.19,3.26,3.09,3.17,5745100
20160118,3.2,3.3,3.16,3.2,3302200
20160119,3.35,3.39,3.27,3.28,4142100
20160120,3.22,3.28,3.16,3.22,4358200
20160121,3.17,3.44,3.17,3.32,4567900
20160122,3.44,3.56,3.37,3.45,5386800
20160126,3.35,3.49,3.32,3.42,3064700
20160127,3.44,3.57,3.44,3.48,4563100
20160128,3.51,3.63,3.35,3.45,4225600
20160129,3.52,3.65,3.47,3.55,4600600
20160201,3.53,3.88,3.46,3.75,6605300
20160202,3.72,3.95,3.65,3.77,6921300
20160203,3.87,3.94,3.73,3.79,4275100
20160204,3.83,4.38,3.83,4.16,6666300
20160205,4.28,4.5,4.23,4.38,7697500
20160210,4.25,4.43,4.15,4.35,4492700
20160211,4.27,4.33,3.88,3.88,7037500
20160212,3.93,4.13,3.91,4.02,5393200
20160215,4.2,4.21,4.09,4.1,2288200
20160216,4.11,4.48,4.11,4.43,4644800
20160217,4.57,4.89,4.48,4.55,10137700
20160218,4.5,4.7,4.42,4.59,7731100
20160219,4.6,4.7,4.52,4.63,4972400
20160222,4.82,5.12,4.8,5.12,6321500
20160223,5.09,5.28,5.04,5.22,7672300
20160224,5.02,5.41,4.95,5.23,8301100
20160225,5.1,5.45,5.06,5.22,5859700
20160226,5.35,5.47,5,5,7686800
20160229,5.07,5.37,5.06,5.2,9042300
20160301,5.37,5.55,5.37,5.4,6772400
20160302,5.46,5.7,5.4,5.65,9632400
20160303,5.7,6.5,5.7,6.5,10046500
20160304,7.01,7.72,6.88,7.56,15861000
20160307,7.83,8.59,7.8,8.23,16131700
20160308,7.8,8.15,7.03,7.11,10444400
20160309,7.34,7.49,6.69,6.82,13920100
20160310,7.1,7.49,6.76,7.33,11355700
20160311,7.47,7.55,7.06,7.06,8235900
20160314,7.14,7.3,6.85,6.92,9652000
20160315,6.76,6.76,6,6.07,7808400
20160316,5.95,6.75,5.91,6.71,8861100
20160317,7.4,8.05,7.07,7.93,13494400
20160318,7.97,8.16,7.62,7.92,13571100
20160321,7.93,8.4,7.9,7.9,8821500
20160322,7.78,8.24,7.78,8.14,6864600
20160323,7.95,8.06,7.6,7.6,8298800
20160324,7.46,7.87,7.21,7.79,6924000
20160328,8.07,8.2,7.77,7.8,5088500
20160329,7.71,7.98,7.4,7.4,8563200
20160330,7.55,7.78,7.34,7.45,7704700
20160331,7.37,7.48,7.04,7.15,7419900
20160401,7,7.45,6.92,7.25,4861000
20160404,7.2,7.49,6.95,6.99,5401500
20160405,7.01,7.7,6.84,7.59,10438600
20160406,7.5,7.92,7.45,7.65,7674000
20160407,7.82,7.95,7.53,7.59,6379800
20160408,7.85,8.33,7.8,8.25,8387200
20160411,8.39,9.03,8.39,8.97,7106500
20160412,9.2,10.9,9.19,10.82,15337900
20160413,11.3,13.32,11.3,13.02,22448700
20160414,13.45,13.64,11.29,11.46,19638200
20160415,11.53,12.1,11.25,11.92,8084000
20160418,11.96,12.59,11.71,12.1,8419200
20160419,12.6,13.54,12.53,13.3,12177700
20160420,13.4,14.12,13.02,13.66,13684500
20160422,13,14,12.9,13.4,8733800
20160425,13.21,13.37,12.1,12.17,9220900
20160426,12.38,12.59,11.7,12.3,9203400
20160427,12.34,13.1,12.06,12.95,8337500
20160428,13.16,13.71,12.91,12.96,7584100
20160429,13.17,13.65,13.12,13.14,10513600
20160502,13.2,13.59,12.84,12.9,8395800
20160503,12.48,12.62,12.22,12.22,6440400
20160504,11.93,12.55,11.72,11.77,8272100
20160505,12.29,12.29,11.02,11.02,8673900
20160506,10.77,11.5,10.45,11.14,11001200
20160509,10.9,10.9,9.95,10.02,10191800
20160510,10.22,10.6,10.07,10.47,9969300
20160511,10.75,10.83,9.95,9.95,10295600
20160512,10.05,10.32,9.63,9.63,10400700
20160513,9.61,9.7,8.39,8.4,11427300
20160516,8.35,8.84,8.22,8.32,8772600
20160517,8.55,8.63,8,8.25,9114200
20160518,8.12,8.39,7.81,7.81,10707300
20160519,7.65,7.77,7.4,7.45,9429000
20160520,7.7,7.87,7.27,7.28,8356900
20160523,7.11,7.49,7.05,7.23,7515800
20160524,7.44,7.47,6.77,6.85,9804500
20160525,6.96,7.17,6.75,6.75,7947600
20160527,6.93,6.95,6.41,6.43,6727600
20160530,6.47,6.56,6.42,6.49,2577500
20160531,6.54,6.74,6.35,6.54,11020100
20160601,6.5,6.67,6.26,6.37,8044900
20160602,6.44,6.9,6.25,6.81,9584800
20160603,7,7.45,6.89,7.34,13696700
20160606,7.6,7.62,7.22,7.39,8351400
20160607,7.24,7.53,6.95,6.99,8914900
20160608,7.15,8.17,7.1,8.14,15600000
20160609,7.98,8.03,7.41,7.54,11182500
20160610,7.2,7.3,6.95,6.95,9010100
20160613,6.83,7.23,6.71,7,7649100
20160614,6.91,7.27,6.62,6.67,7992200
20160615,6.75,7.2,6.74,7.04,12686200
20160616,6.96,7.38,6.92,7.24,10051600
20160617,7.49,7.62,7.33,7.33,9675800
20160620,7.69,7.85,7.44,7.44,8165800
20160621,7.44,7.5,7.15,7.48,7973300
20160622,7.57,7.75,7.41,7.42,8991600
20160623,7.68,8.08,7.55,8.08,7675900
20160624,7.6,7.8,7.36,7.37,10543700
20160627,7.5,7.55,7.07,7.3,9208400
20160628,7.52,7.68,7.44,7.51,6828900
20160629,7.7,7.94,7.67,7.82,8273600
20160630,7.82,7.97,7.61,7.82,7626600
20160701,7.88,8.76,7.78,8.76,10856900
20160704,9.15,9.54,9.06,9.3,7466300
20160705,9.02,9.23,8.58,8.61,12131000
20160706,8.33,9.15,8.06,9.06,15889100
20160707,9.2,9.49,8.54,8.54,12831900
20160708,8.95,9.13,8.77,9.06,8393700
20160711,9.29,9.45,9.14,9.14,7601700
20160712,9.39,9.75,9.36,9.57,10404400
20160713,9.57,9.66,8.95,9.57,15251300
20160714,9.8,9.95,9.52,9.78,11754500
20160715,9.86,10.25,9.61,10.25,13382600
20160718,10.15,10.53,9.97,10.48,10594700
20160719,10.22,10.65,10.18,10.41,12068900
20160720,10.41,10.59,10.1,10.25,7999100
20160721,10.4,10.98,10.34,10.8,8981400
20160722,10.78,11.01,10.61,10.88,5285300
20160725,11,11.2,10.75,10.98,5913200
20160726,11.08,11.39,10.99,11.21,6176200
20160727,11.4,11.75,11.35,11.35,6897500
20160728,11.49,11.57,10.79,11.35,6824900
20160729,11.25,11.28,10.87,11.07,7667100
20160801,11.15,11.35,10.6,10.68,6379700
20160802,10.47,10.84,9.97,10.04,7461800
20160803,9.99,10.76,9.81,10.61,6951000
20160804,10.78,11.2,10.68,10.89,8314100
20160805,11.11,11.2,10.9,11.02,4379600
20160808,11.08,11.22,10.65,10.74,5447500
20160809,10.75,11.15,10.75,10.94,4431800
20160810,11,11.13,10.36,10.5,6634200
20160811,10.56,10.98,10.37,10.98,5810200
20160812,10.85,11.13,10.67,10.78,5106700
20160815,10.97,11.26,10.79,11.15,6085800
20160816,11.1,11.4,10.46,10.53,10777100
20160817,10.38,10.46,9.92,10.34,11572000
20160818,10.25,10.56,10.1,10.18,6240900
20160819,10.17,10.23,9.84,10.09,4643700
20160822,10,10,9.21,9.25,9872300
20160823,9.47,9.7,9.32,9.39,5957900
20160824,9.25,9.25,8.65,8.73,9056700
20160825,8.66,9.03,8.64,8.83,6481100
20160826,8.92,9.18,8.55,8.8,8277900
20160829,8.66,9.11,8.66,9.05,4435000
20160830,9.05,9.16,8.68,8.77,5676500
20160831,8.8,8.94,8.49,8.6,6245800
20160901,8.6,8.8,8.37,8.8,6748400
20160902,8.95,9.73,8.9,9.7,8938300
20160905,9.79,9.8,9.45,9.71,4050900
20160906,9.69,9.78,9.11,9.47,6047500
20160908,9.46,9.6,9.17,9.25,6101100
20160909,9.12,9.13,8.56,8.65,9098400
20160912,8.59,8.85,8.3,8.79,7807000
20160913,8.59,8.66,7.9,8.14,10227500
20160914,8.23,8.4,8.06,8.26,6504600
20160915,8.28,8.53,8.24,8.27,4452200
20160916,8.2,8.2,7.82,8.01,8622600
20160919,8.3,8.69,8.24,8.5,11255600
20160920,8.56,8.7,8.41,8.49,4996000
20160921,8.65,8.9,8.49,8.86,6360600
20160922,8.98,9.13,8.86,8.9,7486300
20160923,8.92,8.99,8.65,8.71,6839300
20160926,8.6,8.88,8.54,8.67,5169600
20160927,8.75,8.82,8.41,8.61,5687300
20160928,8.68,9.45,8.67,9.3,9638200
20160929,9.35,9.48,8.91,9.06,7647800
20160930,9.12,9.27,8.94,9.09,5903900
20161003,9.09,9.59,9.09,9.51,8377500
20161004,9.51,9.7,9.26,9.42,10743500
20161005,9.54,9.78,9.5,9.66,6607400
20161006,9.6,9.95,9.57,9.83,5785000
20161007,9.96,10.14,9.89,9.95,7528000
20161010,10.04,10.24,10.03,10.2,4565000
20161011,10.1,10.31,10.07,10.2,6955400
20161013,10.05,10.05,9.73,9.88,8133500
20161014,10.02,10.29,10,10.22,5103300
20161017,10.29,10.38,10.17,10.3,4896300
20161018,10.37,10.68,10.37,10.61,5550000
20161019,10.65,10.76,10.22,10.32,6973400
20161020,10.19,10.35,10,10.19,6319700
20161021,10.19,10.4,9.96,10.2,16039700
20161024,10.4,10.62,10.3,10.42,8071700
20161025,10.6,10.85,10.2,10.69,9326800
20161026,10.58,10.72,10.36,10.57,7561900
20161027,10.65,10.88,10.63,10.82,4588000
20161028,10.85,11.12,10.77,10.84,5083300
20161031,10.95,11.07,10.6,10.74,7237800
20161101,10.9,10.92,10.05,10.24,7624100
20161103,10.1,10.19,9.67,9.72,7293400
20161104,9.69,9.99,9.43,9.66,5540700
20161107,10.03,10.32,9.99,10.31,4634100
20161108,10.16,10.64,10.06,10.55,5799800
20161109,10,11.09,9.83,10.84,11297100
20161110,11.1,11.66,11.03,11.25,12942800
20161111,11.4,11.49,10.27,10.42,8920900
20161114,10.41,11.05,9.92,10.96,11332200
20161116,10.71,10.86,10.28,10.5,8248600
20161117,10.6,10.82,10.39,10.57,4639100
20161118,10.49,10.98,10.35,10.86,5724600
20161121,10.9,11.46,10.9,11.46,6928200
20161122,11.8,12.37,11.72,11.99,7847100
20161123,12.06,12.8,11.92,12.79,9359200
20161124,12.73,12.91,12.41,12.57,3813800
20161125,12.4,12.94,12.38,12.89,4981500
20161128,12.93,13.42,12.82,13.34,4191800
20161129,13.16,13.25,12.57,12.73,5571500
20161130,12.73,12.97,12.28,12.43,7690400
20161201,12.45,12.59,11.35,11.66,9519300
20161202,11.35,12.05,10.91,11.91,8190000
20161205,12.2,12.2,11.67,11.84,5136600
20161206,11.75,12.15,11.5,11.99,4533200
20161207,12.22,12.3,12.01,12.03,4399000
20161208,12.24,12.24,11.53,11.65,4680800
20161209,11.7,11.81,11.15,11.3,5361700
20161212,11.14,11.25,10.73,11.04,5229600
20161213,11,11.27,10.66,10.96,4793500
20161214,10.78,10.94,10.52,10.61,7137500
20161215,10.61,11.05,10.51,10.93,4802300
20161216,10.97,11.22,10.72,10.72,6860700
20161219,10.75,10.84,10.09,10.09,4970200
20161220,10.3,10.38,9.83,9.88,4643900
20161221,9.95,10.05,9.69,9.83,4178300
20161222,9.77,9.82,9.41,9.6,3419600
20161223,9.65,9.95,9.63,9.95,3518900
20161226,9.95,10.25,9.95,10.16,1091500
20161227,10.27,10.75,10.27,10.73,3986800
20161228,10.9,11.06,10.71,10.82,3868700
20161229,10.85,10.93,10.52,10.85,3189900
20170102,10.7,10.94,10.61,10.86,1127100
20170103,11.07,11.42,10.91,11.42,6602900
20170104,11.35,11.55,11.14,11.31,5117300
