<DTYYYYMMDD>,<OPEN>,<HIGH>,<LOW>,<CLOSE>,<VOL>
20100601,6.75,6.87,6.62,6.8,477700
20100602,6.83,6.87,6.68,6.83,280400
20100604,6.67,6.85,6.37,6.65,1123200
20100607,6.53,6.69,6.53,6.69,158100
20100608,6.72,6.72,6.36,6.55,1545200
20100609,6.55,6.73,6.5,6.73,320700
20100610,6.71,6.97,6.7,6.97,499700
20100611,6.79,6.93,6.79,6.91,226300
20100614,6.91,6.91,6.67,6.77,503500
20100615,6.72,6.83,6.62,6.82,569700
20100616,6.75,6.94,6.7,6.94,853500
20100617,6.96,7.08,6.91,7.08,948100
20100618,7.06,7.35,6.99,7.24,2270700
20100621,7.28,7.35,7.04,7.2,1246700
20100622,7.2,7.24,7.03,7.2,429800
20100623,7.08,7.11,6.92,6.95,398200
20100624,6.95,7.02,6.75,6.91,434400
20100625,6.8,7.13,6.8,7.13,262600
20100628,7.06,7.25,6.99,7.2,754400
20100629,6.94,7.34,6.86,7.27,957200
20100630,7.23,7.26,7.09,7.26,1494800
20100701,7.18,7.27,7.04,7.06,680700
20100702,7.1,7.12,6.94,7.1,736300
20100705,7.17,7.17,6.95,7.02,552100
20100706,7.15,7.26,6.7,6.98,1587200
20100707,7.06,7.16,6.96,7.1,1227100
20100708,7.18,7.34,7.13,7.24,2127700
20100712,7.24,7.31,7.04,7.17,642000
20100713,7.27,7.35,7.15,7.35,1217700
20100714,7.28,7.28,7.14,7.28,981200
20100715,7.28,7.31,7.15,7.24,892700
20100716,7.24,7.26,7.15,7.17,360400
20100719,7.26,7.31,7.2,7.24,835100
20100720,7.26,7.34,7.17,7.17,1685000
20100721,7.28,7.55,7.18,7.2,1943500
20100722,7.31,7.34,7.14,7.24,1437800
20100723,7.28,7.28,7.15,7.25,565800
20100726,7.25,7.34,7.2,7.24,604300
20100727,7.24,7.5,7.24,7.46,2620900
20100728,7.57,7.63,7.46,7.61,1083500
20100729,7.64,7.69,7.47,7.63,779300
20100730,7.57,7.89,7.47,7.81,524700
20100802,7.82,8.08,7.81,7.83,1384500
20100803,7.83,7.96,7.58,7.63,1284500
20100804,7.78,7.79,7.5,7.5,1147500
20100805,7.56,7.62,7.5,7.57,413200
20100806,7.63,7.93,7.57,7.89,1109300
20100809,8.01,8.01,7.82,7.87,1509900
20100810,7.9,7.9,7.75,7.86,1260500
20100811,7.83,7.83,7.63,7.79,1449900
20100812,7.73,7.8,7.67,7.79,800800
20100813,7.76,7.93,7.61,7.68,602100
20100816,7.65,7.79,7.59,7.77,544700
20100817,7.77,7.93,7.66,7.93,1055700
20100818,7.91,7.91,7.72,7.87,282400
20100819,7.88,7.97,7.79,7.93,234900
20100820,7.86,7.88,7.71,7.76,279400
20100823,7.81,7.93,7.76,7.86,249400
20100824,7.86,7.95,7.79,7.93,315500
20100825,7.92,8.07,7.83,7.9,1104800
20100826,7.99,8.07,7.75,7.86,503300
20100827,7.9,7.99,7.87,7.93,249400
20100830,7.91,7.97,7.82,7.92,283700
20100831,8.03,8.07,7.95,8.01,375200
20100901,8.08,8.24,8.08,8.09,1062700
20100902,8.15,8.25,7.88,7.97,507100
20100903,8.04,8.06,7.79,7.83,686700
20100906,7.94,7.94,7.79,7.86,156600
20100908,7.79,8.21,7.71,8.09,636100
20100909,8.11,8.33,8.01,8.25,557800
20100910,8.15,8.35,8.05,8.26,576000
20100913,8.3,8.3,8.15,8.28,859600
20100914,8.19,8.27,8.16,8.21,586700
20100915,8.16,8.39,8.14,8.35,1412000
20100916,8.33,8.38,8.21,8.27,871600
20100917,8.19,8.37,8.19,8.33,1122400
20100920,8.33,8.41,8.28,8.41,837600
20100921,8.38,8.56,8.33,8.36,985400
20100922,8.37,8.51,8.19,8.41,988800
20100923,8.33,8.55,8.3,8.37,1337300
20100924,8.41,8.49,8.04,8.24,1672100
20100927,8.38,8.38,8.15,8.37,972200
20100928,8.37,8.4,8.19,8.37,1056100
20100929,8.35,8.51,8.11,8.21,1342300
20100930,8.21,8.3,8.03,8.15,1320400
20101001,8.17,8.66,8.11,8.62,1204700
20101004,8.62,8.78,8.44,8.71,810900
20101005,8.73,8.92,8.67,8.82,938900
20101006,8.82,8.92,8.65,8.76,1337000
20101007,8.84,8.92,8.62,8.87,878800
20101008,8.84,9.46,8.73,9.21,2026400
20101011,9.2,9.53,9.1,9.46,975300
20101013,9.46,9.68,9.35,9.68,1569100
20101014,9.64,9.64,9.15,9.44,2417600
20101015,9.48,9.48,9.12,9.39,1673700
20101018,9.32,9.35,9.21,9.21,804500
20101019,9.11,9.45,8.96,9.45,1920900
20101020,9.32,9.51,9.21,9.38,1550700
20101021,9.38,9.52,9.29,9.29,897900
20101022,9.43,9.48,9.14,9.31,834800
20101025,9.32,9.44,9.16,9.32,746200
20101026,9.26,9.35,9.2,9.2,524500
20101027,9.21,9.31,9.13,9.17,680900
20101028,9.32,9.44,9.22,9.36,834800
20101029,9.36,9.45,9.29,9.39,986500
20101101,9.42,9.46,9.17,9.35,736600
20101103,9.39,9.63,9.37,9.56,1883500
20101104,9.67,9.9,9.46,9.59,1836200
20101105,9.44,9.56,9.35,9.43,1297400
20101108,9.36,9.79,9.36,9.79,1049900
20101109,9.78,9.93,9.72,9.83,2003500
20101110,9.86,10.03,9.67,9.88,1753200
20101111,9.77,10.19,9.77,10.05,1746500
20101112,9.99,10.28,9.79,10.12,1581300
20101116,10.09,10.19,9.82,9.9,1612300
20101117,9.94,10.19,9.86,10.19,1025600
20101118,10.21,10.26,10.03,10.18,1732900
20101119,10.18,10.18,9.95,10,1201600
20101122,10.01,10.04,9.61,9.72,2252700
20101123,9.64,9.88,9.46,9.86,2115600
20101124,9.91,10.25,9.91,10.08,1762400
20101125,10.08,10.19,10.02,10.15,495600
20101126,10.03,10.92,9.9,10.07,2210900
20101129,10.08,10.18,9.77,10.05,2611700
20101130,10.08,10.18,9.88,10.12,14846000
20101201,10.18,10.19,9.83,9.91,1888200
20101202,9.9,9.96,9.55,9.74,2794500
20101203,9.76,9.82,9.48,9.53,1749000
20101206,9.6,9.67,9.32,9.67,1679300
20101207,9.75,9.97,9.71,9.97,1242200
20101208,9.96,9.96,9.58,9.75,1027600
20101209,9.89,9.89,9.36,9.48,1777600
20101210,9.57,9.78,9.26,9.48,1507900
20101213,9.55,9.58,9.27,9.4,1367200
20101214,9.4,9.75,9.2,9.59,958700
20101215,9.55,9.55,9.18,9.26,2416100
20101216,9.32,9.5,8.98,9.09,1309400
20101217,9.09,9.25,8.98,9.25,946400
20101220,9.32,9.32,8.93,9.03,1165600
20101221,9.1,9.39,9.02,9.39,970700
20101222,9.38,9.39,9.18,9.2,1262000
20101223,9.18,9.5,9.18,9.4,468200
20101227,9.35,9.61,9.32,9.51,549300
20101228,9.51,9.7,9.37,9.57,896000
20101229,9.69,9.72,9.46,9.48,724300
20101230,9.59,9.59,9.38,9.46,1031700
20110103,9.52,9.63,9.4,9.42,659400
20110104,9.48,9.78,9.35,9.78,889900
20110105,9.65,9.85,9.56,9.78,1073800
20110106,9.78,9.89,9.57,9.76,1034800
20110107,9.7,9.81,9.44,9.66,805700
20110110,9.66,9.69,9.44,9.58,541000
20110111,9.61,9.85,9.56,9.85,1060500
20110112,9.93,10.06,9.86,10.06,543800
20110113,9.98,10,9.71,9.72,733500
20110114,9.75,9.87,9.53,9.78,441200
20110117,9.71,9.77,9.57,9.7,371900
20110118,9.77,9.81,9.56,9.65,977500
20110119,9.63,9.7,9.55,9.7,526100
20110120,9.63,9.84,9.57,9.8,390100
20110121,9.86,9.92,9.78,9.89,582100
20110124,9.93,9.94,9.78,9.91,446400
20110126,9.92,10,9.72,9.89,883500
20110127,9.89,9.98,9.66,9.78,424300
20110128,9.73,9.82,9.55,9.7,880300
20110131,9.67,9.91,9.63,9.63,1239200
20110201,9.7,10.02,9.69,9.92,869700
20110202,9.98,10.05,9.69,9.69,707500
20110203,9.77,9.97,9.7,9.74,444400
20110204,9.72,9.92,9.38,9.44,1810200
20110207,9.52,9.91,9.28,9.72,982500
20110208,9.63,9.86,9.49,9.63,1420600
20110209,9.63,9.78,9.42,9.55,375500
20110210,9.63,9.63,9.43,9.43,1022600
20110211,9.53,9.69,9.4,9.69,567900
20110214,9.76,9.9,9.49,9.78,1075300
20110215,9.82,10.01,9.69,9.69,637500
20110216,9.72,9.98,9.72,9.85,1109800
20110217,9.95,9.95,9.66,9.81,816000
20110218,9.82,9.98,9.74,9.87,820900
20110221,9.76,9.86,9.64,9.77,768700
20110222,9.66,9.84,9.4,9.7,1369000
20110223,9.7,9.74,9.49,9.63,366800
20110224,9.66,9.66,9.52,9.66,590500
20110225,9.66,9.7,9.46,9.53,770800
20110228,9.46,9.62,9.42,9.48,1273400
20110301,9.49,9.55,9.44,9.55,851600
20110302,9.59,9.62,9.43,9.53,429200
20110303,9.52,9.6,9.52,9.59,246900
20110304,9.59,9.9,9.58,9.83,647600
20110309,9.84,9.84,9.6,9.83,303400
20110310,9.59,9.83,9.59,9.74,685100
20110311,9.83,9.83,9.55,9.59,1050900
20110314,9.67,9.67,9.46,9.61,967800
20110315,9.46,9.62,9.22,9.57,1535100
20110316,9.53,9.6,9.27,9.33,1067700
20110317,9.48,9.53,9.32,9.52,1240400
20110318,9.55,9.55,9.29,9.33,1764300
20110321,9.4,9.51,9.34,9.48,1885400
20110322,9.44,9.54,9.41,9.52,954700
20110323,9.53,9.63,9.43,9.47,655400
20110324,9.52,9.6,9.39,9.4,565100
20110325,9.4,9.51,9.3,9.46,1221200
20110328,9.43,9.58,9.42,9.57,1159000
20110329,9.58,9.63,9.45,9.63,699700
20110330,9.65,9.75,9.59,9.75,922200
20110331,9.69,9.82,9.6,9.82,2761000
20110401,9.83,10.19,9.68,10.19,1410700
20110404,10.06,10.15,10.01,10.07,981000
20110405,9.99,10.07,9.73,10,1160100
20110406,10.07,10.07,9.86,10,875100
20110407,10.06,10.09,9.77,9.99,887000
20110408,10.01,10.18,9.67,9.85,1287200
20110411,9.87,10,9.78,10,459200
20110412,9.94,9.98,9.66,9.78,580400
20110413,9.85,9.97,9.69,9.93,586700
20110414,9.86,9.97,9.74,9.85,2761600
20110415,9.83,9.87,9.74,9.74,618400
20110418,9.72,9.9,9.59,9.71,1178800
20110419,9.71,9.98,9.71,9.84,1004800
20110420,9.89,10.02,9.85,9.98,1159700
20110425,9.99,10.1,9.96,10.1,400500
20110426,10.1,10.33,9.97,10.33,1766800
20110427,10.41,10.49,10.23,10.38,817700
20110428,10.35,10.55,10.32,10.49,1226300
20110429,10.57,10.6,10.41,10.45,818000
20110502,10.46,10.73,10.46,10.72,458000
20110503,10.63,10.73,10.5,10.63,293300
20110504,10.69,10.69,10.33,10.57,458500
20110505,10.6,10.6,10.23,10.43,995600
20110506,10.54,10.68,10.27,10.41,618400
20110509,10.5,10.71,10.48,10.62,570900
20110510,10.7,10.84,10.65,10.75,1897500
20110511,10.54,10.71,10.5,10.7,541500
20110512,10.64,10.71,10.43,10.57,588800
20110513,10.58,10.69,10.51,10.57,959400
20110516,10.54,11.15,10.54,10.91,1594300
20110517,10.94,10.94,10.54,10.63,1885800
20110518,10.67,10.72,10.38,10.48,593500
20110519,10.45,10.67,10.2,10.34,772800
20110520,10.32,10.66,10.32,10.34,1373700
20110523,10.4,10.43,9.89,10.15,1910500
20110524,10.24,10.63,10.17,10.58,2047800
20110525,10.55,10.78,10.43,10.53,1431600
20110526,10.63,10.63,10.38,10.49,971500
20110527,10.46,10.67,10.43,10.67,1253300
20110530,10.72,10.72,10.41,10.53,785600
20110531,10.57,10.63,10.3,10.53,1455300
20110601,10.41,10.46,10.3,10.38,838600
20110602,10.42,10.5,10.23,10.38,938100
20110603,10.23,10.44,10.2,10.29,814100
20110606,10.36,10.41,10.06,10.14,1852200
20110607,10.21,10.21,10.07,10.07,1170100
20110608,10.07,10.18,9.98,10.07,865500
20110609,10.07,10.17,9.85,10,2306300
20110610,10.07,10.1,9.85,9.89,903900
20110613,9.86,9.96,9.79,9.84,799100
20110614,9.85,10.07,9.77,10.04,2355400
20110615,9.98,10.1,9.83,9.92,881400
20110616,9.99,10.04,9.83,9.91,601600
20110617,9.95,10.04,9.84,9.92,1244000
20110620,9.86,10.26,9.85,10.26,1131800
20110621,10.26,10.34,10.04,10.15,1100800
20110622,10.15,10.21,9.94,10.13,452600
20110624,10.16,10.2,10,10.07,689900
20110627,10.1,10.26,10,10.26,681700
20110628,10.32,10.44,10.23,10.41,800900
20110629,10.41,10.44,10.17,10.26,431100
20110630,10.34,10.34,10.01,10.23,1554300
20110701,10.2,10.29,10.04,10.23,868600
20110704,10.2,10.33,10.09,10.26,720600
20110705,10.29,10.33,10.14,10.33,1086200
20110706,10.26,10.41,10.23,10.31,1319900
20110707,10.31,10.42,10.19,10.23,1123800
20110708,10.2,10.28,9.89,10.06,996800
20110711,9.96,10.17,9.89,10.17,534000
20110712,10.17,10.19,9.92,9.92,829700
20110713,9.89,10.14,9.89,10.14,1585800
20110714,10.14,10.28,9.98,10.15,1123600
20110715,10.1,10.18,10.01,10.11,914700
20110718,10.08,10.22,9.91,10.18,944800
20110719,10.21,10.31,10.07,10.19,548300
20110720,10.19,10.19,9.88,9.88,818900
20110721,9.87,10,9.74,9.92,1173000
20110722,9.95,9.98,9.82,9.89,961300
20110725,9.87,9.94,9.75,9.81,941400
20110726,9.8,9.89,9.76,9.83,560000
20110727,9.82,9.92,9.7,9.92,750000
20110728,9.88,9.91,9.82,9.85,506000
20110729,9.82,10.01,9.77,9.85,1840400
20110801,9.92,9.92,9.73,9.85,666200
20110802,9.86,9.86,9.7,9.73,807900
20110803,9.73,9.73,9.41,9.72,1247300
20110804,9.48,9.54,9.07,9.45,1262700
20110805,9.42,9.6,8.83,9.36,2041200
20110808,9.3,9.3,8.52,8.72,2060700
20110809,8.84,9.16,8.72,9.08,1337700
20110810,9.05,9.21,8.88,9.15,947500
20110811,9.19,9.3,8.85,8.96,1493600
20110812,8.96,9.13,8.87,9.06,937000
20110815,9.1,9.26,9.04,9.21,1664400
20110816,9.06,9.33,8.93,9.21,2104300
20110817,9.21,9.43,9.1,9.3,2801200
20110818,9.08,9.37,9.06,9.37,1668900
20110819,9.27,9.62,9.15,9.58,1164800
20110822,9.61,9.7,9.43,9.66,1295400
20110823,9.66,9.89,9.39,9.72,1163800
20110824,9.79,9.96,9.56,9.74,1501800
20110825,9.71,9.93,9.53,9.66,1260500
20110826,9.62,9.89,9.48,9.81,1432300
20110829,9.98,10.17,9.83,9.92,1162800
20110830,9.92,10.08,9.89,10.03,1217200
20110831,10.1,10.41,9.91,10.41,2529600
20110901,10.46,10.94,10.46,10.88,1729900
20110902,10.73,10.84,10.56,10.68,1854700
20110905,10.44,10.5,10.26,10.5,760600
20110906,10.5,10.72,10.41,10.45,1298400
20110908,10.55,10.55,10.27,10.47,1253300
20110909,10.4,10.53,10.08,10.45,718000
20110912,10.23,10.44,9.98,10.33,622900
20110913,10.34,10.44,10.06,10.18,1182700
20110914,10.32,10.35,10.15,10.22,2149800
20110915,10.22,10.24,10.07,10.19,946000
20110916,10.14,10.4,10.14,10.3,1506400
20110919,10.3,10.49,10.13,10.21,1011400
20110920,10.21,10.32,10.14,10.23,820400
20110921,10.26,10.59,10.14,10.53,1769600
20110922,10.26,10.57,10.07,10.34,2579200
20110923,10.25,10.38,10.14,10.26,2159300
20110926,10.32,10.32,10.04,10.19,696600
20110927,10.24,10.49,10.21,10.24,1192200
20110928,10.24,10.39,10.17,10.27,1198600
20110929,10.32,10.47,10.14,10.33,1917000
20110930,10.33,10.45,10.18,10.41,1679700
20111003,10.3,10.44,10.2,10.26,1361700
20111004,10.22,10.24,9.86,10.1,1861500
20111005,10.09,10.2,9.79,9.89,1360200
20111006,9.96,10.06,9.7,9.81,1920700
20111007,9.92,10.11,9.77,10.07,2660100
20111010,10.15,10.18,10,10.16,903600
20111011,10.15,10.15,9.97,10.09,1350000
20111013,10.1,10.13,9.78,9.9,1361900
20111014,9.93,10.16,9.75,10.16,2152800
20111017,10.08,10.08,9.83,9.9,1230000
20111018,9.9,10.14,9.86,10.14,987400
20111019,10.13,10.14,9.98,10.07,755700
20111020,10.07,10.18,9.83,9.89,1070500
20111021,9.92,10.08,9.9,10.05,582700
20111024,10.1,10.24,10.04,10.14,1051900
20111025,10.14,10.17,9.86,9.91,972700
20111026,9.92,10.04,9.57,9.73,2570100
20111027,9.81,9.91,9.54,9.81,3123600
20111028,9.81,10.01,9.68,10.01,1094000
20111031,9.99,9.99,9.58,9.81,2578500
20111101,9.58,9.84,9.49,9.76,1162400
20111103,9.77,10.02,9.66,9.88,1460600
20111104,9.87,9.87,9.64,9.8,1505300
20111107,9.75,9.98,9.75,9.95,859100
20111108,9.95,10.07,9.86,10.07,967100
20111109,10.08,10.11,9.85,9.94,1808200
20111110,9.99,10.14,9.92,10.14,1253700
20111111,10.13,10.17,9.98,10.17,1138100
20111114,10.07,10.21,10.03,10.21,446100
20111116,10.19,10.22,10.04,10.15,627000
20111117,10.08,10.19,9.84,10,1848600
20111118,10,10.23,9.93,10.06,2098400
20111121,9.96,10.08,9.9,9.97,1874300
20111122,9.97,10.06,9.81,10.06,1434400
20111123,9.98,10.05,9.89,9.93,1457400
20111124,9.96,10.14,9.84,10.04,513700
20111125,10,10.23,9.99,10.23,775900
20111128,10.23,10.36,9.87,9.96,3559500
20111129,9.97,9.97,9.66,9.91,2059700
20111130,9.91,10.24,9.86,10.24,2130600
20111201,10.23,10.3,10.01,10.15,1108000
20111202,10.18,10.21,10.04,10.07,1321800
20111205,10.06,10.17,9.78,9.87,2540600
20111206,9.88,10.09,9.76,10,1863100
20111207,9.99,10.07,9.85,9.88,2512700
20111208,9.88,10.03,9.78,9.86,1740200
20111209,9.87,9.95,9.78,9.95,1647300
20111212,9.94,9.94,9.72,9.78,732900
20111213,9.81,9.84,9.61,9.77,1750000
20111214,9.77,9.78,9.47,9.47,1417900
20111215,9.52,9.71,9.38,9.71,958600
20111216,9.71,10.11,9.71,10.11,1308400
20111219,10.04,10.13,9.95,10.04,1051200
20111220,10.13,10.17,10.02,10.17,1242300
20111221,10.14,10.22,10.02,10.22,568200
20111222,10.22,10.29,10.12,10.24,807000
20111223,10.29,10.3,10.11,10.29,611100
20111226,10.2,10.29,10.18,10.2,323500
20111227,10.24,10.34,10.14,10.31,636100
20111228,10.31,10.37,10.18,10.31,627700
20111229,10.37,10.73,10.23,10.73,1644100
20120102,10.65,10.65,10.32,10.32,907500
20120103,10.39,10.45,10.23,10.31,1099800
20120104,10.29,10.33,10.13,10.16,1424400
20120105,10.16,10.21,9.93,10.01,1197900
20120106,10.07,10.19,9.83,9.83,736600
20120109,9.88,10.22,9.88,10.13,971000
20120110,10.22,10.38,10.08,10.21,958200
20120111,10.22,10.25,10.1,10.11,993400
20120112,10.12,10.25,9.81,9.83,1854400
20120113,9.88,9.91,9.64,9.78,1178700
20120116,9.8,9.98,9.7,9.81,663600
20120117,9.94,9.95,9.77,9.84,1537600
20120118,9.47,9.53,9.24,9.33,6713900
20120119,9.42,9.57,9.33,9.45,3503800
20120120,9.45,9.69,9.35,9.69,2135700
20120123,9.68,9.81,9.59,9.69,1823700
20120124,9.63,9.67,9.5,9.53,2252400
20120126,9.57,9.63,9.54,9.58,1231300
20120127,9.61,9.62,9.54,9.58,1826300
20120130,9.6,9.61,9.54,9.59,1571000
20120131,9.59,9.78,9.4,9.46,2118700
20120201,9.5,9.76,9.48,9.69,2102300
20120202,9.68,10.06,9.68,9.92,3260600
20120203,9.92,9.99,9.65,9.73,2360100
20120206,9.61,10.36,9.61,10.31,4763400
20120207,10.36,10.66,10.24,10.48,2837900
20120208,10.41,10.72,10.37,10.44,2027500
20120209,10.45,10.48,10.19,10.44,1564500
20120210,10.35,10.63,10.27,10.51,1560400
20120213,10.57,10.68,10.48,10.58,634900
20120214,10.58,10.7,10.48,10.56,657700
20120215,10.56,11.13,10.56,11.11,1596000
20120216,10.9,11.2,10.63,11.18,1752800
20120217,11.22,11.36,10.94,11.29,1717200
20120222,11.29,11.84,11.09,11.15,830100
20120223,11.14,11.14,10.71,10.74,1427700
20120224,10.77,10.81,10.62,10.76,1408800
20120227,10.7,10.9,10.62,10.68,1748500
20120228,10.74,10.95,10.7,10.77,1819400
20120229,10.81,10.97,10.64,10.65,1697400
20120301,10.7,11.08,10.7,11.08,1225000
20120302,11.08,11.48,11.08,11.25,2832400
20120305,11.27,11.5,11.01,11.23,2462200
20120306,11.16,11.42,11.02,11.42,2040600
20120307,11.48,11.77,11.44,11.7,1740200
20120308,11.79,12.15,11.73,12.14,2277500
20120309,12.08,12.08,11.77,11.95,1125500
20120312,11.85,11.9,11.58,11.86,1108100
20120313,11.95,12.15,11.85,12.15,1162200
20120314,12.15,12.26,12.07,12.08,1287800
20120315,12.06,12.31,11.93,12.12,756600
20120316,12.23,12.27,11.93,11.94,913200
20120319,11.95,12.19,11.84,11.95,830800
20120320,11.88,12.26,11.66,12.26,1175200
20120321,12.3,12.6,12.11,12.6,779600
20120322,12.48,12.55,12.18,12.55,2083500
20120323,12.6,12.6,12.12,12.23,1251300
20120326,12.25,12.5,11.94,12.5,998900
20120327,12.36,12.57,12.12,12.46,1813000
20120328,12.46,12.53,12.25,12.44,1189100
20120329,12.31,12.4,12.09,12.32,668300
20120330,12.38,12.55,12.18,12.34,1170900
20120402,12.43,12.8,12.31,12.66,1396600
20120403,12.74,12.84,12.65,12.68,349700
20120404,12.66,13.14,12.52,12.82,1496500
20120405,12.95,13.02,12.69,12.85,881300
20120409,12.76,12.84,12.41,12.55,450900
20120410,12.47,12.72,12.34,12.46,1063400
20120411,12.54,12.6,12.34,12.41,964900
20120412,12.57,12.57,12.16,12.43,1150200
20120413,12.43,12.59,12.26,12.43,550300
20120416,12.54,12.73,12.46,12.64,383000
20120417,12.72,13.04,12.66,12.82,494700
20120418,12.85,12.95,12.41,12.69,1280900
20120419,12.67,12.81,12.38,12.38,868700
20120420,12.41,12.72,12.33,12.58,1136600
20120423,12.49,12.57,12.3,12.54,876200
20120424,12.45,12.54,12.3,12.35,649700
20120425,12.43,12.49,12.3,12.36,604700
20120426,12.31,12.61,12.16,12.61,977100
20120427,12.54,12.67,12.4,12.41,619500
20120430,12.47,12.48,12.12,12.3,960600
20120502,12.33,12.6,12.11,12.6,1830500
20120503,12.55,12.68,12.39,12.53,865800
20120504,12.47,12.91,12.4,12.86,1298000
20120507,12.78,13.15,12.42,13.15,1420200
20120508,13.27,13.27,12.56,12.77,1721200
20120509,12.68,12.8,12.45,12.45,567500
20120510,12.5,12.67,12.47,12.54,691900
20120511,12.47,12.54,12.28,12.41,1068200
20120514,12.33,12.36,11.94,12.22,1350700
20120515,12.2,12.52,12.2,12.41,927500
20120516,12.47,12.62,12.11,12.34,1023800
20120517,12.33,12.54,12.19,12.3,1282800
20120518,12.53,12.53,11.91,12.07,1316500
20120521,12.16,12.67,12.04,12.55,943500
20120522,12.51,12.51,11.96,11.96,2175200
20120523,11.91,11.95,11.45,11.81,1970800
20120524,11.91,11.91,11.36,11.36,915700
20120525,11.35,11.75,11.35,11.6,771800
20120528,11.7,12.08,11.7,12.03,723700
20120529,12.03,12.26,11.8,12.07,1186600
20120530,11.9,12.22,11.7,12.16,1571200
20120531,12.16,12.49,11.95,12.49,2918900
20120601,12.3,12.49,12.1,12.43,1700000
20120604,12.39,12.57,12.3,12.46,1022600
20120605,12.47,12.47,12.17,12.33,782100
20120606,12.36,12.77,12.29,12.76,1239400
20120608,12.85,12.86,12.48,12.54,876100
20120611,12.64,12.72,12.29,12.3,1061800
20120612,12.42,12.53,12.19,12.4,1625600
20120613,12.52,12.53,12.29,12.3,1348700
20120614,12.3,12.5,12.17,12.42,2737000
20120615,12.47,12.53,12.3,12.34,1934400
20120618,12.26,12.75,12.26,12.67,2485700
20120619,12.67,12.84,12.62,12.77,1742800
20120620,12.84,12.84,12.42,12.61,1592600
20120621,12.66,12.71,12.32,12.71,1439200
20120622,12.64,12.83,12.46,12.57,1223700
20120625,12.57,12.76,12.34,12.76,662000
20120626,12.76,12.76,12.43,12.47,925500
20120627,12.48,12.68,12.25,12.43,1928400
20120628,12.45,12.55,12.33,12.55,480900
20120629,12.57,12.67,12.3,12.51,2664100
20120702,12.5,12.84,12.44,12.69,828800
20120703,12.69,12.83,12.54,12.77,679400
20120704,12.76,12.76,12.47,12.54,1172500
20120705,12.61,12.81,12.48,12.77,1188700
20120706,12.67,12.69,12.21,12.42,2020300
20120710,12.47,12.65,12.09,12.26,1097300
20120711,12.35,12.38,12.05,12.16,1768400
20120712,12.1,12.16,11.92,12.03,1432200
20120713,12.04,12.13,11.92,11.99,795100
20120716,11.99,12.17,11.88,12.13,351800
20120717,12.18,12.2,11.99,12.18,480500
20120718,12.16,12.28,12.09,12.23,806500
20120719,12.2,12.42,12.19,12.42,977100
20120720,12.3,12.38,12.13,12.34,823400
20120723,12.26,12.57,12.13,12.53,1031700
20120724,12.43,12.46,12.33,12.42,727100
20120725,12.42,12.53,12.36,12.49,1069100
20120726,12.56,13.02,12.56,12.95,1642500
20120727,12.95,13.07,12.73,12.88,2177200
20120730,12.81,12.98,12.71,12.88,1469700
20120731,12.91,13.1,12.7,12.84,2046500
20120801,12.73,13.2,12.52,12.93,2055500
20120802,12.8,13.15,12.8,13.11,1176600
20120803,13.15,13.46,13.1,13.23,1761000
20120806,13.23,13.47,12.98,13.08,1166900
20120807,13.08,13.15,12.81,13.03,1225400
20120808,12.86,12.99,12.37,12.84,5201400
20120809,12.8,12.89,12.39,12.61,1762600
20120810,12.55,12.86,12.24,12.86,4986600
20120813,12.83,13.26,12.83,13.22,2260200
20120814,13.21,13.4,13.08,13.37,1372400
20120815,13.31,13.32,12.91,13.19,1575100
20120816,13.21,13.21,12.9,13.08,1648300
20120817,13.1,13.1,12.63,12.77,2281600
20120820,12.86,12.86,12.55,12.65,1025300
20120821,12.78,12.92,12.57,12.71,814800
20120822,12.73,12.77,12.57,12.61,647800
20120823,12.61,12.82,12.55,12.82,1682000
20120824,12.73,12.76,12.61,12.64,779500
20120827,12.63,12.77,12.63,12.64,818800
20120828,12.6,12.71,12.47,12.5,1245300
20120829,12.51,12.74,12.4,12.74,1521100
20120830,12.64,12.71,12.47,12.62,1090100
20120831,12.63,13.04,12.6,13.04,1316100
20120903,12.96,13.01,12.78,13,1589800
20120904,12.98,13.01,12.81,13,1276500
20120905,13.03,13.12,12.85,13.02,819200
20120906,13.09,13.32,13.09,13.32,806700
20120910,13.32,13.56,13.21,13.32,1772400
20120911,13.27,13.48,13.26,13.34,2538600
20120912,13.61,13.61,12.61,12.84,6176700
20120913,12.88,13.04,12.72,12.88,2218000
20120914,12.95,13.12,12.64,12.84,1727300
20120917,12.84,13.22,12.84,13.21,846200
20120918,13.31,13.44,13.21,13.35,1185300
20120919,13.32,13.44,13.27,13.29,1447700
20120920,13.36,13.36,13.16,13.31,743900
20120921,13.41,13.51,13.18,13.38,1027700
20120924,13.43,13.43,13.16,13.19,862500
20120925,13.19,13.36,13.14,13.23,700100
20120926,13.13,13.25,12.89,13.04,1673600
20120927,13.04,13.39,13.04,13.35,835500
20120928,13.23,13.66,13.23,13.66,2375200
20121001,13.66,13.84,13.61,13.74,1247400
20121002,13.82,13.82,13.67,13.74,623700
20121003,13.81,13.91,13.68,13.91,712200
20121004,13.8,14.08,13.8,14.01,2189400
20121005,14.15,14.15,13.91,14.04,1217600
20121008,14.18,14.18,13.79,13.93,1496500
20121009,13.97,14.01,13.81,14.01,652600
20121010,13.93,14.21,13.9,14.03,776200
20121011,13.99,14.04,13.87,14,940400
20121015,14.08,14.12,13.82,14.04,1571800
20121016,14.15,14.16,13.86,13.93,1599300
20121017,13.92,13.92,13.28,13.46,4972300
20121018,13.27,13.48,13.26,13.39,2653200
20121019,13.45,13.6,13.36,13.43,1867000
20121022,13.46,13.53,13.41,13.43,1098200
20121023,13.43,13.52,13.34,13.39,1124500
20121024,13.43,13.63,13.39,13.56,2091300
20121025,13.62,13.7,13.5,13.62,979000
20121026,13.48,13.61,13.43,13.54,957900
20121029,13.64,13.64,13.52,13.62,542600
20121030,13.69,13.8,13.54,13.66,572500
20121031,13.71,13.77,13.66,13.73,1464100
20121101,13.69,13.74,13.47,13.62,1052200
20121105,13.62,13.84,13.58,13.81,825300
20121106,13.75,13.89,13.63,13.89,1011500
20121107,13.87,13.94,13.77,13.9,1647200
20121108,13.81,13.97,13.81,13.85,1129400
20121109,13.96,13.97,13.74,13.95,920900
20121112,13.94,13.94,13.8,13.91,757500
20121113,13.95,14.06,13.73,13.86,794800
20121114,13.93,14.02,13.68,13.82,552100
20121116,13.95,13.96,13.61,13.87,715600
20121119,14.03,14.03,13.77,13.81,762400
20121121,13.95,13.98,13.62,13.7,1668000
20121122,13.8,13.84,13.73,13.82,1036500
20121123,13.76,14.09,13.75,14.09,735600
20121126,14.02,14.06,13.7,13.78,1497300
20121127,13.78,13.85,13.65,13.74,1034300
20121128,13.65,13.75,13.49,13.49,2946900
20121129,13.58,13.62,13.36,13.43,963700
20121130,13.58,13.61,13.07,13.4,2074400
20121203,13.35,13.35,13.14,13.23,1045800
20121204,13.34,13.42,13.16,13.27,1398300
20121205,13.3,13.41,12.98,13.17,909300
20121206,13.06,13.54,12.79,13.47,2266100
20121207,13.36,13.58,13.36,13.45,1019700
20121210,13.43,13.47,13.25,13.43,899100
20121211,13.54,13.54,13.16,13.25,2131500
20121212,13.35,13.35,13.14,13.27,1032900
20121213,13.23,13.25,12.97,13.07,859800
20121214,13.14,13.14,12.88,12.96,794800
20121217,13.02,13.02,12.81,13.02,994900
20121218,13.11,13.22,12.97,13.09,1637400
20121219,12.99,13.27,12.96,13.27,711800
20121220,13.11,13.19,13.11,13.19,1005000
20121221,13.15,13.2,13.07,13.2,722300
20121226,13.14,13.25,13.13,13.2,460800
20121227,13.21,13.47,13.18,13.44,349300
20121228,13.4,13.74,13.4,13.58,1090600
20130102,13.64,13.7,13.54,13.65,1001700
20130103,13.68,13.78,13.54,13.78,908300
20130104,13.66,14.03,13.65,14.03,622700
20130107,13.83,13.92,13.65,13.68,1073500
20130108,13.67,13.73,13.57,13.68,1022100
20130109,13.75,13.84,13.4,13.43,843800
20130110,13.48,13.54,13.3,13.36,2167400
20130111,13.42,14.21,13.41,14.13,1841000
20130114,13.99,14.25,13.83,13.9,863200
20130115,13.93,14.13,13.8,14.13,509200
20130116,14.04,14.13,13.95,14.13,799200
20130117,14.13,14.2,13.91,13.91,911300
20130118,13.98,13.98,13.35,13.65,3750300
20130121,13.69,13.8,13.32,13.41,1626000
20130122,13.42,13.8,13.41,13.75,1640100
20130123,13.8,13.91,13.69,13.9,1066500
20130124,13.87,13.98,13.69,13.71,1459900
20130128,13.85,13.85,13.43,13.53,1140700
20130129,13.49,13.59,13.37,13.46,874700
20130130,13.53,13.8,13.39,13.8,3940600
20130131,13.69,14.04,13.69,13.84,1318000
20130201,13.92,14.02,13.83,13.98,1571500
20130204,13.87,14.21,13.87,14.17,1727000
20130205,14.06,14.06,13.71,13.91,1724000
20130206,14,14.18,13.95,14.13,1033600
20130207,14.2,14.2,13.88,14.08,996500
20130208,14.13,14.16,13.84,13.89,997600
20130213,13.98,14.17,13.98,14.05,668900
20130214,14.12,14.2,13.98,14.13,615600
20130215,14.13,14.13,13.73,13.9,1283200
20130218,13.92,13.95,13.69,13.9,679900
20130219,13.82,14.03,13.64,13.66,814600
20130220,13.76,13.76,13.43,13.58,816600
20130221,13.62,13.68,13.29,13.36,1272800
20130222,13.35,13.48,13.05,13.29,1356800
20130225,13.34,13.55,13.18,13.41,1063700
20130226,13.5,13.62,13.35,13.42,1063100
20130227,13.47,13.57,13.29,13.42,1424400
20130228,13.41,13.52,13.34,13.48,1230500
20130301,13.42,13.54,13.2,13.51,820100
20130304,13.38,13.54,13.32,13.54,781000
20130305,13.47,13.65,13.4,13.46,905400
20130306,13.53,13.53,13.1,13.27,2042400
20130307,13.33,13.36,13.12,13.12,1069000
20130308,13.14,13.43,13.07,13.38,2051100
20130311,13.25,13.52,13.25,13.41,776600
20130312,13.34,13.48,13.21,13.36,586100
20130313,13.29,13.41,13.16,13.29,1284400
20130314,13.25,13.35,13.2,13.29,986100
20130315,13.36,13.41,13.15,13.23,616100
20130318,13.22,13.34,12.91,13.27,662600
20130319,13.2,13.46,13.2,13.31,1142200
20130320,13.42,13.42,13.2,13.27,546200
20130321,13.25,13.32,13.13,13.28,1076400
20130322,13.21,13.32,13.02,13.19,7151000
20130325,13.32,13.43,13.13,13.35,720600
20130326,13.35,13.52,13.21,13.43,759200
20130327,13.47,13.49,13.32,13.47,500100
20130328,13.48,13.67,13.4,13.65,1412000
20130401,13.67,13.67,13.44,13.58,821500
20130402,13.66,13.76,13.62,13.7,1294400
20130403,13.67,13.69,13.44,13.57,1227000
20130404,13.62,13.62,13.21,13.32,956600
20130405,13.33,13.33,13.03,13.25,1364500
20130408,13.23,13.43,13.19,13.43,997600
20130409,13.23,13.49,13.17,13.43,1773400
20130410,13.43,13.55,13.32,13.42,1232800
20130411,13.49,13.49,13.23,13.31,870100
20130412,13.31,13.34,13.06,13.23,2020300
20130415,13.22,13.31,12.91,12.91,1184800
20130416,12.96,13.22,12.93,13.21,1123800
20130417,13.1,13.31,12.89,13.25,1976500
20130418,13.21,13.43,13.18,13.43,1800800
20130419,13.33,13.7,13.33,13.66,1259100
20130422,13.54,13.7,13.52,13.65,995900
20130423,13.7,13.78,13.53,13.74,5487100
20130424,13.65,13.95,13.65,13.92,2664200
20130425,13.98,13.98,13.7,13.86,2342800
20130426,13.96,13.96,13.4,13.58,1783000
20130429,13.72,13.72,13.35,13.47,1803300
20130430,13.47,13.75,13.36,13.75,2015900
20130502,13.62,13.95,13.59,13.77,1798100
20130503,13.77,13.84,13.52,13.65,1790700
20130506,13.69,13.69,13.4,13.48,1567500
20130507,13.54,13.82,13.46,13.78,1871800
20130508,13.68,14.02,13.67,13.98,1538400
20130509,13.87,14.09,13.7,13.77,882500
20130510,13.82,14.01,13.71,13.87,1072800
20130513,13.76,13.98,13.65,13.76,1084000
20130514,13.84,13.92,13.67,13.88,974900
20130515,13.76,13.98,13.74,13.88,974900
20130516,13.91,13.95,13.51,13.75,1417500
20130517,13.75,13.9,13.56,13.7,2228300
20130520,13.72,13.8,13.57,13.73,1140500
20130521,13.82,13.82,13.62,13.74,1082900
20130522,13.73,13.82,13.62,13.64,1734400
20130523,13.62,13.7,13.43,13.58,1002000
20130524,13.6,13.68,13.29,13.68,2081600
20130527,13.58,13.7,13.43,13.51,816900
20130528,13.58,13.73,13.45,13.49,1904800
20130529,13.62,13.69,13.33,13.42,1169400
20130531,13.42,13.67,13.08,13.67,3596900
20130603,13.58,13.59,13.25,13.54,1563900
20130604,13.49,13.69,13.38,13.59,7607300
20130605,13.57,13.71,13.41,13.58,1746600
20130606,13.62,13.67,13.39,13.46,2468600
20130607,13.43,13.64,13.2,13.29,1952800
20130610,13.29,13.4,13.04,13.33,1550400
20130611,13.23,13.29,12.98,13.17,1898200
20130612,13.2,13.21,12.89,12.89,2726900
20130613,12.99,13.21,12.91,13.16,1289800
20130614,13.05,13.21,13.04,13.11,11321900
20130617,13.23,13.45,13.05,13.31,982700
20130618,13.18,13.31,13.11,13.16,1074200
20130619,13.26,13.3,12.77,12.91,11245600
20130620,12.46,12.87,12.34,12.66,1920000
20130621,12.77,12.77,11.96,12.02,29381500
20130624,11.49,12.01,11.18,11.7,3828200
20130625,11.69,12.19,10.97,11.9,2510600
20130626,11.94,12.19,11.81,12.14,2152000
20130627,12.1,12.37,12.04,12.34,1649600
20130628,12.19,12.64,12.19,12.63,1739300
20130701,12.58,12.58,12.29,12.38,1232500
20130702,12.42,12.47,11.85,11.95,1677900
20130703,11.83,12.01,11.62,11.98,10229800
20130704,12.06,12.32,11.91,12.02,799300
20130705,12.09,12.33,11.75,12.22,1105500
20130708,12.09,12.41,12.06,12.1,681900
20130710,12.26,12.26,11.95,12.02,874200
20130711,12.14,12.25,12.03,12.22,526300
20130712,12.09,12.32,12.03,12.06,1127700
20130715,12.2,12.29,12.05,12.24,1108500
20130716,12.33,12.38,12.16,12.17,922200
20130717,12.23,12.29,12.12,12.19,819000
20130718,12.14,12.34,12.07,12.34,1019700
20130719,12.45,12.5,12.16,12.26,1143600
20130722,12.31,12.65,12.18,12.5,1488200
20130723,12.5,12.77,12.5,12.66,1986900
20130724,12.66,12.87,12.53,12.83,2156200
20130725,12.81,13.13,12.7,13,1377400
20130726,13.06,13.1,12.79,12.91,816400
20130729,12.85,13.03,12.7,12.95,1121600
20130730,13.02,13.02,12.7,12.83,1134000
20130731,12.87,13.04,12.68,12.95,563400
20130801,12.88,13.14,12.83,13.14,1505600
20130802,13.16,13.16,12.92,12.95,741500
20130805,13.02,13.04,12.91,12.99,853200
20130806,12.99,12.99,12.8,12.87,388100
20130807,12.86,12.95,12.57,12.61,1823200
20130808,12.67,12.8,12.58,12.77,684000
20130809,12.77,12.96,12.77,12.83,1503300
20130812,12.83,12.87,12.53,12.63,1015200
20130813,12.74,12.74,12.5,12.5,1239200
20130814,12.5,12.6,12.24,12.42,1452900
20130815,12.33,12.64,12.22,12.41,1178700
20130816,12.32,12.6,12.22,12.31,929200
20130819,12.22,12.55,12.12,12.41,855400
20130820,12.38,12.52,11.94,12.08,1374100
20130821,12.12,12.4,11.98,12.12,1597100
20130822,12.18,12.23,11.98,12.16,896100
20130823,12.18,12.3,11.97,12.22,1526900
20130826,12.29,12.41,12.08,12.25,675200
20130827,12.12,12.33,12.04,12.23,953600
20130828,12.16,12.33,12.09,12.21,617100
20130829,12.22,12.37,12.16,12.3,932800
20130830,12.3,12.41,12.19,12.34,1138500
20130902,12.35,12.52,12.16,12.39,671300
20130903,12.39,12.49,12.07,12.18,1004900
20130904,12.2,12.24,12.1,12.14,995000
20130905,12.2,12.36,12.08,12.31,946700
20130906,12.24,12.45,12.14,12.45,932900
20130909,12.38,12.83,12.29,12.74,1800700
20130910,12.71,12.75,12.37,12.38,2320800
20130911,12.41,12.53,12.31,12.45,1671700
20130912,12.53,12.61,12.37,12.45,1588800
20130913,12.37,12.53,12.2,12.49,1510000
20130916,12.56,12.66,12.41,12.49,675900
20130917,12.56,12.59,12.4,12.58,743000
20130918,12.49,12.99,12.49,12.91,1944200
20130919,12.82,12.95,12.63,12.91,1298600
20130920,12.83,12.93,12.5,12.5,1432300
20130923,12.62,12.72,12.45,12.7,2488600
20130924,12.62,12.7,12.52,12.62,946000
20130925,12.68,12.72,12.48,12.65,697100
20130926,12.65,12.68,12.49,12.59,1631200
20130927,12.59,12.67,12.51,12.65,1287900
20130930,12.58,12.69,12.23,12.23,1815700
20131001,12.29,12.57,12.24,12.51,1769300
20131002,12.39,12.66,12.39,12.5,1111500
20131003,12.5,12.62,12.4,12.54,1165700
20131004,12.54,12.7,12.42,12.5,2002200
20131007,12.54,12.58,12.38,12.58,928700
20131008,12.54,12.67,12.45,12.65,1378200
20131009,12.65,12.75,12.42,12.58,1405600
20131010,12.79,12.79,12.51,12.61,1829100
20131011,12.66,12.79,12.46,12.65,1672000
20131014,12.7,12.7,12.53,12.64,1076400
20131015,12.72,12.72,12.4,12.58,2204900
20131016,12.63,12.73,12.5,12.66,758000
20131017,12.58,12.66,12.5,12.56,1236200
20131018,12.55,12.83,12.49,12.83,784600
20131021,12.75,12.87,12.63,12.87,1171600
20131022,12.88,13.01,12.75,13.01,1327400
20131023,12.95,13.01,12.79,12.83,1006500
20131024,12.93,12.93,12.46,12.62,2182000
20131025,12.66,12.68,12.47,12.58,2693800
20131028,12.62,12.63,12.5,12.58,630300
20131029,12.62,12.67,12.34,12.45,925000
20131030,12.51,12.51,12.29,12.44,661800
20131031,12.44,12.44,12.24,12.26,1310300
20131101,12.29,12.29,11.85,11.9,2105900
20131104,11.97,12.12,11.92,12.04,1077600
20131105,12.01,12.12,11.71,11.75,1776000
20131106,11.62,11.7,11.29,11.49,2810300
20131107,11.56,11.7,11.29,11.46,2113400
20131108,11.41,11.62,11.33,11.45,1805300
20131111,11.45,11.69,11.4,11.57,1068900
20131112,11.68,11.78,11.4,11.53,1186000
20131113,11.46,11.49,11.18,11.48,1062600
20131114,11.54,11.71,11.46,11.55,4407200
20131118,11.59,11.88,11.55,11.79,859300
20131119,11.75,11.86,11.4,11.56,1669200
20131121,11.5,11.54,11.31,11.49,1125700
20131122,11.49,12.21,11.2,11.75,4711300
20131125,11.68,11.96,11.67,11.82,1471200
20131126,11.76,11.94,11.72,11.87,1500400
20131127,11.93,12.16,11.79,12.08,1499600
20131128,12.13,12.15,11.97,12.15,716500
20131129,12.13,12.16,11.93,12.16,1264300
20131202,12.16,12.16,11.87,11.99,1586000
20131203,12.06,12.06,11.58,11.81,1058200
20131204,11.91,11.97,11.64,11.64,636400
20131205,11.64,11.74,11.54,11.64,746800
20131206,11.73,11.77,11.54,11.58,660000
20131209,11.66,11.9,11.43,11.9,1210300
20131210,11.93,11.94,11.71,11.71,861900
20131211,11.66,11.82,11.62,11.66,868100
20131212,11.75,11.84,11.59,11.73,1197100
20131213,11.63,11.8,11.58,11.71,884200
20131216,11.62,11.77,11.58,11.64,1052200
20131217,11.56,11.96,11.56,11.93,1661400
20131218,11.93,12.05,11.7,11.85,865700
20131219,11.85,11.92,11.65,11.91,637800
20131220,11.91,11.98,11.67,11.73,627300
20131223,11.73,11.89,11.72,11.88,511700
20131226,11.88,12.02,11.81,11.83,407600
20131227,11.92,12.18,11.91,12.09,521200
20131230,12.09,12.3,12.09,12.21,597100
20140102,12.21,12.53,11.99,12.12,1910800
20140103,12.16,12.18,11.72,11.72,4906900
20140106,11.69,11.8,11.36,11.4,1554900
20140107,11.35,11.57,11.28,11.35,1024500
20140108,11.33,11.49,11.25,11.39,1061700
20140109,11.3,11.35,10.88,11,1551100
20140110,10.97,11.03,10.72,10.98,2237600
20140113,10.99,11.12,10.81,10.9,1481000
20140114,10.93,10.96,10.78,10.92,1023000
20140115,11.01,11.02,10.84,11.02,979800
20140116,11,11.13,10.83,11.06,982500
20140117,11.08,11.09,10.87,10.91,690600
20140120,10.83,10.98,10.77,10.93,596800
20140121,10.93,10.97,10.74,10.81,1247600
20140122,10.88,11.07,10.8,10.97,886900
20140123,10.89,11.13,10.72,10.82,1363700
20140124,10.74,10.83,10.45,10.61,1114500
20140127,10.61,10.73,10.47,10.53,830500
20140128,10.67,10.76,10.43,10.43,1131400
20140129,10.37,10.61,10.31,10.31,1322500
20140130,10.31,10.4,10.06,10.1,997900
20140131,10.01,10.19,9.95,10.15,1038300
20140203,10.15,10.16,9.8,9.87,1268300
20140204,9.91,10.07,9.72,9.98,1168300
20140205,10.07,10.07,9.44,9.65,1414100
20140206,9.7,9.91,9.54,9.8,896800
20140207,9.86,10.05,9.65,9.98,1831400
20140210,9.93,10.1,9.7,9.82,761000
20140211,9.9,9.95,9.78,9.92,1238400
20140212,9.88,10.05,9.84,9.94,1361600
20140213,9.94,9.94,9.69,9.9,1038700
20140214,9.96,10.23,9.96,10.23,1676100
20140217,10.21,10.35,10.07,10.32,1240500
20140218,10.26,10.31,9.91,10.07,1162600
20140219,9.99,10.05,9.65,9.98,1206100
20140220,10.01,10.34,9.86,10.21,1133400
20140221,10.17,10.33,10.04,10.26,751800
20140224,10.27,10.27,9.98,10.04,1079600
20140225,9.96,10.24,9.96,10.24,815100
20140226,10.33,10.61,10.17,10.26,1136900
20140227,10.37,10.64,10.29,10.6,1255000
20140228,10.68,10.76,10.08,10.19,2318000
20140305,10.12,10.48,10.07,10.4,1091300
20140306,10.4,10.82,10.34,10.82,3692600
20140307,10.72,10.84,10.48,10.56,1428600
20140310,10.52,10.52,10.14,10.3,1107400
20140311,10.37,10.95,10.3,10.77,2456900
20140312,10.71,10.83,10.6,10.77,1234000
20140313,10.84,10.88,10.54,10.71,1026100
20140314,10.63,10.7,10.55,10.61,873600
20140317,10.69,10.77,10.59,10.74,874300
20140318,10.67,10.88,10.64,10.73,2755600
20140319,10.59,10.63,10.31,10.49,3255300
20140320,10.4,10.64,10.25,10.56,1738700
20140321,10.46,10.93,10.46,10.81,2534200
20140324,10.83,10.9,10.59,10.68,2026900
20140325,10.74,10.88,10.59,10.85,742500
20140326,10.91,10.94,10.61,10.91,941900
20140327,11.09,11.35,10.91,11.35,1572900
20140328,11.42,11.54,11.12,11.3,1239900
20140331,11.38,11.4,11.15,11.25,1233200
20140401,11.3,11.3,10.99,11.06,748200
20140402,11.16,11.45,11.08,11.37,1821200
20140403,11.45,11.49,11.16,11.17,2319200
20140404,11.35,11.55,11.06,11.09,976000
20140407,11.36,11.38,11.01,11.1,1347900
20140408,11.32,11.42,11.04,11.22,16803800
20140409,11.16,11.26,11.05,11.21,1443600
20140410,11.21,11.35,11.09,11.35,1585500
20140411,11.34,11.38,11.14,11.34,875400
20140414,11.27,11.47,11.06,11.17,1063700
20140415,11.11,11.25,10.99,11.09,858000
20140416,11.16,11.41,11.09,11.4,1163000
20140417,11.39,11.52,11.22,11.45,1146600
20140422,11.48,11.83,11.34,11.75,1920100
20140423,11.83,11.87,11.59,11.67,1972100
20140424,11.75,11.78,11.57,11.66,1681700
20140425,11.69,11.8,11.59,11.67,1694800
20140428,11.67,11.85,11.64,11.71,1616600
20140429,11.79,11.91,11.65,11.74,981500
20140430,11.68,11.76,11.59,11.75,1353900
20140502,11.74,12.26,11.73,12.07,2602400
20140505,12.16,12.3,11.77,11.92,1285600
20140506,11.89,12.17,11.89,12.11,4711400
20140507,12.11,12.31,11.93,12.18,1689500
20140508,12.17,12.52,12.13,12.24,1262200
20140509,12.39,12.42,12.11,12.26,1143500
20140512,12.33,12.5,12.23,12.3,1175100
20140513,12.24,12.42,12.19,12.19,1207000
20140514,12.23,12.59,12.23,12.43,1833700
20140515,12.42,12.57,12.35,12.46,2260700
20140516,12.51,12.87,12.46,12.57,2129800
20140519,12.58,12.62,12.37,12.55,1233300
20140520,12.54,12.91,12.42,12.44,1424000
20140521,12.46,12.57,12.29,12.57,1534100
20140522,12.57,12.95,12.48,12.48,2107100
20140523,12.48,12.85,12.37,12.44,1520800
20140526,12.53,12.79,12.44,12.77,511300
20140527,12.69,12.76,12.51,12.56,1209500
20140528,12.65,12.86,12.59,12.74,2155900
20140529,12.86,13,12.72,12.76,1883100
20140530,12.76,12.98,12.75,12.8,8178300
20140602,12.95,12.98,12.75,12.79,1047400
20140603,12.79,12.96,12.71,12.87,1334900
20140604,12.87,12.99,12.83,12.99,1705300
20140605,12.95,13.25,12.95,13.08,1393300
20140606,13.3,13.52,13.25,13.3,1581300
20140609,13.3,13.57,13.3,13.45,1454700
20140610,13.49,13.69,13.45,13.58,1641000
20140611,13.7,13.77,13.42,13.49,7131200
20140613,13.57,13.58,13.36,13.47,1116900
20140616,13.46,13.54,13.32,13.41,958200
20140617,13.43,13.58,13.32,13.58,564000
20140618,13.58,13.66,13.42,13.62,1180700
20140620,13.57,13.85,13.54,13.62,1633400
20140623,13.62,13.71,13.32,13.32,447100
20140624,13.33,13.7,13.33,13.58,1302900
20140625,13.57,13.7,13.4,13.44,1696900
20140626,13.47,13.63,13.32,13.48,934900
20140627,13.45,13.48,13.14,13.32,812100
20140630,13.33,13.4,13.21,13.35,2737300
20140701,13.36,13.56,13.2,13.32,690600
20140702,13.38,13.38,13.08,13.32,677300
20140703,13.31,13.44,13.17,13.36,849700
20140704,13.36,13.46,13.32,13.44,152200
20140707,13.4,13.49,13.33,13.35,633900
20140708,13.36,13.55,13.36,13.47,642400
20140710,13.59,13.79,13.4,13.41,1211700
20140711,13.4,13.55,13.4,13.48,773500
20140714,13.52,13.85,13.52,13.85,1073100
20140715,13.85,13.85,13.55,13.58,1455900
20140716,13.54,13.59,13.1,13.1,1647500
20140717,13.01,13.09,12.8,12.83,1808800
20140718,12.94,13.17,12.89,13.01,1709200
20140721,12.99,13.16,12.95,13.1,1515000
20140722,13.13,13.15,12.85,13.01,1703400
20140723,12.92,13.1,12.91,13.06,967100
20140724,12.91,12.98,12.7,12.87,821100
20140725,12.8,12.85,12.52,12.64,1270800
20140728,12.58,12.63,12.37,12.55,462200
20140729,12.61,12.61,12.38,12.47,400400
20140730,12.46,12.55,12.07,12.22,1180800
20140731,12.12,12.12,11.91,12.08,1869000
20140801,12.08,12.2,11.9,12.06,754300
20140804,12.07,12.27,11.97,12.2,805900
20140805,12.2,12.29,12.05,12.22,870400
20140806,12.19,12.51,12.08,12.43,910000
20140807,12.46,12.5,12.23,12.29,852300
20140808,12.2,12.21,11.9,12.05,1176200
20140811,12.24,12.24,11.96,12.14,742000
20140812,12.13,12.27,12.09,12.2,983500
20140813,12.2,12.33,11.96,11.96,1581600
20140814,11.88,12.12,11.77,12.02,547400
20140815,12.11,12.21,12,12.13,564400
20140818,12.18,12.2,12.05,12.12,983100
20140819,12.12,12.43,11.99,12.43,1445800
20140820,12.48,12.66,12.21,12.22,1460700
20140821,12.14,12.37,12.14,12.35,3609000
20140822,12.32,12.38,12.1,12.27,3528400
20140825,12.35,12.48,12.15,12.39,1457900
20140826,12.42,12.5,12.29,12.5,1053300
20140827,12.57,12.79,12.42,12.72,1186000
20140828,12.72,12.73,12.4,12.41,983700
20140829,12.42,12.65,12.34,12.61,1832800
20140901,12.65,12.95,12.58,12.67,1214200
20140902,12.66,12.98,12.61,12.89,1021800
20140903,12.92,13.02,12.7,12.79,711800
20140904,12.75,12.81,12.62,12.7,813200
20140905,12.61,12.62,12.36,12.36,904800
20140908,12.42,12.5,11.82,11.89,1098600
20140909,11.78,11.82,11.46,11.56,1056800
20140910,11.48,11.65,11.26,11.64,1667400
20140911,11.67,11.72,11.4,11.4,1329400
20140912,11.27,11.28,10.83,10.96,2079900
20140915,11.09,11.1,10.76,10.93,1068200
20140916,10.93,11.23,10.92,11,1721800
20140917,11.02,11.3,10.94,10.94,1262200
20140918,10.85,10.91,10.55,10.67,1662700
20140919,10.67,10.89,10.62,10.66,1444800
20140922,10.57,10.6,10.33,10.56,989800
20140923,10.48,10.87,10.4,10.87,1518300
20140924,10.78,11.29,10.63,11.29,2268800
20140925,11.28,11.29,10.89,11.01,1188100
20140926,11.01,11.18,10.72,11.18,1279300
20140929,10.94,10.98,10.45,10.49,1693500
20140930,10.49,10.63,10.48,10.63,1183900
20141001,10.55,10.63,10.16,10.25,1536700
20141002,10.23,10.4,10.03,10.19,1588800
20141003,10.25,10.71,10.18,10.7,1162700
20141006,11,11.52,11,11.17,1910000
20141007,11.45,11.45,10.82,10.87,2214900
20141008,10.87,11.09,10.73,10.77,1249800
20141009,10.86,10.9,10.62,10.7,1099300
20141010,10.57,10.76,10.39,10.45,1001100
20141013,10.63,11,10.57,10.72,1267000
20141014,10.64,11,10.63,10.82,869600
20141015,10.66,10.67,10.2,10.43,1660400
20141016,10.23,10.32,10.06,10.18,1562600
20141017,10.3,10.85,10.3,10.43,3641500
20141020,10.44,10.65,10.42,10.54,1659600
20141021,10.33,10.33,9.79,9.79,1922200
20141022,9.84,9.98,9.67,9.85,787600
20141023,9.8,9.8,9.34,9.52,1758600
20141024,9.51,9.73,9.34,9.51,1344000
20141027,8.94,9.58,8.63,9.55,2817200
20141028,9.54,9.86,9.38,9.63,1862900
20141029,9.61,9.78,9.35,9.35,1972700
20141030,9.58,9.62,9.06,9.38,4258700
20141031,9.44,9.83,9.4,9.77,2236100
20141103,9.77,9.77,9.4,9.51,860200
20141104,9.51,9.6,9.22,9.27,1292800
20141105,9.31,9.34,9.06,9.32,1116300
20141106,9.24,9.31,8.86,8.86,3787000
20141107,8.77,8.92,8.55,8.55,2048900
20141110,8.6,8.68,8.39,8.46,1288400
20141111,8.46,8.5,8.3,8.42,1077200
20141112,8.42,8.68,8.41,8.67,1117300
20141113,8.67,8.78,8.58,8.71,1539800
20141114,8.7,8.75,8.48,8.69,1920100
20141117,8.72,8.9,8.62,8.63,1523700
20141118,8.67,8.75,8.59,8.68,1780500
20141119,8.68,9.27,8.67,9.27,1781300
20141121,9.34,9.82,9.21,9.67,2596300
20141124,9.87,10.03,9.44,9.47,1721900
20141125,9.62,9.86,9.34,9.41,3008700
20141126,9.47,9.75,9.44,9.71,1552600
20141127,9.78,10.15,9.76,10.01,1755700
20141128,10.02,10.18,9.98,10.18,2222500
20141201,10.09,10.11,9.35,9.73,1559400
20141202,9.76,9.79,9.35,9.35,1056600
20141203,9.4,9.44,9.2,9.26,1561100
20141204,9.18,9.32,9.09,9.12,2870300
20141205,9.25,9.3,9.06,9.24,1221800
20141208,9.19,9.28,8.96,9.02,1468100
20141209,8.98,9,8.81,9,2793000
20141210,8.95,9.25,8.92,9.13,676800
20141211,9.13,9.2,8.86,9.09,1073400
20141212,9.01,9.11,8.66,8.79,1900200
20141215,8.72,8.88,8.54,8.61,1171200
20141216,8.53,8.67,8.28,8.38,1558600
20141217,8.33,8.86,8.24,8.76,1728700
20141218,8.78,9.08,8.77,8.89,1316300
20141219,8.82,9.5,8.82,9.5,1944100
20141222,9.5,9.68,9.4,9.52,625100
20141223,9.49,9.81,9.49,9.81,755100
20141226,9.82,10.03,9.72,9.76,622100
20141229,9.65,9.96,9.61,9.96,548200
20141230,9.86,9.98,9.62,9.86,1198000
20150102,9.78,9.98,9.39,9.86,1173600
20150105,9.77,9.77,9.16,9.16,1607400
20150106,9.17,9.33,9.08,9.09,1168500
20150107,9.14,9.76,9.03,9.76,1374800
20150108,9.9,10.08,9.72,9.73,738900
20150109,9.67,9.73,9.49,9.49,755100
20150112,9.38,9.51,9.21,9.32,761700
20150113,9.3,9.46,9.24,9.3,627100
20150114,9.22,9.53,9.13,9.53,1071600
20150115,9.53,9.87,9.45,9.79,1507500
20150116,9.79,10.46,9.79,10.23,1260200
20150119,10.32,10.32,9.96,10.09,933000
20150120,10.16,10.43,10.11,10.2,1274300
20150121,10.33,10.83,10.23,10.5,2507600
20150122,10.54,10.77,10.23,10.41,17494300
20150123,10.45,10.45,10.02,10.08,644900
20150126,9.99,10.03,9.71,9.87,875500
20150127,9.72,10.15,9.58,9.86,1299500
20150128,10.08,10.09,9.67,9.96,961800
20150129,9.81,10.05,9.7,9.99,1348700
20150130,9.82,9.87,9.48,9.6,3208300
20150202,9.65,9.71,9.51,9.58,1012000
20150203,9.62,9.99,9.6,9.86,1349200
20150204,9.92,10.04,9.56,9.84,6283200
20150205,9.7,10.4,9.7,10.23,2695500
20150206,10.32,10.33,9.62,9.72,2444900
20150209,9.6,9.98,9.58,9.86,1167700
20150210,9.93,9.94,9.53,9.53,777300
20150211,9.59,9.6,9.07,9.16,1806000
20150212,9.22,9.42,9.17,9.22,1137200
20150213,9.2,9.55,9.14,9.51,1033900
20150218,9.65,9.9,9.54,9.72,1048100
20150219,9.73,9.85,9.55,9.64,718300
20150220,9.61,9.85,9.41,9.85,663600
20150223,9.84,9.97,9.6,9.67,587700
20150224,9.7,9.86,9.6,9.86,1142000
20150225,9.73,9.82,9.62,9.74,1147300
20150226,9.77,9.91,9.73,9.89,1629400
20150227,9.92,9.97,9.63,9.75,1826900
20150302,9.75,9.84,9.65,9.73,947000
20150303,9.82,9.83,9.36,9.53,1010000
20150304,9.46,9.5,9.21,9.21,1450300
20150305,9.2,9.33,9.14,9.15,1198700
20150306,9.21,9.24,8.98,8.98,906400
20150309,8.96,9.02,8.39,8.39,1869000
20150310,8.42,8.83,8.42,8.61,1609500
20150311,8.75,8.75,8.36,8.52,993500
20150312,8.72,8.74,8.47,8.61,757200
20150313,8.46,8.49,8.3,8.33,1194000
20150316,8.47,8.63,8.47,8.58,885200
20150317,8.61,8.93,8.49,8.79,1470100
20150318,8.84,8.85,8.28,8.47,5263900
20150319,8.53,8.53,8.3,8.43,1895600
20150320,8.46,8.84,8.39,8.84,5249300
20150323,8.77,8.88,8.43,8.74,1010700
20150324,8.74,8.88,8.51,8.6,1240300
20150325,8.64,8.78,8.47,8.48,1340900
20150326,8.46,8.52,8.34,8.37,1419400
20150327,8.41,8.48,8.11,8.34,2022100
20150330,8.4,8.58,8.33,8.33,1141100
20150331,8.3,8.5,8.24,8.32,2169600
20150401,8.36,8.73,8.36,8.47,1980500
20150402,8.49,8.66,8.39,8.42,1247900
20150406,8.5,8.74,8.39,8.44,1908600
20150407,8.46,8.52,8.29,8.39,1444700
20150408,8.47,8.54,8.29,8.36,2691900
20150409,8.38,8.42,8.31,8.32,1511200
20150410,8.29,8.47,8.29,8.4,1453400
20150413,8.39,8.47,8.33,8.47,1781100
20150414,8.43,8.46,8.35,8.36,855800
20150415,8.42,8.51,8.36,8.39,925600
20150416,8.44,8.64,8.44,8.64,1273500
20150417,8.53,8.54,8.33,8.36,1837600
20150420,8.36,8.42,8.26,8.42,990300
20150422,8.44,8.51,8.36,8.43,1129000
20150423,8.44,8.53,8.4,8.44,1078700
20150424,8.48,8.51,8.36,8.36,1018500
20150427,8.38,8.44,8.29,8.35,971000
20150428,8.4,8.4,8.27,8.34,940200
20150429,8.37,8.37,8.22,8.22,1096900
20150430,8.22,8.3,8.1,8.21,1407300
20150504,8.26,8.59,8.13,8.53,2678800
20150505,8.46,8.57,8.37,8.37,1024700
20150506,8.44,8.44,8.25,8.35,1077800
20150507,8.29,8.4,8.27,8.4,872300
20150508,8.41,8.42,8.24,8.35,1100400
20150511,8.27,8.28,7.59,7.81,3448300
20150512,7.83,8.21,7.76,8.12,2699900
20150513,8.13,8.13,7.86,7.89,1086100
20150514,7.86,8.36,7.82,8.36,1993500
20150515,8.4,8.59,8.34,8.35,1749700
20150518,8.41,8.49,8.01,8.06,1717000
20150519,7.96,8.06,7.52,7.63,4350400
20150520,7.71,7.91,7.59,7.68,2111000
20150521,7.62,7.96,7.62,7.91,933400
20150522,7.96,8.02,7.72,7.75,1473200
20150525,7.75,7.96,7.7,7.94,793700
20150526,7.94,7.94,7.46,7.46,1864000
20150527,7.52,7.65,7.41,7.61,1536800
20150528,7.53,7.66,7.38,7.58,1513700
20150529,7.52,7.69,7.04,7.04,3950700
20150601,7.12,7.29,7.05,7.29,2647700
20150602,7.29,7.91,7.28,7.9,2218100
20150603,7.85,8.23,7.63,8.02,3102300
20150605,7.81,8.06,7.79,7.84,1925900
20150608,7.91,8.19,7.6,8.14,3301500
20150609,8.2,8.33,7.82,7.85,3133800
20150610,7.87,8.02,7.69,7.75,1763700
20150611,7.82,7.98,7.65,7.91,1827400
20150612,7.87,7.96,7.75,7.9,1236300
20150615,7.81,7.88,7.67,7.67,786100
20150616,7.72,7.8,7.6,7.72,1041000
20150617,7.7,7.7,7.49,7.55,971400
20150618,7.55,7.82,7.5,7.76,1727700
20150619,7.72,7.74,7.59,7.69,1551700
20150622,7.77,7.8,7.64,7.67,730600
20150623,7.76,7.76,7.56,7.56,859100
20150624,7.56,7.71,7.52,7.57,1087600
20150625,7.57,7.67,7.47,7.59,1832900
20150626,7.61,7.71,7.54,7.58,1715400
20150629,7.56,7.59,7.26,7.37,1023000
20150630,7.47,7.59,7.29,7.52,2404200
20150701,7.48,7.58,7.41,7.47,1515100
20150702,7.54,7.55,7.39,7.47,1232200
20150703,7.5,7.5,7.29,7.37,783200
20150706,7.38,7.46,7.22,7.28,1155000
20150707,7.24,7.27,7.06,7.07,1508800
20150708,7.09,7.37,7.06,7.26,1652100
20150710,7.25,7.31,7.05,7.06,1353500
20150713,7.1,7.15,6.91,6.99,1267600
20150714,6.99,7.37,6.98,7.33,3371600
20150715,7.28,7.38,7.13,7.14,1138900
20150716,7.17,7.2,6.97,7.1,943100
20150717,7.13,7.19,6.95,6.95,854700
20150720,6.91,7.08,6.91,7.03,1158300
20150721,7.06,7.1,6.87,6.91,915500
20150722,6.88,6.95,6.65,6.8,1266500
20150723,6.78,6.87,6.37,6.45,1374800
20150724,6.41,6.42,5.92,6.27,2742500
20150727,6.12,6.65,6.07,6.62,1841300
20150728,6.71,6.73,6.29,6.5,1891900
20150729,6.44,6.59,6.35,6.5,1970800
20150730,6.43,6.8,6.42,6.72,1801900
20150731,6.73,6.84,6.54,6.74,2046200
20150803,6.74,6.79,6.58,6.7,857700
20150804,6.67,6.73,6.44,6.47,1310400
20150805,6.51,6.55,6.33,6.4,1069200
20150806,6.35,6.47,6.21,6.29,942400
20150807,6.19,6.26,6.14,6.17,908100
20150810,6.23,6.45,6.15,6.38,930000
20150811,6.36,6.39,6.22,6.39,746200
20150812,6.29,6.33,6.22,6.31,1120600
20150813,6.24,6.32,6.18,6.31,1184100
20150814,6.29,6.34,6.11,6.11,784800
20150817,6.03,6.15,5.83,5.85,1183200
20150818,5.82,5.96,5.75,5.85,1082000
20150819,5.76,5.82,5.64,5.71,1770800
20150820,5.63,6.05,5.59,5.99,3033200
20150821,6,6.36,5.94,6.36,2394500
20150824,6.11,6.3,5.92,6.16,1867800
20150825,6.25,6.49,6.18,6.26,1818600
20150826,6.28,6.76,6.28,6.75,1926700
20150827,6.81,7.02,6.61,6.76,2541300
20150828,6.6,6.93,6.6,6.85,1942700
20150831,6.72,6.79,6.39,6.79,2434100
20150901,6.58,6.69,6.35,6.41,1543400
20150902,6.49,6.57,6.19,6.21,1606100
20150903,6.16,6.6,6.13,6.55,1759800
20150904,6.45,6.66,6.2,6.2,1747100
20150908,6.27,6.27,5.85,6.15,2150200
20150909,6.25,6.25,5.84,5.84,2361000
20150910,5.67,6.11,5.63,6.11,2063100
20150911,6.01,6.01,5.73,5.92,1616400
20150914,5.86,5.9,5.71,5.87,1621500
20150915,5.83,5.86,5.66,5.68,2014900
20150916,5.67,6.09,5.67,6.09,1929300
20150917,6.01,6.14,5.86,6.1,1987200
20150918,6.04,6.04,5.71,5.73,2596800
20150921,5.68,5.71,5.55,5.66,1366100
20150922,5.54,5.66,5.43,5.66,1824900
20150923,5.53,5.61,5.39,5.39,1701100
20150924,5.34,5.55,5.09,5.55,2743400
20150925,5.59,5.81,5.4,5.66,2804000
20150928,5.57,5.73,5.47,5.7,1635000
20150929,5.68,5.8,5.59,5.8,1768300
20150930,5.85,5.99,5.84,5.92,2204100
20151001,5.98,6.01,5.79,5.91,1751700
20151002,5.92,6.45,5.75,6.45,2231200
20151005,6.5,6.78,6.31,6.62,2356200
20151006,6.63,6.64,6.32,6.38,2114900
20151007,6.45,6.56,6.24,6.45,3798700
20151008,6.41,6.73,6.38,6.72,1686900
20151009,6.76,6.83,6.65,6.75,1291100
20151013,6.8,6.9,6.61,6.66,1954300
20151014,6.73,6.79,6.48,6.54,4061500
20151015,6.6,6.62,6.44,6.6,1982600
20151016,6.66,6.73,6.39,6.69,4333600
20151019,6.65,6.73,6.55,6.68,1086700
20151020,6.65,6.76,6.44,6.6,3046500
20151021,6.6,6.62,6.33,6.46,3210400
20151022,6.49,6.6,6.43,6.54,1398500
20151023,6.59,6.7,6.45,6.45,1464400
20151026,6.51,6.56,6.06,6.13,1589400
20151027,6.11,6.18,5.97,6.02,1890200
20151028,6.03,6.13,5.94,6.06,1345900
20151029,5.95,6.04,5.75,5.77,1658500
20151030,5.77,5.84,5.68,5.77,1527100
20151103,5.78,5.86,5.53,5.76,3836900
20151104,5.77,6.11,5.77,6.11,2259400
20151105,6.11,6.21,5.99,6.18,899100
20151106,6.17,6.19,5.85,5.92,1377500
20151109,5.9,5.91,5.68,5.75,1035500
20151110,5.76,5.76,5.58,5.62,2391900
20151111,5.63,5.85,5.63,5.71,2398700
20151112,5.74,5.76,5.49,5.49,1540400
20151113,5.48,5.5,5.25,5.43,4281700
20151116,5.47,5.59,5.37,5.59,3096000
20151117,5.62,5.77,5.54,5.69,2006800
20151118,5.7,5.82,5.66,5.71,1722800
20151119,5.72,5.97,5.71,5.87,3031100
20151123,5.88,5.95,5.53,5.53,2978300
20151124,5.49,5.77,5.48,5.76,1655900
20151125,5.69,5.72,5.5,5.53,1714200
20151126,5.57,5.58,5.45,5.57,942800
20151127,5.54,5.55,5.3,5.31,3197600
20151130,5.29,5.33,4.91,5.08,28021800
20151201,5.13,5.51,4.97,5.42,3696500
20151202,5.43,5.58,5.28,5.34,3679000
20151203,5.58,5.61,5.43,5.48,2314600
20151204,5.43,5.55,5.18,5.34,2596400
20151207,5.38,5.42,5.22,5.3,1362400
20151208,5.3,5.32,5.1,5.21,1961900
20151209,5.25,5.58,5.21,5.51,2232600
20151210,5.53,5.58,5.26,5.34,1181300
20151211,5.28,5.56,5.23,5.44,1787500
20151214,5.36,5.4,5.16,5.19,2153900
20151215,5.2,5.33,5.2,5.24,1162200
20151216,5.18,5.39,5.12,5.34,1875800
20151217,5.43,5.57,5.39,5.39,1076800
20151218,5.93,5.98,5.19,5.24,11078700
20151221,5.29,5.31,5.12,5.12,1640300
20151222,5.17,5.27,4.99,5,1574300
20151223,5.07,5.09,4.96,5.05,1525100
20151228,5.06,5.07,4.88,4.88,1937200
20151229,4.89,4.95,4.71,4.73,2134900
20151230,4.72,5,4.67,4.94,3479300
20160104,4.75,4.9,4.58,4.63,2854300
20160105,4.63,4.7,4.5,4.56,1775800
20160106,4.47,4.71,4.36,4.66,9622600
20160107,4.56,4.63,4.35,4.41,4045700
20160108,4.41,4.49,4.16,4.19,2257500
20160111,4.18,4.32,4.14,4.2,2453000
20160112,4.18,4.36,4.18,4.29,2260100
20160113,4.34,4.37,4.1,4.15,2014000
20160114,4.13,4.2,3.84,4.07,3826300
20160115,4,4.07,3.9,3.95,3911000
20160118,3.98,4.02,3.82,3.88,1661800
20160119,3.96,3.98,3.65,3.66,2377200
20160120,3.6,3.6,3.43,3.52,3351800
20160121,3.48,3.62,3.34,3.38,3763600
20160122,3.38,3.47,3.25,3.3,5390900
20160126,3.3,3.39,3.19,3.37,2002500
20160127,3.43,3.66,3.35,3.58,3629000
20160128,3.58,3.7,3.45,3.57,3147300
20160129,3.62,3.89,3.56,3.87,3675800
20160201,3.84,3.98,3.73,3.93,2106600
20160202,3.89,3.91,3.69,3.81,3417900
20160203,3.84,4.03,3.68,4.03,4129600
20160204,4.06,4.13,3.94,4.13,3760300
20160205,4.12,4.29,4.07,4.17,3720500
20160210,4.11,4.16,3.96,4.11,2077900
20160211,4.04,4.04,3.88,3.96,1772600
20160212,4.03,4.08,3.91,4.08,1260300
20160215,4.11,4.2,3.75,3.78,5000800
20160216,3.74,3.93,3.68,3.93,4316600
20160217,3.94,4.17,3.94,4.1,5049800
20160218,4.07,4.08,3.96,3.97,2768200
20160219,3.94,4.07,3.85,4.05,2724200
20160222,4.12,4.26,4.09,4.25,2531400
20160223,4.27,4.36,4.06,4.15,2968200
20160224,4.13,4.16,4.01,4.15,2564500
20160225,4.16,4.24,4.07,4.24,1535000
20160226,4.25,4.32,4.19,4.31,2756000
20160229,4.33,4.41,4.28,4.39,3663300
20160301,4.46,4.55,4.41,4.55,2986100
20160302,4.56,4.78,4.53,4.68,5918800
20160303,4.76,5.08,4.7,5.04,7080700
20160304,5.51,5.57,5,5.24,9576000
20160307,5.24,5.34,5.04,5.34,5609900
20160308,5.29,5.43,5.08,5.33,7792100
20160309,5.35,5.47,5.25,5.35,5216300
20160310,5.43,5.58,5.13,5.58,6006900
20160311,5.53,5.55,5.2,5.28,3832800
20160314,5.32,5.48,5.25,5.38,4329900
20160315,5.3,5.3,4.99,5.19,4896700
20160316,5.15,5.47,5.05,5.47,5881900
20160317,5.56,5.96,5.49,5.94,7780100
20160318,6.05,6.06,5.74,5.82,8059400
20160321,5.89,5.97,5.74,5.97,3747300
20160322,5.92,6.08,5.86,5.87,4136100
20160323,5.82,5.88,5.57,5.71,3289400
20160324,5.65,5.74,5.6,5.73,3269600
20160328,5.83,6.05,5.77,5.9,3342300
20160329,5.92,6.02,5.77,5.93,4819400
20160330,5.96,6,5.78,5.87,5368800
20160331,5.8,5.94,5.73,5.82,3713500
20160401,5.76,6.04,5.73,5.93,3727700
20160404,5.93,5.93,5.64,5.79,2707600
20160405,5.74,5.87,5.71,5.77,3946900
20160406,5.73,5.8,5.45,5.53,3477900
20160407,5.59,5.62,5.46,5.53,3674200
20160408,5.68,5.78,5.61,5.77,8451400
20160411,5.82,5.95,5.78,5.9,5147000
20160412,5.98,6.34,5.96,6.34,4300900
20160413,6.5,6.75,6.46,6.56,4990000
20160414,6.6,6.83,6.5,6.77,6473900
20160415,6.84,6.93,6.71,6.79,4747700
20160418,6.73,6.86,6.64,6.84,2928100
20160419,6.89,6.97,6.77,6.94,5049400
20160420,6.87,6.96,6.78,6.93,2926600
20160422,6.86,6.92,6.7,6.82,2983100
20160425,6.82,6.92,6.71,6.75,3635800
20160426,6.84,6.99,6.79,6.99,2468100
20160427,7,7.14,6.93,7.03,4097500
20160428,7.05,7.33,6.99,7.13,3781800
20160429,7.14,7.28,7.09,7.28,3499700
20160502,7.37,7.51,7.07,7.27,5545000
20160503,7.27,7.27,7.13,7.26,2920200
20160504,7.24,7.57,7.18,7.45,4130100
20160505,7.58,7.6,7.29,7.47,3912000
20160506,7.43,7.52,7.36,7.41,4573700
20160509,7.4,7.45,6.9,7.28,2445200
20160510,7.37,7.58,7.29,7.58,1701700
20160511,7.68,7.77,7.5,7.58,3356700
20160512,7.68,7.77,7.54,7.75,3097000
20160513,7.82,7.96,7.72,7.86,6598900
20160516,7.87,7.88,7.62,7.8,1907700
20160517,7.86,7.86,7.56,7.66,3614000
20160518,7.53,7.8,7.45,7.69,3296100
20160519,7.66,7.66,7.4,7.56,1629700
20160520,7.57,7.71,7.55,7.61,1601700
20160523,7.47,7.54,7.34,7.5,2609800
20160524,7.5,7.67,7.5,7.54,2109200
20160525,7.6,7.73,7.38,7.43,3182400
20160527,7.5,7.52,7.34,7.38,2338800
20160530,7.38,7.5,7.24,7.45,1416500
20160531,7.47,7.66,7.38,7.62,4287400
20160601,7.58,7.74,7.47,7.74,3505100
20160602,7.72,7.91,7.63,7.84,3611500
20160603,7.83,8,7.8,7.89,4063700
20160606,7.92,7.93,7.76,7.78,2293900
20160607,7.77,7.82,7.67,7.81,3886400
20160608,7.81,8.21,7.79,8.11,5037600
20160609,8.11,8.24,7.96,8.05,2047300
20160610,8.01,8.01,7.72,7.75,2100800
20160613,7.71,7.8,7.54,7.76,1602600
20160614,7.76,7.81,7.47,7.53,2552300
20160615,7.62,7.62,7.22,7.47,3159900
20160616,7.38,7.69,7.3,7.65,2422400
20160617,7.71,7.76,7.44,7.47,3417900
20160620,7.59,7.89,7.56,7.82,4629000
20160621,7.84,7.94,7.63,7.86,1916800
20160622,7.79,7.94,7.74,7.86,5035600
20160623,7.94,8.2,7.82,8.15,2788900
20160624,7.86,7.95,7.71,7.81,3692800
20160627,7.82,7.82,7.63,7.67,1723100
20160628,7.82,7.86,7.69,7.69,2478600
20160629,7.78,8.08,7.77,8.01,3025900
20160630,7.92,8.14,7.8,8.14,2510200
20160701,8.14,8.14,7.81,7.92,4032100
20160704,7.98,8.06,7.77,7.84,2410400
20160705,7.81,7.83,7.45,7.48,4178800
20160706,7.47,7.47,7.25,7.34,3168700
20160707,7.3,7.34,7.14,7.21,12569200
20160708,7.25,7.52,7.25,7.47,5924700
20160711,7.51,7.65,7.48,7.57,2865600
20160712,7.62,7.68,7.43,7.48,2563100
20160713,7.44,7.71,7.44,7.65,3901300
20160714,7.72,7.77,7.46,7.57,2629500
20160715,7.56,7.7,7.47,7.62,3534300
20160718,7.62,7.67,7.5,7.63,2875300
20160719,7.63,7.91,7.57,7.84,2582700
20160720,7.9,8.01,7.8,7.88,2317600
20160721,7.88,7.94,7.81,7.92,1506200
20160722,7.9,8.06,7.84,7.91,1547800
20160725,7.96,7.97,7.49,7.81,1812900
20160726,7.81,7.92,7.75,7.77,2467000
20160727,7.8,7.91,7.58,7.58,2702900
20160728,7.62,7.68,7.46,7.59,2193400
20160729,7.63,7.97,7.6,7.97,4687600
20160801,8.01,8.07,7.88,8.04,2556000
20160802,8.07,8.08,7.74,7.81,2266000
20160803,7.81,7.98,7.74,7.97,2098700
20160804,8.03,8.16,7.96,8.15,3140900
20160805,8.17,8.41,8.17,8.25,3581000
20160808,8.33,8.37,7.87,7.92,3411800
20160809,7.96,8.02,7.81,7.93,1711300
20160810,8,8.08,7.86,7.91,1457200
20160811,7.86,8.15,7.84,8.15,3626400
20160812,8.15,8.34,8.08,8.22,3005200
20160815,8.25,8.38,8.19,8.26,1938000
20160816,8.24,8.35,8.12,8.27,2097700
20160817,8.24,8.5,8.12,8.48,8430700
20160818,8.55,8.66,8.41,8.56,4113300
20160819,8.51,8.64,8.47,8.55,1835300
20160822,8.56,8.57,8.26,8.29,2598800
20160823,8.39,8.48,8.2,8.4,2850300
20160824,8.37,8.37,8.23,8.25,3723600
20160825,8.28,8.28,7.96,7.96,3511900
20160826,7.96,8.13,7.85,7.91,2795200
20160829,7.89,8.22,7.74,8.17,2014200
20160830,8.18,8.23,8.09,8.15,1514300
20160831,8.18,8.25,7.92,8.08,2036000
20160901,8.18,8.35,8.05,8.27,2343600
20160902,8.34,8.49,8.27,8.44,2045700
20160905,8.48,8.62,8.4,8.53,1439400
20160906,8.58,8.73,8.46,8.57,2545400
20160908,8.6,8.79,8.56,8.76,2687500
20160909,8.65,8.65,8.33,8.33,3053200
20160912,8.33,8.57,8.21,8.54,2428500
20160913,8.58,8.69,8.12,8.25,4052100
20160914,8.27,8.34,8.04,8.24,3579000
20160915,8.27,8.27,8.02,8.09,2419200
20160916,8.09,8.12,8.02,8.11,2221100
20160919,8.16,8.25,8.13,8.17,2303700
20160920,8.1,8.38,8.1,8.29,3185200
20160921,8.26,8.55,8.15,8.36,2871400
20160922,8.45,8.59,8.4,8.58,3301400
20160923,8.59,8.67,8.48,8.57,2641800
20160926,8.52,8.69,8.4,8.45,3940300
20160927,8.54,8.69,8.47,8.68,6787600
20160928,8.68,8.72,8.57,8.64,2851400
20160929,8.63,8.67,8.43,8.51,2701100
20160930,8.52,8.72,8.51,8.63,3113800
20161003,8.69,8.88,8.52,8.77,3893800
20161004,8.83,8.85,8.73,8.81,2721200
20161005,8.84,9.2,8.84,9.11,6606400
20161006,9.09,9.21,8.86,8.9,4990800
20161007,8.97,9.15,8.94,8.96,5573900
20161010,8.98,9.09,8.86,8.94,1648200
20161011,8.93,9.07,8.68,8.78,3878400
20161013,8.78,8.9,8.69,8.89,3605800
20161014,8.98,9.11,8.74,8.82,4546000
20161017,8.84,8.91,8.74,8.83,2649800
20161018,8.86,9.02,8.79,8.98,3633000
20161019,9.01,9.08,8.86,8.92,2833500
20161020,8.9,9.01,8.77,8.83,3863800
20161021,8.83,8.92,8.65,8.88,8126100
20161024,8.89,9.21,8.86,9.1,4070200
20161025,9.13,9.25,9.05,9.17,2958600
20161026,9.17,9.32,8.97,9.23,3125300
20161027,9.25,9.42,9.2,9.27,2688200
20161028,9.27,9.39,9.14,9.15,2712500
20161031,9.17,9.2,9.03,9.19,4682100
20161101,9.17,9.26,8.75,8.88,5043800
20161103,8.87,9,8.78,8.83,3429300
20161104,8.88,9.12,8.65,8.78,3411600
20161107,8.95,9.16,8.93,9.13,1814100
20161108,9.04,9.21,9.04,9.12,1833700
20161109,8.7,9.14,8.54,8.94,2734300
20161110,9.25,9.3,8.26,8.4,5444800
20161111,8.38,8.38,7.55,8.15,7758600
20161114,8,8.1,7.48,7.5,7173000
20161116,7.52,8.13,7.5,8.09,4767100
20161117,8.09,8.27,7.79,7.89,3658800
20161118,7.89,8,7.66,7.78,2592100
20161121,7.81,7.91,7.66,7.88,3976700
20161122,7.96,8.21,7.94,7.98,5178300
20161123,7.99,7.99,7.71,7.79,2531100
20161124,7.82,7.87,7.71,7.8,1166900
20161125,7.75,7.89,7.7,7.81,1322100
20161128,7.85,7.99,7.73,7.93,2444100
20161129,7.91,7.95,7.75,7.9,2349800
20161130,8,8.02,7.65,7.9,2950000
20161201,7.8,7.82,7.24,7.29,5207000
20161202,7.16,7.42,7.01,7.06,6579000
20161205,7.15,7.28,7.1,7.12,4287700
20161206,7.09,7.22,7.03,7.14,2557700
20161207,7.17,7.49,7.15,7.42,6624700
20161208,7.5,7.53,7.2,7.24,1634600
20161209,7.28,7.65,7.28,7.5,3408200
20161212,7.5,7.5,7.24,7.41,2907100
20161213,7.32,7.54,7.3,7.5,2484000
20161214,7.47,7.53,7.25,7.28,2196200
20161215,7.26,7.26,7.07,7.2,2558900
20161216,7.23,7.5,7.13,7.37,2235800
20161219,7.37,7.37,7.09,7.22,2487900
20161220,7.25,7.3,7.11,7.24,1408700
20161221,7.2,7.54,7.2,7.46,1846900
20161222,7.44,7.73,7.34,7.7,2297300
20161223,7.7,7.91,7.6,7.76,1687900
20161226,7.84,7.96,7.8,7.84,965300
20161227,7.92,8.07,7.8,7.8,2472200
20161228,7.84,8.06,7.83,7.97,1164100
20161229,8.02,8.25,7.95,8.24,2212300
20170102,8.24,8.25,7.97,8.14,1202400
20170103,8.21,8.59,8.21,8.51,2578300
20170104,8.45,8.7,8.44,8.58,2662900
