<DTYYYYMMDD>,<OPEN>,<HIGH>,<LOW>,<CLOSE>,<VOL>
20100601,17.34,17.75,17.07,17.32,1057500
20100602,17.33,17.49,17.14,17.34,564300
20100604,17.28,17.42,17.11,17.42,578100
20100607,17.27,17.46,17.19,17.27,607900
20100608,17.34,17.38,16.95,17.1,1057200
20100609,17.19,17.2,17.04,17.04,928900
20100610,17.08,17.34,17.08,17.23,932600
20100611,17.2,17.81,17.15,17.63,728400
20100614,17.54,17.9,17.54,17.77,816600
20100615,17.88,18.18,17.84,18.11,695600
20100616,18.04,18.65,17.9,18.65,1380100
20100617,18.65,18.9,18.65,18.77,1353700
20100618,18.81,19.33,18.81,18.81,1931300
20100621,19.06,19.16,18.73,18.74,1801100
20100622,18.58,19.27,18.57,19.16,979000
20100623,19,19.09,18.81,18.86,1017700
20100624,18.81,18.92,18.65,18.85,633000
20100625,18.85,19.05,18.69,19.05,1402500
20100628,18.98,19.19,18.85,18.96,304800
20100629,18.7,18.92,18.54,18.9,881000
20100630,18.89,19.07,18.39,18.39,975000
20100701,18.31,18.42,17.83,17.92,2420400
20100702,17.99,17.99,17.54,17.73,843400
20100705,17.67,17.81,17.48,17.52,333200
20100706,17.72,17.86,17.34,17.4,944700
20100707,17.54,17.69,17.29,17.29,1049000
20100708,17.46,17.46,17.12,17.27,961300
20100712,17.41,17.57,16.77,16.92,1542100
20100713,17.03,17.15,16.8,17.12,1248600
20100714,17.07,17.37,16.97,17.04,1021900
20100715,17.1,17.15,16.61,16.88,1100200
20100716,16.9,17.03,16.57,16.57,686100
20100719,16.77,16.84,16.57,16.73,715700
20100720,16.71,17.1,16.6,16.85,1338800
20100721,16.96,17,16.73,16.9,889300
20100722,17.09,17.27,17,17.19,910900
20100723,17.23,17.42,16.65,17.37,875800
20100726,17.41,17.46,17.27,17.43,496200
20100727,17.53,17.55,16.96,16.96,1463000
20100728,17.04,17.17,16.81,17.17,905700
20100729,17.13,17.34,17.13,17.34,875800
20100730,17.28,17.63,17.17,17.57,897900
20100802,17.72,17.73,17.57,17.71,503600
20100803,17.63,17.67,17.5,17.5,460000
20100804,17.54,17.73,17.34,17.52,782200
20100805,17.36,17.65,17.36,17.65,344500
20100806,17.48,17.73,17.48,17.73,449500
20100809,17.74,17.82,17.43,17.57,385300
20100810,17.51,17.71,17.4,17.49,766800
20100811,17.48,17.48,17.07,17.19,757200
20100812,17.09,17.18,16.97,17.12,489400
20100813,17.07,17.34,16.88,17.01,686900
20100816,17.07,17.27,17.03,17.11,748700
20100817,17.23,17.28,17.05,17.18,713000
20100818,17.25,17.25,17.01,17.24,1169500
20100819,17.15,17.22,16.88,16.92,698300
20100820,16.96,17.33,16.82,17.13,454900
20100823,17.15,17.27,16.92,16.96,508500
20100824,16.9,17.17,16.77,17.1,682700
20100825,17.04,17.09,16.84,16.85,758300
20100826,16.88,17.05,16.57,16.57,795300
20100827,16.65,17.1,16.53,16.75,768100
20100830,16.87,16.94,16.42,16.5,596200
20100831,16.44,16.8,16.42,16.47,873200
20100901,16.57,16.77,16.52,16.68,1045300
20100902,16.62,16.7,16.5,16.63,337600
20100903,16.76,16.77,16.43,16.5,396300
20100906,16.53,16.65,16.23,16.33,244000
20100908,16.53,16.63,16.2,16.4,911800
20100909,16.32,16.41,16.19,16.19,657800
20100910,16.29,16.61,16.18,16.61,695400
20100913,16.77,16.85,16.61,16.83,707700
20100914,16.77,16.84,16.53,16.53,723300
20100915,16.5,16.76,16.36,16.76,1254400
20100916,16.73,16.73,16.59,16.63,303700
20100917,16.64,16.64,16.44,16.44,572200
20100920,16.44,16.72,16.43,16.64,860400
20100921,16.65,16.76,16.47,16.73,410100
20100922,16.62,16.92,16.45,16.77,1318900
20100923,16.59,16.8,16.58,16.62,1228700
20100924,16.7,16.83,16.6,16.73,1420700
20100927,16.8,16.84,16.7,16.71,744100
20100928,16.75,16.77,16.57,16.57,538500
20100929,16.63,16.7,16.44,16.44,1050600
20100930,16.58,16.65,16.51,16.62,932300
20101001,16.62,16.71,16.46,16.71,1021500
20101004,16.66,17.17,16.65,17.16,989800
20101005,17.2,17.7,17.2,17.61,1266300
20101006,17.61,17.81,17.44,17.81,1817400
20101007,17.73,17.81,17.46,17.54,776600
20101008,17.44,17.79,17.43,17.68,579400
20101011,17.68,17.9,17.57,17.88,447700
20101013,18.19,19.19,18.15,18.98,2831700
20101014,18.92,19.58,18.82,19.23,2154900
20101015,19.19,20.13,19.19,20.08,1838800
20101018,19.97,19.97,18.65,18.81,1889000
20101019,18.56,18.66,18.03,18.66,2463800
20101020,18.89,19.14,18.71,19.04,1509400
20101021,18.96,18.97,18.23,18.29,1875500
20101022,18.35,18.47,18.11,18.11,776000
20101025,18.26,18.45,17.88,17.88,1228800
20101026,17.8,18.85,17.76,18.84,1596500
20101027,18.5,18.65,18.18,18.43,1217000
20101028,18.73,18.73,17.95,17.97,842800
20101029,18.11,18.28,17.91,18.04,1419800
20101101,18.19,18.65,17.98,18.53,806800
20101103,18.49,18.55,18.19,18.35,864100
20101104,18.5,18.69,18.3,18.57,1135600
20101105,18.57,18.6,18.11,18.19,593100
20101108,18.19,18.35,17.89,18.26,668500
20101109,18.42,18.42,17.8,17.96,1403200
20101110,17.93,18.04,17.69,17.73,1006400
20101111,17.72,17.73,17.41,17.41,916100
20101112,17.44,17.46,17.17,17.32,814800
20101116,17.42,17.6,17.17,17.34,1716300
20101117,17.41,17.56,17.15,17.26,800500
20101118,17.57,17.57,17.18,17.38,1281700
20101119,17.34,17.61,17.25,17.34,885100
20101122,17.34,17.57,17,17.2,805600
20101123,17,17.22,16.82,17.04,921600
20101124,17.11,17.34,17.04,17.23,652800
20101125,17.2,17.3,17.11,17.11,202600
20101126,17.11,17.28,16.8,17.04,1135000
20101129,16.87,17.04,16.71,16.91,949700
20101130,16.94,17.44,16.67,17.34,1237900
20101201,17.65,17.76,17.23,17.56,687800
20101202,17.57,17.88,17.57,17.7,441500
20101203,17.68,18.31,17.57,18.31,663700
20101206,18.23,18.33,17.88,18.06,469800
20101207,18.24,18.24,17.64,17.73,456600
20101208,17.71,17.85,17.5,17.57,995800
20101209,17.55,17.78,17.23,17.23,964100
20101210,17.31,17.6,17.31,17.57,526700
20101213,17.73,17.86,17.5,17.58,604600
20101214,17.65,17.65,17.27,17.36,565400
20101215,17.37,17.42,16.95,17.05,1144800
20101216,17.04,17.31,16.97,17,719700
20101217,16.99,17.07,16.77,16.92,919600
20101220,17.1,17.1,16.8,17.09,1608500
20101221,17.07,17.27,17,17,757100
20101222,17,17.07,16.7,16.86,948300
20101223,16.86,16.96,16.76,16.82,647100
20101227,16.82,16.94,16.77,16.77,258000
20101228,16.79,16.82,16.64,16.8,827600
20101229,16.88,17.2,16.75,16.96,852100
20101230,17.07,17.27,16.98,17.14,1037500
20110103,17.34,17.5,17.27,17.48,985300
20110104,17.73,17.96,17.57,17.91,1433000
20110105,17.92,18.45,17.84,18.4,1750300
20110106,18.35,18.45,17.88,17.88,2453100
20110107,17.96,18.01,17.59,17.77,790200
20110110,17.8,17.86,17.49,17.61,861700
20110111,17.61,17.67,17.35,17.46,1487500
20110112,17.56,17.62,17.43,17.53,1505800
20110113,17.66,17.83,17.6,17.73,1782500
20110114,17.66,18.26,17.63,18.03,1458100
20110117,18.1,18.1,17.74,17.99,1072000
20110118,17.89,17.95,17.72,17.83,1244300
20110119,17.82,17.93,17.39,17.46,1107900
20110120,17.43,17.57,17.27,17.33,1541200
20110121,17.33,17.45,17.19,17.34,660700
20110124,17.36,17.45,17.23,17.36,665200
20110126,17.29,17.56,17.12,17.12,1223000
20110127,17.23,17.38,17,17.06,1538800
20110128,17.13,17.26,16.89,17.14,1027700
20110131,17.12,17.31,17.06,17.27,1038200
20110201,17.37,17.45,17.17,17.31,1749300
20110202,17.35,17.35,17.16,17.27,1272300
20110203,17.26,17.42,17.16,17.35,1374000
20110204,17.31,17.39,17.22,17.35,1287400
20110207,17.4,17.46,17.29,17.45,928600
20110208,17.46,17.55,17.39,17.49,1611800
20110209,17.47,17.49,17.31,17.45,1657000
20110210,17.38,17.45,17.29,17.35,832700
20110211,17.35,17.5,17.32,17.39,1475800
20110214,17.5,17.5,17.33,17.35,930500
20110215,17.35,17.49,17.27,17.37,859300
20110216,17.5,17.73,17.31,17.56,1533500
20110217,17.67,17.78,17.47,17.64,1077300
20110218,17.66,17.93,17.44,17.89,1798700
20110221,17.86,17.86,17.52,17.8,770300
20110222,17.77,18.04,17.67,17.83,1193600
20110223,17.82,18.03,17.6,17.85,1403400
20110224,17.85,18.07,17.81,17.85,1075800
20110225,18.04,18.04,17.57,17.73,1490100
20110228,17.89,18.12,17.62,18.12,1516100
20110301,18.11,18.2,17.84,17.84,1567900
20110302,17.82,18.11,17.58,18.08,1174900
20110303,17.97,18.31,17.97,18.27,2002900
20110304,18.13,18.47,18.07,18.47,1208000
20110309,18.5,18.75,18.22,18.73,596100
20110310,18.69,18.7,18.33,18.33,1258700
20110311,18.33,18.72,18.33,18.57,1064400
20110314,18.51,18.92,18.4,18.85,1036900
20110315,18.57,18.82,18.48,18.64,2023600
20110316,18.8,18.8,18.1,18.17,1241700
20110317,18.31,18.42,18.17,18.27,720100
20110318,18.41,18.78,18.41,18.51,1842600
20110321,18.78,18.89,18.38,18.52,1062200
20110322,18.52,18.97,18.47,18.84,1176000
20110323,18.72,18.84,18.63,18.84,614900
20110324,18.84,19.05,18.78,19.01,762900
20110325,19.08,19.12,18.95,19.03,745700
20110328,18.89,18.97,18.7,18.7,471800
20110329,18.75,18.81,18.58,18.74,765800
20110330,18.69,18.84,18.68,18.81,966200
20110331,18.84,19.16,18.76,19.02,1204100
20110401,19.2,19.35,19.11,19.28,990900
20110404,19.3,19.43,19.2,19.36,837000
20110405,19.35,19.59,19.29,19.59,967700
20110406,19.59,19.7,19.45,19.58,1871300
20110407,19.59,19.59,19.32,19.47,2284000
20110408,19.52,19.59,19.29,19.32,1118700
20110411,19.28,19.58,19.01,19.01,1305700
20110412,18.95,19.04,18.61,18.65,1429000
20110413,18.66,19.05,18.39,18.48,1505200
20110414,18.44,18.66,18.32,18.45,854500
20110415,18.51,18.52,18.3,18.39,904700
20110418,18.4,18.71,18.32,18.41,1206200
20110419,18.36,18.49,18.28,18.35,1481200
20110420,18.55,18.56,18.32,18.36,903500
20110425,18.24,18.34,18.07,18.15,727100
20110426,18.2,18.3,18.09,18.22,1169600
20110427,18.27,18.27,17.75,17.91,1446700
20110428,17.73,18.02,17.62,17.79,1478200
20110429,17.74,17.91,17.6,17.66,2406500
20110502,17.77,17.77,17.23,17.23,1437400
20110503,17.23,17.43,17.11,17.23,1386500
20110504,17.38,17.47,17.19,17.39,815400
20110505,17.39,17.59,17.27,17.59,1662700
20110506,17.64,17.67,17.47,17.62,1451600
20110509,17.66,17.66,17.43,17.5,696100
20110510,17.51,17.65,17.35,17.43,869500
20110511,17.42,17.55,17.26,17.31,1032700
20110512,17.33,17.63,17.12,17.36,853400
20110513,17.38,17.49,17.1,17.29,2169700
20110516,17.23,17.29,17.06,17.08,786200
20110517,17.01,17.39,16.79,17.27,778800
20110518,17.31,17.58,17.26,17.36,922900
20110519,17.36,17.66,17.32,17.34,902700
20110520,17.33,17.64,17.33,17.59,743700
20110523,17.27,17.56,17.23,17.5,759000
20110524,17.5,17.5,17.29,17.35,885100
20110525,17.33,17.44,17.26,17.38,958300
20110526,17.44,17.44,17.16,17.29,766500
20110527,17.27,17.35,17.14,17.16,691000
20110530,17.16,17.25,17.09,17.16,131400
20110531,17.22,17.27,17.09,17.27,645000
20110601,17.19,17.29,17.13,17.19,1120200
20110602,17.19,17.26,17.11,17.2,2461000
20110603,17.15,17.66,17.15,17.16,1004800
20110606,17.24,17.4,16.96,17.04,562300
20110607,17.04,17.12,16.65,16.65,1144500
20110608,16.64,16.82,16.58,16.69,941900
20110609,16.74,16.8,16.65,16.77,736900
20110610,16.73,16.73,16.42,16.48,696900
20110613,16.54,16.55,16.39,16.46,1059200
20110614,16.6,16.62,16.38,16.44,1322400
20110615,16.35,16.58,16.31,16.42,1422100
20110616,16.48,16.52,16.23,16.49,1583000
20110617,16.85,16.85,16.2,16.84,2216800
20110620,16.65,16.68,16.41,16.61,1072700
20110621,16.88,17.28,16.57,16.64,2059800
20110622,16.57,16.73,16.42,16.46,987300
20110624,16.54,16.54,16.25,16.35,733300
20110627,16.35,16.51,16.22,16.51,654000
20110628,16.42,16.54,16.31,16.52,844100
20110629,16.54,16.73,16.38,16.72,938000
20110630,16.76,16.83,16.6,16.79,925300
20110701,16.76,16.82,16.6,16.77,705600
20110704,16.79,16.79,16.56,16.68,359300
20110705,16.6,16.75,16.36,16.37,1025700
20110706,16.37,16.48,16.21,16.27,635800
20110707,16.39,16.49,16.09,16.1,662400
20110708,16.1,16.12,15.92,15.92,1002600
20110711,15.76,15.89,15.47,15.5,1325700
20110712,15.45,15.62,15.42,15.56,1358900
20110713,15.6,15.8,15.57,15.64,1379500
20110714,15.67,15.68,15.49,15.66,894600
20110715,15.69,15.74,15.52,15.6,548500
20110718,15.6,15.6,15.46,15.56,405100
20110719,15.48,15.55,15.25,15.27,654400
20110720,15.26,15.39,15.06,15.15,809300
20110721,15.21,15.52,15.04,15.3,961000
20110722,15.35,15.43,15.19,15.43,933100
20110725,15.32,15.38,15.2,15.23,640600
20110726,15.19,15.31,14.87,14.94,727400
20110727,15.02,15.12,14.63,14.63,1157900
20110728,14.57,14.76,14.47,14.63,755300
20110729,14.57,15.06,14.44,15.06,1419900
20110801,14.99,15.19,14.69,14.71,799900
20110802,14.74,14.99,14.63,14.75,1842500
20110803,14.61,14.64,14.28,14.41,1180300
20110804,14.33,14.38,13.75,13.75,1665900
20110805,13.76,14.07,13.5,13.7,1249700
20110808,13.32,13.5,12.47,12.66,1954500
20110809,12.41,12.99,12.29,12.83,1969800
20110810,12.85,12.85,12.4,12.66,1472500
20110811,12.66,13.2,12.59,13.06,1136900
20110812,13.09,13.22,12.64,12.84,1669300
20110815,12.83,13.41,12.83,13.33,1450900
20110816,13.18,13.66,13.12,13.66,1194100
20110817,13.55,13.65,13.17,13.58,1767300
20110818,13.22,13.38,12.83,13.38,912200
20110819,13.18,13.45,13.09,13.1,642600
20110822,13.47,13.71,13.26,13.35,922700
20110823,13.55,13.55,12.5,12.86,1878700
20110824,12.9,12.9,12.59,12.74,1145100
20110825,12.73,12.84,12.56,12.81,882400
20110826,12.78,12.97,12.64,12.78,748700
20110829,12.78,13.13,12.78,12.97,749100
20110830,12.96,13.04,12.78,12.93,811200
20110831,12.99,13.18,12.95,13.1,1499900
20110901,13.24,13.38,13.1,13.1,1129700
20110902,13.01,13.24,12.92,12.92,1670100
20110905,12.8,13.06,12.79,12.89,486000
20110906,12.77,13.52,12.71,13.47,1012600
20110908,13.55,13.72,13.31,13.31,993900
20110909,13.28,13.32,12.96,13.09,811600
20110912,12.95,13.16,12.86,13.13,821800
20110913,13.14,13.22,13.02,13.17,842100
20110914,13.14,13.42,13.01,13.22,897000
20110915,13.33,13.45,13.07,13.09,545400
20110916,13.04,14.18,13.04,14.18,1077100
20110919,14.15,14.26,13.79,14.04,964300
20110920,14.2,14.2,13.82,13.93,717800
20110921,14.04,14.68,13.99,14.12,1470600
20110922,13.83,13.84,13.17,13.22,2558600
20110923,13.22,13.34,12.86,12.86,763300
20110926,13.11,13.11,12.75,13.05,700900
20110927,13.13,13.3,12.94,13.01,805900
20110928,13.08,13.3,12.85,12.86,1408700
20110929,13.05,13.18,12.76,12.82,590100
20110930,12.78,13.04,12.69,13.02,1374900
20111003,12.8,13.13,12.73,12.82,926200
20111004,12.7,12.77,12.35,12.48,2834400
20111005,12.54,12.54,12.24,12.42,779800
20111006,12.54,12.75,12.46,12.6,1113600
20111007,12.65,12.81,12.29,12.34,953600
20111010,12.45,12.97,12.38,12.97,729400
20111011,12.93,13.26,12.93,13.23,779700
20111013,13.38,13.38,13,13.21,1736700
20111014,13.26,13.29,13.13,13.24,331600
20111017,13.08,13.34,13.02,13.34,869800
20111018,13.32,13.48,13.08,13.47,690300
20111019,13.53,13.58,13.22,13.3,998800
20111020,13.19,13.37,13.02,13.13,684300
20111021,13.22,13.67,13.19,13.63,541800
20111024,13.67,14.23,13.67,14.02,1302800
20111025,13.96,14.13,13.46,13.49,1007700
20111026,13.65,13.75,13.47,13.59,1188700
20111027,13.91,14.28,13.77,14.19,959200
20111028,14.35,14.35,13.9,13.91,574100
20111031,13.9,13.95,13.63,13.82,820000
20111101,13.42,13.78,13.38,13.64,891500
20111103,13.78,13.87,13.59,13.65,1024700
20111104,13.61,14.46,13.39,14.46,1222900
20111107,14.45,14.87,14.4,14.73,634000
20111108,14.75,14.8,14.35,14.46,591800
20111109,14.38,14.39,13.94,14.1,806400
20111110,14.24,14.33,14,14.04,770400
20111111,14.38,14.5,13.91,13.97,1123100
20111114,13.97,14.1,13.53,13.63,1010200
20111116,13.55,14.01,13.44,13.87,1019800
20111117,13.75,13.84,13.1,13.14,1071800
20111118,13.2,13.3,13.1,13.26,1307700
20111121,13.18,13.34,12.92,13.34,840200
20111122,13.22,13.31,12.97,12.97,938300
20111123,12.85,12.9,12.68,12.73,756000
20111124,12.93,12.93,12.56,12.93,228300
20111125,12.64,13.05,12.63,13,513300
20111128,13.01,13.37,13.01,13.35,900600
20111129,13.38,13.38,13.02,13.02,918900
20111130,13.3,13.75,13.13,13.32,1445200
20111201,13.38,13.59,13.3,13.55,948500
20111202,13.67,13.83,13.51,13.62,803200
20111205,13.67,13.91,13.61,13.87,1045400
20111206,13.88,14.1,13.74,14.1,778500
20111207,14.07,14.11,13.73,13.88,787000
20111208,13.9,14.07,13.52,13.75,908600
20111209,13.79,14,13.63,13.89,743400
20111212,13.9,13.9,13.68,13.9,772500
20111213,13.94,14.17,13.87,14.05,1296100
20111214,14.05,14.16,13.93,14.02,1729400
20111215,14.06,14.08,13.74,13.91,1191800
20111216,13.9,14.12,13.9,13.96,1046500
20111219,13.93,14.01,13.8,13.83,684300
20111220,13.94,14.09,13.75,14.01,1267800
20111221,13.87,14.32,13.81,14.27,771500
20111222,14.33,14.69,14.25,14.65,852100
20111223,14.69,14.91,14.53,14.6,660900
20111226,14.7,14.75,14.55,14.67,182000
20111227,14.66,14.82,14.62,14.68,611400
20111228,14.79,14.79,14.11,14.13,768300
20111229,14.19,14.41,14.15,14.34,1353200
20120102,14.51,14.52,14.1,14.19,817800
20120103,14.2,14.53,14.08,14.38,1267400
20120104,14.3,15.02,14.28,15.02,1347400
20120105,14.99,15.09,14.63,14.72,1117900
20120106,14.75,14.82,14.49,14.58,637500
20120109,14.61,14.75,14.51,14.66,630300
20120110,14.71,14.78,14.33,14.37,743800
20120111,14.37,14.49,14.12,14.16,462800
20120112,14.24,14.24,14,14.17,989100
20120113,14.11,14.17,13.93,14.17,758100
20120116,14.2,14.27,14.1,14.27,564800
20120117,14.43,14.43,14.07,14.21,1023000
20120118,14.21,14.41,14.03,14.3,1307300
20120119,14.44,14.46,14.14,14.14,771100
20120120,14.22,14.25,14.11,14.13,666900
20120123,14.19,14.24,13.77,13.77,1210700
20120124,13.83,13.87,13.68,13.84,793000
20120126,13.87,13.99,13.74,13.95,1120600
20120127,13.96,14.11,13.94,14.05,511800
20120130,14.04,14.25,14.02,14.18,557600
20120131,14.25,14.43,14.15,14.43,767600
20120201,14.43,14.57,14.16,14.29,1086600
20120202,14.3,14.35,13.98,14.04,804500
20120203,14.04,14.19,13.98,14.18,651200
20120206,14.15,14.32,14.12,14.31,423900
20120207,14.32,14.41,14.27,14.41,726900
20120208,14.38,14.55,14.36,14.55,768200
20120209,14.47,14.71,14.47,14.67,923700
20120210,14.67,15.29,14.62,15.27,2902000
20120213,15.27,15.27,14.98,15.14,744200
20120214,15.12,15.15,14.63,14.69,1006200
20120215,14.82,15.26,14.75,15.16,1071100
20120216,15.05,15.56,15.05,15.52,777400
20120217,15.69,15.69,15.5,15.56,569900
20120222,15.37,15.38,15.21,15.24,439100
20120223,15.15,15.25,14.85,14.94,788400
20120224,14.9,15.28,14.9,15.25,912900
20120227,15.27,15.27,14.86,14.87,438300
20120228,14.8,15.13,14.8,14.91,949500
20120229,14.79,15.02,14.72,15.02,988800
20120301,15.02,15.02,14.8,14.94,562400
20120302,14.98,15.18,14.9,15.18,500700
20120305,15.16,15.27,14.95,15.27,607200
20120306,15.19,15.19,14.91,14.94,742500
20120307,15.03,15.15,14.9,15.09,598500
20120308,15.2,15.23,14.84,14.84,763500
20120309,14.86,14.89,14.69,14.71,806000
20120312,14.6,14.79,14.56,14.74,577100
20120313,14.82,15.03,14.68,15.03,901300
20120314,15.02,15.11,14.55,14.73,1047700
20120315,14.68,14.76,14.07,14.08,1098900
20120316,14.2,14.39,14,14.39,1099100
20120319,14.34,14.34,14.2,14.27,1056300
20120320,14.23,14.28,14.07,14.18,722000
20120321,14.18,14.24,13.91,13.91,621300
20120322,13.91,14.07,13.83,13.87,639300
20120323,13.96,14.04,13.85,14.01,823600
20120326,14.04,14.11,13.88,14.02,1095000
20120327,14.01,14.17,13.94,14.12,727400
20120328,14.14,14.2,14.04,14.14,1094700
20120329,14.11,14.12,13.85,13.89,832100
20120330,13.91,13.97,13.57,13.78,855300
20120402,13.81,14.03,13.59,13.97,784500
20120403,13.98,14.02,13.3,13.42,1811800
20120404,13.34,13.55,13.18,13.5,939800
20120405,13.47,13.56,13.25,13.25,372500
20120409,13.02,13.18,12.97,13,491400
20120410,13,13,12.74,12.77,836600
20120411,12.78,12.85,12.64,12.64,793500
20120412,12.73,12.95,12.61,12.95,732300
20120413,12.86,12.97,12.6,12.72,467600
20120416,12.85,12.93,12.39,12.58,666200
20120417,12.94,13.57,12.89,13.54,2605000
20120418,13.55,13.77,13.07,13.13,2058500
20120419,13.11,13.16,12.88,12.92,576000
20120420,13.03,13.07,12.74,12.74,882100
20120423,12.62,13.07,12.61,12.99,1432900
20120424,13.01,13.31,13.01,13.3,1503400
20120425,13.57,13.75,13.08,13.13,1607600
20120426,13.18,13.22,12.9,13.02,3578700
20120427,13.06,13.13,12.98,12.98,3306400
20120430,13.06,13.13,12.99,13.1,1053800
20120502,13.12,13.32,12.93,13.17,1589700
20120503,13.18,13.27,12.95,12.95,1124900
20120504,12.99,13.09,12.86,12.86,1794500
20120507,12.98,13.09,12.92,13.01,910200
20120508,13,13.04,12.86,12.9,1320200
20120509,12.79,12.94,12.79,12.89,667700
20120510,12.92,13.09,12.92,13.09,923700
20120511,13.06,13.15,12.95,13.02,715400
20120514,13.01,13.09,12.6,12.64,1173000
20120515,12.71,12.84,12.47,12.59,1240000
20120516,12.84,12.94,12.55,12.89,1499400
20120517,12.93,13.1,12.66,12.74,1842000
20120518,12.78,12.94,12.49,12.55,1933400
20120521,12.69,12.69,12.12,12.17,1997100
20120522,12.16,12.16,11.83,11.93,1653300
20120523,11.82,12.07,11.41,11.59,1789500
20120524,11.64,11.72,11.31,11.49,1228300
20120525,11.47,11.58,11.27,11.27,977400
20120528,11.27,11.68,11.22,11.58,615000
20120529,11.56,11.73,11.07,11.12,1406400
20120530,11.13,11.43,11.05,11.37,2671900
20120531,11.28,11.72,11.28,11.62,1698600
20120601,11.55,11.55,11.31,11.39,1372400
20120604,11.38,11.63,11.38,11.46,1046800
20120605,11.53,11.6,11.21,11.23,1064100
20120606,11.33,11.65,11.27,11.64,1925900
20120608,11.58,12.05,11.47,11.99,2268200
20120611,12.01,12.05,11.76,11.8,1375100
20120612,11.78,12.17,11.78,12.15,954300
20120613,12.08,12.32,12,12.31,1761500
20120614,12.22,12.32,12.06,12.28,1148000
20120615,12.27,13.1,12.17,12.6,6913000
20120618,12.4,12.56,12.29,12.39,1135500
20120619,12.52,12.69,12.3,12.4,2053400
20120620,12.47,12.52,12.25,12.5,1019300
20120621,12.5,12.55,12.31,12.43,776300
20120622,12.42,12.54,12.04,12.05,771600
20120625,12.04,12.05,11.9,11.95,720000
20120626,11.98,12.11,11.86,11.97,1055900
20120627,11.96,12.37,11.96,12.19,1208200
20120628,12.19,12.47,12.16,12.31,954100
20120629,12.4,12.56,12.31,12.47,853800
20120702,12.33,12.57,12.33,12.49,726600
20120703,12.54,12.77,12.31,12.77,1225600
20120704,12.74,12.94,12.67,12.85,527900
20120705,12.9,13,12.65,12.79,640200
20120706,12.73,12.92,12.29,12.34,741600
20120710,12.31,12.36,12.04,12.08,838800
20120711,12.08,12.12,11.77,11.89,743700
20120712,11.95,12.12,11.84,11.98,589100
20120713,11.95,12.07,11.86,11.91,721200
20120716,12.01,12.11,11.71,11.87,771400
20120717,12.03,12.08,11.75,12.04,869600
20120718,12.02,12.25,11.91,12.21,475900
20120719,12.3,12.47,12.11,12.29,700900
20120720,12.18,12.33,11.99,12.04,439500
20120723,11.78,11.98,11.62,11.74,925400
20120724,11.81,11.81,11.59,11.61,707700
20120725,11.77,11.8,11.56,11.6,721200
20120726,11.72,11.73,11.34,11.48,1121800
20120727,11.56,12.33,11.55,12.22,1538700
20120730,12.08,12.36,12.08,12.36,494700
20120731,12.35,12.54,12.13,12.39,878300
20120801,12.4,12.69,12.29,12.49,1117100
20120802,12.36,12.43,12.02,12.19,635100
20120803,12.56,12.65,12.37,12.65,1005100
20120806,12.61,12.96,12.56,12.83,677500
20120807,12.74,13.04,12.74,12.95,972200
20120808,12.96,13.22,12.93,13.18,811800
20120809,12.96,13.35,12.96,13.35,903300
20120810,13.18,13.36,13.18,13.31,966800
20120813,13.35,13.43,13.21,13.32,754300
20120814,13.32,13.49,13.25,13.3,1017300
20120815,13.39,13.7,13.39,13.69,1676400
20120816,13.88,13.88,13.57,13.77,630900
20120817,13.78,13.88,13.39,13.44,1318700
20120820,13.55,14.09,13.45,13.95,1202000
20120821,13.92,14.06,13.53,13.59,484800
20120822,13.66,13.83,13.4,13.72,1423000
20120823,13.55,13.68,13.14,13.3,1147700
20120824,13.3,13.39,13.12,13.22,1145200
20120827,13.13,13.28,13,13.18,872000
20120828,13.25,13.39,13.05,13.37,832600
20120829,13.28,13.33,12.98,13.04,1777200
20120830,13.04,13.14,12.41,12.41,2047700
20120831,11.51,12.17,11.29,11.4,7735200
20120903,11.29,11.81,11.29,11.47,1565000
20120904,11.47,11.53,11.27,11.46,5555700
20120905,11.49,11.68,11.4,11.57,1198100
20120906,11.65,11.76,11.42,11.42,1707900
20120910,11.51,11.59,11.33,11.37,2224500
20120911,11.41,11.61,10.75,10.75,4314200
20120912,10.02,10.66,9.58,10.24,8955400
20120913,10.13,10.76,10.13,10.69,2420500
20120914,10.77,10.94,10.66,10.85,2860200
20120917,10.85,11.04,10.85,10.92,2072100
20120918,10.96,10.97,10.77,10.89,3284200
20120919,10.92,10.99,10.58,10.61,1626700
20120920,10.59,10.86,10.51,10.75,1701000
20120921,10.73,10.98,10.57,10.57,1817300
20120924,10.64,10.78,10.56,10.78,1392000
20120925,10.77,10.87,10.7,10.75,1863000
20120926,10.64,10.8,10.59,10.79,2088000
20120927,10.8,10.85,10.65,10.78,4823900
20120928,10.77,10.77,10.55,10.59,2163500
20121001,10.64,10.77,10.61,10.7,1391200
20121002,10.75,10.77,10.64,10.66,1207400
20121003,10.7,10.7,10.43,10.46,1177300
20121004,10.48,10.52,9.97,10.15,1980500
20121005,10.21,10.52,10.17,10.4,1282600
20121008,10.36,10.62,10.27,10.38,1073300
20121009,10.43,10.46,10.26,10.31,1057600
20121010,10.42,10.49,10.24,10.26,953600
20121011,10.4,10.53,10.29,10.29,934600
20121015,10.46,10.62,10.33,10.44,1976500
20121016,10.44,10.66,10.41,10.41,1150400
20121017,10.5,10.53,10.07,10.2,2756500
20121018,10.11,10.57,10.11,10.44,2582600
20121019,10.42,10.58,10.29,10.43,908800
20121022,10.43,10.58,10.33,10.48,477000
20121023,10.5,10.59,10.27,10.42,1439700
20121024,10.37,10.44,10.17,10.17,726300
20121025,10.17,10.29,10.14,10.19,1547600
20121026,10.08,10.24,10,10.08,1365800
20121029,10.1,10.14,9.72,9.72,578500
20121030,9.76,9.87,9.76,9.76,450300
20121031,9.81,10.09,9.76,9.76,1435900
20121101,9.89,10.21,9.79,10.14,1160700
20121105,9.37,9.72,9.32,9.66,2496100
20121106,9.66,9.74,9.33,9.54,2131700
20121107,9.53,9.57,9.18,9.21,1952800
20121108,9.24,9.29,8.99,9.02,1550600
20121109,9.1,9.12,8.8,8.8,1408100
20121112,8.82,8.89,8.51,8.55,736500
20121113,8.52,8.73,8.06,8.66,2732200
20121114,8.66,8.66,8.27,8.3,2185600
20121116,8.05,8.28,7.8,8.1,3734100
20121119,7.8,8.04,7.01,7.01,4896400
20121121,6.57,6.65,5.7,5.91,12212600
20121122,5.92,5.92,5.28,5.39,11425900
20121123,5.52,6.02,5.43,5.8,12905800
20121126,5.97,6.51,5.89,5.98,6578600
20121127,6.21,6.34,5.83,5.95,9875200
20121128,6.06,6.14,5.83,5.97,2947800
20121129,6.05,6.08,5.57,5.73,5126700
20121130,6.74,6.81,6.08,6.69,9411000
20121203,6.61,6.91,6.38,6.52,4298900
20121204,6.58,6.96,6.28,6.39,3741900
20121205,6.48,6.49,5.88,6.04,4005200
20121206,6.08,6.1,5.79,5.88,3036100
20121207,5.91,6,5.79,5.84,1944400
20121210,5.84,5.84,5.65,5.66,1910300
20121211,5.73,6.02,5.67,5.96,4931600
20121212,5.99,6.1,5.83,5.83,3786400
20121213,5.83,5.84,5.7,5.77,1670700
20121214,5.83,5.92,5.75,5.81,1148000
20121217,5.84,5.91,5.77,5.82,1333000
20121218,5.84,5.86,5.78,5.82,1904600
20121219,5.83,5.89,5.64,5.64,1983100
20121220,5.67,5.75,5.53,5.56,1436000
20121221,5.57,5.79,5.43,5.77,3059300
20121226,5.75,5.81,5.62,5.69,1800800
20121227,5.67,5.71,5.44,5.53,2342400
20121228,5.52,5.68,5.49,5.54,2450800
20130102,5.73,5.89,5.63,5.89,3018800
20130103,5.85,6.11,5.77,6.11,3176400
20130104,6.08,6.43,6,6.2,9800200
20130107,6.21,6.32,6.02,6.12,3930300
20130108,6.04,6.07,5.6,5.6,3692700
20130109,5.69,5.81,5.64,5.76,2811700
20130110,5.83,5.9,5.73,5.77,2787700
20130111,5.77,5.81,5.64,5.7,2322500
20130114,5.77,5.85,5.7,5.73,1628300
20130115,5.73,5.85,5.66,5.78,3991000
20130116,5.77,5.97,5.77,5.92,2398400
20130117,5.98,6.27,5.93,6.12,3271500
20130118,6.22,6.41,6.17,6.41,2691200
20130121,6.43,6.78,6.34,6.74,2925200
20130122,6.78,7.13,6.76,7.09,4036400
20130123,7.11,7.38,6.72,6.86,4625000
20130124,6.75,6.77,6.3,6.34,4329900
20130128,6.34,6.48,6.11,6.13,2797800
20130129,6.15,6.28,6.12,6.17,1443900
20130130,6.26,6.34,6.05,6.13,1958700
20130131,6.14,6.23,5.98,6.23,2178000
20130201,6.25,6.36,6.17,6.23,1679900
20130204,6.2,6.25,6.1,6.11,1149500
20130205,6.16,6.2,6.07,6.16,1050500
20130206,6.1,6.2,5.92,6.11,1595100
20130207,6.13,6.17,5.92,5.95,1257700
20130208,5.97,6.12,5.88,5.99,1180500
20130213,5.99,6.15,5.88,6.1,1848300
20130214,6.04,6.11,5.98,6.02,802300
20130215,6.06,6.13,5.95,5.95,950200
20130218,5.96,5.98,5.8,5.81,729600
20130219,5.84,5.92,5.74,5.8,2189800
20130220,5.77,5.84,5.56,5.56,1317200
20130221,5.56,5.63,5.38,5.44,2421200
20130222,5.52,5.54,5.35,5.36,2024100
20130225,5.42,5.56,5.36,5.49,1454000
20130226,5.56,5.84,5.49,5.72,2089400
20130227,5.77,6.06,5.74,6,2056000
20130228,6,6.19,5.99,6.08,2586900
20130301,6.02,6.05,5.84,5.99,2149700
20130304,5.9,6.1,5.79,5.89,1548600
20130305,5.92,6.03,5.74,5.74,1313300
20130306,5.86,6.21,5.84,6.07,2426000
20130307,6.2,6.59,6.17,6.51,2763400
20130308,6.62,6.62,6.31,6.39,1489700
20130311,6.3,6.41,6.27,6.38,1295200
20130312,6.38,6.56,6.35,6.43,1749400
20130313,6.44,6.54,6.26,6.34,1769900
20130314,6.39,6.43,6.01,6.01,2020700
20130315,6.04,6.11,5.89,5.92,2368500
20130318,5.94,5.96,5.82,5.91,1018900
20130319,5.96,6.05,5.84,5.92,1427100
20130320,5.95,5.95,5.63,5.7,2544100
20130321,5.73,5.75,5.51,5.54,1996000
20130322,5.56,5.72,5.54,5.58,1382400
20130325,5.6,5.68,5.56,5.6,751100
20130326,5.61,5.8,5.52,5.55,1987400
20130327,5.56,5.63,5.42,5.47,1960700
20130328,5.62,6.18,5.62,6.12,6366200
20130401,6.1,6.24,6,6.08,2093700
20130402,6.09,6.16,5.84,5.84,1934800
20130403,5.84,5.94,5.68,5.78,2232100
20130404,5.85,5.85,5.56,5.64,2279600
20130405,5.69,5.77,5.58,5.66,2469700
20130408,5.65,5.7,5.44,5.51,1865300
20130409,5.56,5.6,5.47,5.5,1421500
20130410,5.56,5.64,5.47,5.47,2249000
20130411,5.51,5.52,5.31,5.42,2183600
20130412,5.47,5.51,5.26,5.32,1881700
20130415,5.28,5.28,4.91,4.91,2999200
20130416,5.04,5.11,4.91,4.93,2377400
20130417,4.81,4.93,4.63,4.68,4092900
20130418,4.72,4.72,4.46,4.57,2965100
20130419,4.62,4.65,4.56,4.65,1374000
20130422,4.68,4.83,4.56,4.74,1820500
20130423,4.8,4.86,4.75,4.84,2180300
20130424,4.75,4.88,4.73,4.79,2015000
20130425,4.86,4.92,4.71,4.72,2128600
20130426,4.75,4.75,4.55,4.6,2114400
20130429,4.68,4.72,4.55,4.58,2569900
20130430,4.6,4.77,4.59,4.75,5403400
20130502,4.93,4.99,4.77,4.85,4424300
20130503,4.93,4.96,4.75,4.77,4795800
20130506,4.8,4.81,4.54,4.64,6439700
20130507,4.59,4.71,4.59,4.67,1378500
20130508,4.75,4.78,4.59,4.64,2083200
20130509,4.69,4.72,4.56,4.6,1740200
20130510,4.61,4.62,4.54,4.58,3079400
20130513,4.55,4.59,4.47,4.47,1720800
20130514,4.49,4.52,4.35,4.4,3301200
20130515,4.35,4.48,4.35,4.46,1495100
20130516,4.42,4.92,4.41,4.9,6263200
20130517,4.92,5.25,4.79,4.79,5171800
20130520,4.85,4.98,4.62,4.97,3988000
20130521,4.92,5.29,4.91,5.26,2903600
20130522,5.28,5.8,5.27,5.65,4842000
20130523,5.53,5.91,5.4,5.73,3957400
20130524,5.7,5.89,5.68,5.85,3364300
20130527,5.87,5.87,5.75,5.79,680900
20130528,5.84,5.96,5.84,5.96,2207200
20130529,5.9,5.94,5.64,5.64,2857500
20130531,5.63,5.63,5.2,5.35,3298300
20130603,5.35,5.56,5.21,5.44,2485700
20130604,5.5,5.51,5.26,5.31,1539100
20130605,5.25,5.37,5.07,5.09,1710700
20130606,5.14,5.14,4.95,5.1,1795100
20130607,4.92,4.98,4.69,4.78,2938200
20130610,4.73,4.82,4.66,4.77,1695200
20130611,4.71,4.74,4.54,4.57,2160700
20130612,4.67,4.69,4.32,4.46,3653600
20130613,4.36,4.8,4.35,4.74,2071300
20130614,4.77,4.79,4.47,4.48,3051400
20130617,4.52,4.67,4.51,4.57,1922500
20130618,4.53,4.79,4.46,4.76,2290300
20130619,4.8,4.86,4.47,4.54,3012300
20130620,4.49,4.59,4.26,4.51,3975500
20130621,4.42,4.46,4.27,4.4,5166300
20130624,4.32,4.39,4.19,4.29,2423000
20130625,4.4,4.4,4.28,4.37,1526000
20130626,4.41,4.46,4.31,4.31,1270100
20130627,4.38,4.47,4.31,4.41,1496300
20130628,4.35,4.43,4.3,4.4,2175300
20130701,4.38,4.44,4.32,4.33,1225400
20130702,4.34,4.35,4.16,4.24,2418400
20130703,4.17,4.38,4.11,4.17,1845700
20130704,4.28,4.33,4.21,4.23,2325000
20130705,4.21,4.27,4.07,4.17,3134100
20130708,4.18,4.27,4.17,4.2,1800500
20130710,4.29,4.33,4.23,4.29,1563100
20130711,4.4,4.49,4.31,4.49,2102500
20130712,4.49,4.59,4.4,4.52,2129700
20130715,4.52,4.73,4.52,4.64,1511700
20130716,4.72,4.78,4.56,4.59,1451500
20130717,4.64,4.76,4.57,4.57,1277300
20130718,4.54,4.68,4.47,4.47,1753900
20130719,4.44,4.44,4.2,4.37,3525100
20130722,4.42,4.64,4.4,4.56,1572900
20130723,4.61,4.65,4.53,4.58,1268700
20130724,4.63,4.65,4.46,4.49,1372800
20130725,4.46,4.65,4.46,4.62,1988100
20130726,4.64,4.69,4.6,4.69,1389000
20130729,4.67,4.7,4.57,4.62,1111600
20130730,4.64,4.65,4.45,4.46,3110500
20130731,4.4,4.43,4.31,4.33,1701600
20130801,4.38,4.42,4.28,4.42,2170100
20130802,4.4,4.47,4.28,4.28,2579700
20130805,4.28,4.44,4.28,4.36,1993500
20130806,4.39,4.42,4.21,4.21,2858600
20130807,4.22,4.28,4.17,4.22,1426100
20130808,4.25,4.43,4.15,4.39,2598100
20130809,4.44,4.63,4.38,4.56,3094200
20130812,4.6,4.9,4.56,4.67,4108000
20130813,4.79,4.79,4.65,4.7,2854600
20130814,4.71,4.85,4.69,4.74,7820600
20130815,4.69,4.79,4.55,4.7,3675800
20130816,4.71,4.82,4.62,4.78,2862700
20130819,4.75,4.88,4.67,4.7,2944600
20130820,4.69,4.73,4.59,4.59,2583600
20130821,4.58,4.75,4.58,4.64,2347900
20130822,4.67,4.78,4.66,4.73,1774900
20130823,4.75,4.81,4.69,4.78,2516700
20130826,4.78,4.8,4.64,4.64,1915400
20130827,4.64,4.68,4.55,4.61,2395800
20130828,4.64,4.77,4.62,4.64,3297200
20130829,4.66,4.79,4.66,4.68,2575700
20130830,4.72,4.74,4.61,4.68,4152600
20130902,4.78,4.97,4.75,4.92,3966300
20130903,4.96,5.09,4.94,4.99,4449200
20130904,5,5.07,4.92,4.98,2963300
20130905,4.98,5.18,4.98,5.16,2234000
20130906,5.19,5.36,5.11,5.31,5280100
20130909,5.34,5.85,5.3,5.79,6762700
20130910,5.87,5.89,5.71,5.82,3968300
20130911,5.81,5.88,5.7,5.77,4323300
20130912,5.77,5.82,5.68,5.69,2957800
20130913,5.71,5.81,5.68,5.73,2615000
20130916,5.77,5.87,5.68,5.68,1946000
20130917,5.69,5.89,5.69,5.89,2391100
20130918,5.9,6.07,5.72,6,3267500
20130919,6.05,6.06,5.82,5.82,2932500
20130920,5.81,5.9,5.8,5.81,2385900
20130923,5.85,5.96,5.81,5.9,2119400
20130924,5.94,5.97,5.87,5.87,2195800
20130925,5.87,5.91,5.81,5.88,1809700
20130926,5.89,5.99,5.85,5.87,1631300
20130927,5.87,5.96,5.87,5.91,1166900
20130930,5.88,5.96,5.87,5.91,2742800
20131001,5.96,6.15,5.91,6.04,3099500
20131002,6.06,6.22,6.03,6.14,2639100
20131003,6.19,6.31,6.15,6.31,2307300
20131004,6.29,6.38,6.21,6.27,2971600
20131007,6.29,6.36,6.23,6.36,1634300
20131008,6.34,6.37,6.21,6.25,2729600
20131009,6.26,6.26,5.96,6.08,3033100
20131010,6.2,6.43,6.13,6.41,2726100
20131011,6.43,6.48,6.33,6.37,1820800
20131014,6.34,6.67,6.34,6.65,2353000
20131015,6.69,6.93,6.52,6.78,4028900
20131016,6.83,6.96,6.6,6.78,3629000
20131017,6.78,6.86,6.73,6.79,1233800
20131018,6.84,6.99,6.82,6.92,1625100
20131021,6.93,7.14,6.93,7,2057400
20131022,7.03,7.16,7.03,7.14,1440400
20131023,7.15,7.21,6.94,6.97,2193300
20131024,7.02,7.05,6.74,6.78,1766900
20131025,6.81,6.96,6.77,6.78,1099300
20131028,6.77,6.99,6.76,6.95,1454200
20131029,6.98,7.07,6.86,6.95,1354200
20131030,6.96,6.99,6.67,6.72,2147500
20131031,6.73,6.86,6.62,6.72,2925100
20131101,6.72,6.78,6.36,6.39,3578700
20131104,6.43,6.48,6.36,6.39,1954800
20131105,6.43,6.44,6.06,6.06,2752200
20131106,6.03,6.04,5.75,5.79,4783800
20131107,5.76,6.01,5.74,5.77,3931700
20131108,5.82,5.87,5.67,5.68,2314200
20131111,5.69,5.72,5.51,5.64,2097000
20131112,5.61,5.77,5.58,5.7,2988600
20131113,5.7,5.85,5.6,5.82,2157300
20131114,5.85,5.92,5.79,5.85,2044400
20131118,5.68,5.92,5.63,5.91,3462300
20131119,5.87,5.96,5.58,5.58,3743500
20131121,5.5,5.74,5.31,5.68,2826000
20131122,5.65,5.83,5.6,5.74,2148800
20131125,5.78,5.9,5.64,5.78,2374400
20131126,5.77,5.82,5.59,5.62,3529500
20131127,5.64,5.67,5.53,5.59,3155900
20131128,5.64,5.71,5.47,5.5,1515800
20131129,5.54,5.67,5.54,5.6,1627500
20131202,5.53,5.61,5.45,5.49,2436900
20131203,5.41,5.55,5.35,5.41,4117900
20131204,5.43,5.51,5.35,5.38,1776300
20131205,5.47,5.63,5.42,5.51,2400400
20131206,5.6,5.66,5.42,5.63,2712700
20131209,5.68,5.71,5.55,5.67,1486300
20131210,5.69,5.75,5.6,5.67,1288100
20131211,5.67,5.71,5.52,5.58,2206800
20131212,5.59,5.65,5.51,5.59,2069100
20131213,5.62,5.65,5.5,5.5,1447600
20131216,5.53,5.71,5.51,5.58,1712500
20131217,5.57,5.66,5.49,5.5,2032100
20131218,5.56,5.71,5.54,5.61,3935000
20131219,5.73,5.75,5.63,5.72,1385200
20131220,5.74,5.77,5.63,5.71,2068600
20131223,5.72,5.76,5.69,5.69,1717600
20131226,5.69,5.75,5.65,5.68,1357000
20131227,5.68,5.71,5.63,5.63,1199400
20131230,5.67,5.74,5.55,5.55,1440500
20140102,5.59,5.59,5.21,5.24,3921400
20140103,5.24,5.63,5.24,5.63,10658700
20140106,5.63,5.82,5.49,5.76,2744000
20140107,5.79,5.87,5.59,5.59,2382200
20140108,5.62,5.67,5.54,5.54,1876100
20140109,5.55,5.57,5.43,5.48,2212500
20140110,5.48,5.53,5.45,5.46,1643000
20140113,5.5,5.52,5.44,5.47,791800
20140114,5.49,5.49,5.35,5.43,2441300
20140115,5.43,5.45,5.3,5.35,3649400
20140116,5.36,5.39,5.08,5.13,1834000
20140117,5.17,5.22,5.12,5.12,1768300
20140120,5.15,5.21,5.09,5.14,1456200
20140121,5.19,5.21,5.07,5.09,1795300
20140122,5.14,5.18,5.04,5.1,1757100
20140123,5.13,5.15,4.98,4.98,1388100
20140124,4.97,4.99,4.85,4.88,1813100
20140127,4.94,4.99,4.8,4.94,1816700
20140128,4.97,5.04,4.97,4.97,1403900
20140129,4.94,4.99,4.89,4.89,1756400
20140130,4.9,5,4.85,4.85,2286400
20140131,4.86,4.95,4.84,4.94,3531700
20140203,4.87,4.96,4.73,4.76,2054300
20140204,4.81,4.89,4.73,4.75,2915900
20140205,4.78,4.81,4.63,4.72,1818400
20140206,4.78,4.97,4.7,4.78,2239200
20140207,4.81,4.88,4.74,4.86,2782500
20140210,4.82,4.88,4.73,4.73,2912800
20140211,4.77,4.84,4.72,4.79,1935000
20140212,4.86,4.86,4.79,4.8,1484200
20140213,4.78,4.82,4.65,4.8,1370800
20140214,4.83,4.87,4.76,4.77,1015800
20140217,4.77,4.77,4.49,4.5,1744800
20140218,4.52,4.54,4.32,4.32,3662500
20140219,4.32,4.51,4.3,4.46,1980700
20140220,4.44,4.58,4.38,4.52,1174700
20140221,4.54,4.69,4.47,4.64,1235500
20140224,4.63,4.64,4.47,4.49,1613500
20140225,4.47,4.53,4.45,4.51,1851300
20140226,4.64,4.65,4.47,4.47,2226000
20140227,4.51,4.79,4.51,4.73,2299900
20140228,4.78,4.82,4.64,4.73,2441700
20140305,4.75,4.77,4.64,4.64,1334800
20140306,4.67,4.67,4.59,4.64,1812400
20140307,4.64,4.66,4.4,4.42,2686600
20140310,4.44,4.46,4.32,4.38,1614900
20140311,4.38,4.56,4.38,4.45,1902700
20140312,4.46,4.71,4.45,4.68,3055600
20140313,4.7,4.88,4.69,4.79,2615200
20140314,4.84,4.86,4.58,4.63,2634900
20140317,4.64,4.72,4.64,4.7,1855700
20140318,4.67,4.97,4.65,4.93,2340200
20140319,4.87,5.27,4.87,5.23,2487100
20140320,5.2,5.8,5.11,5.46,5846900
20140321,5.14,5.54,5.14,5.44,4761800
20140324,5.49,5.64,5.42,5.6,1733600
20140325,5.54,5.59,5.43,5.5,3346700
20140326,5.53,5.58,5.43,5.48,1557700
20140327,5.54,6.13,5.54,6.02,6890900
20140328,6.08,6.27,5.94,5.96,5364200
20140331,5.99,6.26,5.97,6.25,3375000
20140401,6.28,6.41,5.98,6.39,3730000
20140402,6.42,6.99,6.37,6.67,5000300
20140403,6.66,6.95,6.58,6.93,4233700
20140404,6.99,7.1,6.78,6.79,3943600
20140407,7,7.05,6.9,7,3011500
20140408,7.11,7.19,6.83,6.91,4096400
20140409,6.92,6.94,6.31,6.45,4577100
20140410,6.43,6.8,6.41,6.62,3385900
20140411,6.6,6.76,6.52,6.71,1604300
20140414,6.7,6.87,6.6,6.87,1519600
20140415,6.84,6.94,6.75,6.81,2963700
20140416,6.89,7.08,6.86,7.03,2752800
20140417,7.09,7.33,6.91,7.26,2874100
20140422,7.24,7.55,7.22,7.48,3728100
20140423,7.46,7.56,7.42,7.5,2176000
20140424,7.53,7.54,7.38,7.46,1442200
20140425,7.41,7.48,7.14,7.25,2407700
20140428,7.21,7.33,7.1,7.29,2523400
20140429,7.34,7.56,7.34,7.55,3047200
20140430,7.55,7.57,7.2,7.36,4910500
20140502,7.4,7.55,7.28,7.55,4755500
20140505,7.48,7.9,7.45,7.72,2795800
20140506,7.76,7.83,7.68,7.78,1687000
20140507,7.7,7.85,7.47,7.53,4993100
20140508,7.53,7.63,7.35,7.52,1569000
20140509,7.56,7.64,6.89,6.95,3206900
20140512,6.99,7.36,6.84,7.22,2257800
20140513,7.22,7.44,7.22,7.34,1523000
20140514,7.45,7.54,7.34,7.54,1664900
20140515,7.54,7.54,7.13,7.16,2675800
20140516,7.34,7.53,7.33,7.33,1683100
20140519,7.32,7.32,7.11,7.15,1433600
20140520,7.15,7.3,6.93,6.93,1743400
20140521,6.97,7.08,6.73,6.83,1740600
20140522,6.89,7.02,6.84,6.93,1145800
20140523,6.97,7.03,6.85,6.89,761200
20140526,6.95,6.95,6.85,6.9,437700
20140527,6.88,6.92,6.66,6.7,1094000
20140528,6.7,6.77,6.52,6.69,1614200
20140529,6.66,6.79,6.66,6.73,576000
20140530,6.75,6.78,6.59,6.59,1084600
20140602,6.65,6.73,6.55,6.56,911700
20140603,6.56,6.69,6.5,6.64,1350800
20140604,6.65,6.65,6.57,6.61,710200
20140605,6.65,6.65,6.53,6.54,1251300
20140606,6.88,7.23,6.77,7.15,4766700
20140609,7.16,7.44,6.98,7.23,3452100
20140610,7.25,7.36,7.18,7.3,1860200
20140611,7.42,7.5,7.04,7.1,3820900
20140613,7.09,7.15,6.95,6.99,1777300
20140616,7.06,7.09,6.81,6.89,2158500
20140617,6.89,6.93,6.75,6.75,1300000
20140618,6.78,6.99,6.75,6.97,2049400
20140620,6.9,6.9,6.58,6.58,3826200
20140623,6.61,6.7,6.53,6.55,1072900
20140624,6.55,6.69,6.45,6.52,2459500
20140625,6.48,6.64,6.42,6.51,3301200
20140626,6.54,6.58,6.46,6.51,1250200
20140627,6.51,6.53,6.31,6.44,885900
20140630,6.45,6.47,6.3,6.39,1803600
20140701,6.42,6.44,6.12,6.15,2372700
20140702,6.15,6.23,6.11,6.2,946400
20140703,6.15,6.22,6.05,6.2,1120200
20140704,6.2,6.29,6.17,6.23,349800
20140707,6.19,6.38,6.16,6.38,998700
20140708,6.41,6.45,6.32,6.39,681400
20140710,6.53,6.56,6.31,6.35,2275600
20140711,6.37,6.38,6.27,6.29,1229800
20140714,6.31,6.61,6.31,6.57,3643700
20140715,6.6,6.68,6.58,6.66,1686400
20140716,6.77,6.77,6.43,6.53,1607000
20140717,6.53,6.61,6.42,6.45,1672400
20140718,6.67,6.86,6.53,6.85,5321300
20140721,6.8,6.99,6.75,6.95,1895400
20140722,7.03,7.15,6.8,6.84,3995300
20140723,6.74,6.76,6.56,6.58,2011400
20140724,6.58,6.69,6.58,6.62,2060200
20140725,6.64,6.65,6.55,6.58,1019000
20140728,6.6,6.64,6.37,6.39,1693400
20140729,6.37,6.41,6.25,6.37,1066300
20140730,6.39,6.43,6.28,6.34,1111600
20140731,6.26,6.3,6.2,6.25,1761500
20140801,6.23,6.32,6.19,6.29,2129100
20140804,6.25,6.4,6.22,6.4,1172800
20140805,6.38,6.46,6.31,6.37,1896000
20140806,6.35,6.49,6.31,6.47,2604400
20140807,6.51,6.52,6.41,6.49,1290200
20140808,6.47,6.64,6.41,6.62,1451900
20140811,6.62,6.78,6.62,6.71,1342900
20140812,6.57,6.78,6.56,6.64,1180100
20140813,6.64,6.71,6.45,6.49,2557500
20140814,6.49,6.62,6.4,6.58,1645800
20140815,6.62,6.85,6.62,6.82,3101100
20140818,6.95,6.98,6.79,6.8,1385800
20140819,6.8,6.89,6.75,6.88,1266300
20140820,6.9,7.09,6.83,7.08,2048900
20140821,7.04,7.26,7.04,7.21,4012300
20140822,7.17,7.26,7.13,7.17,1031500
20140825,7.25,7.35,7.18,7.33,2342100
20140826,7.33,7.53,7.32,7.51,2223000
20140827,7.54,8.14,7.54,8,4758700
20140828,7.88,8.08,7.59,7.74,4685700
20140829,7.75,8.18,7.64,8.15,4679100
20140901,8.3,8.88,8.3,8.6,5133000
20140902,8.56,8.73,8.32,8.35,3898200
20140903,8.44,8.65,8.15,8.28,4331600
20140904,8.1,8.25,7.9,7.95,3239200
20140905,7.93,8.09,7.7,7.81,1803400
20140908,8,8.18,7.42,7.5,3725200
20140909,7.39,7.7,7.28,7.29,3965000
20140910,7.27,7.38,7.09,7.35,3202700
20140911,7.46,7.56,7.34,7.39,2654500
20140912,7.26,7.43,7.18,7.34,3061500
20140915,7.38,7.41,7.2,7.28,1602100
20140916,7.34,7.75,7.24,7.65,3684900
20140917,7.85,7.99,7.82,7.86,2720200
20140918,7.84,7.84,7.58,7.74,1547300
20140919,7.61,7.79,7.42,7.57,2601100
20140922,7.45,7.45,7.05,7.27,2655600
20140923,7.2,7.31,7.07,7.1,1834900
20140924,7.1,7.14,6.96,7.06,2248700
20140925,7.1,7.13,6.98,7.04,1155500
20140926,7.03,7.44,7.02,7.33,1812200
20140929,6.81,7.14,6.81,6.88,1801000
20140930,6.9,6.92,6.51,6.56,3925300
20141001,6.5,6.53,6.22,6.3,1968200
20141002,6.36,6.43,6.16,6.21,2332800
20141003,6.3,6.39,6.21,6.35,1886000
20141006,7.3,7.44,6.79,6.94,5758700
20141007,7.08,7.27,6.95,7.16,3278100
20141008,7.3,7.35,6.87,7.01,3719100
20141009,7.23,7.25,7.04,7.08,2102300
20141010,7,7.06,6.66,6.74,2299900
20141013,7.08,7.27,6.95,7.15,4318600
20141014,7.05,7.15,6.85,7.07,2962000
20141015,6.91,6.97,6.57,6.81,2622400
20141016,6.56,6.7,6.5,6.55,2657800
20141017,6.71,7.02,6.65,6.99,4176600
20141020,6.99,7,6.7,6.77,3013700
20141021,6.32,6.57,6.17,6.29,3675000
20141022,6.32,6.38,5.99,6.11,2799700
20141023,6.1,6.11,5.7,5.7,4793000
20141024,5.77,6.21,5.73,6.08,4191800
20141027,5.26,5.52,5.19,5.37,9490100
20141028,5.65,5.68,5.39,5.67,4622000
20141029,5.6,5.78,5.6,5.75,3725800
20141030,5.8,6.01,5.79,6,3417800
20141031,6.15,6.22,5.87,6.22,2281700
20141103,6.17,6.18,5.92,6.04,5161800
20141104,6.14,6.14,5.98,6.06,1486600
20141105,6.03,6.05,5.95,6,2690400
20141106,5.99,6.01,5.77,5.82,1308800
20141107,5.85,5.95,5.67,5.86,2375200
20141110,5.95,6.1,5.88,6.02,1864200
20141111,5.96,6.12,5.95,6.08,1430500
20141112,6.04,6.19,5.99,6.03,1351900
20141113,6.05,6.13,5.91,5.94,1528200
20141114,5.77,5.81,5.51,5.65,4062200
20141117,5.6,5.6,5.21,5.21,5761100
20141118,5.22,5.3,4.96,5.26,7705500
20141119,5.23,5.74,5.2,5.69,4698600
20141121,5.77,6.09,5.77,6.09,3791300
20141124,6.18,6.3,6.05,6.08,3755100
20141125,6.05,6.23,6,6.11,2304700
20141126,6.18,6.2,6.05,6.05,1013600
20141127,6.11,6.17,6.02,6.04,1387900
20141128,6.07,6.14,6.01,6.02,1421800
20141201,5.91,5.98,5.55,5.62,2590200
20141202,5.66,5.83,5.54,5.8,3506300
20141203,5.8,5.96,5.64,5.9,2008800
20141204,5.9,5.99,5.74,5.88,2616100
20141205,5.85,5.89,5.6,5.66,3316200
20141208,5.69,5.73,5.63,5.67,2606400
20141209,5.6,5.66,5.4,5.51,3372800
20141210,5.48,5.57,5.21,5.3,2376200
20141211,5.32,5.36,5.14,5.3,2977700
20141212,5.25,5.52,5.2,5.38,3728600
20141215,5.31,5.48,5.31,5.39,3707200
20141216,5.29,5.31,4.99,5.15,3924300
20141217,5.17,5.64,5.12,5.6,4233700
20141218,5.61,5.78,5.47,5.5,2367300
20141219,5.5,5.66,5.43,5.56,2762200
20141222,5.6,5.7,5.51,5.63,1629500
20141223,5.58,5.74,5.55,5.61,1496900
20141226,5.59,5.96,5.58,5.86,1496300
20141229,5.98,6.15,5.92,5.92,1531400
20141230,5.97,6.04,5.79,5.8,2178400
20150102,5.83,5.83,5.51,5.66,2826100
20150105,5.53,5.63,5.45,5.55,2124700
20150106,5.58,5.66,5.5,5.6,1304500
20150107,5.59,5.9,5.57,5.8,1302000
20150108,5.82,5.91,5.55,5.69,1220100
20150109,5.68,5.68,5.49,5.57,2132700
20150112,5.57,5.66,5.47,5.57,2184700
20150113,5.62,5.7,5.52,5.52,1762000
20150114,5.55,5.68,5.5,5.64,1551500
20150115,5.63,5.84,5.58,5.58,1477700
20150116,5.62,5.68,5.56,5.61,1879700
20150119,5.56,5.58,5.37,5.39,977500
20150120,5.43,5.47,5.16,5.25,4766800
20150121,5.29,5.63,5.27,5.41,2944500
20150122,5.49,5.6,5.4,5.4,1011500
20150123,5.32,5.55,5.2,5.2,1184600
20150126,5.02,5.34,5.02,5.25,1887800
20150127,5.2,5.32,5.06,5.23,925900
20150128,5.15,5.29,5.1,5.23,1022100
20150129,5.34,5.34,5.16,5.27,1929800
20150130,5.19,5.21,5.04,5.13,2243900
20150202,5.11,5.18,5.04,5.16,691400
20150203,5.2,5.44,5.2,5.35,1328800
20150204,5.35,5.56,5.21,5.25,1313100
20150205,5.31,5.31,5.09,5.11,796700
20150206,5.12,5.15,5,5.15,1149100
20150209,5.15,5.19,5.01,5.03,989700
20150210,5.05,5.18,4.93,4.98,1285200
20150211,4.9,5.03,4.81,4.99,1466500
20150212,5.07,5.15,5,5.09,1505700
20150213,5.12,5.24,5.04,5.08,2076400
20150218,5.17,5.36,5.16,5.32,1126500
20150219,5.34,5.43,5.28,5.37,827600
20150220,5.37,5.39,5.24,5.26,1145500
20150223,5.19,5.35,5.06,5.06,1481200
20150224,5.09,5.2,5.08,5.09,1026700
20150225,5.06,5.17,5.04,5.15,1062700
20150226,5.15,5.34,5.11,5.3,1380200
20150227,5.32,5.42,5.26,5.35,1477500
20150302,5.35,5.42,5.05,5.11,1700100
20150303,5.12,5.17,5.09,5.16,916000
20150304,5.09,5.13,5.03,5.05,1196200
20150305,5.12,5.14,5.05,5.1,766400
20150306,5.1,5.2,5.03,5.04,1511300
20150309,5,5.02,4.91,5.02,1098400
20150310,4.94,5.12,4.9,4.95,1513000
20150311,4.96,4.98,4.86,4.9,1261600
20150312,4.97,5.07,4.85,4.91,1204100
20150313,4.85,5.03,4.77,5,3124000
20150316,5.04,5.1,4.86,4.97,2078600
20150317,4.92,5.15,4.91,5.1,1853700
20150318,5.07,5.47,5.06,5.32,2959900
20150319,5.33,5.39,5.15,5.33,2206600
20150320,5.4,5.61,5.36,5.55,3153100
20150323,5.49,5.78,5.49,5.73,1527100
20150324,5.75,5.94,5.75,5.93,2179300
20150325,5.94,6.18,5.94,6.04,3359300
20150326,5.98,5.99,5.65,5.65,2773900
20150327,5.61,5.71,5.42,5.47,1309300
20150330,5.53,5.79,5.34,5.68,2284300
20150331,5.7,5.86,5.6,5.76,2466400
20150401,5.84,6.19,5.78,5.95,2773800
20150402,6.02,6.15,5.89,5.99,1576800
20150406,6.09,6.16,5.99,6.08,1805900
20150407,6.04,6.2,5.91,6.06,1672000
20150408,6.1,6.14,5.91,6.03,3554300
20150409,6.04,6.05,5.86,6.03,2632700
20150410,6.03,6.05,5.97,5.99,1284300
20150413,5.98,6.15,5.96,6.11,1482200
20150414,6.12,6.17,6,6.01,1789800
20150415,6.03,6.28,5.97,6.19,1989500
20150416,6.2,6.44,6.18,6.34,2363200
20150417,6.28,6.44,6.2,6.22,1528500
20150420,6.17,6.37,6.12,6.22,956800
20150422,6.24,6.75,6.23,6.59,1922200
20150423,6.55,7,6.43,6.9,1577200
20150424,6.91,7.52,6.91,7.44,3311300
20150427,7.32,7.49,7.15,7.4,2887400
20150428,7.43,7.87,7.28,7.79,3558200
20150429,7.71,7.92,7.54,7.82,2615500
20150430,7.67,7.99,7.16,7.3,3182200
20150504,7.26,7.62,7.12,7.49,2268600
20150505,7.34,8.62,7.33,8.39,5210400
20150506,8.39,9.09,8.38,8.66,4966000
20150507,8.7,9.04,8.09,8.23,3426600
20150508,8.49,8.5,7.95,8.11,2057300
20150511,8.19,8.32,7.95,8.08,2923800
20150512,8.15,8.3,7.95,8.09,1862000
20150513,7.94,7.94,7.26,7.37,7236900
20150514,7.2,7.51,7.01,7.07,3899100
20150515,7.12,7.4,7.08,7.22,3094000
20150518,7.4,7.53,7.05,7.19,3774700
20150519,7.21,7.31,6.76,6.86,2985200
20150520,6.72,6.92,6.65,6.72,3005300
20150521,6.67,6.76,6.52,6.6,2344000
20150522,6.49,6.82,6.31,6.7,2706500
20150525,6.65,7.13,6.53,7.02,2287800
20150526,7.04,7.06,6.47,6.65,6055100
20150527,6.68,6.97,6.65,6.97,5432200
20150528,6.93,7.3,6.67,6.68,5797600
20150529,6.72,6.78,6.42,6.45,37162200
20150601,6.5,6.93,6.45,6.85,5565200
20150602,6.89,7.09,6.8,7.04,2831600
20150603,6.95,7.07,6.73,6.82,3687100
20150605,6.82,6.85,6.65,6.68,2192900
20150608,6.71,6.88,6.64,6.71,1238100
20150609,6.67,6.76,6.53,6.58,3031000
20150610,6.64,6.73,6.39,6.46,2438900
20150611,6.5,6.54,6.4,6.51,1315100
20150612,6.49,6.57,6.41,6.46,771200
20150615,6.43,6.5,6.33,6.44,1144600
20150616,6.49,6.55,6.4,6.43,1085400
20150617,6.45,6.5,6.31,6.41,1238400
20150618,6.38,6.53,6.38,6.53,922900
20150619,6.45,6.52,6.42,6.46,1339600
20150622,6.49,6.57,6.47,6.52,929000
20150623,6.55,6.56,6.32,6.36,1490100
20150624,6.36,6.42,6.15,6.27,1220800
20150625,6.27,6.27,5.95,6.02,1734500
20150626,6.06,6.12,5.92,5.96,2142300
20150629,5.9,6.05,5.76,5.97,2389900
20150630,6,6.1,5.86,5.88,1659200
20150701,5.94,6,5.82,5.9,956200
20150702,5.9,5.97,5.77,5.92,1610200
20150703,5.95,5.95,5.83,5.88,415900
20150706,5.8,6.13,5.77,6,1217000
20150707,5.96,5.99,5.71,5.89,2279000
20150708,5.77,5.97,5.77,5.81,1502600
20150710,5.96,5.96,5.78,5.93,1503700
20150713,5.89,6,5.84,5.94,1056600
20150714,5.87,6.19,5.87,6.17,1394400
20150715,6.15,6.15,5.95,5.95,1542300
20150716,5.97,6.04,5.87,5.88,833100
20150717,5.92,5.95,5.81,5.81,977900
20150720,5.8,5.81,5.6,5.67,1366000
20150721,5.59,5.79,5.55,5.72,890700
20150722,5.7,5.89,5.63,5.74,1146600
20150723,5.7,5.73,5.58,5.63,1603100
20150724,5.55,5.58,5.12,5.26,1367400
20150727,5.16,5.54,5.1,5.42,1385100
20150728,5.41,5.55,5.36,5.44,1899000
20150729,5.36,5.48,5.34,5.45,1110300
20150730,5.42,5.68,5.41,5.64,943900
20150731,5.59,5.84,5.54,5.79,1305900
20150803,5.7,5.88,5.68,5.86,932600
20150804,5.88,6.04,5.71,5.78,1560500
20150805,5.77,5.77,5.6,5.65,924800
20150806,5.59,5.71,5.51,5.65,1035100
20150807,5.57,5.66,5.46,5.5,1999400
20150810,5.5,5.57,5.38,5.45,1217700
20150811,5.45,5.45,5.32,5.41,1375400
20150812,5.38,5.54,5.28,5.3,2487500
20150813,5.3,5.38,5.18,5.24,782600
20150814,5.28,5.29,5.21,5.25,957300
20150817,5.22,5.41,5.15,5.18,827000
20150818,5.2,5.2,4.93,5.1,1412900
20150819,5.04,5.05,4.86,4.93,1298900
20150820,4.85,5.03,4.84,4.99,1305800
20150821,4.91,4.96,4.86,4.93,771400
20150824,4.75,4.84,4.65,4.72,1746000
20150825,4.8,4.87,4.69,4.74,947700
20150826,4.7,4.85,4.68,4.83,900100
20150827,4.91,5.09,4.86,5.04,989200
20150828,4.93,5.03,4.89,4.93,947700
20150831,4.9,4.99,4.75,4.98,1694200
20150901,4.93,4.95,4.78,4.86,1438800
20150902,4.89,4.9,4.79,4.81,1157800
20150903,4.86,5.14,4.83,5.03,983100
20150904,5.19,5.33,5.09,5.09,3289600
20150908,5.31,5.31,4.87,4.97,1343100
20150909,4.96,5.03,4.88,4.9,2788000
20150910,4.78,4.99,4.75,4.89,1373800
20150911,4.94,5.08,4.82,5.07,731300
20150914,5.09,5.2,4.99,5.19,1162000
20150915,5.18,5.37,5.09,5.34,1014800
20150916,5.37,5.57,5.37,5.53,1252700
20150917,5.41,5.63,5.41,5.52,1089100
20150918,5.5,5.59,5.25,5.25,2547000
20150921,5.29,5.47,5.15,5.34,1405400
20150922,5.25,5.3,5.05,5.08,1647000
20150923,5.08,5.15,4.97,5.09,1513100
20150924,5.01,5.07,4.86,5,1762500
20150925,5.03,5.19,5,5.17,1696300
20150928,5.09,5.16,4.95,5.04,1554200
20150929,5.1,5.21,5.01,5.11,1138200
20150930,5.22,5.33,5.17,5.25,1784400
20151001,5.33,5.4,5.17,5.2,2113400
20151002,5.16,5.6,5.1,5.6,2102500
20151005,5.66,5.86,5.66,5.79,1201700
20151006,5.78,5.87,5.51,5.58,1880100
20151007,5.66,5.72,5.57,5.65,1400100
20151008,5.7,5.7,5.58,5.61,858300
20151009,5.65,5.76,5.6,5.75,3229300
20151013,5.71,5.81,5.33,5.57,1522100
20151014,5.47,5.61,5.27,5.38,2558800
20151015,5.36,5.52,5.31,5.39,1053900
20151016,5.34,5.43,5.2,5.2,3292000
20151019,5.25,5.25,5.12,5.15,1256100
20151020,5.17,5.26,5.13,5.19,1672100
20151021,5.21,5.24,4.99,5,1561100
20151022,5.05,5.21,4.98,5.2,1141400
20151023,5.25,5.33,5.22,5.26,1818600
20151026,5.3,5.37,5.11,5.11,673000
20151027,5.13,5.23,5.08,5.17,997200
20151028,5.16,5.19,4.92,4.99,2742300
20151029,4.98,5.02,4.92,4.97,1209100
20151030,4.96,5.04,4.92,5.02,3235300
20151103,5.09,5.42,5.08,5.42,1477400
20151104,5.47,5.55,5.42,5.5,1718700
20151105,5.6,6.05,5.58,5.95,3230200
20151106,5.95,6.15,5.66,5.8,2174700
20151109,5.76,5.81,5.58,5.7,866200
20151110,5.59,6.09,5.51,6.05,3585400
20151111,6.1,6.44,6.07,6.29,3303000
20151112,6.29,6.41,6.01,6.15,1876600
20151113,5.81,6.35,5.64,6.31,5226000
20151116,6.26,6.36,6.15,6.26,947600
20151117,6.35,6.35,5.98,6,1430600
20151118,5.97,6.18,5.92,6.1,1171600
20151119,6.13,6.29,6.1,6.29,993800
20151123,6.16,6.3,6.11,6.17,1130400
20151124,6.17,6.34,6.02,6.34,1910400
20151125,6.24,6.33,6.05,6.07,1891200
20151126,6.1,6.14,5.99,5.99,1027500
20151127,6.02,6.16,5.85,5.97,2155300
20151130,5.91,5.97,5.69,5.79,1912300
20151201,5.7,5.84,5.44,5.52,1455100
20151202,5.47,5.77,5.44,5.77,1935900
20151203,6,6.26,5.99,5.99,1966100
20151204,5.94,5.99,5.56,5.6,1228700
20151207,5.58,5.8,5.56,5.61,963600
20151208,5.58,5.63,5.41,5.47,920200
20151209,5.6,5.82,5.41,5.71,1833600
20151210,5.7,5.83,5.59,5.8,1458100
20151211,5.7,5.95,5.6,5.81,1950900
20151214,5.7,5.85,5.53,5.61,1062200
20151215,5.6,5.79,5.6,5.79,1271800
20151216,5.74,5.77,5.45,5.77,1783800
20151217,5.81,5.92,5.74,5.85,1121100
20151218,5.74,5.8,5.66,5.71,2173400
20151221,5.7,5.76,5.45,5.51,927600
20151222,5.61,5.66,5.46,5.6,1191900
20151223,5.6,5.67,5.48,5.56,1023900
20151228,5.55,5.62,5.49,5.55,507700
20151229,5.53,5.65,5.23,5.65,2866200
20151230,5.69,5.9,5.57,5.76,10417200
20160104,5.61,5.61,5.36,5.43,1086600
20160105,5.43,5.55,5.37,5.55,2031100
20160106,5.46,5.55,5.39,5.45,1030200
20160107,5.35,5.37,5.18,5.18,951700
20160108,5.17,5.25,4.91,5.04,1365100
20160111,5.04,5.24,4.96,5,1685800
20160112,5.04,5.23,4.95,5.13,844900
20160113,5.13,5.23,4.97,5.05,1736400
20160114,5.03,5.08,4.91,4.95,1143800
20160115,4.93,5.09,4.85,5.01,1398100
20160118,5.02,5.07,4.94,5.04,716300
20160119,5.09,5.12,4.89,4.99,4664600
20160120,4.88,4.99,4.8,4.99,1095400
20160121,4.97,5.11,4.92,5.03,881200
20160122,5.19,5.29,5.09,5.2,1181500
20160126,5.19,5.19,4.82,4.88,2078200
20160127,4.87,5.33,4.78,5.33,1434600
20160128,5.31,5.51,5.2,5.51,1072100
20160129,5.51,5.88,5.51,5.82,1238100
20160201,5.73,6.03,5.71,5.92,1366200
20160202,5.88,5.88,5.7,5.8,1189000
20160203,5.8,5.84,5.59,5.79,1214100
20160204,5.83,6.2,5.83,6.05,1956800
20160205,6,6.14,5.95,6.02,1271000
20160210,6,6.05,5.86,5.88,727800
20160211,5.87,5.97,5.79,5.92,1305000
20160212,5.96,5.99,5.76,5.8,650200
20160215,5.89,5.95,5.77,5.83,250000
20160216,5.83,5.96,5.75,5.83,873200
20160217,5.83,6.13,5.83,6.1,831000
20160218,6.01,6.19,6.01,6.05,510500
20160219,6.07,6.13,5.92,6.03,2311800
20160222,6.21,6.37,6.21,6.33,1046800
20160223,6.29,6.31,5.96,6.01,1000300
20160224,5.98,5.98,5.6,5.71,1991700
20160225,5.64,5.84,5.58,5.77,932700
20160226,5.85,5.94,5.48,5.58,876400
20160229,5.7,5.7,5.58,5.68,1267700
20160301,5.75,5.79,5.63,5.7,818500
20160302,5.73,6,5.73,5.89,786400
20160303,5.95,6.68,5.95,6.54,2377000
20160304,6.9,7.15,6.65,6.72,2584300
20160307,6.8,6.8,6.4,6.48,1212700
20160308,6.47,6.77,6.38,6.77,1557800
20160309,6.8,7.06,6.75,6.91,3907000
20160310,7,7.15,6.84,7.15,3242800
20160311,7.15,7.31,6.98,7.31,1702600
20160314,7.35,7.47,7.1,7.1,1353300
20160315,6.68,6.78,6.33,6.56,1531700
20160316,6.49,6.58,6.16,6.55,2078300
20160317,6.9,7.23,6.65,7.23,3249800
20160318,7.16,7.19,6.89,7,2567200
20160321,7.01,7.23,6.92,7.23,1154800
20160322,7.18,7.28,7.09,7.15,914500
20160323,7.08,7.08,6.8,6.94,1056800
20160324,6.87,6.94,6.67,6.94,1131600
20160328,7.07,7.12,6.82,7.1,1957000
20160329,7.06,7.2,6.87,6.95,1896600
20160330,6.95,7.11,6.63,6.72,2882500
20160331,6.68,6.74,6.48,6.63,2537800
20160401,6.55,6.9,6.54,6.86,1482800
20160404,6.79,6.85,6.56,6.6,1475700
20160405,6.55,6.76,6.54,6.6,1134200
20160406,6.6,6.63,6.16,6.16,1324000
20160407,6.27,6.34,6.07,6.19,1022800
20160408,6.34,6.5,6.21,6.34,1441300
20160411,6.38,6.62,6.34,6.42,1038000
20160412,6.47,6.83,6.39,6.81,1306100
20160413,6.91,7.24,6.89,7.03,1623000
20160414,7.1,7.18,6.67,6.69,1223400
20160415,6.76,7.03,6.75,6.9,1119000
20160418,6.95,6.97,6.76,6.82,1550700
20160419,6.92,7.13,6.84,7.06,771000
20160420,7,7.15,6.99,7.1,584700
20160422,7,7.9,6.99,7.8,2967900
20160425,7.8,7.89,7.5,7.86,2045200
20160426,7.8,7.82,7.59,7.74,1667100
20160427,7.73,7.86,7.71,7.85,874400
20160428,7.84,7.89,7.69,7.75,1401300
20160429,7.73,7.84,7.69,7.79,1741900
20160502,7.72,8.05,7.71,7.95,2332000
20160503,7.84,8.07,7.7,8,1281200
20160504,8,8.2,7.81,8.2,1413300
20160505,8.22,8.29,7.76,7.82,2609900
20160506,7.73,8.02,7.72,7.93,3406400
20160509,7.93,7.93,7.55,7.7,1888200
20160510,7.83,7.92,7.72,7.92,1121000
20160511,7.98,8.11,7.88,7.98,1568000
20160512,8,8.05,7.82,8,9191600
20160513,7.94,8.08,7.76,7.99,3114200
20160516,7.98,7.98,7.25,7.5,3749400
20160517,7.4,7.43,6.93,7,6585700
20160518,6.8,7.16,6.3,6.95,6556300
20160519,6.82,7.06,6.78,7,2758200
20160520,7,7.55,7,7.55,4848400
20160523,7.49,7.76,7.18,7.63,3834300
20160524,7.63,7.87,7.57,7.73,4962000
20160525,7.75,7.89,7.62,7.87,2124800
20160527,7.85,8,7.74,7.96,1520100
20160530,7.99,8,7.82,7.91,1601000
20160531,7.9,8,7.8,8,2551300
20160601,7.92,8.57,7.85,8.57,11440600
20160602,8.56,8.63,8.12,8.57,2280300
20160603,8.65,8.79,8.46,8.76,2048000
20160606,8.76,8.96,8.62,8.91,2334700
20160607,8.88,9.02,8.7,8.93,3273600
20160608,8.82,9.14,8.82,9.06,2750700
20160609,9.04,9.13,8.91,9.07,1823000
20160610,9.04,9.04,8.66,8.8,1369500
20160613,8.66,9,8.62,8.99,1635200
20160614,8.99,9.07,8.34,8.44,2009700
20160615,8.32,8.38,8.09,8.22,2275200
20160616,8.25,8.64,8.08,8.53,3470300
20160617,8.6,8.7,8.26,8.3,3118000
20160620,8.39,8.64,8.39,8.56,2053100
20160621,8.56,9.1,8.36,9.1,3837600
20160622,9.13,10.37,9.13,10.2,7924700
20160623,10.45,11.49,10.21,11.47,10198500
20160624,10.81,12.05,10.78,11.7,6333100
20160627,11.81,12.06,11.27,12.06,3412000
20160628,12.42,13.44,12.36,13.2,5059600
20160629,13.35,13.55,12.3,12.82,4708800
20160630,12.59,13.29,12.35,12.84,4699100
20160701,12.96,13.06,12.25,12.79,3158600
20160704,12.75,13.4,12.75,13.25,1666200
20160705,13.25,13.78,13.1,13.75,3288300
20160706,13.78,13.82,13.14,13.55,2645200
20160707,13.6,13.83,13.44,13.83,2024800
20160708,13.82,14.01,13.55,14,3726600
20160711,13.89,15.24,13.89,15.18,4500700
20160712,15.37,15.71,15.11,15.46,5015900
20160713,15.4,15.45,14.74,15.22,3099300
20160714,15.3,16.08,15.24,15.9,2126500
20160715,15.82,16.2,15.43,16.11,2437400
20160718,15.98,16.36,15.87,16.36,2791700
20160719,16.08,16.38,15.26,15.58,1589900
20160720,15.62,15.84,15.3,15.3,2479800
20160721,15.17,15.62,14.94,15.62,2120500
20160722,15.5,16.62,15.5,16.52,1901000
20160725,16.92,17.26,16.62,17.21,3282800
20160726,17.08,17.2,16.28,16.81,2596500
20160727,16.95,16.95,16.47,16.74,1532500
20160728,16.61,17.24,16.09,17.24,2233000
20160729,17.19,17.63,16.91,17.63,2279400
20160801,17.64,17.94,17.22,17.6,1713000
20160802,17.51,17.74,17.43,17.7,1353300
20160803,17.6,18.15,17.19,18.15,1563800
20160804,18.07,19.32,18.06,19.32,3292500
20160805,19.24,20,19.01,19.8,3200400
20160808,19.8,19.85,18.98,19.6,2521400
20160809,19.78,19.78,18.45,19,1927100
20160810,19.1,19.67,18.83,19.14,2269200
20160811,19.38,19.97,18.89,19.7,2734200
20160812,19.3,19.9,19.29,19.65,1194400
20160815,19.77,19.85,19.49,19.75,648600
20160816,19.98,20.85,19.29,19.7,1758100
20160817,19.7,19.82,18.6,19.51,2503200
20160818,19.35,19.78,19.13,19.68,968700
20160819,19.64,19.67,18.98,19.02,1466600
20160822,19.03,19.07,18.13,18.5,1266000
20160823,18.56,18.85,18.17,18.36,1672900
20160824,18.28,18.59,17.83,18.3,1236100
20160825,18.48,18.85,18.21,18.58,1658000
20160826,18.71,20.89,18.64,20.33,7331400
20160829,20.09,20.82,19.79,20.69,2300200
20160830,20.74,22.27,20.65,22.17,3424900
20160831,22.15,22.55,21.68,22.53,2627500
20160901,22.55,23,22.06,22.91,1442600
20160902,22.91,24.04,22.91,23.71,1315500
20160905,23.71,23.92,22.89,22.89,928100
20160906,22.72,23.45,22.66,23.4,1181300
20160908,23.35,24.33,23.28,24.07,1551500
20160909,24.08,24.26,22.8,23.05,1741200
20160912,23.1,23.12,22.45,22.87,2210200
20160913,22.56,22.91,21.07,21.66,2825500
20160914,21.66,22.18,21.53,21.85,1010000
20160915,22.5,22.75,22.12,22.15,960100
20160916,22.24,22.43,20.4,20.75,3038000
20160919,20.91,21.61,20.25,20.4,1691700
20160920,20.34,20.94,20.34,20.52,1235300
20160921,20.7,20.83,19.7,19.93,1355700
20160922,20.19,20.45,19.57,19.9,1509700
20160923,19.6,20.15,19.45,19.65,997900
20160926,19.38,19.38,18.81,19.24,1525100
20160927,19.12,19.35,18.62,18.9,1946500
20160928,18.82,19.94,18.82,19.7,1476400
20160929,19.78,20.23,19.07,19.24,2181800
20160930,19.25,19.37,18.84,19.26,1122900
20161003,19.19,19.63,19.15,19.5,1349400
20161004,19.5,19.65,18.6,19.01,1742200
20161005,19.14,19.64,18.9,18.97,919000
20161006,18.98,19.77,18.95,19.56,1625500
20161007,19.71,20.09,19.38,19.63,1369600
20161010,19.85,20.98,19.57,20.54,2729700
20161011,20.75,20.85,19.96,20.84,1590500
20161013,20.9,21.26,20.05,21.18,4639100
20161014,21.35,21.64,20.8,21.1,1932000
20161017,21.27,21.39,20.68,21.29,592100
20161018,21.29,22.71,21.29,22.6,3422000
20161019,22.6,22.92,21.68,22,5244900
20161020,21.8,22.18,21.58,22,999200
20161021,22,22.71,21.93,22.55,1282500
20161024,22.7,23.03,22.52,22.93,1287400
20161025,22.93,23.28,22.07,23.28,2118400
20161026,23.27,23.45,22.93,23.18,1949400
20161027,23.32,24,23.31,23.46,1913200
20161028,23.19,23.91,23.19,23.91,1828200
20161031,23.82,24.71,23.53,23.7,2455000
20161101,23.56,23.9,22.94,23.27,1760700
20161103,23.3,23.3,22.63,22.78,1831200
20161104,22.78,23.29,22.64,22.72,1315500
20161107,22.86,23.6,22.86,23.1,1237600
20161108,22.9,23.48,22.9,23.26,782900
20161109,22.49,23.55,22.29,23.51,1343500
20161110,23.6,23.87,22.1,22.19,3115900
20161111,22,22.43,20.93,22.1,2305300
20161114,22,22.7,20.93,22.14,2350200
20161116,23.7,23.7,21.34,22.9,5762200
20161117,23.03,23.5,21.68,22.24,2483200
20161118,22.06,22.77,21.95,22.5,1781100
20161121,22.56,23.65,22.4,23.55,1350100
20161122,23.7,24.26,23.64,23.9,1330200
20161123,24.2,24.3,23.15,23.8,1419200
20161124,23.8,24.97,23.67,24.8,1498600
20161125,24.5,25,24.09,24.99,3473900
20161128,24.99,25.93,24.99,25.72,3591600
20161129,25.41,25.94,25.4,25.76,2506300
20161130,26.15,26.15,25.1,25.65,25555800
20161201,25.65,25.87,24.29,24.84,3765300
20161202,24.6,24.7,23.91,24,2817800
20161205,24.12,24.43,23.32,23.99,1264500
20161206,23.99,24.27,23.62,23.95,1125100
20161207,24.1,24.1,23.1,23.59,1500000
20161208,23.5,23.54,22.77,23,1474700
20161209,23.05,23.15,22.47,22.9,1660900
20161212,22.75,23.03,22.15,22.91,1421100
20161213,23.03,23.03,22.42,22.73,1665900
20161214,22.58,22.84,22.2,22.66,1711900
20161215,22.45,22.87,22.24,22.85,1066300
20161216,22.97,23.15,22.55,22.71,2603100
20161219,22.69,22.84,22.5,22.78,1352200
20161220,22.81,22.81,21.7,22,1897700
20161221,21.84,22.68,21.84,22.4,1164600
20161222,22.43,22.63,21.75,22,986100
20161223,22.14,22.51,21.87,22.34,788000
20161226,22.37,22.84,22.16,22.8,300100
20161227,22.84,22.87,22.04,22.41,578400
20161228,22.39,22.74,22.2,22.74,568900
20161229,22.83,22.88,22.13,22.81,4205800
20170102,22.5,22.8,22.21,22.5,602400
20170103,22.56,22.86,21.9,22.34,1846200
20170104,22.29,22.66,22.27,22.59,1350900
