<DTYYYYMMDD>,<OPEN>,<HIGH>,<LOW>,<CLOSE>,<VOL>
20100601,8.75,8.86,8.61,8.63,797900
20100602,8.54,8.81,8.53,8.75,1138700
20100604,8.62,8.71,8.47,8.48,1466800
20100607,8.48,8.57,8.38,8.43,1308100
20100608,8.47,8.5,8.36,8.44,2221300
20100609,8.46,8.62,8.41,8.43,2125600
20100610,8.5,8.67,8.48,8.6,819600
20100611,8.61,8.84,8.55,8.83,778900
20100614,8.82,8.91,8.73,8.75,717000
20100615,8.76,8.99,8.75,8.8,1421700
20100616,8.77,8.88,8.71,8.81,2538500
20100617,8.83,8.95,8.77,8.94,1040700
20100618,8.91,8.98,8.82,8.86,1023500
20100621,8.98,9.05,8.86,8.95,653200
20100622,8.93,9.13,8.87,8.92,1316800
20100623,8.96,9,8.88,8.99,1086200
20100624,8.92,8.98,8.82,8.85,911000
20100625,8.83,9.03,8.78,9.03,443500
20100628,8.98,9.05,8.89,8.93,303700
20100629,8.82,8.92,8.6,8.63,1563200
20100630,8.63,8.72,8.43,8.43,1392900
20100701,8.46,8.54,8.23,8.54,1348800
20100702,8.54,8.6,8.32,8.37,935800
20100705,8.38,8.58,8.32,8.52,1098900
20100706,8.62,8.71,8.25,8.41,2030700
20100707,8.45,8.5,8.38,8.45,2481300
20100708,8.51,8.54,8.39,8.54,1050700
20100712,8.53,8.53,8.37,8.51,733000
20100713,8.5,8.72,8.46,8.66,1564400
20100714,8.59,8.81,8.51,8.75,800600
20100715,8.78,8.87,8.62,8.86,1462900
20100716,8.8,8.92,8.56,8.59,1515700
20100719,8.62,8.79,8.59,8.73,1462300
20100720,9.16,9.27,8.93,9.27,4696600
20100721,9.28,9.39,9.17,9.23,2492000
20100722,9.31,9.48,9.31,9.44,3367700
20100723,9.45,9.63,9.3,9.63,1212500
20100726,9.61,9.74,9.53,9.74,973000
20100727,9.77,9.8,9.6,9.72,1917800
20100728,9.64,9.93,9.64,9.89,1398900
20100729,9.91,10,9.87,10,2315500
20100730,10.01,10.53,9.89,10.44,4399900
20100802,10.52,10.75,10.52,10.55,3754600
20100803,10.5,10.63,10.23,10.59,2564600
20100804,10.51,10.8,10.41,10.7,1540700
20100805,10.77,10.77,10.58,10.63,1660200
20100806,10.54,10.64,10.35,10.57,1944300
20100809,10.64,10.66,10.48,10.64,854900
20100810,10.48,10.54,10.4,10.5,1907900
20100811,10.42,10.42,10.06,10.06,1207500
20100812,9.96,10.12,9.93,10,1129300
20100813,9.99,10.22,9.93,10.1,1764100
20100816,10,10.16,9.91,10.06,1159900
20100817,10.13,10.26,10.07,10.15,1470300
20100818,10.22,10.66,10.07,10.66,2281700
20100819,10.57,10.62,10.24,10.31,1981200
20100820,10.24,10.32,9.95,10.02,1293100
20100823,10.1,10.17,9.85,9.85,789700
20100824,9.65,9.78,9.46,9.47,1709900
20100825,9.27,9.62,9.23,9.62,1695700
20100826,9.64,9.73,9.52,9.52,1591300
20100827,9.52,9.79,9.46,9.79,1435600
20100830,9.68,9.82,9.57,9.67,1110900
20100831,9.73,9.82,9.64,9.82,2672800
20100901,9.82,10.33,9.79,10.33,1927700
20100902,10.29,10.44,10.19,10.42,1285500
20100903,10.45,10.58,10.34,10.41,794600
20100906,10.44,10.45,10.12,10.22,231900
20100908,10.5,10.51,10.32,10.5,1053600
20100909,10.51,10.58,10.27,10.27,887700
20100910,10.28,10.54,10.27,10.44,821600
20100913,10.54,10.58,10.44,10.45,1364900
20100914,10.48,10.54,10.44,10.54,963800
20100915,10.5,10.65,10.41,10.65,1303100
20100916,10.61,10.63,10.45,10.53,851700
20100917,10.44,10.82,10.37,10.64,1990900
20100920,10.64,11.07,10.63,11.04,1985200
20100921,11.11,11.25,10.92,10.92,2169600
20100922,10.94,11.22,10.85,11,1988700
20100923,10.91,11.16,10.86,10.91,1934100
20100924,10.88,11.24,10.88,10.97,2306300
20100927,11.14,11.14,10.64,10.8,1659800
20100928,10.84,10.95,10.53,10.9,1121900
20100929,10.85,10.94,10.75,10.88,1504000
20100930,10.93,10.93,10.67,10.76,1604100
20101001,10.83,10.83,10.58,10.66,1841600
20101004,10.68,10.83,10.58,10.67,1378800
20101005,10.77,10.95,10.74,10.83,2622100
20101006,10.85,10.93,10.63,10.72,1588300
20101007,10.71,10.75,10.54,10.6,962900
20101008,10.5,10.77,10.49,10.75,1190000
20101011,10.77,11.07,10.68,10.99,1009000
20101013,11.08,11.08,10.43,10.53,2857700
20101014,10.6,10.71,10.19,10.21,2870300
20101015,10.34,10.34,10.13,10.21,1528700
20101018,10.18,10.41,10.04,10.4,2609100
20101019,10.41,10.56,10.32,10.39,2731800
20101020,10.4,10.71,10.39,10.71,2339800
20101021,10.66,10.86,10.52,10.73,1330600
20101022,10.84,10.87,10.62,10.84,2269700
20101025,10.88,10.89,10.69,10.69,1323600
20101026,10.69,10.92,10.63,10.79,802000
20101027,10.8,10.94,10.71,10.84,823900
20101028,10.94,10.94,10.68,10.8,765100
20101029,10.88,11.14,10.73,11.04,1578200
20101101,10.97,11.21,10.96,11.2,692600
20101103,11.31,11.56,11.26,11.5,1375300
20101104,11.57,11.81,11.53,11.64,1710000
20101105,11.61,11.85,11.54,11.7,1110100
20101108,11.63,11.69,11.54,11.57,606900
20101109,11.55,11.6,11.27,11.27,1363700
20101110,11.43,11.48,11.07,11.33,1211900
20101111,11.35,11.43,11.17,11.25,1235000
20101112,11.2,11.39,11.1,11.16,858800
20101116,11.06,11.16,10.94,11.07,1688400
20101117,11.04,11.35,11.04,11.16,1287800
20101118,11.29,11.41,11.18,11.21,1200600
20101119,11.2,11.45,11.18,11.45,1029900
20101122,11.45,11.49,11.11,11.22,1669300
20101123,11.07,11.18,10.94,11.14,999900
20101124,11.18,11.46,11.07,11.44,1324700
20101125,11.38,11.46,11.22,11.22,369000
20101126,11.13,11.35,10.99,11.06,1332900
20101129,10.98,11.11,10.93,11.05,1735300
20101130,10.94,11.44,10.84,11.29,2870900
20101201,11.47,11.47,11.2,11.25,1585600
20101202,11.39,11.39,11.2,11.27,937200
20101203,11.35,11.36,11.19,11.3,813500
20101206,11.33,11.65,11.14,11.18,1178500
20101207,11.3,11.34,11.12,11.12,593200
20101208,11.16,11.29,11.01,11.26,1028000
20101209,11.25,11.25,11.03,11.18,1754300
20101210,11.25,11.32,11.04,11.18,1016600
20101213,11.25,11.36,11.14,11.28,1080300
20101214,11.21,11.34,11.04,11.34,1138100
20101215,11.26,11.39,11.14,11.35,1588700
20101216,11.27,11.39,11.19,11.19,2375100
20101217,11.16,11.55,11.12,11.28,1315000
20101220,11.28,11.44,11.05,11.07,1594000
20101221,11.23,11.48,11.16,11.29,1983200
20101222,11.35,11.38,11.14,11.27,1871400
20101223,11.28,11.34,11.16,11.3,631700
20101227,11.19,11.34,11,11,673100
20101228,11,11.12,10.96,11.11,1094100
20101229,11.11,11.22,10.97,10.98,1485600
20101230,11.03,11.1,10.87,10.93,5005700
20110103,11.29,11.29,10.98,11.03,2072100
20110104,11.01,11.26,10.96,11.24,1667500
20110105,11.11,11.29,11.07,11.29,1138600
20110106,11.24,11.39,11.19,11.35,1955600
20110107,11.3,11.39,11.17,11.25,654800
20110110,11.29,11.44,11.21,11.3,1281100
20110111,11.4,11.72,11.3,11.35,2218500
20110112,11.41,11.63,11.37,11.63,2052600
20110113,11.65,11.65,11.32,11.37,1016100
20110114,11.36,12.51,11.33,12.51,3892300
20110117,12.49,12.49,12.18,12.37,1172200
20110118,12.56,13.19,12.52,12.6,2661300
20110119,12.65,12.81,12.38,12.59,1202400
20110120,12.46,12.69,12.34,12.66,1465200
20110121,12.59,12.6,12.37,12.41,836400
20110124,12.41,12.51,12.28,12.35,631800
20110126,12.29,12.39,12.15,12.25,2792000
20110127,12.25,12.46,12.12,12.46,2384200
20110128,12.47,12.65,12.38,12.53,1814300
20110131,12.79,12.79,12.46,12.53,1197500
20110201,12.56,12.74,12.44,12.64,1363400
20110202,12.65,12.83,12.59,12.79,1985800
20110203,12.81,12.94,12.52,12.85,1026600
20110204,12.73,12.87,12.54,12.54,1392900
20110207,12.54,13.19,12.36,13.19,2226700
20110208,13.29,13.44,13.06,13.15,1657700
20110209,13.12,13.12,12.75,12.78,1493100
20110210,12.81,12.94,12.63,12.63,1735900
20110211,12.74,12.83,12.43,12.81,1122700
20110214,12.85,13.18,12.73,13.13,2031000
20110215,13.1,13.24,12.93,13.01,1638600
20110216,13.06,13.16,12.9,13.16,1281900
20110217,13.18,13.22,12.88,12.88,1245100
20110218,12.89,13.29,12.76,13.25,1587100
20110221,13.25,13.3,13,13.09,509400
20110222,13.08,13.21,12.94,13,1541300
20110223,13.01,13.09,12.44,12.55,2013100
20110224,12.52,12.59,12.29,12.37,1335800
20110225,12.46,12.76,12.37,12.69,1572600
20110228,12.69,12.98,12.69,12.98,1519400
20110301,12.94,13.21,12.58,12.59,1314700
20110302,12.51,12.65,12.42,12.49,1871800
20110303,12.6,12.74,12.51,12.69,1706300
20110304,12.72,12.79,12.4,12.6,873700
20110309,12.68,12.82,12.51,12.81,997000
20110310,12.81,12.81,12.37,12.37,1361600
20110311,12.4,12.65,12.23,12.61,1664600
20110314,12.56,12.74,12.4,12.56,1025200
20110315,12.26,12.68,12.07,12.56,2640300
20110316,12.64,12.64,12.17,12.32,1976900
20110317,12.32,12.71,12.32,12.62,1374400
20110318,12.77,13.02,12.75,12.83,1815000
20110321,13.04,13.23,12.99,13.04,1164900
20110322,13.03,13.18,12.81,12.81,1288500
20110323,12.81,12.97,12.66,12.83,1643800
20110324,12.97,13.26,12.94,13.06,1330800
20110325,12.79,12.92,12.26,12.38,3682000
20110328,12.43,12.62,12.36,12.5,1219200
20110329,12.54,12.61,12.42,12.54,1182200
20110330,12.57,12.6,12.38,12.43,1067600
20110331,12.41,12.57,12.41,12.57,1110000
20110401,12.57,12.86,12.44,12.78,1560800
20110404,12.84,12.84,12.62,12.64,943800
20110405,12.66,12.79,12.44,12.5,1496600
20110406,12.56,12.57,12.36,12.36,1204500
20110407,12.38,12.42,12.26,12.29,1840100
20110408,12.38,12.43,11.97,12.01,1429200
20110411,12.12,12.3,12.03,12.04,1552100
20110412,12.09,12.17,11.94,11.96,1476200
20110413,12.1,12.18,11.76,11.76,1374400
20110414,11.87,11.88,11.63,11.63,1080900
20110415,11.65,11.75,11.49,11.68,1853400
20110418,11.68,11.89,11.49,11.6,2081100
20110419,11.65,11.7,11.49,11.54,1120400
20110420,11.72,11.77,11.62,11.67,822700
20110425,11.76,11.77,11.49,11.64,716800
20110426,11.65,11.74,11.55,11.74,1369200
20110427,11.75,11.81,11.54,11.56,1115100
20110428,11.49,11.73,11.22,11.65,2064500
20110429,11.63,11.76,11.5,11.5,1866600
20110502,11.59,11.7,11.48,11.59,1769600
20110503,11.74,12.33,11.73,12.32,3545100
20110504,12.35,12.35,11.91,11.99,1984600
20110505,12.03,12.35,11.91,12.29,1236000
20110506,12.45,12.47,12.29,12.37,880100
20110509,12.32,12.66,12.3,12.57,862200
20110510,12.6,12.77,12.47,12.47,743400
20110511,12.33,12.52,12.24,12.38,997600
20110512,12.3,12.52,12.25,12.25,820300
20110513,12.21,12.44,12.21,12.3,1059400
20110516,12.29,12.33,12.11,12.11,650900
20110517,12.1,12.2,11.89,11.95,975600
20110518,12,12.17,11.84,11.96,1274900
20110519,12.02,12.33,11.93,12.07,1930100
20110520,11.93,12.19,11.93,12.02,754600
20110523,11.99,12.1,11.82,11.89,938700
20110524,11.89,11.97,11.56,11.68,1764700
20110525,11.67,11.76,11.59,11.68,1245500
20110526,11.79,11.79,11.59,11.67,2227900
20110527,11.71,11.74,11.61,11.72,970600
20110530,11.76,11.76,11.48,11.48,496200
20110531,11.59,11.76,11.54,11.64,1723600
20110601,11.72,11.77,11.59,11.59,1355000
20110602,11.69,11.69,11.55,11.63,2488300
20110603,11.62,11.67,11.31,11.31,2180400
20110606,11.37,11.44,11.25,11.35,1430900
20110607,11.36,11.41,11.14,11.17,1346200
20110608,11.13,11.24,10.99,11.03,1639500
20110609,11.03,11.3,10.98,11.3,4012500
20110610,11.39,11.41,11.22,11.22,1255300
20110613,11.25,11.35,11.21,11.35,1974000
20110614,11.4,11.81,11.4,11.81,1952100
20110615,11.73,11.84,11.55,11.68,2587500
20110616,11.59,11.73,11.45,11.63,973500
20110617,11.63,11.77,11.46,11.77,1423400
20110620,11.91,12.06,11.52,11.52,1832700
20110621,11.63,11.72,11.14,11.26,2241900
20110622,11.27,11.45,11.26,11.31,1333800
20110624,11.39,11.39,11.18,11.24,595500
20110627,11.26,11.35,11,11.35,2028500
20110628,11.27,11.37,11.2,11.28,1426100
20110629,11.29,11.34,10.95,11.02,2005200
20110630,11.08,11.17,11.02,11.17,2198200
20110701,11.15,11.27,11.14,11.2,2066000
20110704,11.2,11.31,10.99,11.31,562800
20110705,11.21,11.41,11.16,11.24,1359200
20110706,11.13,11.33,11.13,11.29,2395100
20110707,11.34,11.4,11.02,11.02,1485000
20110708,11.05,11.08,10.76,10.98,2126000
20110711,10.8,10.88,10.65,10.69,992100
20110712,10.67,10.86,10.56,10.65,960100
20110713,10.65,10.91,10.65,10.78,1178200
20110714,10.83,10.83,10.5,10.7,1026900
20110715,10.7,10.72,10.52,10.63,826200
20110718,10.63,10.65,10.41,10.56,926800
20110719,10.55,10.62,10.29,10.29,1005800
20110720,10.41,10.51,10.32,10.51,1265400
20110721,10.51,10.71,10.43,10.62,768000
20110722,10.56,10.78,10.51,10.66,746900
20110725,10.65,10.65,10.41,10.41,962100
20110726,10.45,10.51,10.22,10.28,1161200
20110727,10.17,10.26,9.95,9.95,2528900
20110728,10,10,9.75,9.81,1917700
20110729,9.93,10.78,9.88,10.52,6577700
20110801,10.56,10.92,10.38,10.41,2344800
20110802,10.41,10.62,10.25,10.28,834200
20110803,10.24,10.34,9.86,10.23,1590800
20110804,9.95,10.12,9.24,9.34,2457500
20110805,9.52,9.57,8.57,9.15,3099800
20110808,8.68,8.73,7.78,8.01,2809800
20110809,8,8.49,8,8.49,2220100
20110810,8.26,8.91,8.16,8.72,2668000
20110811,8.78,8.82,8.36,8.72,2078100
20110812,8.77,8.89,8.55,8.8,1293300
20110815,8.82,9.18,8.73,8.82,1159800
20110816,8.71,8.89,8.61,8.89,1195100
20110817,8.88,8.93,8.7,8.77,2996300
20110818,8.61,8.63,8.26,8.44,1548300
20110819,8.4,8.56,8.28,8.37,1449000
20110822,8.45,8.57,8.4,8.48,1440000
20110823,8.48,8.77,8.21,8.77,2044900
20110824,9.01,9.01,8.64,8.82,991100
20110825,8.72,8.83,8.52,8.57,2022700
20110826,8.49,8.72,8.36,8.63,999600
20110829,8.63,8.95,8.63,8.94,950400
20110830,8.87,9.26,8.82,9.22,981200
20110831,9.29,9.57,9.07,9.48,1438200
20110901,9.54,9.65,9.39,9.48,1603000
20110902,9.34,9.49,9.2,9.27,1707600
20110905,9.09,9.14,8.75,8.87,556900
20110906,8.72,9.47,8.64,9.46,1200800
20110908,9.62,9.81,9.44,9.6,1624800
20110909,9.55,9.58,9.05,9.23,1351700
20110912,9.18,9.57,9.04,9.57,1497700
20110913,9.6,9.92,9.46,9.9,2879100
20110914,10,10.53,9.95,10.39,2498000
20110915,10.39,10.56,10.34,10.53,2524500
20110916,10.52,10.61,10.26,10.61,2101500
20110919,10.46,10.84,10.38,10.84,1813800
20110920,10.75,10.88,10.56,10.63,1404600
20110921,10.62,11.45,10.62,11.2,3520000
20110922,11,11.2,10.18,10.64,4260800
20110923,10.65,11.04,10.51,10.74,2553800
20110926,10.83,10.94,10.54,10.81,1638100
20110927,10.97,11.19,10.73,11.01,1028000
20110928,11.01,11.49,10.9,10.96,1967400
20110929,11.1,11.41,10.94,11.14,1198500
20110930,11.14,11.31,10.97,11.11,1158800
20111003,11.1,11.25,10.65,10.85,2208200
20111004,10.68,10.79,10.41,10.59,1836400
20111005,10.46,10.74,10.24,10.36,1940700
20111006,10.53,11.15,10.43,10.86,2973800
20111007,11.14,11.14,10.5,10.51,1459100
20111010,10.65,11.16,10.53,11.16,1873700
20111011,11.06,11.14,10.88,11.03,2430300
20111013,11.21,11.4,11.06,11.16,1989700
20111014,11.19,11.31,11.14,11.17,1376800
20111017,11.15,11.24,10.85,11.02,1744300
20111018,11.04,11.4,10.85,11.35,1802300
20111019,11.35,11.76,11.29,11.71,1520800
20111020,11.73,11.75,11.37,11.41,1415700
20111021,11.7,11.76,11.57,11.67,1300300
20111024,11.75,11.87,11.63,11.81,1112700
20111025,11.73,11.86,11.41,11.7,1571800
20111026,11.91,11.92,11.26,11.41,2122300
20111027,11.64,11.82,11.54,11.77,2434800
20111028,11.72,11.75,11.38,11.41,1156800
20111031,11.4,11.44,11.08,11.21,2206700
20111101,10.74,11.2,10.73,11.04,1671800
20111103,11.05,11.05,10.47,10.49,4463900
20111104,10.35,10.97,10.14,10.95,4291500
20111107,10.96,11.33,10.75,11.3,1975400
20111108,11.34,11.34,11.09,11.22,1156300
20111109,10.97,11.17,10.88,10.93,1424700
20111110,11.12,11.12,10.87,10.9,1241100
20111111,11.1,11.16,10.87,10.97,1917300
20111114,10.89,11.03,10.88,10.97,883200
20111116,11.12,11.12,10.88,10.95,1664100
20111117,10.91,10.98,10.48,10.51,1291000
20111118,10.54,10.69,10.39,10.54,1030400
20111121,10.41,10.6,10.26,10.54,1007600
20111122,10.69,10.69,10.36,10.45,1064200
20111123,10.4,10.41,9.96,9.96,1614200
20111124,9.98,10.59,9.83,10.36,795200
20111125,10.17,10.69,10.13,10.5,846200
20111128,10.5,10.79,10.5,10.75,1255800
20111129,10.74,10.97,10.54,10.54,1764100
20111130,10.73,11.04,10.63,10.7,2374500
20111201,10.84,11,10.69,10.77,1026500
20111202,10.83,11.01,10.7,10.76,959300
20111205,10.91,10.95,10.6,10.76,1329300
20111206,10.72,10.79,10.54,10.67,1213500
20111207,10.64,10.64,10.24,10.49,1428900
20111208,10.52,10.68,10.27,10.62,1220400
20111209,10.62,10.69,10.48,10.53,848200
20111212,10.48,10.53,10.36,10.45,936700
20111213,10.53,10.78,10.41,10.46,1307400
20111214,10.52,10.66,10.26,10.26,1910700
20111215,10.42,10.54,10.23,10.32,1287400
20111216,10.41,10.48,10.2,10.26,651000
20111219,10.18,10.46,10.18,10.25,634100
20111220,10.52,10.56,10.31,10.53,2529200
20111221,10.5,10.69,10.45,10.69,1659100
20111222,10.68,10.78,10.53,10.69,931500
20111223,10.79,10.79,10.59,10.69,999100
20111226,10.69,10.69,10.46,10.46,126600
20111227,10.41,10.88,10.41,10.88,2757200
20111228,10.96,10.97,10.75,10.89,1256700
20111229,10.85,11.12,10.85,11.12,1565600
20120102,11.29,11.35,11.06,11.16,1456300
20120103,11.18,11.48,11.18,11.44,1682500
20120104,11.27,11.44,11.09,11.35,2339300
20120105,11.21,11.33,11.06,11.3,1424000
20120106,11.29,11.4,11.21,11.33,690300
20120109,11.35,11.43,11.26,11.35,868300
20120110,11.21,11.35,11.03,11.11,1249100
20120111,11.16,11.3,11.13,11.27,632200
20120112,11.33,11.34,11.15,11.19,809300
20120113,11.21,11.3,11,11.13,729300
20120116,11.12,11.41,11.05,11.41,358900
20120117,11.41,11.43,11.13,11.25,830200
20120118,11.25,11.53,11.19,11.37,1137900
20120119,11.44,11.54,11.32,11.54,1058400
20120120,11.53,11.62,11.45,11.49,772600
20120123,11.53,11.59,11.3,11.49,629700
20120124,11.47,11.5,11.24,11.25,1162000
20120126,11.28,11.49,10.96,11.49,1552200
20120127,11.43,11.49,11.16,11.16,992700
20120130,11.13,11.17,11.03,11.1,1921500
20120131,11.16,11.41,11.07,11.41,1358400
20120201,11.4,11.76,11.33,11.75,1455900
20120202,11.68,11.8,11.23,11.3,2559500
20120203,11.3,11.51,11.25,11.41,1676700
20120206,11.41,11.64,11.32,11.59,1196500
20120207,11.55,11.79,11.46,11.68,2665700
20120208,11.73,11.77,11.37,11.44,3230400
20120209,11.45,11.49,11.27,11.37,2554500
20120210,11.25,11.58,11.25,11.55,2758900
20120213,11.59,11.8,11.52,11.79,1003100
20120214,11.8,12.1,11.8,11.93,1458600
20120215,12.1,12.58,12,12.39,4884500
20120216,12.36,12.53,12.29,12.37,2191200
20120217,12.36,12.38,12.15,12.37,1561300
20120222,12.29,12.46,12.29,12.42,722900
20120223,12.31,12.44,12.2,12.3,1392700
20120224,12.31,12.44,12.25,12.29,1856500
20120227,12.28,12.29,12.06,12.06,1260700
20120228,12.05,12.12,11.89,11.92,2015500
20120229,11.8,12.25,11.67,12.11,3383400
20120301,12.12,12.29,12.04,12.2,1300500
20120302,12.29,12.44,12.19,12.29,1311800
20120305,12.22,12.3,11.97,12.11,1678000
20120306,12.07,12.07,11.61,11.7,1377200
20120307,11.76,11.89,11.67,11.83,2312500
20120308,12.01,12.17,11.99,12.09,1381500
20120309,12.12,12.35,11.95,12.3,1037600
20120312,12.19,12.63,12.19,12.48,1867800
20120313,12.54,12.67,12.37,12.67,1663800
20120314,12.62,13.09,12.52,13.09,2690200
20120315,12.86,13.17,12.86,13.05,1744300
20120316,13.06,13.15,12.79,13.08,1143300
20120319,13,13.17,12.97,13.07,770300
20120320,12.91,12.99,12.79,12.91,1013700
20120321,12.88,13.58,12.88,13.43,4680700
20120322,13.28,13.34,13.03,13.32,3067300
20120323,13.29,13.43,13.25,13.4,2166800
20120326,13.46,13.8,13.35,13.77,1761200
20120327,13.76,13.78,13.59,13.69,927200
20120328,13.63,13.7,13.26,13.62,1391300
20120329,13.62,13.8,13.47,13.71,2491700
20120330,13.86,13.86,13.53,13.85,2201800
20120402,13.89,14.04,13.67,13.9,3171800
20120403,13.9,14.1,13.71,13.81,2935500
20120404,13.82,14.76,13.82,14.47,5780800
20120405,14.45,14.65,14.38,14.61,3146900
20120409,14.56,14.56,14.19,14.52,2120000
20120410,14.51,14.61,14.25,14.47,1939400
20120411,14.58,15,14.44,14.97,1990500
20120412,15.02,15.13,14.83,15.13,1860300
20120413,15,15.21,14.91,15.09,1042900
20120416,15.13,15.38,14.96,15.2,846600
20120417,15.32,15.32,15.05,15.17,1223100
20120418,15.12,15.33,14.98,15.33,3159500
20120419,15.19,15.73,15.19,15.63,1635700
20120420,15.65,15.65,15.08,15.28,5685600
20120423,15.09,15.26,14.68,15.1,1149300
20120424,15.13,15.54,14.95,15.51,1797400
20120425,15.64,15.89,15.4,15.42,1206400
20120426,15.6,15.67,15.32,15.38,1460200
20120427,15.14,15.65,14.96,15.45,2146300
20120430,15.33,15.58,15.27,15.55,1902000
20120502,15.36,15.51,15.28,15.29,1729300
20120503,15.41,15.57,15.28,15.39,2452200
20120504,15.33,15.46,14.97,14.97,3547600
20120507,14.86,15.22,14.86,15.22,2151100
20120508,15,15.11,14.89,15.03,2295000
20120509,14.8,15.18,14.75,15.03,2415100
20120510,15,15.23,14.81,14.99,1531800
20120511,14.76,14.98,14.56,14.66,1757200
20120514,14.42,14.75,14.42,14.54,1450100
20120515,14.4,14.85,14.33,14.47,1909100
20120516,14.65,14.94,14.23,14.28,1323400
20120517,14.43,14.48,13.79,14,2009700
20120518,13.73,14.16,13.6,14.01,3861900
20120521,14.02,14.34,13.87,14.25,1503300
20120522,14,14.4,13.91,14.19,2999100
20120523,14.04,14.46,13.77,14.05,2022800
20120524,13.99,14.23,13.79,13.82,1581200
20120525,13.94,14.08,13.35,13.49,1430300
20120528,13.5,14.17,13.38,13.9,490400
20120529,14.07,14.07,13.49,13.7,2050800
20120530,13.61,13.84,13.39,13.52,1372100
20120531,13.43,13.57,13.3,13.57,1487500
20120601,13.4,13.41,13.12,13.23,889600
20120604,13.16,13.34,12.93,12.95,1413300
20120605,13.06,13.12,12.86,12.86,1917000
20120606,12.91,13.43,12.83,13.43,2747500
20120608,13.43,13.43,12.98,13.05,1223300
20120611,13.14,13.18,12.83,12.94,1163900
20120612,12.95,13.26,12.84,13.26,2163300
20120613,13.43,13.54,12.97,13.24,3045400
20120614,13.15,13.35,12.91,13.06,1319900
20120615,13.06,13.17,12.78,12.93,1713500
20120618,12.78,13.1,12.67,13.08,1055800
20120619,13.17,13.28,12.98,12.98,1480900
20120620,12.88,13.05,12.72,12.77,1887500
20120621,12.68,12.73,12.45,12.6,4524100
20120622,12.7,13,12.53,12.7,1219200
20120625,12.55,12.64,12.22,12.31,1108300
20120626,12.37,12.49,12.16,12.25,1964500
20120627,12.24,12.58,12.2,12.53,1364200
20120628,12.55,12.8,12.47,12.66,1365000
20120629,12.81,12.96,12.49,12.72,2436000
20120702,12.49,12.56,12.31,12.53,1124400
20120703,12.45,13.19,12.45,13.13,1864400
20120704,13.08,13.51,12.85,13.16,1147800
20120705,13.31,13.33,12.76,13.06,4586500
20120706,13.03,13.05,12.61,12.75,2997600
20120710,12.86,12.86,12.09,12.19,3808800
20120711,12.24,12.24,11.14,11.3,6285700
20120712,10.96,11.63,10.89,11.63,4724800
20120713,11.68,11.89,11.37,11.81,2174300
20120716,11.89,11.89,11.58,11.65,1354100
20120717,11.89,12.13,11.8,11.81,4703900
20120718,11.74,12.05,11.67,12.05,1406900
20120719,11.97,12.33,11.9,12.28,1318300
20120720,12.11,12.35,12.05,12.34,1742300
20120723,11.86,12.44,11.86,12.37,1953200
20120724,12.2,12.27,11.99,12.15,2237000
20120725,12.14,12.27,11.84,11.97,1253700
20120726,12.13,12.15,11.76,12.15,2364700
20120727,12.34,12.52,11.94,12.35,3235900
20120730,12.27,12.48,12.08,12.48,970800
20120731,12.76,13.09,12.28,12.51,3266200
20120801,12.67,12.69,11.88,11.97,2900000
20120802,11.92,11.99,11.55,11.66,2708100
20120803,11.81,12.05,11.8,11.97,2355000
20120806,11.97,12.25,11.82,12.16,2222600
20120807,12.29,12.49,12.13,12.48,2919200
20120808,12.5,12.57,12.32,12.54,1329800
20120809,12.29,12.6,12.25,12.48,1240400
20120810,12.51,12.62,12.2,12.62,1197600
20120813,12.43,12.5,12.34,12.39,1054600
20120814,12.34,12.6,12.34,12.46,1804200
20120815,12.43,12.72,12.4,12.67,2361100
20120816,12.75,12.99,12.71,12.89,2752600
20120817,12.87,13.07,12.83,13.05,1149800
20120820,13.11,13.12,12.84,12.98,1703500
20120821,13.15,13.29,12.89,13.04,1378800
20120822,13.09,13.09,12.65,12.74,2049600
20120823,12.81,13,12.59,12.72,2668600
20120824,12.75,12.98,12.56,12.94,1244500
20120827,13.03,13.14,12.9,13.05,2328500
20120828,13,13.09,12.86,13.05,1965300
20120829,12.97,13.03,12.72,12.81,1098500
20120830,12.68,12.83,12.68,12.78,1361000
20120831,12.92,13.33,12.69,13.33,2427600
20120903,13.3,13.3,13.06,13.14,793300
20120904,13.14,13.26,12.96,13.12,1052900
20120905,13.18,13.23,12.77,12.81,1168800
20120906,12.85,13.09,12.73,13.09,1272000
20120910,13.13,13.19,12.92,12.98,1162800
20120911,12.85,13.14,12.85,12.9,1073800
20120912,13.03,13.29,12.94,13.29,1405500
20120913,13.15,13.69,13.03,13.61,2220200
20120914,13.74,14.1,13.5,13.66,3423200
20120917,13.66,13.74,13.5,13.6,1761700
20120918,13.52,13.59,13.27,13.27,960600
20120919,13.33,13.49,13.26,13.33,1726100
20120920,13.24,13.31,13,13.09,1494100
20120921,13.19,13.26,13.01,13.09,1702200
20120924,12.98,13,12.69,12.89,3412700
20120925,12.98,13.07,12.67,12.76,2037000
20120926,12.73,12.83,12.48,12.75,1062000
20120927,12.88,13.02,12.71,13.02,2089400
20120928,13.03,13.1,12.73,13.03,2190600
20121001,13.03,13.28,12.94,13.25,2235400
20121002,13.19,13.35,12.67,12.83,2763600
20121003,12.83,12.83,12.14,12.25,3978700
20121004,12.21,12.55,12.17,12.44,2573000
20121005,12.47,13.02,12.45,13.02,4492200
20121008,13.02,13.07,12.79,13.07,1586000
20121009,13.11,13.23,12.9,13.23,2002700
20121010,13.24,13.42,13.17,13.35,3297500
20121011,13.31,13.79,13.22,13.55,3789100
20121015,13.64,13.74,13.39,13.4,2191200
20121016,13.54,13.78,13.52,13.71,2131900
20121017,13.65,13.8,13.4,13.59,2026200
20121018,13.62,13.74,13.44,13.68,2952500
20121019,13.79,13.79,13.5,13.69,4569500
20121022,13.66,13.74,13.48,13.6,2025600
20121023,13.47,13.81,13.45,13.8,2476700
20121024,14.17,14.2,13.57,13.59,3757200
20121025,13.45,13.68,13.31,13.53,2229000
20121026,13.29,13.57,13.15,13.57,1312200
20121029,13.41,13.7,13.32,13.57,771400
20121030,13.49,13.74,13.42,13.73,727100
20121031,13.67,13.82,13.35,13.59,1925800
20121101,13.61,13.84,13.52,13.59,1956600
20121105,13.42,13.71,13.42,13.66,2726900
20121106,13.68,13.9,13.56,13.9,1201700
20121107,13.8,13.9,13.56,13.85,1694500
20121108,13.9,13.98,13.45,13.55,1741100
20121109,13.54,13.79,13.44,13.54,1704700
20121112,13.44,13.64,13.44,13.59,865000
20121113,13.54,13.61,13.27,13.55,929500
20121114,13.54,13.81,13.23,13.35,2778300
20121116,13.28,13.28,12.94,13.18,1505100
20121119,12.99,13.42,12.99,13.22,1263400
20121121,13.31,13.57,13.24,13.57,3219800
20121122,13.6,13.78,13.31,13.65,1501500
20121123,13.64,13.81,13.43,13.77,2450300
20121126,13.63,13.69,13.4,13.42,2213500
20121127,13.45,13.68,13.43,13.57,1918400
20121128,13.46,13.52,13.03,13.27,2981300
20121129,13.32,13.35,12.58,12.58,3931500
20121130,12.61,12.7,12.4,12.55,9103600
20121203,12.73,13.07,12.66,12.95,1876700
20121204,12.94,13.07,12.76,13.07,1245500
20121205,13.06,13.17,12.89,12.97,1350800
20121206,12.96,13.03,12.01,12.54,7256700
20121207,12.53,12.89,12.4,12.88,793200
20121210,12.85,12.96,12.64,12.96,752300
20121211,12.98,13.13,12.94,13.07,1447800
20121212,12.95,13.07,12.56,12.88,1617200
20121213,12.79,12.82,12.51,12.54,1708100
20121214,12.61,12.67,12.22,12.22,1716000
20121217,12.3,12.78,12.22,12.78,2404700
20121218,13.02,13.45,12.85,13.45,2282100
20121219,13.2,13.49,13.14,13.36,1542000
20121220,13.22,13.79,13.14,13.79,1491300
20121221,13.33,13.91,13.31,13.87,1981000
20121226,13.74,13.97,13.56,13.87,2075100
20121227,13.86,13.99,13.74,13.75,1222000
20121228,13.91,13.93,13.65,13.89,1355000
20130102,14,14.22,13.8,14.15,2098700
20130103,14.14,14.24,13.98,13.99,2314000
20130104,13.99,14.11,13.65,13.78,2157200
20130107,13.67,13.93,13.46,13.82,1242600
20130108,13.61,13.65,13.04,13.23,3413800
20130109,13.2,13.58,12.93,13.55,2263900
20130110,13.54,13.6,13.36,13.51,2006900
20130111,13.45,13.55,13.33,13.35,1304300
20130114,13.48,13.82,13.45,13.71,2432500
20130115,13.66,13.78,13.56,13.7,2051200
20130116,13.7,13.81,13.56,13.66,912400
20130117,13.65,13.65,13.32,13.57,1456900
20130118,13.65,13.79,13.52,13.65,848000
20130121,13.67,13.88,13.64,13.83,354800
20130122,13.84,14,13.75,13.83,1321800
20130123,13.8,14.06,13.74,14.06,1141600
20130124,15.38,15.73,14.89,15.31,7945900
20130128,15.39,15.58,15.33,15.38,2203700
20130129,15.39,15.7,15.04,15.55,2503700
20130130,15.53,15.69,15.25,15.66,2712500
20130131,15.62,15.88,15.33,15.81,2502900
20130201,15.86,16.13,15.54,15.76,1447100
20130204,15.75,15.75,15.34,15.73,1871700
20130205,15.6,16.13,15.6,16,1860800
20130206,15.99,15.99,15.64,15.97,1610900
20130207,15.96,15.96,15.39,15.71,2125600
20130208,15.56,15.75,15.4,15.48,1239700
20130213,15.65,15.68,15.45,15.52,1232100
20130214,15.35,15.56,15.35,15.42,2566800
20130215,15.43,15.61,15.16,15.51,3077100
20130218,15.49,15.76,15.21,15.47,477600
20130219,15.47,15.73,15.4,15.57,2516200
20130220,15.57,15.72,15.49,15.54,1489200
20130221,15.53,15.64,15.33,15.52,2762500
20130222,15.4,15.9,15.09,15.9,2546400
20130225,15.84,16.13,15.78,15.9,1596400
20130226,15.78,15.91,15.56,15.65,2117900
20130227,15.65,16.2,15.58,16.19,1246200
20130228,16.63,16.69,16.04,16.07,2784300
20130301,15.88,16.26,15.72,16.21,1175700
20130304,16.2,16.33,15.9,16.02,1934000
20130305,16.03,16.23,15.9,15.91,1613900
20130306,16,16.17,15.62,15.99,2128000
20130307,16.05,16.09,15.76,15.98,1134800
20130308,15.82,16.33,15.82,16.28,1290100
20130311,16.33,16.77,16.13,16.63,1895100
20130312,16.81,16.82,16.41,16.48,2424700
20130313,16.72,17.1,16.63,16.79,2854100
20130314,16.76,17.06,16.44,16.58,2787300
20130315,16.63,16.74,16.4,16.4,1996900
20130318,16.43,16.72,16.32,16.67,2142000
20130319,16.77,16.77,16.29,16.53,2063300
20130320,16.52,16.82,16.41,16.82,1314400
20130321,16.75,16.86,16.6,16.86,1535000
20130322,16.85,16.96,16.62,16.75,984300
20130325,16.67,16.89,16.48,16.62,1354500
20130326,16.55,17.38,16.55,17.34,1953900
20130327,17.34,17.34,16.9,17.1,1553900
20130328,17.14,17.34,16.87,17.34,1965000
20130401,17.32,17.33,16.7,16.78,2639200
20130402,16.72,17,16.65,16.81,2126300
20130403,16.78,16.84,16.18,16.28,2447800
20130404,16.39,16.45,15.89,16.18,1725400
20130405,16,16.62,15.97,16.51,1689000
20130408,16.43,16.83,16.26,16.83,1207600
20130409,16.85,17.2,16.76,17.19,1669600
20130410,17.19,17.38,17.11,17.35,1558400
20130411,17.25,17.42,17.06,17.33,1084000
20130412,17.26,17.26,16.79,16.91,1406400
20130415,16.83,16.87,16.12,16.18,2571800
20130416,16.41,16.51,16.1,16.23,3123900
20130417,16.02,16.2,15.19,15.42,8429800
20130418,15.41,15.96,15.41,15.92,3064300
20130419,16.07,16.49,15.82,16.31,2151700
20130422,16.35,16.35,15.86,16.24,2039600
20130423,16.27,17.09,16.11,17.09,1638300
20130424,16.94,17.21,16.73,16.95,1845500
20130425,16.82,17.23,16.25,16.28,4735700
20130426,16.33,16.33,15.48,15.79,3135500
20130429,15.84,15.94,15.56,15.82,1526700
20130430,15.99,16.87,15.98,16.87,5845000
20130502,16.61,16.79,16.54,16.64,1389200
20130503,16.89,17.21,16.76,17.15,5478300
20130506,17,17.14,16.5,16.84,3646700
20130507,16.65,17.29,16.6,17.29,2347000
20130508,17.29,17.39,16.9,17.32,2537900
20130509,17.18,17.76,17.16,17.65,2721000
20130510,17.66,17.66,17.19,17.42,2477800
20130513,17.34,17.63,17.04,17.46,2082500
20130514,17.31,17.57,17.18,17.57,2219900
20130515,17.51,17.89,17.41,17.67,1994100
20130516,17.74,17.92,17.6,17.86,2475100
20130517,17.95,18.29,17.74,18.19,2362900
20130520,18.05,18.25,17.97,18.25,1406200
20130521,19.09,19.13,18.51,18.62,6322100
20130522,18.75,18.78,18.26,18.36,2928300
20130523,18.33,18.41,18.01,18.14,1427100
20130524,18.11,18.24,17.56,18.16,2937200
20130527,18.25,18.63,18.2,18.34,704000
20130528,18.44,18.49,18.15,18.31,1404600
20130529,18.04,18.39,17.99,18.33,1999500
20130531,18.17,19.21,18.17,18.87,5851700
20130603,18.77,18.89,18.49,18.66,2081200
20130604,18.63,18.9,18.57,18.82,3775800
20130605,18.72,18.73,18.25,18.66,2249100
20130606,18.55,18.8,18.24,18.49,1176200
20130607,18.34,18.88,18.34,18.63,4557400
20130610,18.68,18.96,18.57,18.73,1992000
20130611,18.63,18.71,18.26,18.33,1798900
20130612,18.37,18.53,18.1,18.21,1981700
20130613,18.32,18.35,18.03,18.27,1956300
20130614,18.34,18.43,18.03,18.1,3330300
20130617,19.26,19.3,18.79,19.25,5628400
20130618,19.21,20.35,19.21,20.23,5368900
20130619,20.28,20.31,19.77,20.23,4098600
20130620,20.06,20.56,19.87,20.52,6387600
20130621,20.35,20.61,19.73,19.8,3302000
20130624,19.8,20.01,19.11,19.31,3026800
20130625,19.54,19.54,19.02,19.06,2146500
20130626,19.15,19.45,19.04,19.34,2051100
20130627,19.35,19.88,19.35,19.69,2999800
20130628,19.82,20,19.47,19.84,4587600
20130701,20.14,20.17,19.75,20.17,2738200
20130702,19.83,20.06,19.64,19.92,3502500
20130703,19.98,20.26,19.46,19.92,1839800
20130704,20.07,20.08,19.21,19.57,1274700
20130705,19.53,20.09,19.16,19.93,3120200
20130708,19.86,20.22,19.86,19.95,1706100
20130710,20.22,20.46,20.13,20.3,3210300
20130711,20.42,20.55,20.12,20.4,1678000
20130712,20.31,20.54,20.1,20.51,2066900
20130715,20.56,20.82,20.29,20.75,2441100
20130716,20.91,20.97,20.43,20.89,1627700
20130717,21.04,21.04,20.61,20.75,2593000
20130718,20.77,20.93,20.56,20.82,3238400
20130719,20.76,20.95,20.62,20.82,1234700
20130722,20.84,21.17,20.79,20.99,1138700
20130723,21.15,21.15,20.2,20.47,5197400
20130724,20.4,20.83,20.06,20.2,5472700
20130725,20.13,20.32,19.89,20.32,3918200
20130726,20.18,20.23,18.97,19.16,4398500
20130729,19.12,19.55,19.02,19.55,1667100
20130730,19.54,19.64,19.01,19.14,3188600
20130731,19.02,19.23,18.59,18.77,3819000
20130801,18.69,18.96,18.45,18.96,3362300
20130802,18.96,19.25,18.62,18.71,3436700
20130805,18.84,18.84,18.49,18.53,2166400
20130806,18.58,18.58,18.12,18.14,3260200
20130807,18.16,18.36,18.04,18.1,1983600
20130808,18.14,18.51,17.91,18.51,2783900
20130809,18.58,18.62,18.13,18.47,2290000
20130812,18.61,18.71,18.3,18.57,2022000
20130813,18.43,18.65,18.39,18.52,1365500
20130814,18.52,18.57,18.06,18.18,3349200
20130815,18.02,18.1,17.69,17.8,3754800
20130816,17.71,18.71,17.63,18.59,4827300
20130819,18.49,19.66,18.41,19.66,4073300
20130820,19.55,19.59,19.1,19.1,3242900
20130821,19.06,19.78,18.88,19.59,2899300
20130822,19.59,19.78,19.17,19.51,1658300
20130823,19.16,19.45,18.87,19.16,2503600
20130826,19.17,19.43,18.97,19.16,1569600
20130827,18.96,19.35,18.46,18.68,3462000
20130828,18.49,18.86,18.15,18.38,1910900
20130829,18.43,18.72,18.28,18.65,1887000
20130830,18.67,18.98,18.42,18.94,2331700
20130902,19.15,19.76,18.61,18.82,1531000
20130903,18.71,19.16,18.66,18.73,2859000
20130904,18.69,19.04,18.5,18.8,1679500
20130905,18.87,19.07,18.65,19.07,1587500
20130906,19.11,19.18,18.69,19.04,3205200
20130909,18.9,19.78,18.9,19.46,3142700
20130910,19.56,20.12,19.43,19.88,3803000
20130911,19.86,19.92,19.3,19.45,4404600
20130912,19.54,19.55,18.36,18.48,7463300
20130913,18.48,18.53,17.92,18.04,3788500
20130916,18.1,18.27,17.87,18.1,2925500
20130917,18.19,18.24,17.87,18.04,1655900
20130918,18.04,18.09,17.44,17.61,4735600
20130919,17.8,17.85,17.29,17.63,4688300
20130920,17.63,17.8,17.57,17.57,1806200
20130923,17.65,17.79,17.42,17.49,1939100
20130924,17.57,17.59,17.22,17.41,1526400
20130925,17.39,17.95,17.39,17.92,2039500
20130926,17.77,18.11,17.65,17.77,1454700
20130927,17.74,18.14,17.74,18.03,2784500
20130930,17.96,17.97,17.26,17.28,3150700
20131001,17.44,18.03,17.29,17.92,2770600
20131002,17.74,17.92,17.54,17.72,1356800
20131003,17.85,17.9,17.66,17.74,2644100
20131004,17.75,18.07,17.68,18.01,2319800
20131007,18.02,18.37,17.84,18.18,1674500
20131008,18.23,18.32,18,18.24,2175000
20131009,18.35,18.35,17.66,17.88,3826700
20131010,17.9,18.19,17.79,18.08,3598000
20131011,18.07,18.5,18,18.47,2240800
20131014,18.47,18.57,18.28,18.43,3104300
20131015,18.45,18.45,17.36,17.65,5959900
20131016,17.68,17.76,17.12,17.28,5501000
20131017,17.17,17.45,16.85,16.88,2280800
20131018,16.9,17.35,16.9,17.06,1383200
20131021,16.97,17.34,16.95,17.05,1080200
20131022,17.04,17.23,16.88,17.2,2095100
20131023,17.04,17.89,16.98,17.73,2835000
20131024,17.75,17.85,17.41,17.55,1946600
20131025,17.6,17.6,17.09,17.1,2322900
20131028,17.14,17.36,16.96,17.26,1195000
20131029,17.09,17.1,16.1,16.14,4509700
20131030,16.21,16.37,15.91,15.99,2885700
20131031,15.79,15.99,15.19,15.85,6578700
20131101,16.01,16.49,15.92,16.24,3227500
20131104,16.05,16.41,15.82,16.03,3329800
20131105,16.03,16.81,15.98,16.68,7386800
20131106,16.57,16.58,16.09,16.19,3141100
20131107,16.01,16.89,15.89,16.76,2892600
20131108,16.68,17.2,16.54,17.06,2847300
20131111,16.99,17.41,16.81,17.22,1987600
20131112,17.25,17.65,16.9,17.55,3478000
20131113,17.57,17.67,17.26,17.63,2396700
20131114,17.8,17.8,17.33,17.37,3776500
20131118,17.4,17.68,17.01,17.61,1856200
20131119,17.59,17.71,16.97,17.14,2778300
20131121,16.83,17.53,16.82,17.26,3096800
20131122,17.13,17.39,17.02,17.11,1166400
20131125,17.22,17.45,17.11,17.19,1448900
20131126,17.19,17.31,16.7,16.81,1909000
20131127,16.91,17.42,16.85,17.42,1336400
20131128,17.63,17.63,17.3,17.63,895400
20131129,17.65,17.72,17.38,17.59,1238000
20131202,17.44,17.89,17.26,17.38,1784000
20131203,17.28,17.63,17.14,17.32,1682400
20131204,17.21,17.32,16.76,16.84,1594000
20131205,16.85,17.22,16.57,16.7,1789200
20131206,16.82,17.01,16.66,16.87,1828200
20131209,16.97,17.14,16.71,17.02,1096000
20131210,16.97,17.22,16.68,16.85,1304900
20131211,16.9,17.31,16.74,17.15,1833600
20131212,17.76,18.23,17.21,17.21,4844400
20131213,17.36,17.83,17.36,17.7,2877000
20131216,17.84,18.06,17.65,17.96,1956500
20131217,18,18.38,17.84,18.05,2631400
20131218,18.22,18.45,17.91,17.91,2545800
20131219,17.97,18.4,17.6,17.73,2252100
20131220,17.83,18.34,17.82,18.33,1925000
20131223,18.32,18.41,18.12,18.12,1304300
20131226,18.4,18.45,18.13,18.33,2226300
20131227,18.33,18.6,18.33,18.37,1516300
20131230,18.49,18.6,18.28,18.4,1975900
20140102,18.6,18.84,18.23,18.71,2424200
20140103,18.71,18.91,18.45,18.63,5257500
20140106,18.74,18.84,18.37,18.61,2708500
20140107,18.79,18.92,18.52,18.8,2310800
20140108,18.84,19.04,18.68,18.9,2441500
20140109,19.03,19.03,18.41,18.61,5322600
20140110,18.61,18.84,18.35,18.56,3415500
20140113,18.7,19.12,18.61,18.8,3383300
20140114,18.72,19.41,18.68,19.33,2005100
20140115,19.39,19.77,19.18,19.54,2558800
20140116,19.76,20.02,19.52,19.78,2779700
20140117,19.69,19.95,19.32,19.32,1384800
20140120,19.11,19.49,18.99,19,1203100
20140121,18.9,19.29,18.78,19.15,3173100
20140122,19.2,19.55,19.19,19.26,2147300
20140123,19.42,19.45,19.01,19.19,2909000
20140124,19.37,19.49,18.62,18.77,2751000
20140127,18.56,18.61,18.22,18.42,2876900
20140128,18.71,18.9,18.46,18.78,2314300
20140129,18.61,18.84,18.48,18.51,2269100
20140130,18.42,18.74,18.08,18.08,2319600
20140131,17.81,18.37,17.81,17.92,2928700
20140203,17.94,18.31,17.69,17.8,2251800
20140204,17.83,18.17,17.67,18.12,2662000
20140205,18.04,18.38,17.8,18.07,2741100
20140206,18.07,18.35,17.78,18.27,2979400
20140207,18.08,18.88,17.96,18.66,2038400
20140210,18.46,18.73,18.38,18.47,1927800
20140211,18.66,19.06,18.19,18.95,1591400
20140212,19.16,19.22,18.78,19.15,1809500
20140213,19.36,19.66,19.11,19.6,2046600
20140214,19.58,19.66,19.26,19.49,928200
20140217,19.49,19.49,19.15,19.15,592400
20140218,18.99,19.49,18.85,18.96,1705600
20140219,18.87,19.34,18.87,19.34,1519100
20140220,19.28,19.51,18.99,18.99,1517000
20140221,18.99,19.34,18.93,19.17,1420300
20140224,19,19.54,19,19.38,1734100
20140225,19.29,19.78,19.25,19.42,2116800
20140226,19.88,20.61,19.88,20.23,4689000
20140227,20.39,20.8,20.36,20.61,1751600
20140228,20.61,20.7,20.19,20.41,3825700
20140305,20.27,20.77,20.15,20.17,1925800
20140306,20.09,20.31,19.85,19.89,4177600
20140307,20.25,20.25,19.7,19.93,1876700
20140310,19.72,19.98,19.63,19.78,1450800
20140311,19.87,19.9,19.52,19.74,1785400
20140312,19.58,19.82,19.56,19.75,1320500
20140313,19.86,19.92,19.01,19.1,1803100
20140314,19.14,19.27,18.94,18.95,1121200
20140317,18.92,19.31,18.92,19.16,1149700
20140318,19.22,19.53,19.06,19.53,1460000
20140319,19.56,19.58,19.25,19.41,1330300
20140320,19.27,19.53,19.13,19.28,1294000
20140321,19.14,19.63,19.09,19.3,1632000
20140324,19.47,19.47,19.13,19.22,1690100
20140325,19.4,19.54,19.15,19.54,1674000
20140326,19.83,19.93,19.4,19.49,1507300
20140327,19.56,19.95,19.4,19.68,3668600
20140328,19.84,20.09,19.49,19.58,2357100
20140331,19.71,19.89,19.58,19.77,1578900
20140401,19.72,19.9,19.63,19.9,1151600
20140402,19.93,20.05,19.79,19.8,2142900
20140403,19.95,19.98,19.63,19.79,1016400
20140404,20,20,19.3,19.43,1727800
20140407,19.58,19.58,18.76,18.89,2049100
20140408,19.22,19.29,18.65,18.78,2861600
20140409,18.73,19.06,18.48,18.9,1924900
20140410,19.01,19.15,18.62,18.81,1685500
20140411,18.66,18.91,18.59,18.87,1942900
20140414,18.85,18.85,18.44,18.51,1136500
20140415,18.55,18.58,18.09,18.43,2189800
20140416,18.56,19.04,18.45,18.83,1961300
20140417,18.82,19.14,18.82,19.03,1441500
20140422,19.21,19.23,18.4,18.49,2569400
20140423,18.46,18.78,18.35,18.71,1948800
20140424,18.84,18.84,18.43,18.59,915100
20140425,18.55,18.82,18.44,18.69,2677100
20140428,18.56,18.77,18.19,18.41,2053800
20140429,18.52,19.01,18.48,18.91,3489000
20140430,19.04,19.34,18.62,18.9,2660000
20140502,18.89,19.14,18.77,18.82,3489200
20140505,19.02,19.07,18.77,18.95,1359700
20140506,18.95,19.13,18.86,19.01,2186200
20140507,19.19,19.25,18.87,18.98,2007600
20140508,18.98,19.14,18.79,18.91,1706000
20140509,18.9,19.02,18.59,18.59,719400
20140512,18.69,18.87,18.61,18.81,860000
20140513,18.82,18.86,18.58,18.66,1471300
20140514,18.65,18.8,18.48,18.53,2037000
20140515,18.49,18.73,18.35,18.35,2237600
20140516,18.42,18.63,18.21,18.37,1136700
20140519,18.51,18.51,18.14,18.25,1036900
20140520,18.38,18.71,18.33,18.38,3527000
20140521,18.43,18.65,18.34,18.41,2957900
20140522,18.44,18.77,18.44,18.75,1728600
20140523,18.77,19.2,18.71,19.07,1280700
20140526,19.13,19.35,19.11,19.32,537000
20140527,19.41,19.54,19.17,19.47,1516800
20140528,19.51,19.7,19.51,19.63,1266400
20140529,19.67,19.85,19.57,19.61,964400
20140530,19.47,19.99,19.46,19.99,5428400
20140602,20.05,20.43,19.93,20.32,1734400
20140603,20.41,20.54,20.21,20.5,1970500
20140604,20.39,20.59,20.26,20.59,1741800
20140605,20.7,20.72,20.33,20.39,1561800
20140606,20.64,20.73,20.2,20.29,2298400
20140609,20.29,20.61,20.12,20.59,2395700
20140610,20.44,20.7,20.39,20.65,1446000
20140611,20.83,20.83,20.32,20.47,2040500
20140613,20.2,20.22,19.85,19.9,2254500
20140616,19.94,20.09,19.74,19.99,1144400
20140617,20.12,20.39,19.95,20.39,1095300
20140618,20.41,20.54,20.12,20.51,2089800
20140620,20.19,20.24,19.78,19.9,1634800
20140623,19.9,19.97,19.67,19.84,609600
20140624,19.97,20.14,19.75,19.83,827600
20140625,19.76,20.01,19.54,19.54,1369500
20140626,19.57,19.67,19.42,19.47,1201400
20140627,19.46,19.51,19.29,19.29,776800
20140630,19.3,19.84,19.22,19.84,1064300
20140701,20.04,20.09,19.7,20.09,767000
20140702,20.14,20.34,19.91,20.17,1148400
20140703,20.07,20.73,20.07,20.73,1081900
20140704,20.74,20.91,20.53,20.88,213900
20140707,21.02,21.02,20.24,20.86,1129600
20140708,20.75,20.87,20.24,20.28,932500
20140710,20.63,20.92,20.32,20.92,1718000
20140711,20.92,21.12,20.72,21,1535000
20140714,21.18,22.06,21.13,21.69,4236200
20140715,21.87,21.94,21.18,21.34,1912800
20140716,21.42,21.61,20.84,21,1586100
20140717,20.96,21.76,20.85,21.34,2732100
20140718,21.98,22.03,21.03,21.07,2718400
20140721,21.22,21.37,20.91,21.33,2498200
20140722,21.41,21.61,21.31,21.4,1635900
20140723,21.28,21.53,21.16,21.47,1002700
20140724,21.49,21.71,21.39,21.67,1375500
20140725,21.7,21.7,21.34,21.34,858700
20140728,21.62,21.62,20.93,21.33,1688800
20140729,21.33,21.52,20.86,21.07,1505400
20140730,21.22,21.38,21.13,21.23,1670400
20140731,21.53,21.57,20.87,21.18,2737700
20140801,21.19,21.47,20.99,21.47,1769300
20140804,21.47,21.57,21.01,21.37,1762500
20140805,21.47,21.47,20.78,20.86,1513400
20140806,20.88,20.97,20.6,20.83,1530700
20140807,20.87,21.23,20.86,21.04,1421700
20140808,20.89,21.51,20.89,21.45,2048400
20140811,21.57,21.84,21.45,21.62,2749300
20140812,21.55,21.84,21.35,21.7,1868400
20140813,21.82,21.91,21.33,21.89,2537600
20140814,21.74,21.95,21.62,21.72,918700
20140815,21.86,21.99,21.43,21.53,1113900
20140818,21.68,21.91,21.51,21.9,1160600
20140819,21.91,22.11,21.83,21.91,1158500
20140820,22.07,22.17,21.93,22.03,1338200
20140821,22.03,22.36,22.02,22.36,1818500
20140822,22.31,22.37,21.98,22.11,1027600
20140825,22.33,22.35,22.13,22.35,1532700
20140826,22.55,22.55,21.91,21.92,1688000
20140827,22.07,22.1,21.4,21.4,2464600
20140828,21.52,21.72,21.12,21.12,2085200
20140829,21.18,21.43,20.93,21.43,2933300
20140901,21.56,21.57,20.97,20.97,701500
20140902,20.98,21.57,20.98,21.4,1718800
20140903,21.39,21.49,21.17,21.39,1380500
20140904,21.25,21.73,21.13,21.62,1497100
20140905,21.76,21.96,21.55,21.58,1384600
20140908,21.85,21.86,21.52,21.65,1823400
20140909,21.18,21.67,21.18,21.62,2027900
20140910,21.47,22.4,21.37,22.31,2679300
20140911,22.49,22.57,22.26,22.44,2118600
20140912,22.11,22.96,21.94,22.7,4262000
20140915,22.69,23.1,22.54,23.08,2059200
20140916,22.97,23.29,22.78,22.9,2451300
20140917,22.89,23.21,22.82,23.18,1924900
20140918,23.04,23.44,23,23.15,2352400
20140919,23.2,23.34,23.06,23.22,2182200
20140922,23.01,23.15,22.66,22.89,1494400
20140923,22.73,23.11,22.69,22.74,1750900
20140924,22.5,22.74,22.39,22.6,1955300
20140925,22.44,22.79,22.42,22.57,1703200
20140926,22.64,23.22,22.56,23.13,1734100
20140929,22.48,23.5,22.46,23.43,3686400
20140930,23.19,23.78,23.19,23.78,4429600
20141001,23.7,24.05,23.46,24.02,4491300
20141002,23.83,23.94,23.22,23.43,2759400
20141003,23.32,23.44,22.94,23.32,3619900
20141006,23.28,23.51,21.8,22.97,4652000
20141007,23.41,23.47,22.2,22.32,3103900
20141008,22.6,22.62,22.02,22.62,4518000
20141009,23.04,23.04,22.16,22.27,2450800
20141010,22.21,22.4,21.61,21.75,1641600
20141013,22.14,22.14,20.74,20.77,2942000
20141014,20.84,21.62,20.64,21.42,4134400
20141015,21.63,21.63,20.23,20.9,4539500
20141016,20.34,21.64,20.34,21.31,3153000
20141017,21.31,21.98,21.31,21.79,2983000
20141020,21.76,21.98,21.26,21.63,1654200
20141021,21.04,22.4,21.04,22.08,4031900
20141022,22.15,22.57,21.76,21.94,2994500
20141023,21.64,22.43,21.4,22.25,4444300
20141024,22.09,22.55,21.8,22.24,3076600
20141027,22.32,23.68,21.38,22.99,7659400
20141028,23.32,23.32,22.38,22.97,4044500
20141029,22.55,22.9,22.55,22.81,2096800
20141030,22.6,22.69,22.14,22.45,3203300
20141031,22.29,23.62,22.29,23.62,2795800
20141103,23.33,23.36,22.74,23.36,2305500
20141104,23.39,23.82,23.21,23.63,1896400
20141105,23.61,24.2,23.35,23.73,2199500
20141106,23.13,24.29,22.98,23.84,2941300
20141107,23.73,23.99,23.69,23.9,1730000
20141110,23.83,23.93,22.65,22.92,4335800
20141111,22.76,23.68,22.6,23.65,3037500
20141112,23.75,23.9,23.35,23.72,2506700
20141113,24.01,24.01,23.47,23.82,1565400
20141114,23.85,24.01,23.39,23.53,1088800
20141117,23.4,23.83,23.29,23.63,876900
20141118,23.81,24.4,23.64,24.4,1899300
20141119,24.32,24.32,23.89,24.14,3178300
20141121,23.64,24,23.09,23.3,4509900
20141124,23.67,23.68,22.89,22.89,2479700
20141125,23.11,23.21,22.71,22.74,1883200
20141126,22.98,23.06,22.43,22.71,1695200
20141127,22.86,23.03,22.41,22.84,1123400
20141128,22.71,23.52,22.68,23.27,1862300
20141201,23.19,23.28,21.89,22.1,2560400
20141202,22.22,22.45,21.81,22.27,1716600
20141203,22.45,22.71,22.09,22.54,714600
20141204,22.64,22.8,22.09,22.63,1032000
20141205,22.52,22.98,22.26,22.84,1004000
20141208,22.74,23.14,22.23,22.41,2121900
20141209,22.31,23.14,22.31,23.09,2884000
20141210,23.09,23.43,22.82,23.22,1429000
20141211,23.38,23.82,23.08,23.78,3083700
20141212,23.47,23.51,22.88,22.95,2640800
20141215,23.5,23.61,22.45,22.71,2538300
20141216,22.05,23.59,21.95,23.36,3525900
20141217,23.39,23.85,22.87,23.59,4057100
20141218,23.44,24.09,23.24,23.73,1807600
20141219,24.13,24.24,23.73,23.9,1951900
20141222,23.74,24.33,23.74,24.29,882100
20141223,24.23,24.98,24.06,24.98,1172000
20141226,24.82,25.28,24.25,24.27,478800
20141229,24.34,24.64,24.12,24.48,1334500
20141230,24.33,24.61,24.04,24.17,1804400
20150102,24.19,25.25,23.99,24.57,3208400
20150105,24.57,24.73,24,24.03,3926300
20150106,24.09,24.18,23.25,23.6,2207000
20150107,23.67,23.91,23.06,23.42,2205300
20150108,23.73,23.73,22.6,22.74,2269800
20150109,22.7,22.9,22.41,22.55,1869300
20150112,22.55,22.79,22.28,22.66,1684100
20150113,22.6,22.94,22.31,22.37,1572000
20150114,22.05,22.05,21.1,21.16,4666400
20150115,21.26,21.72,21.11,21.33,2678900
20150116,21.21,21.6,20.96,21.11,2088800
20150119,21.1,21.33,20.94,21.11,735700
20150120,21.51,21.51,20.82,20.99,1289300
20150121,21.16,21.86,20.98,21.86,2808200
20150122,22.05,22.14,21.76,21.97,2350000
20150123,21.82,22.84,21.7,22.7,2151200
20150126,22.54,22.79,22.25,22.72,1986400
20150127,22.51,22.78,22.28,22.74,1650300
20150128,22.98,22.98,22.33,22.6,1103000
20150129,22.52,23.02,22.41,22.84,2569200
20150130,22.77,23.54,22.74,23.48,3723300
20150202,23.3,23.7,23.3,23.48,2403200
20150203,23.8,24,23.5,23.98,1898500
20150204,23.98,24.7,23.58,24.44,2726400
20150205,24.48,24.6,23.84,24.05,1610500
20150206,23.93,24.45,23.61,24.41,2601600
20150209,24.34,24.48,23.99,24.24,1222000
20150210,24.01,24.86,23.88,24.72,1806000
20150211,24.55,25.48,24.46,25.2,2274000
20150212,25.63,25.98,25.18,25.46,4169600
20150213,25.46,25.5,25.04,25.32,2357900
20150218,25.53,25.93,25.41,25.51,3115700
20150219,25.44,25.85,25.18,25.61,1111500
20150220,25.85,26.09,25.51,25.97,1148700
20150223,25.81,26.25,25.74,25.95,1630600
20150224,25.82,25.9,25.22,25.32,3474500
20150225,25.27,25.63,25.27,25.43,2564700
20150226,25.56,25.81,25.28,25.81,1678200
20150227,25.81,25.88,24.55,24.62,5041100
20150302,24.39,25.28,24.25,25.28,2625000
20150303,25.32,25.42,24.92,25.32,3112700
20150304,24.93,25.81,24.93,25.37,3973700
20150305,23.73,24.32,21.93,24.23,12576400
20150306,23.83,24.96,23.64,24.95,5383000
20150309,24.72,25.47,24.62,25.22,3615900
20150310,25.11,25.13,24.55,24.55,3000000
20150311,24.86,25.04,24.55,24.92,3173100
20150312,25.22,25.22,24.29,24.72,2950400
20150313,24.32,24.98,24.31,24.55,3324200
20150316,24.92,24.92,24.35,24.67,1839800
20150317,24.76,25.15,24.63,24.66,2059400
20150318,25.04,25.34,24.56,24.98,2422800
20150319,24.98,25.48,24.75,25.32,1907200
20150320,25.56,25.81,25.03,25.38,2831800
20150323,25.44,25.71,24.63,24.73,2470800
20150324,24.72,24.72,23.86,23.86,2313200
20150325,24.26,24.37,23.74,23.96,1924900
20150326,23.79,24.02,23.74,23.83,2537200
20150327,23.66,24.53,23.62,24.11,1589000
20150330,24.31,25.12,24.21,24.73,1837800
20150331,24.71,24.82,24.23,24.31,2014400
20150401,24.56,24.56,23.97,24.07,2607800
20150402,23.96,24.53,23.96,24.12,2370200
20150406,24.51,24.51,24.03,24.19,1804600
20150407,24.21,24.51,23.91,24.01,2216100
20150408,24.26,24.27,23.77,23.8,2782300
20150409,23.75,23.96,23.5,23.96,3598800
20150410,23.96,24.3,23.91,23.93,2529100
20150413,23.9,24.34,23.8,24.01,2248900
20150414,24.18,24.18,23.78,23.94,2546900
20150415,24.18,24.28,23.8,23.8,2092200
20150416,23.77,23.9,22.79,23.09,2254600
20150417,23.14,23.14,22.64,22.99,1364800
20150420,22.84,23.31,22.84,23.16,919200
20150422,23.36,23.65,22.78,22.78,1628000
20150423,22.78,23.06,22.71,22.81,1525500
20150424,22.95,22.99,22.43,22.43,1256700
20150427,22.54,22.85,22.15,22.23,1524700
20150428,22.4,22.51,21.87,22.51,1974600
20150429,22.49,22.61,22.14,22.32,1950200
20150430,22.11,23.57,22.11,23.29,5720000
20150504,23.29,23.73,23.19,23.39,1706600
20150505,23.29,23.61,22.93,23.61,2099500
20150506,23.53,23.73,23.14,23.15,3027700
20150507,23.33,23.34,22.88,23.05,1189500
20150508,23.25,23.3,22.97,23.2,2447100
20150511,23.05,23.56,23.05,23.44,2660900
20150512,23.27,23.67,22.86,22.93,1889500
20150513,22.84,23.09,22.62,22.95,2275500
20150514,23.01,23.05,22.72,22.72,2785600
20150515,22.92,23.08,22.6,23.08,2040700
20150518,23.09,23.28,22.7,22.74,2916900
20150519,22.9,23.66,22.78,23.63,2831100
20150520,23.39,23.92,23.28,23.55,2356700
20150521,23.89,24.22,23.65,24.21,2213300
20150522,24.22,25.09,24.21,24.93,3845600
20150525,24.78,25.21,24.66,24.98,1384600
20150526,24.78,25.01,24.1,24.2,2588500
20150527,24.14,24.28,23.61,23.85,2414400
20150528,23.73,24.36,23.73,24.36,2581400
20150529,24.23,24.23,23.64,23.65,2732500
20150601,23.48,23.72,23.3,23.44,1495600
20150602,23.45,23.94,23.4,23.91,1388200
20150603,24.05,24.06,23.35,23.79,1504500
20150605,23.37,23.91,23.24,23.35,1811900
20150608,23.5,23.61,23.1,23.13,1503100
20150609,23.16,23.26,22.7,22.87,1906700
20150610,23,23.43,22.72,23.21,2282400
20150611,23.56,23.84,23.08,23.24,2765900
20150612,23.09,23.93,23.09,23.93,2056400
20150615,24.37,24.71,23.6,24.05,3535400
20150616,24.24,24.31,23.8,23.91,2396900
20150617,23.85,24.08,23.7,23.84,2415600
20150618,24.02,24.3,23.83,24.16,2126800
20150619,23.99,24.46,23.93,24.18,2327700
20150622,24.33,24.35,23.7,23.79,1451500
20150623,24.02,24.05,23.55,23.63,2390300
20150624,23.75,23.75,23.16,23.28,1847000
20150625,23.15,23.33,22.93,23.23,1842600
20150626,23.31,23.77,23.21,23.77,1296000
20150629,23.79,23.79,23.08,23.14,1386600
20150630,22.83,23.49,22.73,23.49,1663100
20150701,23.38,23.65,23.09,23.41,1336200
20150702,23.59,23.63,23.18,23.18,1416000
20150703,23.13,23.28,22.93,23.08,486000
20150706,22.88,23.49,22.77,23.23,1172600
20150707,23.11,23.33,22.84,23.24,1939800
20150708,23.43,24.08,23.33,23.81,3198900
20150710,24.31,24.31,23.31,23.47,2830300
20150713,23.6,23.81,23.5,23.53,1281600
20150714,23.56,24.14,23.48,24.1,1529000
20150715,24.05,24.44,23.67,23.89,1864100
20150716,24.06,24.38,23.62,23.86,1190800
20150717,23.86,24.29,23.82,24.06,1508500
20150720,24.05,24.26,23.85,23.88,1339600
20150721,23.82,24.07,23.67,23.92,1232200
20150722,23.67,24.01,23.43,23.59,2169200
20150723,23.59,24.04,23.53,23.53,2854400
20150724,23.53,23.82,23.51,23.62,1773100
20150727,23.55,23.61,23.03,23.31,2497600
20150728,23.47,24.07,23.16,23.79,3374200
20150729,23.62,23.82,23.32,23.62,2790600
20150730,23.46,23.46,21.52,22.33,5151700
20150731,22.34,23.91,22.34,23.72,3259600
20150803,23.49,23.9,23.48,23.82,1097100
20150804,23.92,24.27,23.85,24.09,1734000
20150805,24.22,24.67,24.14,24.5,1940300
20150806,24.52,24.97,24.11,24.78,1515700
20150807,24.52,24.75,24.18,24.32,1612200
20150810,24.28,24.82,24.09,24.67,1496100
20150811,24.67,24.77,24.05,24.11,1713600
20150812,23.92,24.03,23.6,23.87,1995400
20150813,23.75,23.97,23.6,23.82,1435100
20150814,24.03,24.03,23.33,23.48,1464200
20150817,23.33,23.57,23.03,23.28,1260400
20150818,23.11,23.33,22.86,22.9,1817300
20150819,22.81,23.05,22.62,22.92,2277500
20150820,22.56,22.8,22.37,22.49,1772200
20150821,22.27,22.54,22.13,22.33,1847200
20150824,21.38,22.22,20.55,21.65,3225700
20150825,21.88,22.22,21.65,21.77,2092900
20150826,21.82,22.93,21.5,22.93,2088900
20150827,23.16,23.16,22.55,22.83,2267900
20150828,22.27,22.91,22.19,22.81,2102100
20150831,22.99,23.03,22.48,22.84,2984300
20150901,22.28,22.62,22.17,22.33,2352000
20150902,22.49,23.5,22.2,23.5,2069500
20150903,23.67,23.93,23.3,23.51,3171200
20150904,23.16,23.75,22.99,23.75,3195300
20150908,23.96,24.05,23.23,23.5,2099000
20150909,23.74,23.83,23.04,23.15,3005200
20150910,23.85,24.07,23.42,23.66,3571700
20150911,23.42,23.81,23.36,23.51,1485400
20150914,23.7,24.31,23.46,24.16,2334900
20150915,24.33,24.95,24.1,24.84,2410800
20150916,24.84,25.72,24.69,25.51,2722800
20150917,25.51,26.3,25.28,25.8,2542500
20150918,25.57,26,25.26,25.87,2957100
20150921,25.65,26.25,25.41,26.01,1168900
20150922,25.75,26.39,25.66,26.26,1639200
20150923,26.21,26.32,25.74,25.86,2580300
20150924,25.1,25.71,24.94,25.1,4083200
20150925,25.3,25.59,24.85,25.1,2903600
20150928,24.92,25.44,24.79,25.28,1631100
20150929,25.28,25.55,25.06,25.32,1204900
20150930,25.7,25.7,24.95,25.35,2479200
20151001,25.25,25.58,25.06,25.2,1535900
20151002,25.14,25.51,24.78,25.15,3100200
20151005,25.5,25.87,25.43,25.59,2127100
20151006,25.6,25.77,25.25,25.25,1674000
20151007,25.48,26.12,24.94,26.12,2443200
20151008,25.95,26.24,25.74,26.1,1408200
20151009,26.1,26.35,25.81,26.35,1516100
20151013,25.85,26.22,25.51,25.51,1772400
20151014,25.5,25.99,24.93,24.93,5585600
20151015,25.16,25.81,24.91,25.76,1558500
20151016,25.76,26.44,25.59,26.29,1681900
20151019,26.44,26.63,26.02,26.29,1134200
20151020,26.29,26.51,25.97,26.24,1094400
20151021,26.2,26.86,26.2,26.39,1127600
20151022,26.52,26.83,26.26,26.77,1813900
20151023,27.78,27.78,26.9,27.05,1969900
20151026,27.19,27.2,26.25,26.42,1707500
20151027,26.41,27.79,25.99,27.69,2632900
20151028,27.6,27.89,27.13,27.66,2621900
20151029,27.34,28.43,27.34,27.87,1875900
20151030,27.88,28.81,27.79,28.11,1838600
20151103,28.13,29.31,28.07,29.25,2901200
20151104,29.26,29.72,28.03,28.13,1894800
20151105,28.13,28.61,28.04,28.4,1110300
20151106,28.23,28.44,27.67,27.94,1246600
20151109,28.13,28.41,27.39,27.59,952700
20151110,27.31,27.82,27.14,27.59,957900
20151111,27.41,28.35,27.41,27.65,2098400
20151112,27.65,27.95,27.22,27.23,2103400
20151113,27.39,28.38,27.02,28.21,2040800
20151116,28.3,28.93,27.92,28.67,1890900
20151117,29.07,29.23,28.36,28.55,1748500
20151118,28.83,28.83,28.38,28.57,1801500
20151119,28.83,29.02,28.59,28.98,1947000
20151123,28.96,29.52,28.76,29.33,3646900
20151124,29.49,29.67,28.87,29.42,1147300
20151125,29.08,29.58,28.66,29.19,1731700
20151126,29.04,29.37,28.42,29.18,1402900
20151127,28.96,29.31,28.76,29.07,1312600
20151130,28.83,30.58,28.81,30.22,4472800
20151201,30.08,30.08,29.34,29.56,2232100
20151202,29.34,29.96,28.89,29.82,2774500
20151203,30.03,30.63,29.91,29.91,4979400
20151204,29.71,30.12,29.43,29.77,1391800
20151207,29.97,30.49,29.8,29.94,1533900
20151208,29.94,30.02,29.63,29.74,1537300
20151209,29.83,30,29.08,29.12,2853200
20151210,29.43,30.05,29.28,29.51,1447200
20151211,29.36,29.68,28.96,29.23,2338700
20151214,29.02,29.64,28.84,29.03,1316100
20151215,29.05,29.68,28.83,28.83,1511300
20151216,28.73,29.42,28.53,29.3,1505300
20151217,29.54,29.77,28.91,29.08,1447000
20151218,28.78,29.07,28.08,28.23,2851500
20151221,28.38,28.91,28.23,28.45,1403600
20151222,28.58,29.19,28.17,29.13,1174300
20151223,29.53,29.53,28.66,28.94,1117700
20151228,29.06,29.16,28.5,28.51,897900
20151229,28.35,29.03,28.35,28.92,1197900
20151230,28.78,30.05,28.68,30.05,4668700
20160104,29.46,29.78,28.95,29.18,1904900
20160105,29.26,29.53,28.92,29.18,1928200
20160106,28.88,29.17,28.71,28.76,1237200
20160107,28.56,28.86,27.89,28.14,2084600
20160108,28.38,28.53,28.06,28.24,1356400
20160111,28.17,28.6,27.89,28.13,1126900
20160112,28.27,28.86,28,28.76,1297600
20160113,28.86,29.17,28,28.12,1418800
20160114,28.12,28.41,27.54,27.98,1382600
20160115,27.78,27.93,26.27,26.87,2962800
20160118,26.67,27.54,26.44,26.79,657500
20160119,27.31,27.49,26.82,27.29,1431600
20160120,27.02,27.02,26.29,26.77,1312500
20160121,26.82,27.24,26.61,26.96,1485500
20160122,27,27.81,26.87,27.78,1378700
20160126,27.31,27.47,26.86,27.21,904600
20160127,27.18,28.12,26.96,27.94,1919500
20160128,28.14,28.14,26.69,26.8,1883300
20160129,27.01,28.62,26.91,28.62,2594900
20160201,28.17,28.59,27.72,28.59,1203300
20160202,28.4,28.4,27.13,27.13,1135300
20160203,27.28,27.74,26.73,27.28,1064600
20160204,27.75,27.75,26.29,27.56,2317600
20160205,27.37,28.26,27.37,27.77,1837100
20160210,27.67,28.56,27.67,28.46,817100
20160211,28.25,28.4,26.95,27.37,1799300
20160212,27.56,28.22,27.27,28.07,1189400
20160215,28.07,28.56,28,28.24,612700
20160216,28.42,29.36,28.29,29.35,1809700
20160217,29.36,29.72,28.77,29.35,1942400
20160218,29.13,30.15,29,29.89,1338100
20160219,29.76,30.11,29.17,29.22,867000
20160222,30.06,30.14,29.51,29.99,1881200
20160223,29.86,30.44,29.37,29.37,1203800
20160224,29.16,29.58,28.64,29.38,1072200
20160225,29.4,30.06,29.1,30.06,977700
20160226,28.86,30.14,28.66,29.57,2941900
20160229,30.35,30.35,29.5,30.06,2355400
20160301,30.05,30.44,29.49,29.56,2056100
20160302,29.6,29.72,28.79,28.96,2584300
20160303,28.86,28.86,24.58,24.91,9172000
20160304,22.94,24.16,21.3,22.96,9693400
20160307,23.69,24.14,23.28,23.87,3106300
20160308,24.04,24.13,23.01,23.54,3658700
20160309,23.71,24.12,23.05,23.31,2765100
20160310,23.44,23.77,21.81,21.86,7634900
20160311,22.09,22.48,21.9,22.39,3294400
20160314,22.46,22.81,22.07,22.42,2103400
20160315,22.44,23.32,22.44,23.31,4064300
20160316,23.36,23.53,23.12,23.31,2226600
20160317,22.45,23,21.82,22.57,6641300
20160318,22.68,22.78,22.39,22.64,2859800
20160321,22.67,23.04,22.66,22.94,1597100
20160322,23.02,23.36,22.83,23.36,1891400
20160323,23.42,23.7,23,23.29,1572100
20160324,23.09,23.6,23.08,23.58,1410700
20160328,23.72,23.9,23.31,23.43,1174400
20160329,23.55,24.07,23.52,23.98,1765000
20160330,24.05,24.07,23.73,23.92,1284000
20160331,23.9,23.9,23.34,23.77,2372600
20160401,23.52,23.75,23.12,23.34,1940200
20160404,23.3,23.3,22.81,23.06,971600
20160405,23.09,23.16,22.72,22.91,1093500
20160406,22.56,22.8,22.25,22.25,1630300
20160407,22.48,22.88,22.38,22.64,1716100
20160408,23.27,23.27,22.04,22.12,2858600
20160411,22.35,22.8,20.91,20.99,1779800
20160412,21.13,21.53,20.87,21.01,2030600
20160413,21.19,21.97,21.17,21.32,2533100
20160414,21.63,22.02,21.32,21.75,2072300
20160415,22.12,22.43,21.92,22.23,1904200
20160418,22.33,22.43,21.88,22.2,1464600
20160419,22.2,22.34,21.58,21.58,1762800
20160420,21.6,22.01,21.39,21.83,1914500
20160422,21.6,21.92,21.47,21.65,1380100
20160425,21.8,21.8,21.24,21.28,1215500
20160426,21.48,21.66,21.25,21.66,1453200
20160427,21.73,22.03,21.67,21.9,1476800
20160428,22.03,22.04,21.14,21.33,1905700
20160429,21.52,21.87,19.36,20.5,9133800
20160502,20.43,20.43,19.76,20.13,3388500
20160503,20.03,20.47,19.93,20.18,2761400
20160504,20.36,20.37,19.9,20.04,2107100
20160505,20.03,20.17,19.7,19.85,3804000
20160506,19.84,20.07,19.09,19.09,2347700
20160509,19.06,19.83,18.92,19.37,3296000
20160510,19.46,19.69,19.14,19.59,2980200
20160511,19.8,19.97,19.12,19.12,1793900
20160512,19.1,19.41,18.69,18.8,2598900
20160513,18.69,18.79,18.36,18.6,2265500
20160516,18.52,18.87,18.09,18.69,1017100
20160517,18.52,18.86,18.52,18.62,1466200
20160518,18.61,19.06,18.35,18.94,2128600
20160519,19.09,19.42,18.98,19.04,3116800
20160520,18.94,19.15,18.69,18.89,1022500
20160523,18.95,19.06,18.74,18.9,1702100
20160524,19.07,19.12,18.67,19.1,1304300
20160525,19.13,19.37,18.91,18.99,2098500
20160527,19.09,19.28,18.8,19,1906500
20160530,19.1,19.29,18.55,18.59,845400
20160531,18.64,18.96,18.6,18.74,3006900
20160601,18.66,18.92,18.59,18.69,1426400
20160602,18.54,19.1,18.49,18.98,1552500
20160603,19.02,19.12,18.46,18.64,2109700
20160606,18.83,18.83,18.48,18.59,1206500
20160607,18.54,18.97,18.46,18.87,1632200
20160608,18.8,18.93,18.55,18.61,1857800
20160609,18.69,18.76,18.27,18.38,1483500
20160610,18.34,18.34,17.45,17.45,2138300
20160613,17.44,17.83,17.16,17.75,1645600
20160614,17.78,17.78,17.09,17.29,2485200
20160615,17.22,17.67,17.17,17.32,2690700
20160616,17.46,18.18,17.44,18.18,2630700
20160617,18.34,18.44,17.88,17.9,2609600
20160620,18.09,18.27,17.83,17.84,1177100
20160621,17.84,18.43,17.56,18.32,1582700
20160622,18.46,18.63,18.08,18.17,1428800
20160623,18.08,18.49,17.99,18.49,1424000
20160624,17.97,18.17,17.66,18.12,2158700
20160627,17.99,18.13,17.58,17.78,1378500
20160628,17.93,18.03,17.34,17.37,1573400
20160629,17.5,17.69,17.28,17.49,2429000
20160630,17.56,17.79,17.13,17.47,2331600
20160701,17.61,17.67,17.48,17.62,1565600
20160704,17.67,18.37,17.6,18.26,1053000
20160705,18.51,18.59,17.51,17.68,1659900
20160706,17.82,17.88,17.4,17.73,1057400
20160707,17.87,18.23,17.55,17.63,1566500
20160708,17.81,17.83,17.46,17.81,1170300
20160711,18.04,18.12,17.63,17.68,1590800
20160712,17.74,17.97,17.53,17.95,2194000
20160713,17.97,18.07,17.5,17.84,2037100
20160714,17.91,17.99,17.6,17.85,1796300
20160715,17.98,18.04,17.37,17.38,2191800
20160718,17.37,17.37,16.83,17.18,2590200
20160719,17.18,17.64,17.18,17.35,2137800
20160720,17.48,17.48,16.98,17.11,2304900
20160721,17.07,17.19,16.88,17.07,1365600
20160722,16.98,17.44,16.98,17.34,1196200
20160725,17.27,17.41,17.16,17.29,842200
20160726,17.2,17.58,17.18,17.48,1195700
20160727,17.61,17.78,17.46,17.46,1233900
20160728,17.42,17.6,17.25,17.51,1000300
20160729,16.68,16.68,14.78,14.81,13631700
20160801,14.94,15.18,14.23,14.23,5675500
20160802,14.28,14.71,14.09,14.35,3972500
20160803,14.3,14.51,14.29,14.38,3853600
20160804,14.42,14.69,14.34,14.57,5360500
20160805,14.67,14.73,14.48,14.64,2403400
20160808,14.71,14.9,14.51,14.9,1491600
20160809,14.99,15.07,14.58,14.73,3545700
20160810,14.66,14.75,14.3,14.75,3734500
20160811,14.71,14.91,14.66,14.83,1850600
20160812,14.81,15.02,14.68,15,2510800
20160815,14.95,15.18,14.76,15.11,1923600
20160816,15.03,15.17,14.79,14.98,2645600
20160817,15,15.13,14.62,14.81,2376100
20160818,14.78,14.89,14.65,14.75,2342600
20160819,14.82,14.82,14.43,14.49,1670900
20160822,14.46,14.5,13.98,13.99,3256400
20160823,13.89,14.19,13.81,14.13,3205100
20160824,14.11,14.44,14.03,14.36,2323900
20160825,14.27,14.34,14.09,14.11,3008600
20160826,14.16,14.22,13.95,14.12,2596300
20160829,14.11,14.33,14.06,14.23,1648200
20160830,14.36,14.48,14.1,14.28,2162600
20160831,14.32,14.45,14.06,14.31,3459300
20160901,14.37,14.72,14.25,14.48,3440400
20160902,14.61,15.18,14.44,15.06,2908900
20160905,15.19,15.57,15.1,15.28,2523100
20160906,15.58,15.83,15.49,15.83,5796000
20160908,16.08,16.23,15.71,16.12,6137500
20160909,16.11,16.11,15.63,15.73,3433400
20160912,15.68,15.96,15.38,15.66,2773100
20160913,15.62,15.99,15.53,15.85,5558300
20160914,15.89,15.99,15.66,15.74,2323000
20160915,15.75,15.98,15.69,15.76,2421400
20160916,15.89,15.96,15.3,15.37,3692700
20160919,15.53,15.66,14.94,14.94,3139500
20160920,14.99,15.17,14.84,15.02,2432800
20160921,14.94,14.99,14.75,14.88,1944500
20160922,14.95,15.2,14.72,14.82,2133000
20160923,14.98,15.41,14.83,15.13,3647300
20160926,15.15,15.28,14.54,14.61,2763200
20160927,14.64,14.66,14.3,14.4,2457100
20160928,14.45,14.76,14.4,14.72,3300800
20160929,14.72,14.91,14.23,14.23,4204300
20160930,14.26,14.34,13.96,14.01,2958300
20161003,14.03,14.27,13.95,14.16,2324400
20161004,14.24,14.37,14.05,14.19,2187700
20161005,14.24,14.45,14.22,14.45,1634200
20161006,14.6,14.89,14.59,14.8,2906400
20161007,14.89,14.89,14.4,14.5,4960300
20161010,14.59,14.66,14.2,14.28,4207100
20161011,14.33,14.48,13.9,14.01,5554200
20161013,14.01,14.45,13.92,14.36,20345900
20161014,14.45,14.84,14.37,14.78,7101300
20161017,14.93,15.3,14.93,15.3,6968700
20161018,15.66,15.91,15.45,15.85,5733600
20161019,15.89,16.08,15.51,15.63,5898400
20161020,15.65,15.69,15.23,15.5,3735800
20161021,15.5,15.85,15.36,15.66,3392700
20161024,15.9,15.97,15.56,15.56,3373300
20161025,15.56,15.89,15.44,15.66,2685000
20161026,15.74,15.8,15.57,15.72,2910600
20161027,15.78,16.06,15.65,15.88,5577500
20161028,15.98,16.44,15.8,16.05,5419900
20161031,16.25,17.17,16.16,17.15,5873900
20161101,17.3,18.04,17.25,17.75,8813100
20161103,17.7,17.73,17.02,17.02,6730100
20161104,17.02,17.68,16.8,17.33,4256900
20161107,17.52,17.74,17.06,17.68,3272500
20161108,17.75,17.75,17.23,17.28,2455800
20161109,16.72,17.57,16.52,17.48,6208000
20161110,17.7,18.43,17.68,18.26,9982200
20161111,18.52,18.6,17.44,17.53,11386000
20161114,17.4,17.77,17.02,17.7,6620600
20161116,18.2,18.24,17.35,17.76,3830500
20161117,17.76,18.05,17.45,17.93,2463700
20161118,18,18.09,17.51,17.51,1697900
20161121,17.6,17.65,16.99,16.99,3437000
20161122,16.95,16.95,16.06,16.35,6773800
20161123,16.43,16.87,16.4,16.79,3393100
20161124,16.79,16.79,16.51,16.62,861100
20161125,16.66,17.1,16.64,16.9,1741800
20161128,16.9,16.9,16.53,16.8,1564000
20161129,16.71,16.89,16.42,16.49,1439300
20161130,16.66,16.93,16.57,16.57,3170700
20161201,16.62,17.23,16.36,16.92,5235000
20161202,16.81,17.06,16.45,17,2836200
20161205,17,17.19,16.74,16.86,1621000
20161206,16.78,17.08,16.43,16.5,4314800
20161207,16.52,16.96,16.1,16.96,8337800
20161208,17.1,17.15,16.1,16.2,3251700
20161209,16.3,16.37,15.74,16.04,3695600
20161212,15.93,16,15.36,15.59,2981400
20161213,15.47,15.62,15.25,15.48,3391100
20161214,15.47,15.65,15.3,15.43,2876000
20161215,15.44,15.62,14.9,15,3801100
20161216,15.01,15.73,15.01,15.52,3945900
20161219,15.45,15.6,15.05,15.2,1830800
20161220,15.3,15.3,14.81,14.95,1753600
20161221,15.3,15.65,15.15,15.29,3550600
20161222,15.39,15.39,15.16,15.26,1890600
20161223,15.28,15.43,15.11,15.3,1143200
20161226,15.4,15.62,15.36,15.45,571100
20161227,15.58,15.68,15.33,15.61,1250200
20161228,15.61,15.83,15.59,15.69,1233300
20161229,15.69,16,15.63,16,1724900
20170102,15.9,16,15.84,16,563200
20170103,16,16.36,16,16.36,2032500
20170104,16.2,16.39,16.07,16.17,1351000
