<DTYYYYMMDD>,<OPEN>,<HIGH>,<LOW>,<CLOSE>,<VOL>
20100601,25.66,26.24,25.2,25.2,1967100
20100602,25.3,25.67,24.99,25.41,1959200
20100604,25.12,25.29,24.23,24.33,1557100
20100607,24.43,24.59,23.38,23.38,2137500
20100608,23.58,24.1,23.09,24.1,1877000
20100609,24.32,25.45,24.32,25.03,3439100
20100610,25.57,26.22,25.42,26.22,1872400
20100611,26,26.75,25.79,26.75,1739100
20100614,26.82,27.21,25.93,26.06,1632500
20100615,26.29,26.55,26.11,26.47,650400
20100616,26.41,26.51,25.93,26.28,1636500
20100617,26.24,26.51,25.84,26.41,1211100
20100618,26.38,27.23,26.38,26.56,3382200
20100621,27,27.89,26.83,27,2041800
20100622,27.14,27.31,26.38,26.38,1904800
20100623,26.56,27.04,26.22,26.96,1466300
20100624,26.73,26.97,26.28,26.35,1604800
20100625,26.39,26.55,26.02,26.43,1197300
20100628,26.55,26.58,25.84,25.92,826700
20100629,25.54,25.54,24.28,24.49,1990500
20100630,24.5,24.74,23.82,23.82,1690500
20100701,23.84,24.1,22.92,24.1,2608800
20100702,24.23,24.32,23.32,23.51,1999000
20100705,23.53,23.69,23.18,23.31,492600
20100706,23.95,24.04,22.76,22.91,2880200
20100707,23.05,23.56,22.86,23.51,2518600
20100708,23.76,23.77,22.82,23.02,2900400
20100712,23.2,23.42,22.86,22.86,1795700
20100713,23.07,23.55,22.86,23.45,2198000
20100714,23.25,23.33,22.85,22.92,2094000
20100715,22.92,23.11,22.41,22.8,3210700
20100716,22.84,22.95,21.77,21.88,2914200
20100719,22.08,22.4,21.81,22.27,1679800
20100720,22.22,23.54,21.97,23.54,3196500
20100721,23.61,23.96,23.25,23.47,3162400
20100722,23.85,24.61,23.6,24.44,3992300
20100723,24.45,25.28,23.96,25.11,4006900
20100726,25.29,25.79,25.22,25.71,3926600
20100727,25.93,26.15,25.54,25.93,3915500
20100728,25.84,25.88,24.89,25.07,2813300
20100729,25.24,25.46,24.42,24.63,2211000
20100730,24.42,24.98,23.93,24.98,2170900
20100802,25.24,25.71,25.15,25.52,1889700
20100803,25.46,25.46,24.86,25.17,1347200
20100804,25.33,25.99,25.15,25.93,2305100
20100805,25.94,26.47,25.69,26.38,1877100
20100806,26.2,26.55,25.79,26.47,1599200
20100809,26.52,26.79,26.21,26.38,1895200
20100810,26.02,26.26,25.69,25.81,1708700
20100811,25.36,25.36,24.42,24.42,2482800
20100812,24.32,24.92,24.23,24.83,2037800
20100813,24.77,25.73,24.6,25.65,2964100
20100816,25.43,26.24,25.32,25.97,2234300
20100817,26.02,26.51,26.02,26.22,1030700
20100818,26.29,26.38,25.77,25.92,1339400
20100819,25.83,25.86,25.38,25.69,1240200
20100820,25.48,25.66,25.11,25.21,1224200
20100823,25.24,25.57,24.9,24.92,722500
20100824,24.42,24.81,24.33,24.41,1235100
20100825,24.27,24.41,23.84,24.36,1168200
20100826,24.52,24.81,23.63,23.63,1805000
20100827,24.05,24.82,23.59,24.82,1453500
20100830,24.68,24.78,23.7,23.7,1261900
20100831,23.92,24.27,23.69,24.19,1513500
20100901,24.41,25.75,24.35,25.69,3684800
20100902,25.96,26.8,25.79,26.78,3462600
20100903,27.09,27.32,26.36,26.36,2314200
20100906,26.47,26.82,25.62,26.02,565200
20100908,26.28,26.65,26.04,26.55,1232100
20100909,26.64,26.78,26.33,26.38,981600
20100910,26.16,26.55,25.53,26.3,1290700
20100913,26.81,27.56,26.64,27.13,2114900
20100914,27.1,27.18,26.55,26.72,887200
20100915,26.47,27.36,26.33,27.27,1497500
20100916,27.3,27.54,27.05,27.36,932300
20100917,27.23,27.55,26.72,26.8,1338900
20100920,26.98,26.98,26.22,26.59,1491100
20100921,26.62,26.73,25.94,26.15,1517300
20100922,26.19,26.58,25.5,25.71,3711800
20100923,25.61,26.12,25.44,25.67,2532700
20100924,26.06,26.42,25.75,25.95,2487900
20100927,25.93,26.72,25.93,26.29,1140500
20100928,26.28,26.98,26.01,26.91,1339900
20100929,26.81,27.06,26.61,27.01,1260400
20100930,27.02,27.23,25.79,26.16,2526100
20101001,26.33,26.47,25.83,26.33,1188500
20101004,26.31,26.47,25.9,26.01,887200
20101005,26.28,26.4,25.92,25.92,1708400
20101006,26.06,26.11,25.6,26.09,2084500
20101007,26.13,26.31,25.3,25.35,1701600
20101008,25.31,25.87,25.04,25.8,1254000
20101011,25.87,26.29,25.66,26.13,982900
20101013,26.04,26.3,25.48,25.59,2026800
20101014,25.93,26.01,25.36,25.62,2395200
20101015,25.89,25.91,25.14,25.26,1214700
20101018,25.39,25.57,24.91,25.33,1313200
20101019,24.9,25.14,24.53,24.54,1583200
20101020,24.68,24.78,23.98,23.98,1584200
20101021,24.16,25.82,23.88,25.82,3937500
20101022,25.75,26.24,24.86,25.23,1890800
20101025,25.47,26.01,25.33,25.56,1173300
20101026,25.59,27.08,25.49,26.78,2626700
20101027,26.75,27.14,26.21,26.64,1504400
20101028,27.17,27.17,26.36,26.85,916100
20101029,26.98,27.44,26.64,27.23,1150000
20101101,27.1,27.72,27.1,27.54,932700
20101103,27.72,28.34,27.72,28.31,2174100
20101104,28.5,29.18,28.38,28.39,2038400
20101105,28.17,28.38,27.75,28.13,1003700
20101108,27.81,28.16,27.73,27.9,683300
20101109,28.07,28.42,27.54,27.54,988300
20101110,27.26,27.87,27.12,27.62,850000
20101111,27.36,27.54,26.73,27.07,1306700
20101112,26.56,27.09,25.78,26.09,2343800
20101116,25.75,25.75,24.96,25.28,2073000
20101117,25.26,25.84,25.2,25.52,1761000
20101118,25.81,26.17,25.74,25.79,2373100
20101119,25.57,25.82,25.26,25.48,1348700
20101122,25.38,25.71,24.82,25.08,1843200
20101123,24.78,24.96,24.18,24.39,2939700
20101124,24.65,25.36,24.65,25.35,1484400
20101125,25.34,25.48,25.16,25.18,544100
20101126,24.86,24.89,24.36,24.46,1236400
20101129,24.49,24.62,23.77,24.1,2579200
20101130,24.01,24.22,23.74,23.77,2817700
20101201,24.13,24.67,24.04,24.54,2289400
20101202,24.69,24.98,24.59,24.59,1874900
20101203,24.77,25.71,24.13,25.65,2601000
20101206,25.45,25.66,25.11,25.11,918100
20101207,25.54,25.79,25.18,25.62,1138700
20101208,25.42,25.62,24.99,25.2,1247200
20101209,25.3,25.37,24.72,24.99,645000
20101210,25.08,25.82,25,25.82,1152700
20101213,25.87,26.36,25.68,25.72,1345500
20101214,25.72,25.72,24.82,24.9,1124300
20101215,24.68,24.68,24.02,24.09,2236200
20101216,24.33,24.45,23.26,23.32,1988100
20101217,23.47,23.67,23.17,23.49,1329400
20101220,23.65,23.65,23.12,23.12,1201800
20101221,23.34,23.58,23.29,23.49,1125300
20101222,24.58,24.81,24.14,24.45,2785800
20101223,24.49,24.51,23.97,24.22,897000
20101227,24.13,24.13,23.89,23.9,489300
20101228,24.13,24.13,23.35,23.61,1101500
20101229,23.79,24.06,23.69,23.9,498200
20101230,23.93,24.14,23.68,23.68,1090300
20110103,24.11,24.13,23.75,23.8,1359000
20110104,23.91,24.32,23.86,24.1,1176200
20110105,24.14,24.3,23.92,24.05,975000
20110106,24.16,24.3,23.98,24.03,1423200
20110107,24.04,24.23,23.75,23.94,772900
20110110,23.92,24.18,23.83,24.18,496400
20110111,24.19,24.58,24.19,24.45,1067200
20110112,24.54,25.03,24.54,24.94,1276600
20110113,24.99,25.14,24.71,24.99,1367700
20110114,24.79,25.14,24.64,24.81,705400
20110117,24.7,24.73,24.45,24.52,421700
20110118,24.59,24.84,24.47,24.51,548200
20110119,24.59,24.9,24.03,24.1,714900
20110120,24.01,24.45,23.75,24.1,850800
20110121,24.14,25.11,23.91,24.71,1813400
20110124,24.68,24.94,24.37,24.78,481700
20110126,24.71,24.87,24.01,24.15,708900
20110127,24.28,24.28,23.87,24.07,756800
20110128,24.13,24.13,23.17,23.22,1055100
20110131,23.42,23.59,22.94,23,839900
20110201,23.17,23.66,23,23.51,1090100
20110202,23.34,23.4,22.97,22.97,883100
20110203,23.01,23.1,22.54,23,914400
20110204,22.98,23.09,22.07,22.07,1292700
20110207,22.45,22.71,22.09,22.63,622600
20110208,22.53,22.86,22.32,22.35,892900
20110209,22.37,22.4,21.68,21.75,786100
20110210,21.73,22.03,21.37,21.37,1591800
20110211,21.55,22.49,21.55,22.15,1910300
20110214,22.41,22.63,22.22,22.35,1035100
20110215,22.35,22.98,22.19,22.64,1208600
20110216,22.94,23.17,22.27,22.63,2241700
20110217,22.77,22.78,22.22,22.35,1392500
20110218,22.35,22.68,22.13,22.27,1093600
20110221,22.31,22.42,22.12,22.33,480600
20110222,22.27,22.4,21.62,21.71,1790100
20110223,21.99,21.99,21.07,21.41,2571300
20110224,21.34,21.6,21.01,21.17,1674100
20110225,21.37,21.57,21.01,21.32,1461900
20110228,21.5,21.83,21.33,21.46,1463600
20110301,21.46,21.55,21.01,21.01,1337400
20110302,20.92,21.37,20.92,21.1,751800
20110303,21.21,21.5,21.11,21.31,1110300
20110304,21.31,21.56,21.19,21.28,1169000
20110309,21.55,21.82,21.42,21.57,948900
20110310,21.61,21.72,20.65,20.65,1421200
20110311,20.69,20.85,20.4,20.58,2479800
20110314,20.56,20.59,19.76,20.47,1156100
20110315,20.3,21.71,20.13,21.59,4486400
20110316,21.75,21.98,21.39,21.49,2875900
20110317,21.69,21.81,21.56,21.8,914500
20110318,21.97,22.57,21.9,22.57,2168400
20110321,22.72,23.06,22.61,23.06,1808600
20110322,22.88,23.19,22.59,23.11,1853000
20110323,22.92,23.25,22.61,23.25,1400700
20110324,23.23,23.3,22.92,23.07,931700
20110325,22.98,23.69,22.96,23.24,1436600
20110328,23.2,23.55,23.07,23.42,782500
20110329,23.4,23.51,23.09,23.25,936500
20110330,23.29,23.74,23.27,23.51,1591500
20110331,23.64,23.81,23.45,23.56,940800
20110401,23.62,23.89,23.31,23.69,1286200
20110404,23.69,24.09,23.69,23.9,702100
20110405,23.88,24.27,23.74,24.05,1044600
20110406,24.15,24.26,23.72,23.74,610100
20110407,23.7,24.01,23.44,23.6,806800
20110408,23.69,23.7,22.96,22.96,973200
20110411,22.91,23.24,22.65,22.71,954300
20110412,22.71,22.85,22.37,22.37,1201300
20110413,22.69,22.71,21.7,21.77,1682000
20110414,21.98,22.05,21.5,21.56,1136000
20110415,21.65,21.87,21.51,21.74,745000
20110418,21.74,21.98,21.3,21.42,772800
20110419,21.54,21.79,21.18,21.73,979400
20110420,22.14,22.15,21.68,21.71,767400
20110425,21.91,22.41,21.91,22.24,1621900
20110426,22.25,22.87,22.08,22.81,1165400
20110427,22.77,22.96,22.12,22.3,910700
20110428,22.08,22.49,21.84,22.49,1343100
20110429,22.79,23.14,22.37,22.59,2137800
20110502,22.87,23.1,22.01,22.19,1508100
20110503,22.25,22.44,21.69,21.77,1074600
20110504,21.85,22.22,21.81,22.01,1172400
20110505,21.9,22.46,21.68,22.02,1586600
20110506,22.45,22.58,21.82,22.1,1311300
20110509,22.27,22.28,21.81,21.96,617200
20110510,22.15,22.79,22.08,22.65,1456400
20110511,22.6,22.95,22.23,22.61,1406500
20110512,22.55,22.62,22.15,22.15,1004400
20110513,22.31,22.41,21.44,21.58,1242400
20110516,21.49,22.26,21.29,21.48,1344500
20110517,21.49,22.1,21.49,21.86,1667900
20110518,21.91,22.06,21.51,21.51,1068200
20110519,21.51,21.75,21.15,21.16,1626600
20110520,21.23,21.65,21.09,21.46,1277100
20110523,21.26,21.34,21.04,21.11,898000
20110524,21.22,21.45,21.11,21.22,1171200
20110525,21.31,21.62,21.23,21.26,1548200
20110526,21.28,21.77,21.28,21.49,1215300
20110527,21.49,21.8,21.49,21.8,857700
20110530,21.93,22,21.54,22,472700
20110531,22.22,22.38,21.58,22.35,3609500
20110601,22.1,22.18,21.58,21.58,942300
20110602,21.69,21.79,21.4,21.73,938500
20110603,21.47,21.98,21.44,21.44,1043200
20110606,21.58,21.58,20.62,20.85,1020400
20110607,20.9,21.18,20.73,20.81,669700
20110608,20.85,20.85,20.32,20.43,1224900
20110609,20.4,20.8,20.05,20.44,954900
20110610,20.49,20.49,19.89,19.89,831600
20110613,20.08,20.08,19.51,19.51,966100
20110614,19.62,20.2,19.62,20.03,1213400
20110615,19.9,20.29,19.77,19.8,1579000
20110616,19.75,20.03,19.41,19.48,886300
20110617,19.66,19.84,19.44,19.44,534000
20110620,19.48,19.83,19.32,19.66,577000
20110621,19.75,20.08,19.59,19.73,829400
20110622,19.69,19.86,19.4,19.4,1028900
20110624,19.56,19.64,18.78,18.8,1125800
20110627,18.94,18.94,18.57,18.7,1069800
20110628,18.7,19.09,18.7,19.07,1165700
20110629,19.07,19.16,18.85,18.93,873400
20110630,19.13,19.13,18.61,18.79,1712400
20110701,18.75,18.82,18.58,18.61,1633800
20110704,18.7,19.02,18.58,18.92,682300
20110705,19,19.36,18.67,18.67,1859900
20110706,18.74,19.17,18.61,19.11,1838700
20110707,19.3,19.43,18.84,18.84,1657100
20110708,18.57,18.72,18.21,18.21,1598000
20110711,18.09,18.09,17.47,17.47,922600
20110712,17.28,17.65,17.11,17.28,2787200
20110713,17.55,17.64,17.19,17.19,861500
20110714,17.28,17.38,16.87,17.06,915900
20110715,17.1,17.24,16.8,16.8,711600
20110718,16.74,16.92,16.46,16.46,1022500
20110719,16.62,16.74,16.5,16.64,661700
20110720,16.77,16.83,16.21,16.26,1279400
20110721,16.46,16.96,16.28,16.92,1457900
20110722,16.96,17.24,16.72,16.95,1598600
20110725,17.06,17.09,16.7,16.78,1196200
20110726,16.87,16.88,16.41,16.55,1039800
20110727,16.51,16.68,16.08,16.44,2047600
20110728,16.5,16.77,16.49,16.55,1394000
20110729,16.39,17.18,16.19,16.98,1765000
20110801,17.11,17.39,16.45,16.56,1831300
20110802,16.51,16.66,15.55,15.55,1581700
20110803,15.52,15.55,14.81,14.96,2022800
20110804,14.45,14.59,13.62,13.93,2942100
20110805,13.93,14.55,13.49,14.22,1850400
20110808,13.4,13.85,12.68,12.89,2176200
20110809,13.08,13.49,12.16,13.05,2280900
20110810,13.07,13.12,12.39,12.8,2248400
20110811,13,13.35,12.58,13.1,2828800
20110812,13.26,13.35,12.78,13.22,1470300
20110815,13.34,14.18,13.31,14.18,1923200
20110816,13.98,14.06,13.54,13.72,1476700
20110817,13.85,14.03,13.53,14.03,1763300
20110818,13.62,13.63,12.87,12.99,3177400
20110819,12.8,13.18,12.49,12.49,2015000
20110822,12.85,12.85,12.39,12.5,1376200
20110823,12.53,12.73,12.19,12.67,2095500
20110824,12.73,12.99,12.58,12.84,1299600
20110825,12.85,13.1,12.67,12.92,1887000
20110826,12.85,13.11,12.65,13.08,2263300
20110829,13.19,13.7,13.16,13.67,1352700
20110830,13.63,14.16,13.56,13.95,1702400
20110831,14.07,14.41,14.04,14.27,2194000
20110901,14.63,14.72,14.13,14.17,2522800
20110902,13.81,14.17,13.72,13.85,1940600
20110905,13.53,13.56,13.13,13.13,855100
20110906,12.96,13.89,12.89,13.89,1966000
20110908,14.31,14.54,14.13,14.31,1614900
20110909,13.99,14.11,13.75,14.06,1102100
20110912,13.9,14.54,13.65,14.53,2503300
20110913,14.73,15.12,14.47,14.71,2818900
20110914,14.91,15.46,14.91,15.27,3124000
20110915,15.35,15.76,15.18,15.47,2723300
20110916,15.75,16.06,15.57,15.91,2764700
20110919,15.5,16.55,15.46,16.44,2776000
20110920,16.55,16.6,15.36,15.41,2526800
20110921,15.69,15.99,15.19,15.24,2371700
20110922,14.98,14.98,13.89,14.23,4089000
20110923,14.15,14.31,13.79,13.91,1906500
20110926,14.17,14.17,13.4,13.8,1427300
20110927,14.13,14.36,13.91,13.93,1466000
20110928,14.02,14.28,13.29,13.31,1746000
20110929,13.49,13.74,13.31,13.59,1121300
20110930,13.4,13.54,12.97,13.08,1906700
20111003,12.99,13.11,12.61,12.61,1795900
20111004,12.53,12.57,12.03,12.57,2468600
20111005,12.72,13.37,12.41,13.37,2120300
20111006,13.49,13.71,13.15,13.53,1477900
20111007,13.61,13.77,12.73,12.86,2357300
20111010,13.09,13.53,13.09,13.53,1450200
20111011,13.42,13.56,13.22,13.41,2094300
20111013,13.63,13.79,12.9,13.44,2621300
20111014,13.5,13.66,13.2,13.46,1877600
20111017,13.31,13.53,13.1,13.15,1456100
20111018,13.15,13.78,12.95,13.78,1223100
20111019,13.75,13.75,13.08,13.08,2486200
20111020,13.09,13.35,12.98,13.24,1999600
20111021,13.38,14.17,13.31,13.78,2793100
20111024,14.05,14.36,14.05,14.18,2071700
20111025,14.08,14.24,13.54,13.54,2348500
20111026,13.54,13.71,13.03,13.53,3908800
20111027,13.95,14.49,13.76,14.28,3535100
20111028,14.22,14.85,14.13,14.47,2251400
20111031,14.27,14.38,13.95,13.98,1034900
20111101,13.39,13.8,13.28,13.53,2871600
20111103,13.81,13.94,13.51,13.68,1262700
20111104,13.56,13.95,13.4,13.95,1308800
20111107,13.89,14.06,13.73,13.81,936200
20111108,13.9,13.9,13.5,13.59,1280000
20111109,13.44,13.44,12.85,12.92,2133000
20111110,13.05,13.14,12.8,12.81,1274000
20111111,12.98,12.99,12.69,12.74,1535200
20111114,12.71,12.82,12.51,12.63,1438100
20111116,12.51,13.14,12.4,12.96,2218200
20111117,12.94,13.3,12.86,12.99,2981500
20111118,13.03,13.18,12.78,12.8,1050200
20111121,12.62,12.8,12.56,12.71,1250100
20111122,12.69,12.69,12.08,12.18,2400900
20111123,12.08,12.11,11.56,11.56,2975100
20111124,11.62,12.12,11.46,11.95,1159000
20111125,11.84,11.96,11.66,11.66,1387500
20111128,11.94,12.14,11.86,12.02,1274700
20111129,11.99,12.38,11.97,12.07,3268900
20111130,12.34,12.73,12.27,12.55,2603000
20111201,12.74,12.91,12.3,12.3,2184400
20111202,12.51,12.57,12.2,12.3,1819300
20111205,12.48,12.71,12.45,12.71,2397100
20111206,12.7,12.8,12.56,12.72,1757600
20111207,12.62,12.99,12.62,12.72,1808500
20111208,12.81,13.01,12.16,12.2,1417000
20111209,12.32,12.52,12.13,12.34,874600
20111212,12.25,12.34,12.07,12.3,1158500
20111213,12.5,12.67,12.24,12.52,1574500
20111214,12.48,12.67,12.08,12.08,3075700
20111215,12.19,12.26,11.87,11.9,1150400
20111216,11.98,12.06,11.78,11.86,1414700
20111219,11.88,11.94,11.46,11.49,1563100
20111220,11.72,11.92,11.59,11.87,1044800
20111221,11.79,12.32,11.79,12.26,1657000
20111222,12.44,12.62,12.15,12.62,1082400
20111223,12.61,13.21,12.6,13.21,1714000
20111226,13.17,13.24,12.99,13.07,488700
20111227,13.1,13.37,13.1,13.2,933400
20111228,13.34,13.34,12.77,12.79,790500
20111229,12.79,12.96,12.55,12.68,970000
20120102,12.71,13.17,12.62,13.02,841100
20120103,13.09,13.87,13.02,13.74,3054300
20120104,13.7,13.79,13.44,13.52,1644500
20120105,13.45,13.49,12.93,13.17,1204400
20120106,13.3,13.35,12.96,13.1,856000
20120109,13.27,13.42,12.95,13.07,851900
20120110,13.36,13.56,13.35,13.49,1565700
20120111,13.5,13.58,13.22,13.53,1501000
20120112,13.58,13.7,13.34,13.54,798600
20120113,13.59,13.66,13.31,13.44,1138100
20120116,13.4,13.57,13.32,13.55,453200
20120117,13.58,14.1,13.58,13.98,1448300
20120118,13.95,14.04,13.72,13.82,1655600
20120119,13.84,13.97,13.61,13.74,936600
20120120,13.76,14.17,13.75,13.99,1152700
20120123,14.04,14.17,13.98,13.98,1775300
20120124,13.95,14.43,13.78,14.19,2067700
20120126,14.19,14.35,13.67,13.67,2865900
20120127,13.7,13.86,13.41,13.53,1303900
20120130,13.4,13.65,13.29,13.47,920300
20120131,13.53,13.63,13.03,13.03,1768000
20120201,13.01,13.25,12.94,13.09,1560300
20120202,12.99,13.47,12.81,13.29,2438400
20120203,13.17,13.92,13.17,13.88,2403100
20120206,13.9,14.23,13.67,13.99,1903100
20120207,13.95,14.33,13.92,14.25,1733400
20120208,14.4,14.65,14.18,14.59,3118300
20120209,14.65,14.81,14.32,14.47,2848900
20120210,14.24,14.63,14.04,14.2,1730900
20120213,14.45,14.7,14.28,14.59,1466000
20120214,14.61,14.8,14.38,14.45,927600
20120215,14.72,14.77,14.56,14.63,1508000
20120216,14.4,15.11,14.4,15.05,2271900
20120217,15.14,15.34,15.05,15.09,1595200
20120222,14.84,15.17,14.75,15.1,847200
20120223,14.87,15.11,14.76,14.76,924700
20120224,14.77,14.79,14.01,14.02,3485600
20120227,13.99,14.34,13.8,14.26,2357200
20120228,14.38,14.71,14.33,14.4,1746400
20120229,14.59,14.61,14.22,14.22,2146100
20120301,14.36,14.36,13.82,13.95,2222100
20120302,14.07,14.5,13.92,14.49,2282600
20120305,14.53,14.69,14.23,14.26,1357600
20120306,14.17,14.21,13.72,13.81,1491300
20120307,14,14.02,13.53,13.9,1694200
20120308,13.26,13.9,13.25,13.9,5842500
20120309,13.99,14.31,13.85,14.24,2066100
20120312,14.08,14.29,14.01,14.13,1246900
20120313,14.11,14.45,13.94,14.33,2268300
20120314,14.36,14.37,14,14.12,1396500
20120315,14.06,14.19,13.72,13.84,1508900
20120316,13.81,13.98,13.49,13.71,1773200
20120319,13.81,14.04,13.64,13.78,775500
20120320,13.73,13.81,13.5,13.57,1049500
20120321,13.63,13.7,13.46,13.47,776300
20120322,13.44,13.5,13.26,13.36,997500
20120323,13.53,13.53,13.3,13.31,753500
20120326,13.52,13.53,13.31,13.46,771900
20120327,13.37,13.52,13.26,13.26,866500
20120328,13.34,13.34,13.05,13.23,1825900
20120329,13.06,13.56,13.06,13.52,1386700
20120330,13.56,13.79,13.42,13.72,2949400
20120402,13.81,14.34,13.67,14.24,2121100
20120403,14.34,14.56,14.15,14.23,2122800
20120404,14.06,14.12,13.77,13.85,1351800
20120405,13.83,14.07,13.63,13.87,869100
20120409,13.48,13.88,13.46,13.56,1289700
20120410,13.5,13.64,13.24,13.3,1032100
20120411,13.32,13.53,13.24,13.36,1495200
20120412,13.42,13.97,13.28,13.9,1614400
20120413,13.75,13.82,13.42,13.59,2122500
20120416,13.66,13.81,13.39,13.67,1220800
20120417,13.82,13.98,13.45,13.77,1617900
20120418,13.8,14.1,13.72,14.08,3067000
20120419,13.91,14.22,13.91,14.04,910300
20120420,14.25,14.56,14.17,14.36,2955400
20120423,14.26,14.39,13.63,13.72,2067600
20120424,13.9,14.68,13.89,14.63,6841500
20120425,14.54,14.66,13.74,13.85,9330000
20120426,13.72,13.85,13.1,13.49,5457900
20120427,13.68,13.95,13.42,13.85,5018700
20120430,13.85,14.03,13.69,14.03,1835500
20120502,14.03,14.06,13.77,13.95,1937500
20120503,14,14.48,13.91,14.31,3361300
20120504,14.22,14.52,14.09,14.13,3745200
20120507,13.95,14.3,13.95,14.3,1157400
20120508,14.31,14.31,13.72,13.85,6476900
20120509,13.63,13.8,13.53,13.59,3231000
20120510,13.61,13.84,13.27,13.32,1959200
20120511,13.35,13.49,13.08,13.21,929800
20120514,13.26,13.26,12.79,12.96,1033900
20120515,12.8,13.08,12.62,12.74,1092900
20120516,12.78,12.89,12.53,12.57,1326100
20120517,12.54,12.93,12.31,12.31,1739800
20120518,12.35,12.71,12.08,12.12,1268300
20120521,12.25,12.77,12.16,12.69,1147400
20120522,12.62,12.81,12.36,12.43,1401000
20120523,12.44,12.71,12.16,12.41,2014100
20120524,12.36,12.42,11.9,12.21,2082900
20120525,12.29,12.43,12.05,12.3,1864300
20120528,12.44,12.61,12.25,12.45,257900
20120529,12.58,12.7,12.31,12.54,1259000
20120530,12.41,12.52,11.89,12.02,2374900
20120531,12.03,12.38,11.91,12.09,2329800
20120601,11.89,12.12,11.64,11.79,2217400
20120604,11.84,11.84,11.58,11.73,871400
20120605,11.79,11.98,11.44,11.45,991700
20120606,11.49,11.67,11.36,11.51,981200
20120608,11.43,11.79,11.34,11.79,1062700
20120611,11.78,11.85,11.28,11.31,1163300
20120612,11.41,11.8,11.37,11.7,1145100
20120613,11.79,12.11,11.49,11.82,1974300
20120614,11.82,11.89,11.39,11.61,1283700
20120615,11.61,12.34,11.57,12.34,2588500
20120618,12.15,12.48,11.98,12.44,2002200
20120619,12.62,13.06,12.46,12.88,2055000
20120620,12.9,13.31,12.89,13.08,2016700
20120621,13.11,13.11,12.44,12.49,1391500
20120622,12.62,12.8,12.48,12.66,826300
20120625,12.48,12.7,12.29,12.56,666900
20120626,12.45,12.67,12.24,12.38,999600
20120627,12.44,12.7,12.37,12.55,1170200
20120628,12.44,12.61,12.19,12.59,759900
20120629,13.12,13.71,13.12,13.61,3767200
20120702,13.49,14.15,13.35,13.9,1952100
20120703,14.09,14.42,13.63,13.99,1669700
20120704,13.9,14.49,13.81,14.4,744800
20120705,14.49,14.49,14.06,14.13,1948200
20120706,13.99,14.1,13.74,13.87,909000
20120710,14.17,14.31,13.4,13.49,914400
20120711,13.56,13.64,13.13,13.38,715200
20120712,13.09,13.62,13.03,13.55,673700
20120713,13.76,13.95,13.66,13.89,705500
20120716,13.89,13.89,13.45,13.62,593400
20120717,13.69,13.89,13.37,13.82,601800
20120718,13.74,13.92,13.46,13.81,661200
20120719,13.95,14.04,13.79,13.84,831200
20120720,13.72,13.99,13.55,13.77,1015300
20120723,13.44,13.67,13.28,13.53,655300
20120724,13.46,13.59,13.2,13.24,909200
20120725,13.33,13.52,12.82,13.1,1032200
20120726,13.42,14.34,13.21,14.08,3515500
20120727,14.13,15.21,13.72,14.64,3222800
20120730,14.62,14.99,14.06,14.45,1597500
20120731,14.32,14.55,14.07,14.17,1340800
20120801,14.01,14.5,13.74,13.98,1417100
20120802,13.74,14.05,13.54,13.87,1067900
20120803,14.18,14.74,14.17,14.46,1891000
20120806,14.61,14.87,14.54,14.75,1433800
20120807,14.68,15.18,14.65,14.7,1678600
20120808,14.59,14.81,14.1,14.32,2151100
20120809,14.19,14.45,14.05,14.3,1229400
20120810,14.23,14.63,14.03,14.63,3174700
20120813,14.55,15.03,14.39,14.99,1664500
20120814,15,15.41,14.63,14.71,1931200
20120815,14.72,15,14.69,14.79,2055600
20120816,15.23,15.48,14.93,15.16,2232000
20120817,15.18,15.33,14.98,15.04,1776900
20120820,15.09,15.29,14.84,15.09,1352900
20120821,15.32,15.35,14.64,14.77,1767100
20120822,14.77,15.46,14.77,15.32,3375700
20120823,15.23,15.46,14.84,14.89,1430500
20120824,14.97,14.98,14.66,14.87,1869400
20120827,14.71,14.8,14.17,14.22,1356400
20120828,14.22,14.64,14.22,14.47,3769700
20120829,14.49,14.58,13.85,13.97,1807000
20120830,13.88,14.23,13.82,14.06,1045400
20120831,14.17,14.44,13.9,14.44,2266400
20120903,14.44,14.44,13.93,13.98,1173900
20120904,13.9,14.02,13.59,13.6,1756100
20120905,13.68,13.98,13.5,13.98,1162000
20120906,13.91,14.84,13.81,14.63,2141700
20120910,15.09,15.52,14.96,15.14,2207000
20120911,15.26,15.66,15.14,15.55,2081800
20120912,15.73,15.73,15.25,15.68,1345900
20120913,15.73,16.85,15.55,16.78,2861200
20120914,16.7,17.69,16.65,17.3,3013900
20120917,17.3,17.48,16.72,16.92,1626900
20120918,16.78,17.14,16.49,16.64,1654900
20120919,16.65,17,16.37,16.83,1681300
20120920,16.6,17.38,16.6,17.32,1298700
20120921,17.4,17.55,16.94,16.94,1301300
20120924,17.01,17.53,17.01,17.45,1492900
20120925,17.56,17.56,17.06,17.45,2037300
20120926,17.45,17.45,16.25,16.34,2201100
20120927,16.47,16.92,15.82,16.79,1950500
20120928,16.71,17.05,16.33,16.85,1515600
20121001,16.78,17.44,16.78,17.04,1989600
20121002,17.09,17.35,16.88,17.06,1476800
20121003,17.15,17.33,16.57,16.64,1345300
20121004,16.71,17.1,16.54,16.71,1273700
20121005,16.87,17.18,16.68,16.78,741000
20121008,16.74,17.08,16.64,16.87,695500
20121009,17,17.06,16.67,16.9,1769300
20121010,16.99,17.17,16.89,17.15,1809300
20121011,17.28,17.42,17.14,17.37,1574500
20121015,17.47,17.88,17.24,17.88,1749400
20121016,18.05,18.24,17.78,17.84,1632600
20121017,17.93,18.11,17.59,17.85,1862700
20121018,17.74,17.88,17.6,17.74,2459800
20121019,17.73,18.04,17.57,17.7,1495500
20121022,17.7,17.95,17.61,17.68,431500
20121023,17.49,17.96,17.2,17.61,1518500
20121024,17.61,17.71,16.72,16.87,1168200
20121025,16.89,17.16,16.55,16.55,1211700
20121026,16.46,16.55,16.03,16.19,1497400
20121029,16.1,16.65,15.93,16.55,519500
20121030,16.55,16.55,15.84,16,1343800
20121031,16.1,16.1,15.24,15.77,2281900
20121101,15.96,16.76,15.78,16.48,1573500
20121105,16.48,17.24,16.3,16.52,1538500
20121106,16.74,17.36,16.52,17.23,1118000
20121107,17.18,17.23,16.85,17.09,1001100
20121108,17.14,17.29,16.96,17.04,1168600
20121109,17.09,17.59,17.09,17.38,1652400
20121112,17.39,17.71,17.39,17.66,1037900
20121113,17.56,18.97,17.51,18.68,3802000
20121114,18.31,18.54,17.47,17.6,1916100
20121116,17.62,17.99,17.34,17.6,1384300
20121119,17.6,18.14,17.58,18.04,692800
20121121,18.25,18.5,17.71,18.41,1594900
20121122,18.47,18.83,18.38,18.62,656600
20121123,18.79,19.11,18.56,18.87,1650500
20121126,18.84,19.52,18.39,19.02,1363000
20121127,19.23,19.51,18.68,18.68,1991000
20121128,18.38,19.01,18.38,19.01,1212600
20121129,19.21,19.61,18.92,19.61,1402600
20121130,19.92,19.92,18.93,19.22,1569900
20121203,19.3,20.07,19.3,19.98,1817200
20121204,19.87,20.68,19.77,20.58,1528700
20121205,20.93,21.81,20.72,21.58,4286600
20121206,21.51,21.65,20.7,21.12,2164700
20121207,21.22,21.45,20.76,21.06,1854500
20121210,21.13,21.25,20.72,20.76,1327200
20121211,20.9,21.17,20.38,20.99,1872600
20121212,20.82,21.22,20.51,21.03,1734000
20121213,20.92,21.16,20.22,20.28,2104200
20121214,19.25,20.44,19.01,20.2,3852700
20121217,20.21,20.9,20.08,20.46,2107900
20121218,20.54,21.1,20.46,21.07,1099300
20121219,21.04,21.38,20.61,20.67,1526400
20121220,20.78,21.01,20.3,20.94,700400
20121221,20.73,21.09,20.44,20.79,1049600
20121226,20.7,20.96,20.38,20.4,686100
20121227,20.67,20.85,20.39,20.73,740400
20121228,20.67,21.01,20.63,20.64,532200
20130102,21.01,22.3,20.98,22.13,1810900
20130103,22.13,22.17,21.84,22.01,1028300
20130104,22.01,22.57,21.19,21.35,3583000
20130107,21.62,21.91,21.21,21.44,1246800
20130108,21.5,22.01,21.32,21.79,1273700
20130109,21.75,22.08,21.48,22.03,1270100
20130110,22.06,22.27,21.9,22.08,1299300
20130111,21.95,22.57,21.8,22.57,1519400
20130114,22.64,23.26,22.33,23.19,1642600
20130115,23.06,23.19,22.68,22.87,1888400
20130116,22.6,23.02,22.58,22.87,851100
20130117,22.89,23.85,22.68,23.64,1189300
20130118,23.51,23.78,23.34,23.58,781900
20130121,23.43,23.89,23.43,23.78,219400
20130122,23.54,23.9,23.39,23.83,910900
20130123,23.71,24.08,23.44,24.08,1181400
20130124,23.92,24.46,23.61,23.96,1412700
20130128,23.41,23.63,22.55,22.55,2292700
20130129,22.82,23.07,21.92,22.32,1907200
20130130,22.32,22.85,22.11,22.55,1349000
20130131,22.65,23.08,22.07,22.32,1847800
20130201,22.37,22.65,22.19,22.46,912800
20130204,22.41,22.53,21.81,22.45,1393800
20130205,22.45,22.97,22.21,22.87,748800
20130206,22.96,23.12,22.59,23.02,1120100
20130207,22.77,22.85,22,22.27,1501500
20130208,21.96,22.16,21.48,21.51,1702300
20130213,21.48,21.54,21.15,21.15,1118400
20130214,21.19,21.19,20.54,20.56,1541800
20130215,20.58,21.04,20.4,20.94,1132000
20130218,20.93,21.13,20.33,20.9,557400
20130219,21,21.12,20.4,20.4,1699600
20130220,20.29,20.67,19.77,19.8,1284500
20130221,19.79,19.99,19.22,19.65,2010900
20130222,19.66,20.67,19.66,20.43,3914000
20130225,20.53,20.93,20.18,20.24,1871400
20130226,20.03,20.51,19.9,20.26,1086700
20130227,20.34,21.08,20.31,20.87,1986100
20130228,20.89,21.4,20.38,20.51,1602600
20130301,20.44,20.77,19.9,20.36,1663700
20130304,20.26,20.57,20.26,20.48,777000
20130305,20.55,21.16,20.25,20.26,1340000
20130306,20.69,20.91,20.38,20.76,1176800
20130307,21.01,21.48,20.69,20.69,1500000
20130308,20.76,21.1,20.37,20.4,1694300
20130311,20.4,20.44,20.05,20.3,2281300
20130312,20.38,20.67,20.26,20.35,1814600
20130313,20.18,20.51,19.8,20.12,1993300
20130314,20.12,20.41,19.8,20.27,2111700
20130315,20.35,20.53,20.14,20.19,1064600
20130318,20.12,20.45,19.88,20.42,1263700
20130319,20.58,20.76,19.76,19.98,1288800
20130320,19.9,20.26,19.9,20.16,1004700
20130321,20.17,20.22,19.56,20.08,1087500
20130322,19.92,20.4,19.92,20.19,864100
20130325,20.2,20.35,19.94,20.15,1049500
20130326,20.32,20.58,20.05,20.58,992900
20130327,20.68,21.54,20.47,21.54,1790200
20130328,21.49,22.32,21.27,22.32,1708600
20130401,22.15,22.51,21.81,21.81,887500
20130402,21.81,21.94,21.12,21.12,887300
20130403,20.99,22.04,20.9,22.04,1283200
20130404,22.14,22.38,21.64,22.04,1069600
20130405,21.95,22.15,21.49,22.04,848700
20130408,21.95,22.36,21.63,22.34,1498400
20130409,22.5,23.26,22.5,22.87,1541800
20130410,22.99,23.34,21.28,21.84,2611500
20130411,21.97,22.02,21.07,21.22,1272900
20130412,21.13,21.21,20.58,20.81,1091700
20130415,20.45,20.62,19.87,19.89,832900
20130416,20.32,20.99,20.12,20.8,1145400
20130417,20.43,20.8,20.21,20.29,1852700
20130418,20.37,20.61,20.16,20.51,1207500
20130419,20.47,20.98,20.29,20.39,1457900
20130422,20.25,21.11,20.12,20.88,1367500
20130423,20.74,21.34,20.61,21.1,1329900
20130424,20.84,21.25,20.61,20.61,918700
20130425,20.61,20.95,20.02,20.59,1064900
20130426,20.47,20.54,19.17,19.22,2155000
20130429,19.36,19.47,18.93,19.19,1752400
20130430,18.79,19.62,18.56,19.52,1630200
20130502,19.02,19.75,18.98,19.22,2210500
20130503,19.54,19.86,19.38,19.56,1763300
20130506,19.3,19.96,19.05,19.84,1989700
20130507,19.79,20.25,19.54,20.21,1246900
20130508,20.21,20.44,19.84,19.84,1379900
20130509,19.75,20.12,19.39,19.64,1691300
20130510,19.45,19.71,19.35,19.71,2355700
20130513,19.51,19.85,19.19,19.33,1744500
20130514,19.46,19.73,19.19,19.45,1897000
20130515,19.29,19.58,19.28,19.34,1331500
20130516,19.48,19.69,19.11,19.48,2310400
20130517,19.57,19.85,19.51,19.85,986700
20130520,19.94,19.94,19.41,19.57,994900
20130521,19.51,19.89,19.27,19.69,1733600
20130522,19.79,20.1,19.56,20.01,1930400
20130523,19.66,20.33,19.43,20.19,1707400
20130524,20.4,20.83,20.21,20.83,2852800
20130527,20.73,21.17,20.71,21.08,1428600
20130528,21.22,21.4,20.95,21.3,2095600
20130529,21.24,21.98,21.15,21.72,2388900
20130531,21.34,22.04,21.08,21.49,2046500
20130603,21.49,21.49,21.04,21.44,1565200
20130604,21.56,22.24,21.17,21.79,2070400
20130605,21.66,22.16,21.4,21.58,1996400
20130606,21.67,21.79,20.96,21.77,2108000
20130607,21.6,22.68,21.49,22.22,1922800
20130610,22.04,22.2,21.42,21.68,1430200
20130611,21.38,21.55,20.67,21.18,2059700
20130612,21.28,21.76,20.54,20.7,1625300
20130613,20.51,20.96,20.23,20.68,1983000
20130614,20.68,20.93,20.23,20.3,1074200
20130617,20.32,21.19,20.31,20.97,1625400
20130618,21.04,21.86,20.93,21.77,1414900
20130619,21.72,22.09,21.28,21.91,1937000
20130620,21.81,23.27,21.54,22.87,3753000
20130621,22.87,23.67,22.69,23.09,2647400
20130624,22.91,23.25,22.48,22.98,2869000
20130625,23.05,23.14,22.29,22.64,1741100
20130626,22.64,22.68,21.78,22.01,1988700
20130627,21.94,22.19,21.46,21.69,1726900
20130628,21.73,22.74,21.72,22.64,1969300
20130701,22.78,23.9,22.56,23.65,2017400
20130702,23.59,23.94,23.05,23.05,1847400
20130703,23.05,23.77,22.73,23.05,1326900
20130704,23.46,23.47,23.02,23.32,610100
20130705,23.43,23.71,23.07,23.6,1592900
20130708,23.73,24.15,23.38,23.41,1365700
20130710,23.51,23.74,22.82,23.16,1312600
20130711,23.26,23.62,23.05,23.53,1735500
20130712,23.53,24.15,23.21,23.94,1532800
20130715,23.7,24.28,23.68,24.19,815800
20130716,24.31,24.31,23.53,23.96,1036700
20130717,23.94,24.47,23.83,24.06,974300
20130718,24.05,24.14,23.62,23.85,1188700
20130719,23.6,23.8,23.19,23.45,881000
20130722,23.48,24.05,23.14,24.05,1071500
20130723,24.19,24.28,23.64,23.64,1761700
20130724,23.62,23.7,22.96,23.19,1325100
20130725,23.14,23.28,22.71,22.92,2173400
20130726,22.82,23.03,22.41,22.78,1849000
20130729,22.76,23.31,22.51,23.31,805100
20130730,23.51,23.54,22.74,22.87,1544400
20130731,22.7,23.4,22.5,23.23,1826300
20130801,23.5,23.82,23.13,23.73,1718000
20130802,23.69,24.18,23.4,23.45,1479800
20130805,23.43,23.5,22.83,22.96,1736100
20130806,22.77,22.97,22,22.04,2691900
20130807,21.77,22.51,21.77,22.04,1420500
20130808,22.12,22.4,21.81,22.12,2052100
20130809,22.27,22.72,22.12,22.36,1938900
20130812,22.33,22.72,21.96,22.14,1942400
20130813,22.11,22.75,22.11,22.75,2107200
20130814,22.59,22.73,22.23,22.69,2729300
20130815,22.43,23.23,22.27,22.83,2391100
20130816,22.77,24.73,22.66,24.69,2844000
20130819,24.91,26.52,24.8,26.38,2793600
20130820,26.14,26.71,25.83,26.34,2549400
20130821,26.2,27.06,26.09,26.73,1947800
20130822,26.75,26.89,26.37,26.49,1480200
20130823,26.15,26.3,25.31,25.7,2235400
20130826,25.39,25.91,25.36,25.55,1332300
20130827,25.38,25.54,24.71,24.97,3009200
20130828,25.11,25.12,24.16,24.96,2055100
20130829,24.99,25.23,24.57,24.79,1029900
20130830,25,25.23,24.44,25.23,2884400
20130902,25.39,25.58,24.98,25.09,1435700
20130903,25.14,25.35,24.56,24.79,1066500
20130904,24.8,25.11,24.74,24.97,927600
20130905,24.97,25.52,24.61,25.34,1439900
20130906,25.65,25.7,24.77,24.87,1543000
20130909,24.72,25.54,24.72,25.33,1597800
20130910,25.33,26.11,25.28,25.84,1972000
20130911,26.04,26.54,25.87,26.19,2256700
20130912,25.94,26.42,25.9,26.09,1744000
20130913,26.09,26.22,25.79,26.08,1522300
20130916,26.08,26.34,25.98,26.15,1284100
20130917,26.25,26.41,25.65,25.65,1021300
20130918,25.77,26.07,25.45,25.78,2750000
20130919,25.61,25.68,24.74,24.83,2916100
20130920,24.94,25.11,24.26,24.26,1213500
20130923,24.33,24.75,24.33,24.68,978300
20130924,24.68,24.68,23.73,23.73,1595800
20130925,23.73,24.15,23.73,24.05,1849600
20130926,23.97,24.19,23.79,24.04,591800
20130927,23.92,24.43,23.92,24.43,833700
20130930,24.26,24.41,23.3,23.3,1543100
20131001,23.51,24.27,23.14,24.23,1445300
20131002,24.07,24.58,23.94,24.12,836600
20131003,24.05,24.32,23.69,23.88,728200
20131004,23.87,24.46,23.75,24.39,1004000
20131007,24.56,24.56,23.69,23.94,879200
20131008,24.05,25.05,23.99,24.74,1731500
20131009,24.67,24.88,24.41,24.64,1606800
20131010,24.89,24.92,24.3,24.59,1667100
20131011,24.78,25.13,24.48,24.79,781900
20131014,24.79,25.55,24.59,25.55,1071200
20131015,25.6,25.62,25.03,25.25,946300
20131016,25.38,25.38,24.69,24.95,1613200
20131017,24.97,25.17,24.84,25.13,844900
20131018,25.41,25.45,24.92,25.13,667200
20131021,25.43,25.43,24.78,24.97,942300
20131022,25.12,26.04,24.81,25.93,1513100
20131023,25.98,25.98,25.3,25.43,1078400
20131024,25.24,26.52,25.21,26.16,1284800
20131025,26.41,26.41,25.57,25.6,860900
20131028,25.81,26.12,25.44,25.72,769800
20131029,25.77,26.34,25.45,26.23,748800
20131030,26.45,26.52,25.99,26.2,805000
20131031,26.2,26.67,25.8,26.57,1172400
20131101,26.74,27.13,26.53,26.81,1214900
20131104,26.96,26.96,26.07,26.22,1260100
20131105,26.52,26.7,26.25,26.62,1119800
20131106,26.36,26.49,25.95,25.98,2016000
20131107,25.75,26.43,25.24,26.33,1630400
20131108,26.29,27.09,25.4,26.74,1957400
20131111,26.96,26.96,26.27,26.84,798700
20131112,26.99,26.99,26.08,26.26,1129400
20131113,26.17,26.52,25.82,26.5,879500
20131114,26.78,27.21,26.29,26.58,975200
20131118,27.28,27.99,26.91,26.94,1875400
20131119,26.89,27.67,26.08,26.2,1740200
20131121,25.98,26.67,25.98,26.34,1421300
20131122,26.21,26.57,25.98,25.98,1407100
20131125,26.14,26.14,25.16,25.61,714700
20131126,25.61,25.71,25.02,25.23,1244800
20131127,25.15,25.66,25.11,25.43,1394900
20131128,25.55,25.74,24.75,25.12,650400
20131129,25.25,25.81,25.15,25.42,1530600
20131202,25.2,25.77,24.95,25.51,1449200
20131203,25.22,25.57,24.83,24.97,1008700
20131204,24.93,25.11,24.32,24.68,1270900
20131205,24.97,26.09,24.92,25.57,1691600
20131206,25.82,26.11,25.13,25.39,1144300
20131209,25.35,25.79,25,25.48,557800
20131210,25.37,25.84,25.27,25.48,543700
20131211,25.48,25.78,25.2,25.28,1134600
20131212,25.06,25.52,25.02,25.34,1037400
20131213,25.24,25.87,24.8,25.15,987800
20131216,25.07,25.21,24.33,24.36,1057900
20131217,24.25,24.46,23.97,24.14,1451100
20131218,24.1,24.54,23.93,24.09,1661900
20131219,24.07,25.27,24.07,25.21,800900
20131220,25.07,25.77,24.9,25.15,1636500
20131223,24.96,26.13,24.96,25.52,872700
20131226,25.96,25.97,25.64,25.79,703900
20131227,25.84,25.84,25.01,25.48,1257700
20131230,25.56,25.82,25.26,25.29,1130900
20140102,25.29,25.61,24.99,25.29,975800
20140103,25.33,25.77,24.8,25.25,1578300
20140106,25.09,25.24,24.6,25.23,1296300
20140107,25.07,25.37,24.69,24.87,1238100
20140108,24.92,24.92,24.48,24.69,1272800
20140109,24.54,24.71,24.16,24.2,831900
20140110,24.21,24.87,24.07,24.5,990800
20140113,24.59,24.59,23.94,24.19,1052400
20140114,24.03,24.24,23.82,23.9,1134100
20140115,24.08,24.5,23.93,24.42,1742600
20140116,24.33,24.66,23.98,24.16,975900
20140117,24.28,24.39,23.55,23.66,1130500
20140120,23.8,23.85,23.35,23.46,433600
20140121,23.56,23.66,23.09,23.29,1139200
20140122,23.23,23.6,22.99,23.33,1084600
20140123,23.14,23.62,22.82,22.82,1163000
20140124,22.82,23.69,22.67,23.3,1708100
20140127,23.23,23.55,22.9,23.37,1046400
20140128,23.52,23.86,23.39,23.47,1161000
20140129,23.37,24.88,23.17,24.88,2038100
20140130,24.69,25.02,23.96,24.05,1470200
20140131,24.37,24.74,23.63,24.74,1412300
20140203,24.71,24.8,24,24.16,1016800
20140204,24.07,24.46,23.82,24.36,1160800
20140205,24.05,24.37,23.25,23.69,1211700
20140206,23.67,24.15,23.44,23.93,1733600
20140207,23.75,24.6,23.71,24.6,1832100
20140210,24.47,24.68,23.78,23.94,776900
20140211,24.14,24.21,23.38,24.12,1322000
20140212,24.12,24.37,23.8,23.94,781900
20140213,23.87,23.94,23.32,23.76,845600
20140214,23.94,24.07,23.43,24.07,547400
20140217,23.98,24.05,23.5,23.55,303500
20140218,23.36,24.01,23.36,23.65,1229500
20140219,23.47,24.39,23.4,24.11,969700
20140220,23.96,24.07,23.55,23.83,961900
20140221,23.66,24.21,23.48,23.6,1199700
20140224,23.48,23.66,23.32,23.4,835500
20140225,23.22,23.31,22.57,22.88,1763900
20140226,23.13,23.56,22.61,23.22,1292500
20140227,23.4,23.4,22.63,23.01,2091200
20140228,23.19,23.19,22.3,22.68,2870200
20140305,22.55,22.95,22.36,22.41,637100
20140306,22.33,22.99,22.27,22.73,911600
20140307,22.63,23.39,22.4,22.81,1306100
20140310,22.65,22.77,21.8,21.87,1468300
20140311,22.02,22.27,21.65,21.79,1140500
20140312,21.77,22.07,21.57,22.07,1221100
20140313,22.22,22.31,21.86,22.19,1200400
20140314,22.23,22.37,21.8,22.07,1321800
20140317,22.01,22.22,21.85,22.15,609000
20140318,22.05,22.4,21.89,22.4,1323200
20140319,22.34,22.92,22.2,22.72,1279500
20140320,22.57,23.28,22.57,22.96,1248300
20140321,22.74,23.59,22.63,23.36,1407700
20140324,23.51,23.6,23.28,23.46,890200
20140325,23.54,23.79,22.81,22.88,1831200
20140326,23.08,23.11,22.23,22.32,1431500
20140327,22.5,22.71,21.91,22.54,2142200
20140328,22.67,23.01,22.66,22.93,1279000
20140331,23.07,23.14,22.65,23.08,1290500
20140401,23.16,23.16,22.52,22.96,1032600
20140402,22.96,23.62,22.84,23.62,1851600
20140403,23.63,23.84,23.05,23.32,1729000
20140404,23.76,23.76,23.08,23.23,1823300
20140407,23.4,23.61,22.74,22.91,2597200
20140408,23.05,23.19,21.81,21.87,2218900
20140409,21.85,22.28,21.61,21.9,1854000
20140410,22.04,22.14,21.49,21.6,959600
20140411,21.6,21.69,21.14,21.35,1293300
20140414,21.31,21.39,20.85,21.25,957900
20140415,21.04,21.26,20.58,20.9,1756700
20140416,21.1,21.1,20.75,21.04,1557400
20140417,21.03,21.79,20.99,21.71,1084200
20140422,21.68,21.9,21.18,21.3,1089600
20140423,21.27,21.38,20.71,20.71,1371500
20140424,20.71,20.87,20.05,20.62,1749400
20140425,20.53,20.68,20.09,20.27,761400
20140428,20.26,20.27,19.94,20.03,876700
20140429,20.08,20.47,19.89,19.98,866600
20140430,19.86,20.45,19.85,20.3,1505700
20140502,20.17,20.75,19.98,20.72,1327000
20140505,20.81,20.96,20.51,20.93,800100
20140506,21,21,20.64,20.74,1070900
20140507,20.63,20.71,20.21,20.49,1426100
20140508,20.4,20.59,20.25,20.41,626500
20140509,20.49,20.67,19.86,19.88,1210800
20140512,19.75,20.33,19.75,20.12,1049500
20140513,20.07,20.4,19.89,20.4,900400
20140514,20.36,20.56,20.28,20.48,914100
20140515,20.38,20.4,19.98,20.12,860900
20140516,20.16,20.35,19.93,20.1,691400
20140519,20.03,20.03,19.16,19.16,1594600
20140520,19.16,19.23,18.38,18.38,1243400
20140521,18.42,18.89,18.32,18.82,1315000
20140522,18.89,19.41,18.89,19.41,1450100
20140523,19.41,19.54,19.08,19.16,5651600
20140526,19.25,19.39,18.97,19.16,514500
20140527,19.07,19.23,18.8,18.84,1102500
20140528,18.88,19.11,18.65,18.98,970800
20140529,19.06,19.11,18.84,19.1,1084100
20140530,18.91,19.34,18.81,19.34,1665000
20140602,19.33,20.51,19.16,20.42,2026900
20140603,20.37,20.45,19.82,20.45,1602100
20140604,20.45,20.45,19.99,20.29,858300
20140605,20.31,20.31,19.75,19.92,1059500
20140606,20.26,20.62,20.26,20.42,1616800
20140609,20.48,20.9,20.44,20.72,2305200
20140610,20.82,20.9,20.34,20.51,999900
20140611,20.67,20.67,20.18,20.32,964000
20140613,20.29,20.36,19.86,19.98,927900
20140616,19.9,20.25,19.9,20.08,599600
20140617,19.98,20.66,19.98,20.58,450400
20140618,20.68,21.31,20.66,21.07,2155800
20140620,21.04,21.42,20.92,21.35,861700
20140623,21.35,21.45,21.04,21.2,488700
20140624,21.18,21.48,20.77,20.77,788000
20140625,20.58,20.83,19.95,20.01,1165100
20140626,20.01,20.46,20,20.08,802200
20140627,20.12,20.19,19.64,19.75,610400
20140630,19.68,19.87,19.39,19.6,1327100
20140701,19.65,19.67,19.33,19.6,1537500
20140702,19.6,20.4,19.54,20.4,1505600
20140703,20.48,21.15,20.48,21.15,1173500
20140704,21.04,21.13,20.8,21.13,170600
20140707,21.02,21.08,20.67,21.08,691500
20140708,21,21,20.62,20.8,635200
20140710,20.99,21.06,20.48,20.57,1117200
20140711,20.64,20.88,20.51,20.57,430300
20140714,20.72,21,20.49,20.61,854800
20140715,20.51,20.71,20.4,20.67,679400
20140716,20.78,20.82,20.39,20.39,1000400
20140717,20.3,20.74,20.3,20.69,1323700
20140718,20.74,20.84,19.97,19.97,1789600
20140721,19.92,19.95,19.22,19.38,1693400
20140722,19.38,19.43,19.08,19.12,1152000
20140723,19.3,20.03,19.26,19.99,1571400
20140724,20.11,20.71,19.95,20.57,2362700
20140725,20.22,20.45,20.15,20.26,2135200
20140728,20.15,20.43,19.96,20.26,1210800
20140729,20.26,20.27,19.81,19.87,748600
20140730,19.79,20.43,19.79,20.14,1697100
20140731,20,20.52,20,20.37,1742900
20140801,20.44,20.52,20.01,20.13,852400
20140804,20.02,20.32,19.82,20.04,627500
20140805,20.14,20.3,20.09,20.29,1333600
20140806,20.29,20.67,20.18,20.58,1023000
20140807,20.63,20.75,20.26,20.48,628100
20140808,20.34,20.88,20.34,20.88,793900
20140811,20.88,21.14,20.8,21.13,882800
20140812,21.13,21.28,20.96,21.22,734300
20140813,21.23,21.47,20.83,21.15,1652400
20140814,21.04,21.57,20.91,21.49,1353600
20140815,21.64,21.7,21.22,21.41,1830500
20140818,21.31,21.47,21.09,21.09,1240700
20140819,21.16,21.63,21.09,21.31,950600
20140820,21.39,21.77,21.04,21.47,1239200
20140821,21.4,21.53,21.15,21.44,856500
20140822,21.33,21.56,21.04,21.08,947900
20140825,21.23,21.46,21.16,21.29,1253100
20140826,21.37,21.37,21.06,21.22,1093900
20140827,21.33,21.48,21.15,21.44,919200
20140828,21.33,21.55,21.13,21.31,1258900
20140829,21.42,21.42,20.91,21.29,1309400
20140901,21.4,21.45,20.38,20.57,1154900
20140902,20.57,21.16,20.51,20.91,1138700
20140903,20.91,21.12,20.74,20.94,1050300
20140904,20.83,22.55,20.83,22.24,3237800
20140905,22.41,22.81,22.24,22.55,1091500
20140908,22.7,23.02,22.31,22.45,1590800
20140909,22.2,22.5,21.92,22.5,1033700
20140910,22.4,22.98,22.2,22.91,2521600
20140911,23.15,23.19,22.74,23.16,1451900
20140912,22.9,24.06,22.87,23.64,2365400
20140915,23.64,24.11,23.59,23.83,2345700
20140916,24.1,24.34,23.61,23.68,2686100
20140917,23.6,24.06,23.32,23.92,1754200
20140918,23.78,24.83,23.78,24.74,2668000
20140919,24.61,25.09,24.03,24.19,1668000
20140922,24.02,24.78,23.91,24.16,1222700
20140923,24.01,24.65,24.01,24.42,1007600
20140924,24.29,24.41,23.84,23.84,1527200
20140925,23.78,24.33,23.74,24.24,3159100
20140926,24.29,24.62,24.07,24.27,1760600
20140929,24.51,24.91,24.14,24.74,2819500
20140930,24.24,24.8,24.24,24.55,1888900
20141001,24.28,25.15,24.08,24.85,3114100
20141002,24.69,24.79,24.18,24.45,1485300
20141003,24.43,24.85,24.16,24.22,895200
20141006,23.78,24.6,23.65,24.07,2082300
20141007,24.24,24.26,23.2,23.32,1709200
20141008,23.44,23.83,23.28,23.56,1297500
20141009,23.95,23.95,22.97,23.1,1945500
20141010,23.1,23.65,22.99,23.16,1651400
20141013,23.56,23.56,22.13,22.3,3153200
20141014,22.33,22.54,22.13,22.34,2195000
20141015,22.22,22.9,21.81,22.68,2669700
20141016,22.25,22.82,22.25,22.45,2344100
20141017,22.45,22.79,22.37,22.62,1186800
20141020,22.7,23.05,22.49,22.96,1203100
20141021,22.81,24.01,22.81,23.64,2343700
20141022,23.73,24.32,23.63,23.84,2500800
20141023,23.67,25.79,23.67,25.41,3784700
20141024,24.86,26.03,24.73,24.99,3603100
20141027,25.61,26.89,25.56,26.48,5399500
20141028,26.07,26.2,25.43,26.07,3403900
20141029,25.91,26.44,25.77,26.17,2112900
20141030,25.98,25.98,25.29,25.66,3082200
20141031,25.79,27.48,25.58,27.45,1835100
20141103,27.47,27.77,26.84,27.62,1525500
20141104,27.56,28.54,27.29,28.18,1738700
20141105,27.98,28.25,27.82,27.95,639700
20141106,27.81,29.09,27.66,29.08,2014900
20141107,29.26,29.27,28.49,28.49,1123700
20141110,28.63,28.99,28.05,28.12,1075800
20141111,28.07,28.66,27.94,28.65,680800
20141112,28.63,29.09,28.24,28.77,590900
20141113,28.64,29.04,28.35,28.99,1126400
20141114,28.99,29.74,28.7,28.98,1133500
20141117,28.99,29.01,28.35,28.57,870800
20141118,28.54,28.84,28.01,28.84,850100
20141119,28.72,28.93,28.3,28.77,1169900
20141121,28.9,28.9,27.55,27.77,3128600
20141124,28.13,28.56,27.59,28.19,1411800
20141125,28.19,28.58,28,28,1955100
20141126,27.99,28.16,26.98,26.98,1203000
20141127,27.12,27.36,26.83,27.3,851300
20141128,27.38,28.2,27.38,28.2,1420800
20141201,28.17,28.19,26.74,27.3,1584400
20141202,27.54,28.06,27.54,27.67,1301000
20141203,27.81,27.95,27.31,27.84,1091300
20141204,28.03,28.19,27.3,27.54,878800
20141205,27.55,28.52,27.55,28.26,2474000
20141208,28.4,28.57,27.75,27.9,552900
20141209,27.76,28.18,27.25,27.44,1484400
20141210,27.18,27.62,26.89,27.35,775400
20141211,27.16,27.74,26.99,27.56,680900
20141212,27.44,27.9,27.24,27.58,1054100
20141215,27.51,27.74,26.78,27.25,1184400
20141216,26.9,28.13,26.73,27.71,1728400
20141217,28.32,28.44,27.36,28.41,2081300
20141218,28.26,28.68,27.63,28.55,1085100
20141219,28.99,29.04,28.05,28.9,1041500
20141222,29.04,29.08,28.59,28.86,941000
20141223,28.71,30.08,28.71,30.08,1156800
20141226,30.08,30.08,29.51,29.51,416100
20141229,29.36,30.51,29.35,30.3,750000
20141230,30.18,30.41,29.74,29.74,1276100
20150102,29.74,30.58,29.42,29.54,955600
20150105,29.41,30.05,29.1,29.38,1041800
20150106,29.55,30.23,29.31,29.63,1475600
20150107,29.78,30.37,29.78,30.03,1147900
20150108,29.91,30.02,28.76,29.45,1271100
20150109,29.14,29.31,28.58,28.88,785400
20150112,28.69,28.88,28.2,28.71,778200
20150113,28.57,29.09,28.35,28.36,737500
20150114,28.18,28.45,27.59,28.2,2009500
20150115,28.26,28.43,27.78,28.28,1370000
20150116,28.34,28.69,27.48,27.57,1146600
20150119,27.42,27.82,27.13,27.58,517300
20150120,27.71,27.99,26.97,27.07,1186800
20150121,27.4,27.9,27,27.76,955500
20150122,27.91,28.02,26.91,27.07,2243600
20150123,27.14,27.31,26.53,26.65,853000
20150126,26.71,27.43,26.71,27.35,1055500
20150127,27.12,27.9,27.07,27.9,1302800
20150128,27.64,27.85,27.19,27.74,968700
20150129,28.04,28.81,27.81,28.54,1582600
20150130,28.67,29.59,28.42,29.54,1553600
20150202,29.63,30.06,29.2,30.06,1103300
20150203,30.18,30.69,30.05,30.6,1436400
20150204,30.37,31.71,30.32,31.46,2017100
20150205,31.1,31.8,30.92,31.49,1228600
20150206,31.3,32.5,31.08,32.41,2129300
20150209,32.21,33.28,32.2,32.86,1701100
20150210,32.6,33.57,32.5,32.98,2356600
20150211,33.02,34.07,32.94,34.07,1997600
20150212,34.41,34.9,34.05,34.05,1899700
20150213,33.89,34.68,33.23,33.48,1953100
20150218,33.48,33.98,33.19,33.72,1129000
20150219,33.8,34.27,33.66,34.03,685300
20150220,34,34.46,33.74,34.21,558900
20150223,34.01,34.89,34.01,34.3,641700
20150224,34.12,34.15,32.89,32.93,1759000
20150225,32.84,33.73,32.84,33.52,1024400
20150226,33.66,34.1,33.25,34.1,1117200
20150227,34.21,34.55,33.71,33.71,1682700
20150302,33.66,34.16,33.5,34.16,1101000
20150303,33.95,34.76,33.83,34.56,680900
20150304,34.71,35.97,34.71,35.76,1563100
20150305,35.95,36.34,34.94,35.24,1239800
20150306,35.25,36.47,34.88,36.47,1881800
20150309,36.13,36.62,34.85,35.46,2112100
20150310,36.4,36.4,35.23,35.34,1750000
20150311,35.89,35.98,35.26,35.81,1131300
20150312,36.04,36.41,35.69,36.41,1281200
20150313,36.2,38.22,36.2,38.06,1817600
20150316,38.04,38.05,36.25,36.82,1530500
20150317,37.29,38.38,37.12,37.98,1964800
20150318,37.87,38.27,37.23,37.27,2699300
20150319,37.64,38.71,37.15,38.43,1546000
20150320,38.73,38.78,37.49,37.92,1777600
20150323,37.73,38.15,36.58,36.67,2091100
20150324,36.41,37.4,36.32,36.61,1286600
20150325,37.18,38.42,36.92,38.42,1580500
20150326,38.35,39.42,38.01,39.13,1587500
20150327,39.05,40.41,39.05,40.4,1649100
20150330,40.43,41.67,40.26,41.33,1307800
20150331,41.25,41.68,40.7,41.34,880700
20150401,41.5,41.51,40.53,40.57,1269600
20150402,40.7,40.99,40,40.07,1183900
20150406,39.97,40.37,39.51,40.11,1054200
20150407,40.13,41.02,40.01,40.36,1011500
20150408,40.24,40.32,39.37,39.61,1325600
20150409,39.43,41.42,39.43,41.26,2350900
20150410,41.45,42.08,40.96,41.16,902600
20150413,40.95,41.77,40.95,41.62,992900
20150414,41.7,41.76,39.79,39.79,1485600
20150415,40.02,40.59,39.06,39.4,1288400
20150416,39.01,40.88,39.01,40.66,957000
20150417,40.54,41.39,40.44,40.91,1009500
20150420,41.16,41.31,39.42,39.88,604000
20150422,40.08,40.69,39.79,39.79,1444000
20150423,39.62,40.3,39.61,40.16,927000
20150424,40.98,40.98,39.58,39.58,1434900
20150427,39.58,39.83,36.6,36.91,2735100
20150428,36.99,37.66,35.53,37.66,1372600
20150429,37.43,38.35,37.15,38.35,1046800
20150430,38.27,39.42,38.22,38.65,1680400
20150504,39.33,40.03,38.94,39.25,1196100
20150505,38.81,39.51,38.43,38.97,836800
20150506,38.71,38.83,37.87,38.21,1428800
20150507,37.89,38.72,37.64,37.94,1015100
20150508,38.21,38.54,37.9,38.11,631300
20150511,38.34,39.56,38.01,39.26,1048800
20150512,39.6,41.24,39.6,40.91,1415700
20150513,40.91,40.91,39.27,40.54,948500
20150514,40.56,40.92,39.91,39.94,610400
20150515,40.2,40.41,38.82,39.34,1921200
20150518,39.12,40.14,39.06,39.47,2230400
20150519,39.69,39.78,38.66,38.89,4749800
20150520,38.65,39.46,38.39,38.39,3348000
20150521,38.51,38.78,37.1,37.92,8124800
20150522,38.28,39.06,37.6,39.03,1848700
20150525,38.97,39.76,38.97,39.26,526800
20150526,39.58,40.14,39.32,40.13,2185600
20150527,40.23,41.4,39.93,41.34,2154900
20150528,41.33,41.75,40.33,40.58,3171800
20150529,40.19,40.75,40.1,40.26,1607700
20150601,40.5,40.66,39.39,40.27,1143900
20150602,40.29,40.29,39.48,39.84,843100
20150603,39.74,39.94,39.22,39.52,1270800
20150605,40.07,40.85,39.8,40.79,2614900
20150608,40.76,40.76,39.43,39.43,1314700
20150609,39.12,39.8,39.04,39.21,2091900
20150610,38.94,39.5,38.51,38.89,1859600
20150611,39.35,39.41,38.93,38.93,1505200
20150612,38.7,38.98,37.97,38.34,906000
20150615,38.03,38.46,37.79,38.43,824600
20150616,38.47,38.71,37.96,37.96,917000
20150617,38.34,38.48,37.79,37.97,1441400
20150618,37.83,38.62,37,38.52,1326900
20150619,38.29,39.42,38.29,39.42,1326000
20150622,39.53,39.53,38.42,38.69,741500
20150623,38.94,39.85,38.67,39.52,878300
20150624,39.58,40.27,39.24,40.22,995700
20150625,40.09,40.22,39.26,40,1136500
20150626,39.98,40.76,39.96,40.64,687500
20150629,40.52,40.58,38.74,39.09,1168600
20150630,38.85,39.32,38.38,39.05,1836800
20150701,39.17,39.88,38.95,39.52,1071800
20150702,39.79,39.87,38.94,39.12,636300
20150703,38.88,39.86,38.88,39.4,434900
20150706,39.26,39.58,38.23,38.38,913200
20150707,38.98,39,37.05,37.83,2130300
20150708,37.74,38.2,37.36,37.55,1472100
20150710,37.55,38.2,37.38,37.95,1630200
20150713,38.01,38.29,37.77,37.9,1239600
20150714,37.9,38.67,37.64,38.67,1348000
20150715,38.66,38.82,37.33,37.61,1009500
20150716,37.72,38.54,37.6,38.54,824100
20150717,38.61,38.64,36.69,36.86,2590500
20150720,37.01,37.61,36.84,37.31,1015900
20150721,37.26,38.01,36.16,36.51,1385500
20150722,36.75,38.64,36.62,38.64,1656100
20150723,38.75,40.68,38.73,40.07,2473600
20150724,40.32,41.04,39.98,40.57,4452100
20150727,40.51,40.96,40.22,40.27,1013300
20150728,40.17,41.84,40.13,41.22,3237600
20150729,41.02,41.61,40.38,40.64,1696400
20150730,40.78,41.54,40.45,41.38,1589800
20150731,41.28,42.24,41.14,41.92,2584100
20150803,41.74,43.01,41.5,42.07,1204500
20150804,42.19,43.54,42.19,43.38,2194500
20150805,43.66,44.98,43.24,44.78,2373700
20150806,45.47,46.13,44.7,45.65,2904900
20150807,45.2,45.6,43.21,45.02,2598500
20150810,45.02,45.74,43.81,44.03,1688900
20150811,44.33,45.06,43.85,44.31,1734900
20150812,43.95,44.85,42.91,43.64,1802300
20150813,43.34,44.64,43.27,44.46,1104200
20150814,44.77,44.79,43.36,44.34,1526600
20150817,44.07,45.2,44.07,44.85,1055500
20150818,45.09,45.55,44.24,45.55,2373300
20150819,45.75,46.5,44.38,46.5,2925700
20150820,46.63,46.69,45.01,45.1,2387700
20150821,45.11,45.45,43.95,44.12,1443500
20150824,44.47,44.47,40.96,42.62,2705500
20150825,43.16,44.04,42.65,43.31,2504200
20150826,43.54,44.33,43.38,43.74,2666700
20150827,43.95,45.4,43.71,45.29,1650300
20150828,45.56,45.9,44.87,45.66,1856100
20150831,45.98,47.52,45.93,47.15,3142600
20150901,47.62,47.62,46.3,47.5,2049400
20150902,47.64,49.9,47.01,49.9,2065200
20150903,50.53,51.75,49.77,50.39,2386400
20150904,50.21,51.58,49.49,51.5,1969800
20150908,51.51,52.09,51.2,51.84,1296700
20150909,51.96,51.96,49.06,49.15,3479500
20150910,49.88,50.62,49.08,49.71,2117700
20150911,49.65,51.08,49.37,50.79,1891400
20150914,50.63,50.83,49.23,49.66,1615700
20150915,49.6,50.45,49.37,50,1418400
20150916,50,50.16,48.17,48.59,1847200
20150917,49.11,49.98,48.74,49.54,2668000
20150918,49.19,49.73,48.62,49.2,2127500
20150921,49.3,50.83,48.41,50.25,1930400
20150922,50.63,52.24,50.25,52.24,2314100
20150923,52.24,53.34,51.33,53.2,2456600
20150924,52.84,53.94,51.5,51.5,3577600
20150925,51.49,51.5,50.36,50.86,1785600
20150928,51.09,51.11,49.67,50.4,1654300
20150929,50.39,50.76,49.59,50.13,1202700
20150930,49.51,50.02,48.6,49.52,3662500
20151001,49.43,51.46,49.39,51.27,2652500
20151002,51.52,51.83,49.69,49.92,2240500
20151005,49.65,50.4,48.97,50.21,1802400
20151006,50.52,50.64,47.76,48.35,2649800
20151007,47.86,50.17,46.67,50.17,3066900
20151008,49.81,51.15,48.09,48.09,2412400
20151009,47.36,48.29,46.26,47.36,2645800
20151013,48.77,49.63,47.91,49.35,2748200
20151014,49.42,50.72,48.86,50.07,3370400
20151015,49.71,51.2,49.34,50.17,1837700
20151016,50.81,51.82,50.01,51.82,2333700
20151019,51.92,52.65,51.47,51.59,1245000
20151020,49.98,49.98,48.67,49.43,2226600
20151021,49.94,50.45,49.02,50.21,1426000
20151022,49.96,51.11,49.88,51.11,1393600
20151023,52.47,53.66,49.65,50.35,2421700
20151026,50.39,51.19,49.57,50.63,1804000
20151027,50.72,52.27,50.32,51.78,2587800
20151028,51.73,51.98,49.99,51.78,2548100
20151029,52.19,52.27,49.15,49.34,1976800
20151030,49.48,50.16,47.34,48.45,2011900
20151103,47.65,47.98,46.81,47.38,2981800
20151104,48.01,48.67,46.87,48.1,1928000
20151105,48.09,48.92,47.17,47.28,1407500
20151106,47.35,48.86,47.17,48.08,1618500
20151109,48.08,48.77,47.33,47.79,842000
20151110,48.23,50.52,47.82,50.17,1895700
20151111,49.8,50.26,48.28,49.95,1476000
20151112,49.62,51.38,49.62,51.1,2289900
20151113,50.88,51.77,50.21,51.77,1756000
20151116,51.64,51.75,50.74,50.74,1295900
20151117,49.89,50.69,49.12,50.44,1342900
20151118,50.16,50.87,49.72,50.57,995300
20151119,50.22,50.53,49.19,49.62,1556200
20151123,49.61,50.17,48.99,50.06,1062900
20151124,50.42,50.78,49.39,50.07,1121500
20151125,50.37,52.84,50.37,51.55,1997400
20151126,50.89,52.27,50.89,52.27,857400
20151127,51.94,52.93,50.84,52.59,1210600
20151130,53.2,53.49,52.16,52.68,2640700
20151201,53.21,54.1,50.64,51.33,4136500
20151202,51.24,51.29,49.13,49.77,1729700
20151203,50.3,50.4,48.97,49.81,1633800
20151204,49.68,51.34,49.43,50.6,1395900
20151207,50.49,51,50.01,50.38,1069900
20151208,50.37,50.37,48.77,49.44,981900
20151209,49.44,49.66,47.95,47.95,1643500
20151210,48.18,49.12,47.53,48.85,1078100
20151211,49.28,49.39,48.38,48.42,1275300
20151214,48.46,50.46,48.45,49.39,1928900
20151215,49.45,49.62,48.71,48.92,1043500
20151216,49.13,50.08,49.08,49.42,1427100
20151217,49.95,50,48.05,48.46,1629700
20151218,48.46,49.66,47.95,49.53,1855100
20151221,50.11,50.21,48.99,49.44,1865400
20151222,49.11,50.08,48.64,50.03,867200
20151223,49.97,51.12,49.65,50.93,824400
20151228,50.98,50.98,49.91,50.35,764200
20151229,49.81,50.19,49.33,49.53,929300
20151230,49.33,50.98,49.13,50.98,1301600
20160104,51.19,51.45,49.67,49.93,1120400
20160105,49.62,50.43,49.39,49.97,1127700
20160106,49.52,50.08,49.14,49.65,1613300
20160107,49.3,49.98,46.6,46.77,2235100
20160108,47.35,47.36,45.91,46.37,1365000
20160111,46.38,46.63,44.3,44.36,1126700
20160112,44.42,45.03,43.72,44.7,1101800
20160113,44.95,45.24,44.02,44.31,1074100
20160114,44.31,45.07,42.19,43.23,1732700
20160115,43.23,43.47,42.84,43.34,1388300
20160118,43.34,43.86,42.21,42.89,659700
20160119,42.95,44.67,42.95,43.29,1262900
20160120,42.98,43.23,40.46,42.31,1663600
20160121,42.48,45.1,42.41,44.28,2127400
20160122,44.54,44.55,42.43,43.67,1522300
20160126,43.37,43.37,41.87,41.93,1965100
20160127,41.57,43.02,41.54,42.84,2122900
20160128,43.52,43.66,40.92,41.56,1931400
20160129,41.85,43.37,41.09,43.29,2045500
20160201,43.28,43.32,40.9,41.07,1884100
20160202,41.07,41.32,39.33,39.33,1802000
20160203,39.74,40.2,37.59,38.11,2464100
20160204,38.12,39.54,38.09,39,2305100
20160205,39.28,39.73,38.48,38.83,1598400
20160210,39,39.04,37.73,37.92,976800
20160211,37.78,38.41,37.28,37.63,1691000
20160212,38.05,38.17,37.52,37.73,1513600
20160215,37.73,38.29,36.82,36.97,971300
20160216,36.97,40.56,36.97,39.91,2806800
20160217,40.16,40.29,39.24,39.5,2194600
20160218,39.15,41.07,39.15,39.58,2063400
20160219,39.58,40.12,39.03,39.99,2186000
20160222,40.46,40.76,39.31,40.2,1832300
20160223,40.4,41.36,39.89,41.26,1728100
20160224,41.06,41.61,39.46,39.89,1762500
20160225,39.61,40.27,39.4,40.11,1822600
20160226,40.87,41.26,40.17,41.23,1283200
20160229,41.74,43.23,41.24,43.23,2310000
20160301,42.89,42.99,41.21,42.01,1906600
20160302,41.97,41.97,39.1,39.25,3451600
20160303,39.07,39.07,35.06,35.06,7981500
20160304,32.96,35.56,30.41,35.3,8209200
20160307,35.69,36.23,35.03,35.32,2369500
20160308,34.29,34.29,30.98,32.19,6972000
20160309,32.26,33.51,31.37,31.37,3882900
20160310,31.38,31.78,30.31,30.31,4013000
20160311,30.72,31.07,29.42,29.84,7955200
20160314,30.18,31.68,29.88,31.68,2715000
20160315,33.11,34.34,32.91,34.09,4156400
20160316,34.5,35.32,33.21,34.67,2692900
20160317,31.88,33.45,31.69,33.31,4653500
20160318,33.5,33.79,33.07,33.11,1663400
20160321,33.31,33.67,32.77,33.6,2268600
20160322,33.99,34.31,33.4,33.7,1614700
20160323,34.18,34.19,33.17,33.55,1994600
20160324,33.32,33.99,33.13,33.99,2331600
20160328,33.65,33.8,31.69,31.73,2984500
20160329,31.85,32.29,31.27,31.63,4271000
20160330,31.71,31.71,30.23,30.75,4080900
20160331,30.53,30.54,29.47,29.81,8866400
20160401,30.16,31.18,29.8,30.06,3940300
20160404,30.45,31.03,30.22,30.77,2162000
20160405,30.83,30.93,29.09,29.53,2433900
20160406,29.37,30.54,29.35,29.85,2609900
20160407,29.72,30.24,29.39,29.7,1120600
20160408,29.62,29.62,27.71,27.75,3784500
20160411,27.53,27.95,26.82,27.56,1926500
20160412,27.8,28.88,27.8,28.24,2388200
20160413,28.39,29.72,27.7,29.19,3757700
20160414,29.19,30.53,29.19,29.77,1983600
20160415,29.9,30.8,29.9,30.57,2193500
20160418,30.91,31.62,30.66,31.6,1470700
20160419,30.75,31.68,30.33,31.45,2340200
20160420,31.34,31.81,31.1,31.54,1041700
20160422,31.44,32.32,31.42,32.14,1531600
20160425,32.32,32.49,31.64,32.01,1517700
20160426,32.09,32.8,31.39,32.62,1767700
20160427,32.62,32.72,30.69,32.06,3283500
20160428,31.97,32.22,30.6,30.61,2044900
20160429,30.42,30.96,29.95,30.38,1762000
20160502,30.5,31.08,30.11,30.21,1142900
20160503,30.52,30.95,30.11,30.36,1217800
20160504,30.64,30.64,29.41,29.8,1047800
20160505,29.81,30.17,29.3,29.64,1093000
20160506,29.8,30.32,29.34,30.32,1075100
20160509,30.56,31.3,29.9,30.06,1635100
20160510,29.99,30.98,29.58,30.85,1532700
20160511,31,31.84,30.82,31.13,1212700
20160512,31.5,31.64,30.09,30.09,1131800
20160513,30.1,30.15,28.72,29.05,2451000
20160516,29.2,30.29,28.42,29.94,1335700
20160517,29.82,30.16,29.2,29.68,1393500
20160518,29.53,31.12,29.53,30.85,1750300
20160519,31.26,31.46,30.4,30.66,1424200
20160520,30.35,31.58,30.17,31.19,1115100
20160523,31.3,32.46,31.3,31.85,2102300
20160524,31.5,31.88,30.22,30.39,2557100
20160525,30.42,31.88,29.85,31.55,1392900
20160527,31.42,32.47,31.36,32.28,1080600
20160530,32.29,32.9,31.61,31.8,581100
20160531,31.85,33.5,31.85,33.4,2646900
20160601,33.5,33.9,32.82,33.3,2085000
20160602,33.33,33.56,32.86,33.5,1100500
20160603,32.65,32.68,31.15,31.15,3481000
20160606,31.1,31.9,30.44,31.15,1766700
20160607,31.36,31.66,30.72,30.78,1226000
20160608,30.35,30.4,29.16,29.2,3668200
20160609,29.8,29.85,28.8,28.84,2608800
20160610,28.99,29.28,28.39,28.72,1383500
20160613,28.44,28.93,28.3,28.73,1309000
20160614,28.93,29.07,28.08,28.2,1865900
20160615,28.07,28.21,27.32,27.57,2873500
20160616,27.47,27.6,27.04,27.25,2054600
20160617,27.27,27.35,26.44,26.44,2983600
20160620,26.32,27.1,25.93,26.94,1996300
20160621,26.88,27.27,26.57,27.14,1176500
20160622,27.14,27.25,26,26,1560100
20160623,26,26.19,25.58,26.06,1475300
20160624,26.15,26.61,24.36,24.47,3603400
20160627,24.6,24.6,23.3,23.3,2094500
20160628,23.5,23.64,22.47,22.48,3501800
20160629,22.5,22.61,21.97,22.08,5227300
20160630,22.27,22.5,21.36,21.53,4268300
20160701,21.6,23.26,21.54,23.15,6729900
20160704,23.47,23.84,22.78,23,1665300
20160705,23.1,23.1,22.31,22.44,2026700
20160706,22.45,22.62,22.07,22.35,2281100
20160707,22.48,22.73,22.06,22.1,1287000
20160708,22,22,21.12,21.23,2784600
20160711,21.32,21.79,21.06,21.77,1550000
20160712,21.55,22.32,21.46,21.66,3226100
20160713,21.78,22,21.44,21.7,2745500
20160714,21.85,21.85,20.75,20.82,4738900
20160715,20.81,21.07,20.62,20.79,2349100
20160718,20.98,21.28,20.7,21,1787600
20160719,21.1,21.26,20.81,20.92,1731600
20160720,20.89,20.89,20.18,20.26,2893100
20160721,20.29,20.33,19.8,20.06,4748900
20160722,20.25,20.96,20.14,20.76,3306900
20160725,20.78,21.03,20.12,21,3062200
20160726,20.89,21.47,20.71,20.71,3777100
20160727,20.75,21.3,20.72,20.86,2980400
20160728,20.93,21.15,20.56,20.68,2372700
20160729,20.59,20.6,19.51,19.79,6602900
20160801,19.81,20.31,19.6,20.05,2373300
20160802,19.69,19.8,18.99,19,3496600
20160803,19.09,19.45,19.03,19.24,2117400
20160804,19.24,19.7,18.66,18.66,3198900
20160805,18.5,18.64,18.26,18.48,2665400
20160808,18.7,19.67,18.55,19.49,2807800
20160809,19.61,19.7,19,19.26,1541300
20160810,19.05,19.61,18.81,19.45,1766100
20160811,19.59,19.94,19.5,19.81,1847900
20160812,20,20.21,19.57,19.98,1550800
20160815,19.99,20.46,19.75,20.33,1683400
20160816,20.39,20.49,20.01,20.32,2059300
20160817,20.58,20.97,20.19,20.59,3163000
20160818,20.44,20.91,20.44,20.91,2127200
20160819,20.77,20.99,20.63,20.85,1620800
20160822,20.87,20.88,20.2,20.37,2922400
20160823,20.34,22.04,19.95,21.75,5968600
20160824,22.04,22.35,21.38,21.46,2925400
20160825,21.5,21.92,20.81,20.81,4137500
20160826,20.86,21.5,20.5,21.36,5087000
20160829,21.31,22.2,21.23,22,3400500
20160830,22.01,22.59,21.85,22.09,2051500
20160831,22,22.3,21.8,22.01,1703700
20160901,22.14,22.88,22.11,22.88,2364800
20160902,22.93,22.93,22.26,22.53,2326300
20160905,22.46,22.8,22.29,22.43,920500
20160906,22.56,22.83,22.16,22.54,3467400
20160908,22.4,22.8,22.26,22.75,2356500
20160909,22.73,23.6,22.63,23.41,3530600
20160912,23.7,24.31,23.18,23.6,3043800
20160913,23.85,24.1,23.37,24.08,2686900
20160914,24,24.2,23.73,23.94,3509600
20160915,23.85,23.96,23.43,23.7,3426100
20160916,23.57,23.8,23.42,23.65,1972100
20160919,23.64,23.8,23.32,23.5,3081800
20160920,23.36,23.36,22.57,22.61,6580700
20160921,22.5,22.65,21.83,21.86,4080700
20160922,21.67,21.86,20.86,20.9,4312900
20160923,21.35,22.66,21.22,22.43,4093700
20160926,22.32,22.58,21.48,21.8,1956700
20160927,21.6,22.12,21.53,21.97,1645000
20160928,22.16,22.63,22.16,22.39,2391400
20160929,22.32,23.17,22.32,22.83,2109900
20160930,22.9,23.16,22.53,23.01,1426900
20161003,22.99,23.55,22.68,22.99,2403600
20161004,23.3,23.46,22.85,23.15,1674700
20161005,23.16,23.41,23.01,23.3,1221900
20161006,23.41,23.68,23.08,23.47,1491300
20161007,23.27,23.28,22.8,22.9,3755000
20161010,22.75,23.1,22.72,23.06,1364200
20161011,23.27,23.66,23.02,23.5,2015700
20161013,23.41,23.41,22.98,23.03,3115300
20161014,23.05,23.48,23.05,23.3,1307200
20161017,23.3,23.87,23.04,23.21,2076400
20161018,23.16,23.75,23.13,23.63,1644100
20161019,23.7,23.94,23.2,23.2,1045300
20161020,23.37,23.37,22.66,22.68,1355400
20161021,22.86,23.23,22.55,23.07,1681300
20161024,23.3,23.38,22.86,23.16,1112100
20161025,23.11,24.33,23.11,24.1,3838100
20161026,24.25,24.8,24.11,24.33,2742600
20161027,24.48,24.87,24.31,24.54,2024800
20161028,24.65,25.3,24.64,25.07,2009900
20161031,25.36,25.72,25.13,25.54,2013000
20161101,25.7,26.22,25.18,25.57,2715700
20161103,25.9,26.12,24.9,25.28,2693100
20161104,25.57,25.66,24.86,24.9,2477900
20161107,25,25.28,24.01,24.9,3167500
20161108,25.15,25.46,24.48,24.48,1388200
20161109,24.23,25.6,24.1,25.45,2473700
20161110,25.68,28.52,25.68,28.28,6003200
20161111,28.76,30.78,28.65,30.45,7626300
20161114,31,32,29.93,30.31,4475100
20161116,29.53,30.19,27.59,27.59,3573100
20161117,27.6,28.94,26.9,28.61,2435900
20161118,29.01,29.55,27.43,28.29,2384600
20161121,28.04,28.49,27.54,28.3,1510500
20161122,28.5,30.12,28.02,29.5,2828100
20161123,30,31.31,29.81,30.3,2693700
20161124,30.37,30.98,30.28,30.71,970600
20161125,31.53,31.68,31,31.44,2443200
20161128,31.27,32.05,30.72,32.05,2148000
20161129,32.13,34.12,32.13,33.37,3146000
20161130,33.13,33.13,31,31.01,2895600
20161201,31.58,32,31.25,31.55,3106200
20161202,31.63,32.15,31.01,31.92,2415900
20161205,31.92,32.56,31.67,31.85,1210300
20161206,31.95,33.01,31.91,33.01,1762400
20161207,33.1,33.17,32.16,32.79,1697700
20161208,32.7,32.97,31.71,31.77,1491400
20161209,31.96,32.55,31.68,31.85,1529000
20161212,31.7,32.27,31.41,31.54,914500
20161213,31.54,31.83,30.44,31.72,1602300
20161214,31.8,32.38,30.53,32.09,1964700
20161215,33,33.03,31.85,32.16,1925700
20161216,32,32.94,31.5,32.48,1732400
20161219,32.7,32.71,31.6,31.86,1589300
20161220,31.86,31.9,30.93,31.17,1669400
20161221,31.18,31.28,30.5,30.82,1012200
20161222,30.76,30.83,29.82,30.31,1091600
20161223,30.31,30.65,29.99,30.3,665000
20161226,30.25,30.79,30.15,30.76,363700
20161227,30.97,31.93,30.85,31.82,1518900
20161228,32.2,32.44,31.59,31.65,1068900
20161229,31.68,31.89,31.1,31.89,811000
20170102,31.89,32.5,31.51,32.11,611400
20170103,32.15,32.48,31.51,32.06,1685400
20170104,31.84,32.15,31.02,31.29,1985100
