<DTYYYYMMDD>,<OPEN>,<HIGH>,<LOW>,<CLOSE>,<VOL>
20100601,23.56,23.76,23.11,23.21,1231600
20100602,23.29,23.92,23.15,23.65,1191100
20100604,23.5,23.69,23.11,23.21,1170900
20100607,23.3,23.87,23.21,23.4,1056400
20100608,23.59,23.61,23.12,23.21,610700
20100609,23.34,23.75,23.18,23.25,721600
20100610,23.65,23.65,22.06,22.43,3964900
20100611,22.48,22.7,21.57,21.61,2706200
20100614,21.85,22.03,21.61,21.66,1314500
20100615,21.72,22.87,21.72,22.75,2354400
20100616,22.59,23.28,22.59,23.06,1892500
20100617,22.95,23.3,22.27,23.06,1416400
20100618,23.06,23.19,22.69,23.01,1473800
20100621,23.11,23.24,22.84,23.06,1422400
20100622,23.03,23.19,22.93,22.96,1338500
20100623,22.96,23.21,22.64,22.92,1081200
20100624,23.07,23.07,22.35,22.82,624300
20100625,22.65,23.29,22.64,23.21,824100
20100628,23.3,23.68,23.22,23.45,652200
20100629,23.07,23.76,22.93,23.07,1165100
20100630,23.2,23.27,22.27,22.41,917600
20100701,22.33,23.21,21.75,22.74,1500100
20100702,22.94,23.68,22.87,23.06,1096000
20100705,22.92,23.11,22.2,22.5,476200
20100706,22.65,23.09,21.87,22.23,1411800
20100707,22.31,22.35,21.66,21.77,1833000
20100708,22.05,22.06,21.58,21.67,1402600
20100712,21.85,21.91,21.48,21.68,1393100
20100713,21.8,22.53,21.8,22.53,1839900
20100714,22.24,22.45,21.96,22.04,994800
20100715,22.14,22.33,21.1,21.6,2414200
20100716,21.56,21.68,20.56,20.69,2615600
20100719,20.75,21.01,20.33,20.59,2146200
20100720,20.69,20.74,20.21,20.58,2317700
20100721,20.77,20.98,20.59,20.65,2441500
20100722,21.01,21.24,20.88,21.24,3242200
20100723,21.43,21.43,21.14,21.37,2244700
20100726,21.42,21.98,21.28,21.98,1303200
20100727,22,22.52,21.8,22.34,2713600
20100728,22.34,22.44,21.76,21.85,2327600
20100729,22.05,22.23,21.36,22.09,1501700
20100730,22,22.63,21.66,22.14,1941600
20100802,22.5,22.58,22.05,22.38,1916800
20100803,22.42,22.42,21.93,22.19,1342200
20100804,22.14,22.72,22.14,22.62,2143900
20100805,22.48,22.54,21.92,22.06,2038500
20100806,22.06,22.06,21.37,21.51,2615300
20100809,21.98,22.53,21.43,22.14,2360000
20100810,21.95,22,21.56,21.56,3092400
20100811,21.55,22.05,21.33,21.9,1654600
20100812,21.89,22.37,21.88,22.34,2543600
20100813,22.14,22.43,21.66,21.66,1794400
20100816,22.23,22.23,21.4,21.56,894800
20100817,21.7,22.1,21.38,21.58,2310500
20100818,21.5,22.17,21.45,22.13,5375100
20100819,22.17,22.53,21.96,22.53,2147300
20100820,21.95,22.77,21.86,22.7,1632500
20100823,22.72,22.92,22.24,22.35,1183200
20100824,22.09,22.52,21.89,22.24,1635600
20100825,21.89,22.14,21.42,21.56,1081200
20100826,21.85,22.18,21.51,21.95,1476400
20100827,22.05,22.89,21.87,22.63,1632500
20100830,22.63,22.82,22.39,22.62,1030100
20100831,22.6,22.62,22.12,22.36,1317200
20100901,22.44,22.59,21.91,22.29,1225500
20100902,22.3,22.51,21.87,21.9,1100700
20100903,21.95,22.37,21.76,21.9,1633600
20100906,22.08,22.08,21.47,21.61,947500
20100908,21.69,21.69,21.54,21.61,2518500
20100909,21.69,22.22,21.69,22.14,2612600
20100910,22.23,22.81,22.03,22.72,1305000
20100913,22.87,24.08,22.87,23.22,4062300
20100914,23.21,23.46,22.78,23.06,1904600
20100915,22.89,23.69,22.89,23.69,1228000
20100916,23.69,23.69,23.14,23.32,10253800
20100917,23.28,23.56,22.91,23,1518600
20100920,23.2,23.5,23.08,23.39,857400
20100921,23.38,23.54,23.04,23.25,2123900
20100922,23.12,23.53,22.89,23.3,1029400
20100923,23.29,24.17,23.13,23.83,2269900
20100924,24.11,24.12,23.23,23.88,2386400
20100927,23.97,25.14,23.97,24.56,2337800
20100928,24.92,25.03,24.49,24.61,1763600
20100929,24.56,25.42,24.3,24.8,1943900
20100930,24.72,25.42,24.46,25.42,1733300
20101001,25.42,26.17,25.27,26.17,3066500
20101004,26.29,26.29,25.59,25.87,929000
20101005,25.77,27.36,25.77,26.67,1411100
20101006,27.56,27.56,26.61,27.07,3066700
20101007,27.27,27.51,26.45,27.46,2564400
20101008,27.11,27.94,27.11,27.7,3283600
20101011,27.68,28.71,27.68,28.52,1854800
20101013,28.53,29.25,27.75,27.75,2706600
20101014,27.95,27.95,26.16,26.28,2784400
20101015,26.64,27.47,26.12,26.48,1342400
20101018,26.44,27.17,26.15,26.83,1782400
20101019,26.3,26.56,25.77,25.96,2403600
20101020,25.96,26.95,25.96,26.78,2968500
20101021,27.07,27.56,26.92,27.56,2283700
20101022,27.56,27.68,27.07,27.32,1365800
20101025,27.56,27.85,27.29,27.65,1124100
20101026,27.6,27.9,26.74,27.8,2318200
20101027,27.56,27.88,27.35,27.56,1621500
20101028,27.38,27.9,26.93,27.06,813700
20101029,27.41,27.55,26.84,27.07,948900
20101101,27.32,27.53,27.06,27.15,712400
20101103,27.5,27.75,27.23,27.32,1308200
20101104,27.7,27.85,27.09,27.36,940300
20101105,27.36,27.59,26.88,27.42,1788900
20101108,27.46,27.46,26.86,26.88,823700
20101109,26.88,27.24,26.78,26.93,1474400
20101110,26.48,26.98,25.86,26.54,842700
20101111,26.55,26.72,25.33,25.91,1768200
20101112,25.63,26.1,25.09,25.44,1343300
20101116,25.61,25.61,24.05,24.61,2801400
20101117,25.1,25.47,24.85,24.99,3291700
20101118,25.48,25.76,25.06,25.59,3843300
20101119,25.62,26.24,25.29,26.1,2132300
20101122,26.1,26.43,25.3,25.38,1424500
20101123,25.14,25.3,24.46,24.7,2056800
20101124,25.14,25.48,24.85,25.29,2302300
20101125,25.47,25.79,25.06,25.43,767800
20101126,25.29,25.72,25,25.43,1142500
20101129,25.77,25.79,25.21,25.53,1255300
20101130,25.51,26.23,24.8,26.23,2395000
20101201,26.64,27.05,26.42,26.97,2207000
20101202,27.07,27.07,26.21,26.22,1678800
20101203,26.31,26.53,25.87,26.01,1726500
20101206,26.01,26.11,25.09,25.09,1857200
20101207,25.42,25.57,24.75,24.94,1789600
20101208,25.13,25.14,23.83,24.22,3662000
20101209,24.32,24.37,23.3,23.98,3103900
20101210,24.27,24.75,23.89,24.75,1192100
20101213,24.93,25.37,24.93,25.28,1611300
20101214,25.29,25.33,24.66,24.66,1597100
20101215,24.41,24.41,23.89,23.93,2825100
20101216,24.1,24.51,23.46,23.69,3829700
20101217,23.88,24.15,23.35,23.83,1941000
20101220,22.15,23.2,22.15,22.34,11137200
20101221,22.54,22.54,22.24,22.43,53739700
20101222,22.53,22.56,21.47,21.76,11966900
20101223,21.73,21.99,21.67,21.76,2285700
20101227,21.74,21.74,21.03,21.21,3829900
20101228,21.3,21.48,20.8,21.02,3818500
20101229,21.08,21.73,20.9,21.66,4375900
20101230,21.93,22.25,21.56,21.78,9581500
20110103,21.86,22.09,21.47,21.47,4557400
20110104,21.45,21.64,20.57,20.69,7186500
20110105,20.64,21.07,20.23,20.93,7748100
20110106,21.04,21.18,20.35,20.35,5194800
20110107,20.48,20.88,20.48,20.69,2911100
20110110,20.58,21.12,20.52,21.12,3516400
20110111,21.26,21.56,21.17,21.42,4902700
20110112,21.71,21.94,21.61,21.75,6545800
20110113,21.85,21.94,21.09,21.12,3068100
20110114,21.15,21.22,20.85,21.03,2661300
20110117,21.13,21.47,20.93,21.47,2004600
20110118,21.63,21.71,21.43,21.61,2642500
20110119,21.66,21.66,21,21.13,1996600
20110120,21.1,21.1,20.58,20.69,2022200
20110121,20.89,20.89,20.4,20.4,2211700
20110124,20.5,20.55,20.26,20.26,1404600
20110126,20.3,20.3,19.84,19.9,4826500
20110127,20,20.21,19.2,19.52,3717400
20110128,19.53,19.68,18.95,19.19,3005900
20110131,19.46,19.52,19.01,19.18,3045900
20110201,19.34,19.53,18.99,19.07,4471300
20110202,19.12,19.33,18.26,18.26,3257700
20110203,18.44,18.69,17.41,17.74,6482500
20110204,17.77,18.13,17.45,17.45,2598800
20110207,17.64,17.92,17.12,17.82,2867200
20110208,17.79,18.36,17.6,18.2,2919400
20110209,18.27,18.31,17.64,17.87,3338700
20110210,17.75,17.98,17.5,17.79,2609000
20110211,17.93,18.47,17.69,18.37,4082100
20110214,18.32,18.92,18.26,18.83,3317500
20110215,18.83,19.09,18.56,18.76,3191900
20110216,19.04,19.04,18.51,18.76,2232700
20110217,18.82,18.82,18.1,18.1,4458200
20110218,18.13,18.46,17.84,18.32,3613500
20110221,18.31,18.31,17.94,18.08,1181100
20110222,17.88,17.89,17.6,17.71,3245000
20110223,17.71,17.79,17.35,17.42,2650400
20110224,17.4,18.18,17.35,18.18,2658600
20110225,18.24,18.46,18.13,18.32,3268800
20110228,18.53,18.54,18.01,18.37,2568200
20110301,18.43,18.51,17.74,17.79,1545400
20110302,17.81,17.98,17.55,17.74,1550800
20110303,17.85,18.3,17.73,18.28,3217900
20110304,18.23,18.24,17.98,17.98,1288100
20110309,17.92,17.97,17.71,17.89,1188900
20110310,17.76,17.89,17.24,17.31,2185800
20110311,17.3,17.63,17.06,17.4,1763300
20110314,17.5,17.86,17.4,17.79,2127300
20110315,17.31,17.8,17.31,17.79,4015000
20110316,17.98,18.18,17.81,17.94,4052800
20110317,18.18,18.33,18.03,18.03,2290700
20110318,18.15,19.43,18.15,19.14,7287100
20110321,19.38,20.18,19.36,19.75,4368600
20110322,19.58,19.82,19.21,19.44,3663500
20110323,19.29,20.01,19.29,19.82,2485100
20110324,19.82,20.27,19.73,20.15,2725800
20110325,20.11,20.88,20.11,20.64,4258300
20110328,20.62,21.24,20.37,20.85,3387200
20110329,20.77,20.98,20.01,20.59,3256000
20110330,20.7,20.95,20.64,20.84,2128600
20110331,20.92,21.06,20.67,20.88,2249400
20110401,20.92,21.08,20.39,20.88,5023400
20110404,20.92,21.23,20.66,21.17,1861900
20110405,21.12,21.17,20.36,20.36,3559000
20110406,20.39,20.51,20.05,20.14,3495100
20110407,20.12,20.76,19.96,20.74,2750700
20110408,20.73,20.85,19.99,20.12,1966400
20110411,20.21,20.54,20.04,20.29,1071900
20110412,20.12,20.19,19.72,20.01,1515200
20110413,20.19,20.28,19.45,19.57,2009600
20110414,19.58,20.05,19.5,19.72,1468800
20110415,19.88,19.92,19.37,19.53,1009200
20110418,19.53,19.76,19.12,19.76,1855100
20110419,19.82,20.6,19.77,20.55,1638300
20110420,20.79,20.85,20.03,20.46,2626800
20110425,20.33,20.83,20.13,20.41,1738200
20110426,20.35,20.39,19.72,19.87,4652600
20110427,19.96,19.99,19.34,19.43,3544300
20110428,19.28,19.73,18.85,19.63,2023600
20110429,19.69,20.45,19.61,20.4,3686800
20110502,20.37,20.6,19.76,19.82,3234900
20110503,19.74,19.97,19.36,19.55,1647300
20110504,19.8,19.8,18.88,19.25,2737600
20110505,19.05,19.34,18.96,19.1,2996300
20110506,19.44,19.78,19.22,19.7,2869600
20110509,18.24,18.36,17.33,17.62,15447500
20110510,17.75,17.84,16.24,16.25,13136200
20110511,16.3,16.77,16.04,16.42,9300400
20110512,16.47,16.58,15.78,15.82,4685300
20110513,15.92,16.09,15.46,15.46,6588800
20110516,15.39,15.51,14.64,14.79,6816200
20110517,14.86,15.41,14.29,15.31,10628400
20110518,15.36,15.95,15.07,15.46,8431100
20110519,15.56,15.91,15.27,15.56,4691300
20110520,15.56,16.08,15.4,15.81,4392700
20110523,15.57,15.84,15.35,15.56,6293200
20110524,15.64,15.67,15.37,15.67,2269600
20110525,15.61,15.69,15.41,15.57,2657800
20110526,15.69,15.69,15.27,15.41,4741800
20110527,15.48,15.52,14.81,14.81,9307700
20110530,14.88,14.93,14.68,14.81,2137700
20110531,14.93,14.97,14.1,14.44,12817000
20110601,14.45,14.7,14.35,14.49,4723900
20110602,14.59,15.22,14.38,15.22,4985200
20110603,15.07,15.35,14.83,15.27,3710200
20110606,15.29,15.34,14.89,14.89,2832600
20110607,14.99,15.5,14.93,15.26,3415600
20110608,15.15,15.75,15.08,15.46,4328200
20110609,15.46,15.7,14.94,15.17,2715600
20110610,15.26,15.26,14.83,15.15,1561700
20110613,15.21,15.22,14.9,15.02,1981400
20110614,15.07,15.3,14.78,14.92,6041000
20110615,14.72,14.92,14.61,14.83,3813500
20110616,14.83,14.91,14.34,14.48,1575100
20110617,14.76,14.81,13.96,14.24,4250300
20110620,14.12,14.33,14.04,14.1,5126700
20110621,14.18,14.24,14.06,14.11,1830700
20110622,14.04,14.48,13.98,14.21,1698600
20110624,14.35,14.38,14.01,14.07,1339800
20110627,14.1,14.29,13.83,14.2,2145100
20110628,14.2,14.7,14.1,14.59,1744600
20110629,14.68,14.93,14.59,14.61,2009800
20110630,14.79,14.79,14.26,14.29,3733600
20110701,14.45,14.46,14.17,14.4,3753400
20110704,14.4,14.69,14.34,14.69,1063000
20110705,14.73,14.73,14.35,14.49,3148400
20110706,14.47,14.47,14.03,14.03,3917800
20110707,14.15,14.26,13.51,13.51,6373400
20110708,13.52,13.52,13.04,13.11,5567900
20110711,12.76,12.81,12.53,12.55,6492300
20110712,12.56,12.74,12.36,12.54,4387700
20110713,12.69,12.76,12.4,12.7,8058300
20110714,12.72,13.08,12.5,12.87,4367500
20110715,12.93,13.04,12.64,12.79,4073800
20110718,12.62,12.86,12.52,12.69,5097800
20110719,12.75,12.93,12.6,12.93,2469500
20110720,12.93,13.23,12.57,12.67,2496500
20110721,12.74,12.82,12.2,12.25,3712700
20110722,12.29,12.61,12.11,12.61,2502200
20110725,12.46,12.64,12.2,12.2,1905600
20110726,12.27,12.38,11.53,11.69,4072100
20110727,11.49,11.5,10.97,10.99,5544100
20110728,11.13,11.54,10.92,11.52,4839400
20110729,11.29,11.77,11.29,11.59,4172800
20110801,11.68,11.95,11.29,11.58,2614000
20110802,11.52,11.58,10.55,10.65,5701700
20110803,10.6,11.03,9.69,10.79,20190900
20110804,10.45,10.78,10.02,10.62,8431000
20110805,10.7,10.98,10.18,10.94,4015800
20110808,10.17,10.48,9.77,10.07,3812700
20110809,10.25,10.56,9.35,10.31,6615400
20110810,9.92,10.87,9.84,10.69,5061000
20110811,10.75,11.57,10.75,11.33,5299400
20110812,11.36,11.36,10.76,10.96,3708900
20110815,10.82,11.76,10.81,11.36,7542300
20110816,11.18,11.33,10.8,11.08,4504700
20110817,11.11,11.55,11.1,11.51,4440200
20110818,11.09,11.57,11.04,11.33,3020400
20110819,11.23,11.69,11.18,11.52,4508100
20110822,11.67,11.95,11.42,11.66,2355500
20110823,11.67,12.59,11.46,12.59,4035800
20110824,12.54,12.83,12.01,12.09,5070700
20110825,12.1,12.35,11.5,11.67,4355600
20110826,11.51,11.98,11.23,11.86,3690600
20110829,12.05,12.3,12.01,12.15,2091700
20110830,12.04,12.69,12.04,12.59,2656000
20110831,12.79,13.17,12.69,12.97,3818600
20110901,13.27,13.58,13.03,13.4,4449400
20110902,13.19,13.59,13.13,13.13,6584900
20110905,12.75,13.1,12.56,12.83,3152700
20110906,12.55,13.49,12.32,13.42,4463200
20110908,13.61,13.61,13.09,13.39,3554800
20110909,13.15,13.25,12.47,12.48,3800200
20110912,12.24,12.54,11.89,12.25,3628500
20110913,12.45,12.49,11.78,12.1,4027400
20110914,12.13,12.49,11.89,12.07,2877400
20110915,12.29,12.29,11.62,11.74,3152400
20110916,11.74,11.93,11.56,11.64,3712500
20110919,11.42,11.42,10.95,11,6592600
20110920,11.06,11.12,10.67,10.74,5821600
20110921,10.78,11.08,10.52,10.57,4479600
20110922,10.16,10.36,9.87,10.13,3686000
20110923,10.16,10.42,9.9,10.15,2810700
20110926,10.39,10.47,9.94,10.4,3829200
20110927,10.61,10.71,10.06,10.12,5415800
20110928,10.22,10.35,9.74,9.88,3543600
20110929,10.01,10.06,9.44,9.47,5295900
20110930,9.39,9.39,8.59,8.59,7724300
20111003,8.5,8.5,8.01,8.25,10640800
20111004,8.08,8.16,7.79,7.97,9917600
20111005,8.04,8.11,7.65,7.95,15221900
20111006,8.07,8.38,8.02,8.26,10810500
20111007,8.43,8.51,7.88,7.97,7797900
20111010,8.09,8.13,7.83,7.92,12727300
20111011,7.84,8.29,7.83,8.16,18576600
20111013,8.36,8.41,8.15,8.36,13612100
20111014,8.48,8.85,8.41,8.77,16979000
20111017,8.75,8.97,8.66,8.81,10662300
20111018,8.8,9.16,8.55,9.06,8950000
20111019,9.1,9.5,8.97,9.47,9121600
20111020,9.44,9.56,9.03,9.03,7065300
20111021,9.24,9.25,8.83,8.86,8955200
20111024,8.99,9.43,8.85,9.32,7994900
20111025,9.24,9.32,9.01,9.19,5612300
20111026,9.31,9.4,9.09,9.25,4769200
20111027,9.67,9.8,9.44,9.45,7773200
20111028,9.42,9.81,9.4,9.63,5866100
20111031,9.53,9.53,8.98,8.98,6675500
20111101,8.6,8.65,8.37,8.37,11036100
20111103,8.6,8.64,8.42,8.54,6664500
20111104,8.53,8.53,8.14,8.17,9978800
20111107,7.46,7.63,7.42,7.47,21368700
20111108,7.57,7.94,7.45,7.87,16306400
20111109,7.75,7.84,7.63,7.68,8336000
20111110,7.76,7.9,7.69,7.79,5434500
20111111,7.87,8.12,7.83,8.11,4927600
20111114,8.06,8.12,7.89,8.07,3823200
20111116,7.93,8.41,7.92,8.17,7556700
20111117,8.12,8.25,7.76,7.88,4230000
20111118,7.97,8.07,7.83,7.86,2933000
20111121,7.72,7.78,7.54,7.78,3383100
20111122,7.83,7.85,7.55,7.58,3873600
20111123,7.48,7.54,7.22,7.27,7803800
20111124,7.39,7.68,7.2,7.56,3224300
20111125,7.55,7.94,7.42,7.82,5999200
20111128,8.04,8.39,7.99,8.28,9361200
20111129,8.35,8.4,7.73,7.73,11058000
20111130,7.86,8.18,7.86,7.92,6136700
20111201,8.12,8.3,8.03,8.24,4171100
20111202,8.31,8.5,8.13,8.16,4353300
20111205,8.26,8.59,8.25,8.52,5701900
20111206,8.46,8.65,8.38,8.6,7960600
20111207,8.55,8.73,8.54,8.65,5266600
20111208,8.74,8.81,8.48,8.65,5639700
20111209,8.7,8.77,8.49,8.55,3501900
20111212,8.75,8.85,8.3,8.3,4958700
20111213,8.31,8.39,8,8.12,7707300
20111214,8.02,8.46,7.92,8.43,8955800
20111215,8.51,8.73,8.32,8.51,4368800
20111216,8.55,8.69,8.48,8.69,3521800
20111219,8.65,8.82,8.26,8.26,3485000
20111220,8.37,8.62,8.29,8.58,2382700
20111221,8.53,8.54,8.21,8.26,4110700
20111222,8.27,8.51,8.19,8.42,3892400
20111223,8.46,8.59,8.31,8.4,2460700
20111226,8.41,8.54,8.31,8.54,1066900
20111227,8.52,8.73,8.49,8.65,2252900
20111228,8.67,8.74,8.26,8.29,2636600
20111229,8.38,8.57,8.26,8.26,10795700
20120102,8.29,8.82,8.27,8.75,10474300
20120103,8.87,9.17,8.83,9.04,7455600
20120104,9.01,9.32,8.91,9.27,5169100
20120105,9.19,9.41,8.86,9.14,4983600
20120106,9.67,9.96,9.54,9.96,18784900
20120109,9.62,10.17,9.47,10.1,6693100
20120110,10.16,10.75,10.03,10.38,12402000
20120111,10.21,10.33,9.67,10.21,8973300
20120112,10.21,10.43,9.84,9.97,5012600
20120113,10.05,10.05,9.51,9.61,5792200
20120116,9.72,9.92,9.6,9.79,2184400
20120117,9.82,10.1,9.82,9.89,3727300
20120118,10,10.31,9.95,10.31,4167700
20120119,10.39,11.04,10.34,11,10727400
20120120,10.91,11.34,10.86,11.18,5306500
20120123,11.07,11.39,10.98,11.24,5841500
20120124,11.16,11.23,11.02,11.03,4488900
20120126,11.33,11.33,10.57,10.63,6684900
20120127,10.69,10.72,10.12,10.21,8273800
20120130,9.99,10.51,9.97,10.36,5045000
20120131,10.49,10.69,10.32,10.32,5143800
20120201,10.47,10.66,10.36,10.53,4072900
20120202,10.48,11.01,10.45,10.91,5611000
20120203,10.86,11.25,10.86,11.08,4560400
20120206,11.16,11.16,10.74,10.89,2748300
20120207,10.8,11.37,10.75,11.23,3742400
20120208,11.31,11.49,11.08,11.38,4854900
20120209,11.37,11.74,11.27,11.69,4650500
20120210,11.46,11.64,11.33,11.61,4545800
20120213,11.82,12.25,11.71,12.12,4034600
20120214,12.13,12.35,11.86,11.91,4266100
20120215,12.19,12.69,12.1,12.59,6246800
20120216,12.45,13.06,12.45,12.65,5369900
20120217,12.87,12.93,12.12,12.17,4701800
20120222,12.22,12.22,11.42,12.06,4364700
20120223,12.05,12.06,11.61,11.66,3897700
20120224,11.78,11.91,11.04,11.04,9086600
20120227,10.9,11.07,10.55,10.69,7402800
20120228,10.77,11.15,10.77,10.96,6613500
20120229,11.07,11.3,10.83,10.87,4367700
20120301,10.99,11.28,10.91,11.28,3957700
20120302,11.38,11.84,11.38,11.76,5908700
20120305,11.81,11.95,11.3,11.41,3969000
20120306,11.1,11.26,10.9,11.05,4927800
20120307,11.28,11.5,11.13,11.38,4033300
20120308,11.68,11.74,11.42,11.59,4506800
20120309,11.59,11.64,11.11,11.13,5023800
20120312,10.97,11.45,10.66,11.4,8905600
20120313,11.53,12.16,11.42,12.14,9121400
20120314,12.05,12.4,11.96,12.25,5047700
20120315,12.06,12.23,11.67,12.1,3569400
20120316,12.18,12.3,11.76,11.79,3647900
20120319,11.79,12.15,11.68,11.91,2771500
20120320,11.67,12.29,11.67,12.29,4679800
20120321,12.35,12.73,12.31,12.61,6925800
20120322,12.49,12.69,12.35,12.69,5709700
20120323,12.81,12.97,12.45,12.59,6258600
20120326,12.79,12.83,12.55,12.72,3781200
20120327,12.71,12.74,12.49,12.56,4394200
20120328,12.53,12.63,12.03,12.4,3646300
20120329,12.15,12.47,12.15,12.44,3165200
20120330,12.44,12.72,12.35,12.49,18119600
20120402,12.4,12.64,12.1,12.52,4375500
20120403,12.5,12.69,12.11,12.21,3590900
20120404,12.15,12.32,11.98,12.25,3251500
20120405,12.23,12.57,12.09,12.43,2028500
20120409,12.2,12.35,12.06,12.3,2500800
20120410,12.19,12.2,11.74,11.94,5009300
20120411,11.98,12.1,11.61,11.69,4183700
20120412,11.72,11.91,11.71,11.81,2622400
20120413,11.76,12.39,11.76,12.1,6394900
20120416,12.22,12.38,11.99,12.23,2347000
20120417,12.4,12.51,11.94,12.15,4996100
20120418,12.11,12.29,12.02,12.15,7259300
20120419,12.04,12.22,11.92,12.1,2763100
20120420,12.15,12.24,11.95,12.03,2815000
20120423,11.86,11.9,11.47,11.77,3440300
20120424,11.67,12.02,11.62,11.79,2832300
20120425,12.01,12.01,11.7,11.81,2498400
20120426,11.68,11.96,11.65,11.92,2499500
20120427,12,12.01,11.78,11.85,1719700
20120430,11.87,12.05,11.86,11.89,1251700
20120502,11.84,12.23,11.72,12.1,3344400
20120503,12.17,12.24,11.77,11.95,2598400
20120504,11.71,12.03,11.66,11.66,8957600
20120507,11.71,12.41,11.67,12.33,8553600
20120508,12.34,12.34,11.68,12.04,7363300
20120509,11.84,11.91,11.68,11.71,5841700
20120510,11.85,11.93,11.65,11.81,3100400
20120511,11.74,11.95,11.57,11.78,2322500
20120514,11.58,11.74,11.21,11.5,3599600
20120515,11.4,11.64,11.08,11.26,4311900
20120516,11.38,11.81,11.02,11.74,4026500
20120517,11.74,11.74,11.14,11.33,3935600
20120518,11.38,11.61,11.03,11.16,4391000
20120521,11.13,11.27,10.96,11.1,4450400
20120522,10.99,11.07,10.27,10.27,9393400
20120523,10.11,10.45,9.55,10.27,6695200
20120524,10.2,10.27,9.72,9.99,4784800
20120525,9.97,10.46,9.88,10.45,4580800
20120528,10.52,10.66,10.19,10.66,2466300
20120529,10.69,10.82,10.29,10.38,4387500
20120530,10.24,10.28,9.9,10.22,4172300
20120531,10.22,10.72,10.22,10.72,8382900
20120601,10.39,10.45,9.96,10.11,3513900
20120604,10.11,10.6,10.03,10.4,3102000
20120605,10.39,10.72,10.14,10.21,3603700
20120606,10.28,10.66,10.28,10.51,3397900
20120608,10.32,10.93,10.32,10.83,2527400
20120611,10.89,11.17,10.69,10.79,3127500
20120612,10.86,11.27,10.86,11.23,2567400
20120613,11.17,11.72,11.05,11.68,6052800
20120614,11.57,11.8,11.47,11.63,2406500
20120615,11.63,11.74,11.55,11.7,3765400
20120618,11.7,11.93,11.41,11.62,3744000
20120619,11.83,11.85,11.59,11.67,3530100
20120620,11.67,11.92,11.59,11.76,2264500
20120621,11.75,12,11.62,11.64,1615600
20120622,11.64,11.76,11.35,11.57,1544900
20120625,11.27,11.67,11.23,11.67,1304800
20120626,11.61,11.61,11.27,11.42,1892800
20120627,11.41,11.52,11.05,11.23,2443400
20120628,11.1,11.45,10.94,11.13,2279200
20120629,11.52,11.61,11.31,11.54,2977000
20120702,11.54,11.64,11.21,11.45,1993000
20120703,11.5,12.1,11.35,11.96,3177900
20120704,11.94,12.12,11.79,11.96,1368700
20120705,12.15,12.15,11.82,11.9,1994600
20120706,11.78,11.88,11.57,11.82,3362400
20120710,11.94,12.01,11.4,11.52,2848300
20120711,11.52,11.86,11.42,11.68,2467400
20120712,11.52,11.81,11.32,11.76,3865600
20120713,11.81,11.96,11.64,11.64,1506300
20120716,11.64,11.74,11.36,11.64,3606600
20120717,11.78,12.25,11.55,12.15,3334900
20120718,12,12.73,11.92,12.54,3702900
20120719,12.64,13.04,12.45,12.93,2937900
20120720,12.83,12.85,12.48,12.57,4877200
20120723,12.16,12.38,12.04,12.21,3009800
20120724,12.21,12.44,11.82,11.96,3819900
20120725,12.05,12.17,11.83,11.88,2410300
20120726,12.19,12.64,11.99,12.59,3701800
20120727,12.74,13.14,12.25,12.96,6834200
20120730,12.88,13.13,12.42,12.9,4981900
20120731,12.9,12.97,12.54,12.54,2085900
20120801,12.64,13.07,12.45,12.93,2637100
20120802,12.76,12.81,12.54,12.69,3634800
20120803,13.11,13.56,12.85,13.52,5620900
20120806,13.52,13.93,13.38,13.81,4704600
20120807,13.8,14.08,13.22,13.32,4325500
20120808,13.4,13.71,13.35,13.56,2523200
20120809,13.33,13.86,13.32,13.52,1974100
20120810,13.45,13.59,13.17,13.39,2906500
20120813,13.66,13.97,13.6,13.76,6580700
20120814,13.68,13.79,13.17,13.25,5675900
20120815,13.31,13.37,13.06,13.13,8353600
20120816,13.32,13.74,13.14,13.61,4290200
20120817,13.74,13.76,13.52,13.58,1813300
20120820,13.58,13.76,13.44,13.56,1501200
20120821,13.68,13.74,13.26,13.26,2785000
20120822,13.27,13.64,13.27,13.42,2283300
20120823,13.34,13.42,13.15,13.33,2927500
20120824,13.32,13.55,12.97,13.28,3070300
20120827,13.16,13.46,13.13,13.32,4036300
20120828,13.35,13.66,13.26,13.32,2319400
20120829,13.4,13.47,12.91,13.08,2830800
20120830,12.9,13.19,12.74,13.16,2737000
20120831,13.16,13.28,12.67,12.67,8876700
20120903,12.57,13.12,12.57,13.07,2787700
20120904,12.99,13.08,12.56,12.64,4268500
20120905,12.83,12.83,12.37,12.49,3495900
20120906,12.65,13.43,12.64,13.22,7534800
20120910,13.49,13.53,13.03,13.08,3691800
20120911,12.97,13.66,12.97,13.61,4191200
20120912,13.61,14.06,13.44,13.54,4837900
20120913,13.63,13.75,13.22,13.53,5083200
20120914,13.61,13.76,13.29,13.52,3709600
20120917,13.54,13.66,13.23,13.28,2945600
20120918,13.29,13.63,13.29,13.63,2220600
20120919,13.61,14.1,13.54,13.92,4581200
20120920,13.9,14.4,13.8,14.3,4376100
20120921,14.41,14.66,14.35,14.44,5301000
20120924,14.36,14.76,14.13,14.6,3513100
20120925,14.65,14.67,14.19,14.59,3684900
20120926,14.59,14.74,14.41,14.63,2968600
20120927,14.62,14.7,14.26,14.59,3548300
20120928,14.59,14.63,14.32,14.48,2641600
20121001,14.39,14.68,14.39,14.59,2400000
20121002,14.57,15,14.57,14.91,3194600
20121003,14.88,15.21,14.67,14.96,3146200
20121004,14.91,15.2,14.81,15.08,2273100
20121005,15.13,15.29,14.95,15.16,2619400
20121008,15.14,15.56,15.07,15.51,3253700
20121009,15.71,15.85,15.46,15.67,3966500
20121010,15.71,15.95,15.52,15.69,3947100
20121011,15.77,15.9,15.59,15.79,2267800
20121015,15.87,16.26,15.76,16.22,5425600
20121016,16.15,16.4,16.15,16.35,5364900
20121017,16.41,16.53,15.93,16.48,5373400
20121018,16.43,16.61,16.32,16.6,5109000
20121019,16.62,16.63,16.34,16.38,5992100
20121022,16.43,16.52,16.22,16.4,1976000
20121023,16.29,16.46,16.25,16.38,3750400
20121024,16.37,16.4,15.7,15.95,4605700
20121025,16.03,16.03,15.31,15.59,5564200
20121026,15.38,15.52,15.07,15.18,3755500
20121029,15.17,15.61,14.93,15.47,2136100
20121030,15.66,15.73,15.37,15.66,2120200
20121031,15.66,15.81,15.56,15.7,2379000
20121101,15.72,15.9,15.54,15.82,2455600
20121105,15.73,15.9,15.52,15.85,1509300
20121106,15.93,16.01,15.78,16.01,2224300
20121107,15.94,15.98,15.63,15.64,4679500
20121108,15.7,15.72,15.17,15.22,5190500
20121109,15.17,15.22,14.61,14.9,5664500
20121112,15.22,15.27,14.76,14.83,2646100
20121113,14.79,14.93,14.66,14.88,2667100
20121114,14.76,14.83,14.24,14.24,5470900
20121116,14.16,14.68,14.01,14.46,3163800
20121119,14.59,14.99,14.55,14.95,1978600
20121121,15.17,15.17,14.8,14.99,2267600
20121122,15.02,15.15,14.85,14.94,2152100
20121123,14.97,15.16,14.7,15.12,1845600
20121126,15.03,15.27,14.83,15.04,3464500
20121127,15.04,15.3,14.68,14.68,2470100
20121128,14.44,15.22,14.41,15.22,3394300
20121129,15.27,15.39,14.92,15.39,2101900
20121130,15.49,15.52,14.49,14.97,5149300
20121203,14.98,15.16,14.73,14.88,3330200
20121204,14.88,15.05,14.64,14.7,2161800
20121205,14.75,15.02,14.52,14.88,2531700
20121206,14.88,15.46,14.67,15.3,3207500
20121207,15.27,15.51,15.04,15.19,2293600
20121210,15.19,15.34,14.9,15.11,1676100
20121211,15.28,15.35,15.02,15.21,3306700
20121212,15.22,15.32,14.95,15.19,4885900
20121213,15.07,16.09,15,16.06,5897800
20121214,16.17,16.29,15.7,15.75,4679600
20121217,15.78,16.19,15.61,15.66,2610300
20121218,15.58,16.09,15.49,15.96,2326200
20121219,15.98,16.03,15.78,15.9,3076500
20121220,16.04,16.08,15.81,16.03,2472800
20121221,15.85,16.02,15.76,15.8,2478600
20121226,16.02,16.03,15.7,15.81,2548600
20121227,16.01,16.43,15.89,16.11,3197100
20121228,16.11,16.37,16.07,16.16,2245300
20130102,16.48,16.52,16.05,16.18,2312400
20130103,16.17,16.29,16.14,16.19,2786100
20130104,16.27,16.27,15.88,16.09,6106400
20130107,15.95,16.19,15.78,15.98,2875600
20130108,16.03,16.14,15.58,15.84,3141100
20130109,15.82,16.11,15.62,15.91,2168300
20130110,16,16.25,15.63,15.9,3010900
20130111,16.06,16.06,15.36,15.72,2821400
20130114,15.84,16.08,15.66,15.78,1651100
20130115,15.85,16.08,15.69,15.94,3017300
20130116,15.94,16.06,15.75,15.9,1803200
20130117,15.91,16.19,15.79,15.8,2411500
20130118,15.92,15.95,15.61,15.72,2163600
20130121,15.72,16.04,15.66,15.75,1228600
20130122,15.84,16.17,15.83,16.16,4708500
20130123,16.17,16.47,16.07,16.34,3205400
20130124,16.4,16.48,15.9,16.02,3904900
20130128,16.01,16.37,15.84,16.07,3523400
20130129,16.12,16.29,15.87,16,3844100
20130130,15.88,15.99,15.83,15.93,2181100
20130131,16.12,16.8,16,16.73,8666500
20130201,16.86,17.09,16.72,16.83,4042900
20130204,16.86,17.15,16.65,17.02,3768200
20130205,17.11,17.58,17.07,17.58,3455800
20130206,17.67,17.79,17.31,17.59,2827900
20130207,17.69,17.79,17.12,17.36,4427800
20130208,17.08,17.48,17.03,17.27,2660700
20130213,17.3,17.55,17.17,17.42,2221200
20130214,17.42,17.56,17.25,17.4,1449000
20130215,17.43,17.44,17.2,17.25,2288100
20130218,17.25,17.35,16.56,16.73,3309900
20130219,16.7,16.99,16.36,16.53,3400000
20130220,16.49,16.65,16.08,16.37,2347000
20130221,16.3,16.47,15.69,16.11,3782500
20130222,16.17,16.33,15.84,16.24,3066400
20130225,16.25,16.63,16.02,16.45,3123100
20130226,16.4,16.89,16.24,16.72,4149700
20130227,16.79,17.16,16.55,16.87,3657500
20130228,16.72,17.06,16.71,17.01,2695000
20130301,16.73,17.19,16.7,17.02,2638000
20130304,17.04,17.11,16.82,17.06,2138900
20130305,17.12,17.27,16.63,16.82,2912700
20130306,16.86,17.5,16.85,17.11,3226700
20130307,17.5,17.68,17.36,17.6,5037600
20130308,17.59,17.73,17.39,17.56,2914600
20130311,17.59,17.86,17.4,17.51,2609800
20130312,17.59,17.59,17.14,17.3,2455500
20130313,17.29,17.31,16.89,17.1,2914600
20130314,17.11,17.19,16.74,16.77,3535500
20130315,16.81,16.88,16.38,16.56,3242400
20130318,16.31,16.6,16.2,16.29,2858100
20130319,16.35,16.49,16.19,16.25,3491300
20130320,16.17,16.57,16.05,16.4,2932100
20130321,16.45,16.57,16.06,16.12,4877700
20130322,16.34,16.34,16.08,16.16,1793600
20130325,16.13,16.3,15.62,15.7,3324000
20130326,15.75,16.22,15.42,16.14,4201600
20130327,16.01,16.41,15.78,16.04,2543600
20130328,16.18,16.18,15.38,15.45,4835400
20130401,15.52,15.72,15.23,15.31,3817300
20130402,15.42,15.53,14.87,15,4537200
20130403,15,15.2,14.79,14.97,2759800
20130404,14.97,15.1,14.82,14.95,2317200
20130405,14.93,15.26,14.49,15.12,5568000
20130408,15.24,15.53,14.98,15.49,2636100
20130409,15.42,15.61,15.21,15.4,2772500
20130410,15.36,16,15.28,15.91,3943000
20130411,15.93,15.93,15.41,15.56,2725800
20130412,15.54,15.66,15.25,15.54,1946400
20130415,15.29,15.61,14.85,14.93,4820800
20130416,15.17,15.47,14.89,15.23,1280400
20130417,14.94,15.16,14.59,14.69,4394300
20130418,14.68,15.07,14.59,15.02,3888400
20130419,15.28,15.7,15.07,15.7,2885000
20130422,15.59,15.66,15.24,15.36,2229700
20130423,15.35,15.7,15.3,15.57,1970400
20130424,15.6,15.82,15.46,15.56,2174200
20130425,15.6,15.65,15.27,15.54,2050700
20130426,15.58,15.94,15.48,15.7,2570000
20130429,15.7,15.99,15.53,15.53,2630300
20130430,15.56,15.91,15.29,15.57,3462100
20130502,15.62,15.9,15.08,15.37,3652500
20130503,15.53,16,15.24,15.62,4182900
20130506,16.11,16.37,16.07,16.31,6237500
20130507,16.35,16.47,16.1,16.43,4491700
20130508,16.49,16.8,16.35,16.65,5065300
20130509,16.55,16.81,16.49,16.7,3718600
20130510,16.58,16.77,16.36,16.55,5050600
20130513,16.51,16.6,16.37,16.58,2483000
20130514,16.59,16.89,16.28,16.56,3323800
20130515,16.56,16.84,16.5,16.67,1811000
20130516,16.72,17.05,16.63,16.86,3721700
20130517,17.02,17.13,16.84,16.98,2137100
20130520,16.95,17.16,16.73,17.09,3778000
20130521,17.09,17.34,17.04,17.29,2921500
20130522,17.36,17.68,17.21,17.38,3560600
20130523,17.01,17.25,16.93,17.15,2680000
20130524,17.28,17.51,17.08,17.09,7424700
20130527,17.23,17.39,17.05,17.29,2212600
20130528,17.49,17.63,17.39,17.43,6782000
20130529,17.22,17.37,17.1,17.19,3189700
20130531,17.24,17.24,16.51,16.8,6156200
20130603,16.8,16.89,16.46,16.75,2876000
20130604,16.8,16.81,16.47,16.61,2244100
20130605,16.48,16.83,16.47,16.5,4283200
20130606,16.64,16.64,16.33,16.43,2297600
20130607,16.31,16.73,16.25,16.26,2285500
20130610,16.4,16.4,16.02,16.2,3206100
20130611,16,16.11,15.65,15.82,2938400
20130612,15.91,16.09,15.64,15.76,3591600
20130613,15.73,15.9,15.38,15.69,5218500
20130614,15.69,15.84,15.3,15.41,2969400
20130617,15.3,15.88,15.3,15.52,2772500
20130618,15.39,15.53,15.06,15.25,3376000
20130619,15.32,15.57,14.74,15.02,7633100
20130620,14.82,14.86,13.97,14.58,5522300
20130621,14.46,14.57,13.97,14.14,4851900
20130624,14.17,14.19,13.68,14.05,6072800
20130625,14.18,14.45,14.01,14.23,7146300
20130626,14.34,14.36,14.07,14.25,11366700
20130627,14.29,14.53,14.17,14.29,3455800
20130628,14.28,14.32,13.88,14.27,5391900
20130701,14.24,14.59,14.05,14.52,2790100
20130702,14.4,14.5,13.96,14.16,4336000
20130703,14.08,14.73,14.06,14.34,4782500
20130704,14.43,14.76,14.35,14.54,2825800
20130705,14.47,14.84,14.23,14.84,5657300
20130708,14.68,14.95,14.39,14.5,4145900
20130710,14.51,14.89,14.43,14.87,2414500
20130711,14.99,15.23,14.97,15.13,3255500
20130712,15.13,15.14,14.7,14.73,2415600
20130715,14.78,15.26,14.72,14.99,2900600
20130716,15.1,15.28,14.92,15.18,2190500
20130717,15.28,15.75,15.19,15.62,3576700
20130718,15.75,16.19,15.64,16.11,5976800
20130719,15.96,16.31,15.96,16.07,3677700
20130722,16.02,16.26,15.97,16.13,2096300
20130723,16.12,16.2,15.94,16.1,2534900
20130724,16.15,16.15,15.87,15.92,3276100
20130725,15.77,16.2,15.77,16.17,2209900
20130726,16.09,16.51,16.09,16.4,2803900
20130729,16.55,16.55,16.16,16.31,1615000
20130730,16.34,16.38,16.07,16.26,2675300
20130731,16.09,16.41,16.09,16.22,2062100
20130801,16.53,16.53,16.18,16.31,2787600
20130802,16.23,16.57,16.16,16.29,3380900
20130805,16.6,16.86,16.5,16.6,5031400
20130806,16.56,16.72,16.42,16.53,3520000
20130807,16.37,16.68,16.31,16.57,3324400
20130808,16.54,17.37,16.54,16.7,3379800
20130809,16.83,17.34,16.7,17.11,3678300
20130812,17.12,17.52,16.97,17.05,3314700
20130813,16.97,17.19,16.81,17.07,2787200
20130814,17.07,17.41,16.77,17.05,5687900
20130815,16.77,17.04,16.6,16.94,3574600
20130816,16.82,17.03,16.62,16.71,3628700
20130819,16.52,16.72,16.22,16.34,3425400
20130820,16.34,16.44,15.97,16.27,4207900
20130821,15.95,16.16,15.89,15.93,3149000
20130822,15.91,16.05,15.75,15.86,1969700
20130823,15.79,16.41,15.72,16.39,2540400
20130826,16.39,16.44,15.97,15.97,2333200
20130827,15.74,15.94,15.35,15.62,2907600
20130828,15.53,16.04,15.5,15.72,1696400
20130829,15.72,16.41,15.63,16,4077300
20130830,16,16.31,15.59,15.95,5188400
20130902,16.19,16.79,16.01,16.31,3386600
20130903,16.18,16.48,15.88,16.02,2649800
20130904,16.14,16.43,15.81,16.36,4347200
20130905,16.35,16.7,16.15,16.58,2275300
20130906,16.7,16.87,16.45,16.7,3468100
20130909,16.67,17.24,16.67,17.07,3978900
20130910,17.07,17.56,16.84,17.03,2590900
20130911,17.02,17.26,16.85,17.04,2668400
20130912,17.03,17.19,16.87,17.02,2757100
20130913,17.01,17.27,16.92,17.13,1069500
20130916,17.13,17.47,17.12,17.29,2161400
20130917,17.29,17.47,17.16,17.37,1930400
20130918,17.36,18.15,17.36,18.15,5702900
20130919,18.17,18.24,18.03,18.21,3915200
20130920,18.21,18.36,18.08,18.08,2644100
20130923,18.16,18.17,17.76,18.03,2714000
20130924,18.18,18.22,17.84,18.02,2811000
20130925,17.94,18.06,17.81,17.88,2480900
20130926,17.94,17.94,17.53,17.64,2330100
20130927,17.67,17.95,17.47,17.59,1534800
20130930,17.59,17.78,17.3,17.57,2867800
20131001,17.83,17.88,17.6,17.81,1863600
20131002,17.71,17.98,17.71,17.85,1178900
20131003,17.95,17.95,17.73,17.81,1464100
20131004,17.88,17.91,17.65,17.78,983400
20131007,17.88,18.17,17.71,18.08,2130100
20131008,18.19,18.26,17.88,18.07,1891000
20131009,18.18,18.52,18.08,18.3,2257300
20131010,18.3,18.82,18.3,18.76,3605500
20131011,18.8,19.08,18.65,19.06,2039500
20131014,19.06,19.63,18.9,19.53,5471600
20131015,19.55,19.86,19.3,19.43,3786200
20131016,19.41,19.56,19.08,19.33,3346400
20131017,19.31,19.49,19.23,19.47,1210000
20131018,19.48,19.54,19.3,19.41,1323500
20131021,19.31,19.43,19.22,19.32,1602200
20131022,19.32,19.65,19.29,19.58,4521300
20131023,19.55,19.65,19.3,19.4,1585000
20131024,19.31,19.54,19.11,19.33,1632000
20131025,19.29,19.4,18.97,19.16,1090100
20131028,19.25,19.52,19.17,19.28,2965300
20131029,19.34,19.59,19.21,19.31,3164000
20131030,19.31,19.39,19.02,19.16,3033000
20131031,19.16,19.37,18.99,19.21,2308200
20131101,19.32,19.41,19.1,19.29,3221600
20131104,19.33,19.73,19.32,19.56,3616700
20131105,19.6,19.69,19.2,19.4,4522100
20131106,19.4,19.45,19.08,19.16,4100500
20131107,19.16,19.16,18.4,18.55,4177100
20131108,18.45,18.59,17.89,18.28,4071200
20131111,18.28,18.37,17.97,18.21,1992300
20131112,18.22,18.33,17.69,17.99,3553500
20131113,17.98,18.22,17.54,18.17,2378000
20131114,18.11,18.81,18.08,18.77,2405800
20131118,18.74,18.96,18.53,18.89,1962700
20131119,18.82,18.87,18.57,18.72,2154100
20131121,18.47,18.69,18.24,18.58,2150100
20131122,18.42,18.54,18.3,18.42,1486200
20131125,18.43,18.43,18.01,18.21,1621000
20131126,18.09,18.31,17.73,18.13,3282000
20131127,18.06,18.45,18.06,18.39,1899800
20131128,18.59,18.73,18.37,18.47,1274800
20131129,18.55,18.76,18.26,18.72,2086100
20131202,18.62,18.75,18.32,18.5,1714600
20131203,18.3,18.88,18.22,18.49,3651600
20131204,18.52,18.56,18.09,18.09,1943000
20131205,18.18,18.56,17.9,18.17,2559000
20131206,18.37,18.37,17.89,18.15,2476600
20131209,18.24,18.46,18.06,18.27,1290600
20131210,18.31,18.32,18.01,18.14,1678900
20131211,18.15,18.15,17.83,17.95,2120400
20131212,17.92,17.96,17.68,17.7,2683600
20131213,17.61,17.83,17.42,17.54,2963100
20131216,17.63,17.63,17.38,17.54,2737500
20131217,17.53,17.63,17.11,17.34,3472800
20131218,17.34,17.77,17.25,17.61,4433900
20131219,17.83,17.84,17.49,17.72,2397500
20131220,17.78,17.78,17.4,17.61,2079100
20131223,17.61,17.7,17.34,17.39,1587000
20131226,17.39,17.46,17.23,17.32,808800
20131227,17.32,17.63,17.31,17.39,1381300
20131230,17.4,17.74,17.2,17.34,1817200
20140102,17.36,17.55,16.92,17.16,3214500
20140103,17.02,17.49,17.01,17.49,5577200
20140106,17.49,17.68,17.01,17.02,2866800
20140107,17.17,17.47,16.89,17.06,1412700
20140108,17.08,17.19,16.79,16.87,1350100
20140109,16.76,16.84,16.37,16.41,5142400
20140110,16.58,16.74,16.32,16.45,1508500
20140113,16.45,16.65,16.33,16.45,1460500
20140114,16.35,16.6,16.26,16.38,1799300
20140115,16.52,16.57,16.26,16.44,2080700
20140116,16.31,16.68,16.16,16.21,1641200
20140117,16.23,16.24,15.63,15.67,3914300
20140120,15.72,15.78,15.31,15.34,1760500
20140121,15.44,15.56,15.09,15.54,4975700
20140122,16.04,16.21,15.77,16.01,3219600
20140123,15.88,16.37,15.81,15.89,2411900
20140124,15.75,15.86,15.54,15.54,2221600
20140127,15.78,15.78,15.26,15.28,1893200
20140128,15.56,15.59,15.27,15.42,3050200
20140129,15.31,15.44,14.98,15.07,2283500
20140130,14.94,15.16,14.83,14.98,1970000
20140131,14.82,15.09,14.78,14.98,1488000
20140203,14.78,14.98,14.58,14.74,5308600
20140204,14.69,15.03,14.63,14.85,3704100
20140205,14.75,14.88,14.6,14.81,2038200
20140206,14.93,15.42,14.65,14.98,6093300
20140207,14.93,15.32,14.9,15.28,3918700
20140210,15.16,15.28,15.02,15.08,2451700
20140211,15.11,15.53,15.11,15.42,3211800
20140212,15.51,15.51,15.08,15.23,1927300
20140213,15.11,15.34,14.95,15.3,2103800
20140214,15.41,15.43,15.15,15.19,1169000
20140217,15.13,15.3,14.8,14.9,671800
20140218,14.88,15.03,14.71,14.74,3532600
20140219,14.62,14.93,14.61,14.75,1865200
20140220,14.68,15.06,14.63,14.84,2720300
20140221,14.84,15,14.75,14.85,3090300
20140224,14.86,15.03,14.67,14.69,4028800
20140225,14.55,14.76,14.36,14.57,2066100
20140226,14.52,14.94,14.41,14.69,1200100
20140227,14.79,15.18,14.61,14.85,2356500
20140228,14.86,14.96,14.27,14.27,5516100
20140305,14.24,14.28,13.97,14.15,1675500
20140306,14.15,14.63,14.15,14.26,2312600
20140307,14.34,14.85,14.16,14.69,2938600
20140310,14.59,14.7,14.37,14.57,2135500
20140311,14.75,15.02,14.47,14.84,1669800
20140312,14.68,14.96,14.61,14.91,1819000
20140313,14.95,15.31,14.86,15.18,2707000
20140314,15.14,15.31,14.94,15.03,2274800
20140317,15.04,15.16,14.99,15.03,1210200
20140318,15.09,15.68,15.08,15.61,1606500
20140319,15.48,15.88,15.38,15.7,1756200
20140320,15.68,15.97,15.44,15.7,2092100
20140321,15.54,16.05,15.54,15.82,1375200
20140324,15.91,16.01,15.64,15.81,1806100
20140325,15.91,16.21,15.86,16.13,2172100
20140326,16.21,16.32,15.81,15.81,1545400
20140327,15.87,16.46,15.76,16.41,2834200
20140328,16.56,16.76,16.16,16.3,2040000
20140331,16.41,16.47,16.07,16.12,1873500
20140401,16.15,16.26,15.79,15.8,2227700
20140402,15.82,16.14,15.63,16.06,3189800
20140403,16.19,16.4,15.73,15.82,2835300
20140404,16.1,16.23,15.88,15.91,1645200
20140407,16.17,16.27,16.04,16.13,2785600
20140408,16.43,16.64,16.16,16.36,3458700
20140409,16.19,16.6,16.13,16.28,2908200
20140410,16.27,16.55,15.94,16.01,1329700
20140411,16.01,16.39,15.9,15.97,2448400
20140414,15.96,16.22,15.92,16.07,1231100
20140415,15.96,16.08,15.7,15.7,1733000
20140416,15.8,15.98,15.73,15.8,1420600
20140417,15.84,16.02,15.75,15.88,1640300
20140422,15.97,16.37,15.89,16.05,1478700
20140423,15.96,16.1,15.92,15.98,1673100
20140424,15.98,16.17,15.73,15.82,1178600
20140425,15.73,15.93,15.61,15.72,1035800
20140428,15.71,16.1,15.51,15.96,2498800
20140429,16.07,16.45,16,16.33,2260500
20140430,16.3,16.55,16.12,16.14,2735400
20140502,16.41,16.9,16.21,16.89,4147100
20140505,17.03,17.22,16.92,17.1,2865600
20140506,17.14,17.49,17.01,17.25,2507200
20140507,17.09,17.58,17.07,17.42,2345500
20140508,17.31,17.54,17.23,17.27,1611700
20140509,17.55,17.61,17.27,17.48,1283600
20140512,17.52,17.66,17.42,17.42,2487000
20140513,17.4,17.73,17.38,17.57,1948100
20140514,17.68,17.73,17.52,17.57,978900
20140515,17.49,17.62,17.38,17.38,2764100
20140516,17.4,17.86,17.4,17.78,2294400
20140519,17.69,17.78,17.55,17.68,1464700
20140520,17.57,17.91,17.31,17.4,2937100
20140521,17.43,17.68,17.43,17.46,2632800
20140522,17.52,17.7,17.45,17.5,2331000
20140523,17.58,17.99,17.5,17.77,2293800
20140526,17.76,17.9,17.7,17.73,784400
20140527,17.73,17.92,17.68,17.68,1597500
20140528,17.84,17.99,17.72,17.88,2566600
20140529,17.88,18.12,17.81,17.93,1581500
20140530,17.88,18,17.74,17.79,3871500
20140602,17.75,17.92,17.62,17.75,1581000
20140603,17.69,18.21,17.68,18.07,1995900
20140604,18.03,18.03,17.74,17.81,1976400
20140605,17.84,17.98,17.84,17.93,2169100
20140606,18.17,18.47,18.01,18.01,2061200
20140609,18.03,18.44,17.97,18.1,2656900
20140610,18.13,18.51,18.08,18.41,3677400
20140611,18.6,18.78,18.23,18.41,1789100
20140613,18.42,18.59,18.31,18.52,1423200
20140616,18.46,18.63,18.31,18.57,1237900
20140617,18.57,18.6,18.36,18.36,774700
20140618,18.42,18.58,18.3,18.37,1765600
20140620,18.25,18.41,18.18,18.31,1235700
20140623,18.43,18.6,18.31,18.47,1676200
20140624,18.55,18.72,18.37,18.62,3365200
20140625,18.61,18.96,18.6,18.7,3383900
20140626,18.96,18.96,18.65,18.72,1351800
20140627,18.68,18.87,18.67,18.73,978000
20140630,18.68,19,18.68,18.91,1735400
20140701,18.91,19.17,18.85,18.86,1338200
20140702,18.91,19.03,18.74,18.89,2669600
20140703,18.87,18.98,18.72,18.86,3547200
20140704,18.92,18.97,18.87,18.88,330300
20140707,18.79,19,18.77,18.77,1667600
20140708,18.82,18.93,18.58,18.58,2046500
20140710,18.71,19.08,18.71,18.84,2532300
20140711,18.85,19.12,18.76,18.98,4231600
20140714,18.96,19.29,18.94,19,2603200
20140715,18.99,19.1,18.75,18.76,1961700
20140716,18.8,18.9,18.67,18.7,2260700
20140717,18.34,18.55,18.25,18.36,3209300
20140718,18.73,18.8,18.42,18.57,4518300
20140721,18.66,18.83,18.62,18.76,1901700
20140722,18.81,18.92,18.72,18.9,1646100
20140723,18.83,18.97,18.67,18.72,1616000
20140724,18.82,18.88,18.64,18.64,3406600
20140725,18.72,18.83,18.5,18.62,2731700
20140728,18.96,19.31,18.69,18.83,2417200
20140729,18.95,18.95,18.54,18.54,2604600
20140730,18.57,18.63,18.3,18.31,1457700
20140731,18.18,18.18,17.65,17.77,2375500
20140801,17.78,18.13,17.72,17.9,7545000
20140804,17.9,18.27,17.79,18.24,1950900
20140805,18.23,18.53,17.94,18.08,2053700
20140806,18.19,18.32,17.77,18.1,1344900
20140807,18.16,18.24,17.96,18.09,876400
20140808,17.96,18.18,17.86,17.98,983200
20140811,18.1,18.15,17.88,17.88,3422900
20140812,17.91,18.31,17.91,18.13,3526300
20140813,18.21,18.42,17.73,18.12,2669700
20140814,18.02,18.22,18.01,18.07,1487200
20140815,18.19,18.42,18.06,18.2,1311000
20140818,18.37,18.42,18.21,18.32,1210400
20140819,18.35,18.37,18.15,18.22,969600
20140820,18.24,18.64,18.11,18.3,1744300
20140821,18.27,18.51,18.19,18.38,1265600
20140822,18.38,18.55,18.19,18.19,1467400
20140825,18.38,18.57,18.3,18.38,1273200
20140826,18.51,18.86,18.46,18.65,1878400
20140827,18.75,19.09,18.64,18.82,1887900
20140828,18.81,19.06,18.78,18.79,1628800
20140829,18.92,19.16,18.82,19.12,2037300
20140901,19.16,19.34,18.93,18.93,1267800
20140902,18.93,19.27,18.86,18.86,2032300
20140903,18.94,19.15,18.68,18.82,2445500
20140904,18.7,19.13,18.68,18.68,1974900
20140905,18.77,18.86,18.52,18.52,1634800
20140908,18.72,18.72,18.1,18.3,2538400
20140909,18.15,18.48,17.92,18.38,2534100
20140910,18.26,18.43,18,18.15,1803200
20140911,18.26,18.73,18.15,18.27,2022300
20140912,18.15,18.28,17.79,17.88,2591100
20140915,17.88,17.94,17.73,17.78,2709100
20140916,17.78,18.23,17.77,17.96,2586200
20140917,18.09,18.16,17.78,17.78,3184800
20140918,17.81,17.81,17.19,17.19,2496500
20140919,17.23,17.55,17.15,17.29,2065200
20140922,16.94,17.25,16.79,17.05,2917200
20140923,16.95,17.11,16.86,16.94,1889200
20140924,16.82,17.26,16.77,17.24,1471200
20140925,17.12,17.4,17.02,17.2,1887100
20140926,17.05,17.71,16.97,17.6,2710800
20140929,16.92,17.39,16.73,17.18,3234700
20140930,17.02,17.42,16.88,17.27,2856200
20141001,17.08,17.2,16.53,16.71,2820700
20141002,16.63,16.77,16.36,16.5,3500800
20141003,16.52,17.07,16.49,17.05,1791500
20141006,17.95,18.3,17.55,17.62,3488600
20141007,17.92,18.09,17.69,17.76,2348500
20141008,18.01,18.02,17.66,17.88,2361600
20141009,18.01,18.3,17.88,18.08,2257700
20141010,18.07,18.16,17.63,17.68,1328400
20141013,17.9,18.35,17.7,18.02,2033000
20141014,18.08,18.17,17.93,17.95,1685100
20141015,17.81,17.93,17.54,17.75,3197800
20141016,17.39,17.72,17.07,17.44,3759700
20141017,17.55,17.88,17.45,17.63,2271300
20141020,17.52,17.57,17.19,17.36,2202000
20141021,16.89,17.32,16.63,16.81,3373400
20141022,16.75,17.04,16.38,16.45,2527800
20141023,16.34,16.4,15.59,15.6,4036400
20141024,15.57,16.6,15.57,16.35,3468300
20141027,15.72,16.35,15.04,16.04,6178500
20141028,15.96,16.67,15.96,16.52,2069800
20141029,16.45,16.62,16.28,16.28,2785200
20141030,16.31,16.57,16.26,16.26,2877300
20141031,16.38,17.01,16.38,17.01,2752200
20141103,17,17.25,16.72,17.09,2371400
20141104,17.07,17.22,16.77,16.97,1821600
20141105,16.86,17.04,16.52,16.52,1677100
20141106,16.45,16.71,16.29,16.45,1438300
20141107,16.43,16.62,16.33,16.5,1334800
20141110,16.57,16.85,16.53,16.54,1503400
20141111,16.45,16.78,16.37,16.41,1757500
20141112,16.3,16.82,16.3,16.73,2459600
20141113,16.72,16.84,16.16,16.16,2244800
20141114,16.12,16.12,15.57,15.89,2201700
20141117,15.99,16.15,15.73,15.91,1964500
20141118,15.91,16.29,15.91,16.12,1840200
20141119,16.21,16.63,16.12,16.47,2601300
20141121,16.59,17.72,16.52,17.44,3816200
20141124,17.78,17.97,17.07,17.09,3236000
20141125,17.09,17.56,16.9,16.9,2952400
20141126,17.02,17.12,16.87,16.87,1356700
20141127,16.98,17.28,16.81,17.02,1717900
20141128,16.93,17.29,16.93,17.04,1780300
20141201,16.78,16.8,16.09,16.24,4678600
20141202,16.12,16.46,16.12,16.21,2253900
20141203,16.32,16.77,16.32,16.65,1523100
20141204,16.65,16.75,16.37,16.55,2101200
20141205,16.56,16.83,16.46,16.53,2233100
20141208,16.53,16.6,16.14,16.14,1831500
20141209,16.11,16.34,15.95,16.12,2065300
20141210,16.12,16.34,16.04,16.14,1993800
20141211,16.26,16.29,15.93,16.17,2236300
20141212,16.04,16.21,15.7,15.71,2975300
20141215,15.71,16.16,15.27,15.7,2513600
20141216,15.42,15.75,15.37,15.53,3595300
20141217,15.53,16.23,15.5,15.88,4715900
20141218,15.97,16.34,15.75,15.91,1985300
20141219,15.81,16.1,15.79,15.86,2653300
20141222,15.95,16.19,15.84,16.06,1764300
20141223,15.97,16.32,15.97,16.32,1652300
20141226,16.21,16.67,16.21,16.46,939200
20141229,16.36,16.7,16.35,16.55,1055500
20141230,16.66,16.8,16.36,16.36,2284300
20150102,16.32,16.45,15.85,15.9,2026900
20150105,15.64,15.84,15.4,15.73,3735500
20150106,15.79,16.06,15.42,15.47,2968200
20150107,15.69,16.48,15.69,16.45,2641100
20150108,16.45,16.64,16.24,16.47,1639300
20150109,16.38,16.43,16.14,16.21,1233800
20150112,16.07,16.27,15.86,16.12,1634800
20150113,16.22,16.31,15.98,15.98,2851400
20150114,15.72,16.09,15.69,15.89,2588200
20150115,15.95,16.73,15.95,16.7,3114400
20150116,16.7,17.29,16.5,17.04,2859700
20150119,16.94,17.2,16.7,16.9,1470500
20150120,16.85,17,16.68,16.86,1467000
20150121,16.99,17.84,16.86,17.59,5259800
20150122,17.77,18.58,17.72,18.35,4562700
20150123,18.08,18.5,17.83,18.08,2018600
20150126,17.83,18.2,17.56,18.07,2147600
20150127,17.8,18.08,17.6,17.72,3028500
20150128,17.54,18.08,17.39,17.98,1789400
20150129,17.83,18.08,17.7,17.97,1896500
20150130,17.73,18.2,17.52,17.91,3127600
20150202,17.88,18.04,17.59,17.68,2515200
20150203,17.79,17.9,17.55,17.73,2395300
20150204,17.78,17.86,17.16,17.32,3045800
20150205,17.23,17.5,17.17,17.3,2687700
20150206,17.21,17.33,17.11,17.29,2112700
20150209,17.24,17.39,16.93,17.07,1534100
20150210,17.06,17.71,16.75,17.12,3398800
20150211,17.07,17.37,16.87,16.98,2321300
20150212,17.26,17.63,17.15,17.54,2965100
20150213,17.68,18.08,17.59,17.98,2239700
20150218,18.32,18.44,17.88,18.14,2326000
20150219,17.89,18.38,17.88,18.24,1542900
20150220,18.1,18.19,17.87,17.87,1884500
20150223,17.83,18.32,17.83,18.1,2333600
20150224,17.98,18.34,17.98,18.16,2505900
20150225,18.11,18.36,18.03,18.29,4568300
20150226,18.37,18.61,18.22,18.42,1398800
20150227,18.37,18.96,18.31,18.76,3765400
20150302,18.74,18.77,18.51,18.66,2453300
20150303,18.48,18.93,18.48,18.88,4813800
20150304,18.7,19,18.56,18.86,2445600
20150305,18.96,18.98,18.72,18.91,2795500
20150306,18.9,18.95,18.75,18.86,5181700
20150309,18.62,18.75,18.48,18.67,4236600
20150310,18.62,18.76,18.4,18.46,3857400
20150311,18.45,18.64,18.29,18.62,3279700
20150312,18.81,18.94,18.6,18.74,2024800
20150313,18.55,18.68,18.42,18.57,3187300
20150316,18.66,18.83,18.63,18.68,1429000
20150317,18.69,18.95,18.61,18.8,3163400
20150318,18.8,19.1,18.67,19.06,2358800
20150319,19.04,19.08,18.73,18.98,3050300
20150320,19.14,19.57,19.14,19.35,3689200
20150323,19.34,19.39,19.11,19.32,1921000
20150324,19.36,19.43,18.97,19.04,1578600
20150325,19.17,19.42,19,19.13,1733200
20150326,19.14,19.16,18.76,18.86,3604300
20150327,18.73,19.15,18.51,18.98,1562600
20150330,19.26,19.43,19.1,19.26,1356500
20150331,19.26,19.51,19.06,19.35,1634600
20150401,19.34,20.06,19.34,19.83,2788800
20150402,20.13,20.68,20.12,20.43,3363700
20150406,20.73,21.04,20.58,20.93,2468400
20150407,20.91,21.19,20.73,21.03,4335600
20150408,21.15,21.35,21.04,21.17,2792400
20150409,21.02,21.5,20.93,21.26,3055200
20150410,21.21,21.43,21.06,21.06,2404300
20150413,20.96,21.12,20.81,20.92,1427900
20150414,21.07,21.07,20.56,20.69,1668900
20150415,20.82,20.82,20.19,20.61,2395700
20150416,20.45,20.48,20.07,20.22,2175300
20150417,20.12,20.2,19.75,19.83,2639100
20150420,19.51,19.93,19.51,19.68,1152100
20150422,19.93,20.08,19.59,19.7,2826100
20150423,19.77,20.04,19.65,19.74,1689700
20150424,19.94,19.94,19.53,19.73,2564400
20150427,19.88,20.32,19.63,19.76,2385400
20150428,19.82,19.9,19.3,19.55,1963100
20150429,19.45,19.46,19.25,19.3,1769900
20150430,19.15,19.88,19,19.53,2785100
20150504,19.63,19.78,19.45,19.66,1972000
20150505,19.47,19.99,19.47,19.91,1968300
20150506,20,20.26,19.83,20.24,1575400
20150507,20.36,21.03,20.36,20.93,3198600
20150508,21.06,21.5,21.06,21.42,2813700
20150511,21.56,21.56,21.07,21.26,2247000
20150512,21.11,21.49,20.97,21.2,1944600
20150513,21.07,21.54,21.06,21.54,1881600
20150514,21.47,21.74,21.19,21.35,2977000
20150515,21.23,21.49,21.11,21.22,2104000
20150518,21.33,21.37,20.89,21.08,1875700
20150519,21.18,21.18,20.83,20.95,1699300
20150520,20.95,21.47,20.91,21.4,2315000
20150521,21.37,21.57,21.29,21.52,1310500
20150522,21.59,21.66,21.31,21.37,1809400
20150525,21.5,21.56,21.27,21.36,594500
20150526,21.32,21.49,21.13,21.36,2572200
20150527,21.37,21.58,21.26,21.48,1760300
20150528,21.34,21.66,21.28,21.61,1404500
20150529,21.61,21.61,21.21,21.38,2984200
20150601,21.38,21.42,20.93,21.14,1162400
20150602,21.1,21.33,20.75,20.92,2587300
20150603,20.91,20.98,20.64,20.9,3548200
20150605,20.68,21.01,20.68,20.91,1614400
20150608,20.81,21.1,20.8,21,1652300
20150609,21,21.29,20.87,21.23,1999600
20150610,21.39,21.54,21.26,21.45,2399800
20150611,21.48,21.66,21.47,21.56,1913600
20150612,21.52,21.62,21.46,21.52,874700
20150615,21.39,21.51,21.35,21.44,1283500
20150616,21.54,21.76,21.42,21.57,1857000
20150617,21.55,21.94,21.43,21.86,2314500
20150618,21.86,22.68,21.86,22.52,3141800
20150619,22.3,22.58,22.23,22.52,1230700
20150622,22.62,22.89,22.57,22.74,2055900
20150623,22.97,23.07,22.87,22.93,2788600
20150624,22.82,22.88,22.49,22.69,2948700
20150625,22.6,22.69,22.36,22.47,3016900
20150626,22.52,22.63,22.25,22.4,1238200
20150629,22.18,22.4,22.11,22.35,1079800
20150630,22.46,22.77,22.12,22.23,2478400
20150701,22.23,22.4,21.82,22.08,1946300
20150702,22.26,22.26,21.52,21.63,3666300
20150703,21.55,21.64,20.99,21.42,2072500
20150706,21.36,21.45,20.85,21.05,2422800
20150707,21.03,21.22,20.88,21.12,1924000
20150708,21.11,21.33,20.86,20.86,2026800
20150710,20.99,21.35,20.47,20.78,2556000
20150713,20.68,20.89,20.38,20.42,2569800
20150714,20.36,20.96,20.35,20.66,2124500
20150715,20.77,21.19,20.65,21.13,2472400
20150716,21.3,21.37,21.1,21.2,1116000
20150717,21.23,21.45,20.77,20.98,2253600
20150720,20.98,21.39,20.85,20.87,2183900
20150721,20.95,21.13,20.59,20.79,1659500
20150722,20.47,21.08,20.43,20.91,1874500
20150723,20.71,20.94,20.14,20.16,3174600
20150724,20.02,20.14,19.57,19.76,2035200
20150727,19.65,20.03,19.38,19.46,2828300
20150728,19.68,19.81,19.33,19.55,2430000
20150729,19.38,19.75,19.37,19.58,2362400
20150730,19.5,19.89,19.48,19.8,1351800
20150731,19.76,20.14,19.75,19.9,1749000
20150803,19.87,20.12,19.64,19.76,1710200
20150804,19.73,19.92,19.16,19.19,3011500
20150805,19.25,19.3,18.91,19.08,2329600
20150806,18.98,18.99,18.24,18.27,2549600
20150807,18.21,18.63,18.04,18.27,2190300
20150810,18.23,18.6,18.11,18.35,1448100
20150811,18.17,18.37,17.68,17.93,3252200
20150812,17.71,18.05,17.61,17.75,3141100
20150813,17.73,17.8,17.46,17.71,1795200
20150814,17.68,17.8,17.56,17.56,1303800
20150817,17.63,17.76,17.47,17.52,882100
20150818,17.47,17.82,17.37,17.59,1529000
20150819,17.44,17.53,17.2,17.2,1869000
20150820,17.02,17.35,16.85,17.11,2351600
20150821,17.08,17.08,16.6,16.67,1499000
20150824,15.78,16.68,15.65,16.29,2932900
20150825,16.45,16.57,16.09,16.09,3073200
20150826,16.23,16.66,16.12,16.52,2620600
20150827,16.76,17.11,16.43,16.94,2707900
20150828,16.6,16.88,16.54,16.72,2115400
20150831,16.37,16.46,15.81,16.18,3585300
20150901,15.77,16.31,15.77,16.13,3249400
20150902,16.21,16.34,15.88,15.9,1735900
20150903,16.1,16.13,15.32,15.57,3101600
20150904,15.4,15.6,14.56,14.89,4288400
20150908,15.03,15.19,14.94,15.09,2556000
20150909,15.25,15.25,14.75,14.75,2712400
20150910,14.44,14.64,14.18,14.49,3922000
20150911,14.31,14.38,13.99,14,4636800
20150914,14.05,14.39,14.05,14.29,3372400
20150915,14.14,14.34,13.85,14.05,1723300
20150916,14.17,14.8,14.1,14.64,2994800
20150917,14.52,15.5,14.52,15.29,3407500
20150918,14.98,15.16,14.43,14.69,3354800
20150921,14.49,14.7,14.27,14.54,1745600
20150922,14.36,15.06,14.06,14.93,2882800
20150923,14.9,15.05,14.44,14.44,4043000
20150924,14.11,14.37,13.81,14.14,2906100
20150925,14.44,15.08,14.42,14.72,2919600
20150928,14.72,14.74,14.38,14.54,1436700
20150929,14.64,14.69,14.39,14.45,1882400
20150930,14.86,15.01,14.57,15.01,2883300
20151001,15.12,15.12,14.5,14.8,4088200
20151002,14.77,15.55,14.73,15.55,3749200
20151005,15.87,15.98,15.65,15.71,1427500
20151006,15.67,16.31,15.59,16.24,3967200
20151007,16.44,17.15,16.25,16.95,3271800
20151008,16.94,17.29,16.83,16.95,2167700
20151009,17.12,17.56,17,17.38,2983900
20151013,17.1,17.33,16.28,16.28,1857400
20151014,16.27,16.72,15.69,16.13,4816100
20151015,16.12,16.91,15.97,16.16,3787500
20151016,16.2,16.21,15.66,15.91,5107500
20151019,16.07,16.48,15.77,16.4,3964900
20151020,16.4,16.55,15.91,16.16,2194200
20151021,16.15,16.26,15.92,16.12,1837500
20151022,16.23,16.33,16.01,16.04,2397200
20151023,16.25,16.88,16.18,16.6,7609800
20151026,16.67,16.79,16.6,16.7,1669700
20151027,16.7,17.05,16.6,16.73,2861200
20151028,16.7,18.17,16.7,17.58,4113000
20151029,17.4,17.46,16.93,17.14,3632800
20151030,17.19,17.49,17.01,17.19,4518100
20151103,20.42,21.12,20.06,20.83,11988900
20151104,21.06,21.65,20.23,21.12,5037300
20151105,21.11,21.49,20.84,21.02,1978300
20151106,21.01,21.42,20.69,21.15,2511400
20151109,21,21.22,20.85,21.02,1714400
20151110,20.78,21.09,20.61,20.87,3956500
20151111,20.89,21.23,20.65,20.94,3422300
20151112,20.93,21.39,20.93,21.15,1984100
20151113,20.98,21.49,20.68,20.82,1784600
20151116,20.74,21.03,20.57,20.67,1261200
20151117,20.89,21.33,20.88,21.2,1387500
20151118,21.2,21.3,20.84,21.19,2424900
20151119,21.42,21.79,20.89,21.56,2408000
20151123,21.6,22.31,21.32,22.18,2417000
20151124,21.86,22.58,21.86,22.49,2391800
20151125,22.13,22.42,21.94,22.34,2637000
20151126,22.22,22.78,22.01,22.45,2486600
20151127,22.16,22.89,22.08,22.39,3686100
20151130,22.1,22.38,21.94,22.01,5151600
20151201,22.1,22.45,21.65,22.26,3030900
20151202,22.11,22.8,22.03,22.6,4436200
20151203,22.61,23.56,22.61,22.89,4153000
20151204,22.78,22.98,22.21,22.3,2792600
20151207,22.79,23.34,22.68,23.07,6273700
20151208,23.13,23.46,22.99,23.09,4423800
20151209,23.28,23.28,22.74,23.14,2894900
20151210,23.19,23.19,22.42,22.65,3671900
20151211,22.35,22.88,22.32,22.47,2869900
20151214,22.36,22.62,22.01,22.22,2223500
20151215,22.12,22.28,21.62,21.79,2099900
20151216,21.69,21.76,21.1,21.37,3383300
20151217,21.49,22.35,21.49,22.01,3364000
20151218,21.53,21.56,21.14,21.37,3461000
20151221,21.26,21.47,20.97,21.27,1599400
20151222,21.27,21.34,20.79,20.92,1942000
20151223,20.81,21.3,20.81,21.15,1269200
20151228,21.04,21.51,20.92,21.25,884600
20151229,21.28,21.57,21.15,21.38,823000
20151230,21.22,21.53,21.07,21.33,1397400
20160104,20.92,21.18,20.39,20.72,2132000
20160105,20.46,21.36,20.46,20.97,1145000
20160106,20.63,21.5,20.47,21.08,2451700
20160107,20.63,20.95,20.55,20.74,2013100
20160108,20.64,20.81,20.33,20.73,1397700
20160111,20.62,20.83,19.96,20.61,1954400
20160112,20.62,21.42,20.43,21.27,2597000
20160113,21.19,21.6,21.13,21.32,2650200
20160114,21.42,21.77,20.45,20.83,2773600
20160115,20.53,20.93,20.39,20.6,3229000
20160118,20.39,20.99,19.9,20.39,1785800
20160119,20.76,21.04,20.14,20.53,1426200
20160120,20.06,20.42,19.45,20.19,2680400
20160121,19.97,20.87,19.79,20.63,3164700
20160122,20.73,21.32,20.69,21.02,2201300
20160126,20.64,21.34,20.64,21.12,2597200
20160127,21.22,21.97,20.95,21.86,3909200
20160128,22.11,22.28,21.44,21.81,2246100
20160129,21.95,22.21,21.77,21.96,4212900
20160201,22.6,23.36,22.4,23.19,5278800
20160202,22.87,23.52,22.76,23.11,2323800
20160203,23.32,23.47,22.68,22.93,3316000
20160204,23.18,23.76,23.01,23.43,3234500
20160205,23.38,24.14,23.38,23.8,2861800
20160210,23.96,24,23.29,23.49,2228800
20160211,23.19,23.43,22.85,23.14,3503300
20160212,23.14,23.37,22.72,23,3369600
20160215,23.28,23.47,23.02,23.15,1366400
20160216,23.26,23.44,22.93,23.24,2025900
20160217,23.43,23.68,23,23.53,2704200
20160218,23.38,23.98,23.29,23.83,1497400
20160219,23.67,24.41,23.49,23.96,2028700
20160222,24.23,24.45,23.32,23.92,2475500
20160223,23.83,24.41,23.63,23.95,1943100
20160224,23.5,24.07,23.41,23.9,1679500
20160225,23.94,24.71,23.45,24.27,2432500
20160226,24.46,24.79,24.22,24.34,1826900
20160229,24.56,25.17,24.22,24.76,3371700
20160301,25.03,25.56,24.8,25.32,3326800
20160302,25.45,26.2,25.31,26.05,5058400
20160303,26.12,26.4,25.4,25.68,5242200
20160304,25.8,26.45,25.34,25.64,5148100
20160307,25.82,26.05,25.15,25.4,3426900
20160308,25.47,25.81,25.15,25.53,3027100
20160309,25.66,26.26,25.6,25.83,5394100
20160310,26.34,26.7,25.59,26.33,3693000
20160311,26.17,26.92,26.17,26.67,1879200
20160314,26.58,26.75,26.14,26.39,2395900
20160315,26.3,26.64,25.59,26.19,1776600
20160316,26.01,26.35,25.34,26.12,2421900
20160317,26.53,27.1,26.46,26.52,2547400
20160318,26.74,27.31,26.74,27.11,4476500
20160321,27.15,27.94,27.12,27.72,4219600
20160322,27.75,28.2,27.52,27.94,2108900
20160323,27.77,28.16,27.67,27.96,2047800
20160324,27.59,27.94,27.35,27.58,4177900
20160328,27.94,28,27.52,27.8,1885500
20160329,27.69,28.22,27.69,28,2157800
20160330,28.1,28.4,27.81,28.01,2736100
20160331,27.83,28.07,27.27,27.63,3194500
20160401,27.55,28.02,27.34,27.69,1803100
20160404,27.39,27.7,27.23,27.5,1893800
20160405,27.38,27.51,27.03,27.35,2121600
20160406,27.03,27.47,26.99,27.26,1647100
20160407,27.45,27.72,26.77,27.29,1595400
20160408,27.76,28.08,27.44,27.56,1896300
20160411,27.8,28.24,27.6,27.75,1836800
20160412,28.01,28.37,27.53,27.9,1598300
20160413,28.49,28.5,28.02,28.12,3098300
20160414,28.2,28.82,28.12,28.69,3333800
20160415,28.78,29.28,28.47,28.47,2590500
20160418,28.45,28.72,27.8,28.14,3278600
20160419,28.33,28.65,27.98,28.23,1846700
20160420,28.05,28.79,27.94,28.62,1601400
20160422,28.26,28.63,28.05,28.49,1484900
20160425,28.35,28.83,28.31,28.54,878900
20160426,28.74,28.81,27.9,28.3,2067600
20160427,28.6,29.01,27.99,28.89,3052200
20160428,28.81,29.83,28.76,29.62,2633300
20160429,29.72,30.17,29.71,29.85,2696100
20160502,29.86,30.5,29.77,30.41,1990700
20160503,30.18,30.45,29.85,30.14,1115900
20160504,30.26,30.53,29.42,30.36,2593200
20160505,30.39,30.71,30.02,30.21,1112700
20160506,30.11,30.31,29.5,29.87,1823200
20160509,29.62,30.17,29.46,29.88,1325400
20160510,30.26,30.8,30.04,30.68,2102000
20160511,31.32,31.48,30.82,31.17,1064500
20160512,31.13,31.81,31.03,31.23,1808600
20160513,31.08,31.41,30.72,31.22,2011800
20160516,30.97,31.13,30.68,30.95,887800
20160517,30.89,31.09,30.31,30.4,2518500
20160518,29.99,30.21,29.62,29.82,2190000
20160519,29.65,29.93,29.51,29.61,1537800
20160520,29.66,29.86,29.11,29.36,1996000
20160523,28.23,29.25,28.23,28.99,2334700
20160524,29.04,29.33,28.69,28.82,1989900
20160525,29.04,29.06,28.33,28.35,3054500
20160527,28.35,28.75,27.9,28.17,1836800
20160530,27.9,28.65,27.9,28.32,607800
20160531,28.18,28.46,27.86,28.23,2957500
20160601,28.1,28.47,27.73,28.03,2951400
20160602,28.06,28.7,28,28.51,2713800
20160603,29.02,29.16,28.71,28.99,2078600
20160606,29.28,29.32,28.7,28.87,1252500
20160607,28.74,28.92,28.36,28.73,1265600
20160608,28.86,29.3,28.68,28.84,1682500
20160609,28.89,29.12,28.56,28.75,810900
20160610,28.6,28.6,28.13,28.32,1425200
20160613,28.06,28.4,27.84,28.03,1802000
20160614,27.89,28.12,27.24,27.51,2121500
20160615,27.56,28.08,27.39,27.69,2726600
20160616,27.6,27.7,27.16,27.64,1780200
20160617,27.74,27.93,27.46,27.64,3199700
20160620,28.13,28.59,28.02,28.14,2165600
20160621,28,28.56,28,28.44,2286400
20160622,28.35,28.46,27.87,28.16,2095200
20160623,28.3,28.84,28.08,28.58,2580300
20160624,27.75,28.34,27.69,28.05,2250600
20160627,27.69,28.33,27.68,28.08,1085700
20160628,26.25,27.14,25.66,25.71,9005600
20160629,25.88,25.88,22.04,22.04,34484000
20160630,22.73,23.22,22.29,23.12,13692500
20160701,23.48,23.67,23.2,23.54,9835000
20160704,23.67,24.52,23.63,24.17,4738900
20160705,24.07,24.17,23.59,23.89,2549500
20160706,23.87,23.87,23.36,23.48,2520300
20160707,23.66,24.47,23.49,24.18,6071300
20160708,24.47,24.65,24.29,24.48,6187700
20160711,24.74,24.85,24.29,24.52,4572100
20160712,24.66,24.74,24.32,24.5,3543300
20160713,24.64,25.5,24.42,24.73,3370800
20160714,25.16,25.21,24.86,25.04,2742700
20160715,24.95,25.11,24.7,25.06,2589900
20160718,25,25.16,24.75,25.11,1533200
20160719,25.11,25.56,24.88,25.41,2870200
20160720,25.66,25.74,24.77,25.43,3115900
20160721,25.52,25.52,25.11,25.36,4231000
20160722,25.5,25.67,25.26,25.41,3126900
20160725,25.96,26,25.36,25.75,6935800
20160726,25.66,26.48,25.65,26.25,3890000
20160727,26.27,26.9,26.19,26.81,3783000
20160728,26.73,27.34,26.72,27.29,3362000
20160729,27.39,27.73,27.27,27.45,2698000
20160801,27.24,27.35,26.68,26.88,2785800
20160802,26.84,27.12,26.55,26.76,1604300
20160803,26.51,27.4,26.51,27.28,1534700
20160804,27.3,27.7,26.96,27.09,2685800
20160805,27.15,27.39,27.02,27.33,1636100
20160808,27.41,27.45,27.07,27.39,936400
20160809,27.43,27.95,27.23,27.5,1558100
20160810,27.67,27.79,27.17,27.47,1429600
20160811,27.22,27.91,27.21,27.85,2172300
20160812,27.9,28.03,27.66,27.72,1457500
20160815,27.6,28.21,27.53,27.94,1353800
20160816,27.69,28.08,27.64,27.85,2751800
20160817,27.64,27.94,27.44,27.8,1871100
20160818,27.58,27.79,27.28,27.36,1429200
20160819,27.06,27.73,27.04,27.49,2079300
20160822,27.26,27.38,26.9,27.1,2167300
20160823,27.1,27.29,26.14,26.36,3754100
20160824,26.36,26.69,25.84,26.41,1982600
20160825,26.41,26.41,25.9,26.05,1679300
20160826,25.92,26.7,25.69,26.04,2493800
20160829,25.98,26.48,25.98,26.4,1179000
20160830,26.27,26.75,26.17,26.55,1142800
20160831,26.61,26.68,26,26.1,3447500
20160901,26.07,26.62,25.73,26.44,2695100
20160902,26.7,27.35,26.47,27.28,3327500
20160905,27.32,27.73,27.28,27.45,1486300
20160906,27.71,28.42,27.44,28.2,3068800
20160908,28.2,28.21,27.58,27.94,3425300
20160909,27.6,27.6,26.91,27.05,2333900
20160912,27.58,27.69,27.15,27.31,1794400
20160913,27.31,27.35,26.15,26.71,2180200
20160914,26.52,26.97,26.37,26.71,1357800
20160915,26.72,27.75,26.72,27.44,2636300
20160916,27.5,27.5,26.6,26.76,1813700
20160919,26.98,26.98,26.62,26.86,755600
20160920,26.86,27.09,26.62,26.83,1197100
20160921,26.9,27.67,26.76,27.64,2760500
20160922,27.9,28.52,27.65,28.16,3768100
20160923,28.17,28.5,27.92,28.2,2425700
20160926,28.19,28.19,27.62,27.86,1374700
20160927,28.05,28.11,27.56,27.86,1425900
20160928,27.86,28.2,27.68,27.91,1561900
20160929,28,28.11,27.37,27.84,2007500
20160930,27.77,28.28,27.39,27.87,2713800
20161003,28.15,28.91,27.94,28.65,4364100
20161004,28.94,29.06,28.2,28.68,1750400
20161005,28.94,29.26,28.75,29.08,1223100
20161006,29.08,29.08,28.62,28.83,2409200
20161007,29.1,29.11,28.24,28.6,2099800
20161010,28.92,28.94,28.2,28.65,1287800
20161011,28.65,28.72,28.22,28.58,1472000
20161013,28.58,28.58,26.96,27.59,6640100
20161014,27.66,28.27,27.4,27.94,2796000
20161017,27.74,28.16,27.64,27.96,2288500
20161018,27.96,28.69,27.74,28.41,2939000
20161019,28.41,28.69,28.04,28.4,2771800
20161020,28.09,28.49,27.85,28.27,2278700
20161021,28.1,28.68,27.97,28.4,3327600
20161024,28.4,28.61,28.11,28.27,1572900
20161025,28,28,26.36,26.84,6757300
20161026,26.97,27.07,26.1,26.27,5999900
20161027,26.3,27.04,26.18,26.85,3084600
20161028,26.85,27.25,26.6,26.92,1940000
20161031,27.47,27.65,26.42,26.76,3055200
20161101,27,27.11,25.95,26,4285400
20161103,25.88,26.06,25.44,25.64,4090300
20161104,25.71,25.9,25.09,25.22,2967600
20161107,25.94,26.14,25.49,25.78,3021600
20161108,25.9,26.1,25.64,25.86,2169500
20161109,25,26.16,24.8,25.89,3153000
20161110,26,26.13,24.59,24.92,4328900
20161111,24.52,25.01,23.71,24.28,5351600
20161114,24,25.07,23.89,24.6,2924300
20161116,24.6,25.65,24.52,25.35,4275600
20161117,25.55,25.81,25.02,25.08,2815300
20161118,25.09,25.49,24.8,25.29,2409000
20161121,25.25,25.5,24.93,25.3,4491500
20161122,25.65,26.19,25.51,26.07,7437800
20161123,26.04,26.24,25.6,25.8,2839400
20161124,25.79,25.97,25.57,25.66,725600
20161125,25.5,26.07,25.17,25.81,1214700
20161128,25.56,25.9,25.36,25.78,7183000
20161129,25.63,25.68,25.26,25.47,1706900
20161130,25.7,26.22,25.51,25.97,2990500
20161201,25.33,25.54,24.5,24.88,4106400
20161202,24.45,25.08,24.02,24.8,2736000
20161205,25.08,25.2,24.63,25.02,1926700
20161206,24.74,25.84,24.62,25.66,3397200
20161207,26,26,25.09,25.78,2789700
20161208,25.85,26.17,25.41,25.87,2111500
20161209,26.01,26.18,25.44,25.89,2573600
20161212,25.7,25.7,24.8,25.14,1959600
20161213,24.85,25.41,24.7,25.08,1856700
20161214,25.09,25.28,24.55,24.85,2570300
20161215,24.67,25.4,24.32,25.11,1974900
20161216,25.25,25.71,24.95,25.19,2001400
20161219,25.19,25.4,24.7,24.94,4397900
20161220,25.12,25.14,24.47,24.58,2066600
20161221,24.46,24.78,24.17,24.58,1882800
20161222,25.7,25.82,23.97,24.21,3456100
20161223,24.82,25.25,24.82,24.99,3257600
20161226,25.02,25.64,25.02,25.45,1640600
20161227,25.8,26.3,25.72,26.03,3138800
20161228,25.96,26.19,25.8,26.09,2246700
20161229,26.15,26.15,25.82,26.13,1935600
20170102,26.05,26.17,25.8,26.17,1060800
20170103,26.18,27.08,26.03,26.9,6353500
20170104,27.1,27.2,26.75,27.06,1474100
