<DTYYYYMMDD>,<OPEN>,<HIGH>,<LOW>,<CLOSE>,<VOL>
20100601,4.98,5.07,4.9,5,11471179
20100602,4.98,5.13,4.97,5.08,7394656
20100604,5.01,5.03,4.93,4.97,7450702
20100607,4.97,5,4.85,4.85,7659263
20100608,4.87,5.08,4.84,5.02,13783227
20100609,5.05,5.11,4.96,4.97,7067239
20100610,4.97,5.13,4.97,5.08,7320412
20100611,5.07,5.21,5.03,5.21,6685549
20100614,5.24,5.26,5.12,5.12,5013195
20100615,5.13,5.26,5.13,5.22,5218535
20100616,5.17,5.34,5.15,5.33,15859819
20100617,5.33,5.34,5.2,5.26,8049328
20100618,5.27,5.32,5.22,5.32,7798572
20100621,5.35,5.37,5.28,5.31,4897721
20100622,5.3,5.42,5.27,5.31,8868595
20100623,5.3,5.35,5.23,5.34,9276215
20100624,5.3,5.34,5.17,5.2,9006294
20100625,5.19,5.3,5.15,5.28,4377044
20100628,5.29,5.31,5.23,5.25,3651187
20100629,5.16,5.18,5,5.01,10100957
20100630,5.01,5.09,4.88,4.88,12061270
20100701,4.93,5.13,4.89,5.13,15515331
20100702,5.14,5.18,5.07,5.13,6139264
20100705,5.16,5.17,5.03,5.03,5157658
20100706,5.12,5.17,5.09,5.17,6198208
20100707,5.18,5.45,5.16,5.45,10228349
20100708,5.46,5.56,5.43,5.51,11509026
20100712,5.54,5.65,5.47,5.49,9381381
20100713,5.53,5.56,5.5,5.55,7129888
20100714,5.54,5.58,5.5,5.54,7488710
20100715,5.54,5.56,5.43,5.53,5768202
20100716,5.5,5.54,5.35,5.37,7891660
20100719,5.39,5.51,5.39,5.51,4757929
20100720,5.45,5.6,5.44,5.54,8562920
20100721,5.59,5.61,5.5,5.58,8973278
20100722,5.65,5.74,5.63,5.71,12604334
20100723,5.74,5.78,5.63,5.78,11264067
20100726,5.78,5.8,5.71,5.8,8921581
20100727,5.83,5.85,5.73,5.75,10301305
20100728,5.74,5.9,5.7,5.85,14732140
20100729,5.9,5.91,5.8,5.91,7142772
20100730,5.86,5.96,5.81,5.96,12363724
20100802,6,6,5.94,5.98,7285786
20100803,5.94,5.96,5.74,5.74,13000519
20100804,5.78,5.81,5.63,5.71,10345594
20100805,5.71,5.77,5.7,5.73,4108733
20100806,5.7,5.79,5.67,5.76,5288592
20100809,5.79,5.83,5.72,5.77,5933763
20100810,5.72,5.76,5.68,5.75,5055551
20100811,5.68,5.71,5.56,5.61,10175685
20100812,5.59,5.65,5.54,5.64,4596234
20100813,5.63,5.72,5.61,5.65,7555224
20100816,5.67,5.73,5.62,5.73,5108859
20100817,5.73,5.78,5.72,5.76,6512741
20100818,5.76,5.76,5.7,5.7,8048684
20100819,5.7,5.76,5.61,5.64,6448482
20100820,5.63,5.63,5.58,5.63,3653119
20100823,5.66,5.67,5.59,5.59,5925710
20100824,5.57,5.58,5.48,5.49,9012575
20100825,5.47,5.53,5.4,5.5,9414880
20100826,5.52,5.54,5.35,5.4,8685158
20100827,5.46,5.58,5.37,5.58,11590357
20100830,5.54,5.56,5.46,5.49,5209838
20100831,5.51,5.66,5.49,5.63,16530274
20100901,5.67,5.75,5.63,5.69,20049560
20100902,5.68,5.68,5.61,5.62,8306366
20100903,5.68,5.68,5.56,5.62,8764395
20100906,5.59,5.61,5.53,5.58,3217960
20100908,5.61,5.61,5.53,5.57,6454601
20100909,5.59,5.62,5.51,5.54,5741951
20100910,5.56,5.57,5.51,5.57,7278860
20100913,5.62,5.69,5.6,5.68,12275307
20100914,5.66,5.77,5.66,5.76,11657354
20100915,5.71,5.8,5.7,5.78,10910883
20100916,5.77,5.78,5.73,5.78,7515928
20100917,5.76,5.81,5.69,5.74,7613686
20100920,5.73,5.78,5.72,5.78,7929990
20100921,5.77,5.81,5.69,5.71,8678233
20100922,5.66,5.79,5.66,5.73,9682386
20100923,5.69,5.85,5.68,5.75,19662394
20100924,5.78,5.78,5.65,5.71,10238012
20100927,5.73,5.74,5.65,5.72,6410796
20100928,5.72,5.78,5.68,5.77,6829528
20100929,5.73,5.83,5.72,5.82,16757195
20100930,5.85,5.92,5.8,5.92,12491276
20101001,5.92,6.01,5.89,5.99,11553959
20101004,5.96,6.04,5.95,6.04,9444030
20101005,6.08,6.23,6.05,6.21,12647818
20101006,6.18,6.22,6.1,6.16,14131903
20101007,6.12,6.21,6.06,6.14,7493864
20101008,6.13,6.28,6.11,6.28,9908018
20101011,6.27,6.28,6.21,6.23,3306860
20101013,6.28,6.3,6.23,6.24,21264368
20101014,6.23,6.25,6.11,6.24,7834486
20101015,6.24,6.28,6.2,6.28,8137584
20101018,6.22,6.3,6.2,6.28,9667408
20101019,6.18,6.26,6.09,6.2,9758241
20101020,6.21,6.26,6.15,6.24,7301891
20101021,6.24,6.29,6.12,6.22,7431859
20101022,6.24,6.24,6.15,6.22,7673274
20101025,6.21,6.28,6.17,6.17,7933211
20101026,6.15,6.21,6.14,6.21,6541730
20101027,6.23,6.23,6.05,6.12,8450990
20101028,6.16,6.17,6.06,6.07,6481819
20101029,6.11,6.18,6.06,6.18,8456304
20101101,6.18,6.28,6.17,6.23,7954147
20101103,6.23,6.28,6.19,6.24,10325945
20101104,6.26,6.4,6.24,6.4,13445503
20101105,6.39,6.43,6.34,6.41,7225069
20101108,6.36,6.43,6.34,6.41,3532170
20101109,6.44,6.45,6.28,6.31,9919936
20101110,6.28,6.36,6.01,6.32,8946060
20101111,6.26,6.27,6.19,6.25,8461136
20101112,6.19,6.26,6.13,6.26,10465899
20101116,6.23,6.27,6.07,6.15,10026552
20101117,6.17,6.17,6.11,6.13,5750648
20101118,6.21,6.23,6.17,6.19,7615457
20101119,6.18,6.27,6.13,6.25,5423714
20101122,6.24,6.25,6.07,6.16,6838708
20101123,6.07,6.11,5.92,5.99,11486962
20101124,6.05,6.14,6.03,6.05,12015370
20101125,6.06,6.09,6,6.08,6183392
20101126,6.01,6.05,5.97,6.01,9199555
20101129,5.98,6,5.88,5.96,10332226
20101130,5.93,6.03,5.9,5.94,15281163
20101201,6.05,6.13,6.01,6.08,12014404
20101202,6.11,6.14,6.07,6.08,6366023
20101203,6.04,6.07,5.94,5.97,11010090
20101206,5.98,6.01,5.89,5.92,6182264
20101207,5.99,6.02,5.92,5.92,5389571
20101208,5.91,5.92,5.8,5.85,7959462
20101209,5.85,5.88,5.72,5.75,14651936
20101210,5.79,5.8,5.69,5.75,10491667
20101213,5.8,5.82,5.72,5.79,10044267
20101214,5.8,5.83,5.7,5.83,8450184
20101215,5.8,5.84,5.75,5.82,14222091
20101216,5.84,5.86,5.75,5.76,10493116
20101217,5.74,5.83,5.73,5.83,8370786
20101220,5.83,5.85,5.69,5.69,11329776
20101221,5.73,5.84,5.7,5.82,6600836
20101222,5.8,5.97,5.76,5.97,12373548
20101223,5.92,6.02,5.92,5.97,8714952
20101227,5.93,5.96,5.85,5.85,3039676
20101228,5.87,5.97,5.82,5.87,4893212
20101229,5.88,6.02,5.87,6.02,6664773
20101230,6.03,6.06,5.96,6.06,12598375
20110103,6.09,6.18,6.07,6.1,9323886
20110104,6.13,6.18,6.09,6.18,10227865
20110105,6.14,6.26,6.13,6.26,10289065
20110106,6.24,6.24,6.09,6.13,15225761
20110107,6.11,6.14,5.92,5.95,11219940
20110110,5.92,6.01,5.84,6.01,10773989
20110111,6.05,6.12,6.04,6.07,15541743
20110112,6.13,6.22,6.12,6.22,11709051
20110113,6.24,6.26,6.08,6.1,7337966
20110114,6.09,6.13,6.04,6.07,13002774
20110117,6.04,6.07,6,6.01,5257993
20110118,6.03,6.07,5.9,5.93,13593348
20110119,5.94,5.96,5.81,5.81,19518898
20110120,5.81,5.83,5.63,5.7,23256248
20110121,5.71,5.76,5.66,5.7,11869458
20110124,5.71,5.76,5.69,5.76,7849464
20110126,5.74,5.77,5.64,5.65,10726318
20110127,5.68,5.7,5.5,5.66,13635382
20110128,5.65,5.66,5.42,5.58,14046062
20110131,5.59,5.6,5.41,5.45,16287248
20110201,5.5,5.53,5.46,5.5,9729735
20110202,5.51,5.56,5.37,5.37,18412316
20110203,5.37,5.4,5.31,5.37,13282359
20110204,5.34,5.36,5.17,5.2,14222896
20110207,5.22,5.27,5.15,5.24,9836995
20110208,5.22,5.48,5.2,5.44,20958856
20110209,5.42,5.45,5.25,5.26,10850650
20110210,5.26,5.34,5.26,5.27,16068219
20110211,5.3,5.49,5.25,5.45,16699378
20110214,5.43,5.54,5.43,5.51,9643894
20110215,5.48,5.59,5.43,5.58,11666051
20110216,5.58,5.72,5.57,5.69,13530377
20110217,5.7,5.77,5.65,5.75,10116418
20110218,5.72,5.76,5.62,5.73,6301281
20110221,5.7,5.72,5.62,5.67,7305273
20110222,5.63,5.7,5.48,5.53,14117408
20110223,5.56,5.6,5.45,5.59,11815184
20110224,5.61,5.69,5.48,5.56,12326682
20110225,5.59,5.62,5.4,5.5,13552924
20110228,5.51,5.62,5.5,5.61,14207758
20110301,5.61,5.63,5.46,5.46,9437588
20110302,5.48,5.53,5.44,5.5,8758114
20110303,5.54,5.62,5.5,5.58,11399672
20110304,5.58,5.64,5.51,5.57,9335965
20110309,5.52,5.63,5.46,5.46,7055966
20110310,5.41,5.41,5.27,5.28,15716483
20110311,5.29,5.4,5.25,5.4,14773530
20110314,5.36,5.45,5.34,5.43,7232156
20110315,5.29,5.52,5.26,5.5,14759518
20110316,5.51,5.54,5.31,5.39,11136515
20110317,5.44,5.47,5.34,5.39,11764131
20110318,5.4,5.51,5.4,5.49,8844759
20110321,5.52,5.55,5.48,5.51,8760047
20110322,5.5,5.69,5.5,5.66,11599698
20110323,5.62,5.67,5.59,5.62,7751223
20110324,5.62,5.7,5.61,5.64,8701102
20110325,5.66,5.67,5.61,5.65,5719565
20110328,5.65,5.7,5.63,5.63,3721888
20110329,5.66,5.66,5.57,5.61,7341509
20110330,5.66,5.8,5.64,5.8,10804267
20110331,5.8,6,5.79,6,19881424
20110401,6,6.1,5.98,6.03,14274916
20110404,6.05,6.06,5.94,5.99,9393299
20110405,5.98,6.02,5.92,5.97,8316512
20110406,5.98,6,5.89,5.93,6968676
20110407,5.93,5.97,5.87,5.93,8899839
20110408,5.92,5.95,5.79,5.83,9771608
20110411,5.81,5.85,5.75,5.81,9247870
20110412,5.76,5.78,5.68,5.77,8619932
20110413,5.83,5.84,5.74,5.79,10413718
20110414,5.74,5.81,5.63,5.67,8878258
20110415,5.69,5.73,5.65,5.71,5668189
20110418,5.68,5.69,5.56,5.66,9809455
20110419,5.7,5.75,5.69,5.74,7298187
20110420,5.79,5.85,5.75,5.85,5914920
20110425,5.83,5.83,5.76,5.81,3987622
20110426,5.82,5.9,5.8,5.87,4974060
20110427,5.86,5.9,5.74,5.76,8827366
20110428,5.73,5.76,5.58,5.62,10707958
20110429,5.6,5.69,5.59,5.69,6595682
20110502,5.69,5.76,5.57,5.61,9278470
20110503,5.58,5.61,5.43,5.46,11125403
20110504,5.51,5.52,5.41,5.46,11919867
20110505,5.44,5.55,5.42,5.5,10440292
20110506,5.56,5.66,5.54,5.64,8904992
20110509,5.63,5.67,5.57,5.63,8432791
20110510,5.68,5.73,5.65,5.72,6142163
20110511,5.7,5.7,5.59,5.62,15376988
20110512,5.58,5.65,5.56,5.63,12403825
20110513,5.63,5.63,5.45,5.48,15699573
20110516,5.47,5.51,5.36,5.38,18825896
20110517,5.39,5.41,5.31,5.41,11499846
20110518,5.41,5.45,5.29,5.34,11835799
20110519,5.35,5.36,5.27,5.29,8117775
20110520,5.31,5.33,5.23,5.26,12199935
20110523,5.21,5.29,5.18,5.23,9908018
20110524,5.27,5.36,5.24,5.36,8385764
20110525,5.35,5.36,5.28,5.33,7325404
20110526,5.35,5.49,5.33,5.49,11603241
20110527,5.48,5.53,5.45,5.46,8618644
20110530,5.48,5.5,5.43,5.43,4213738
20110531,5.46,5.54,5.44,5.54,12988602
20110601,5.51,5.55,5.42,5.47,13898540
20110602,5.48,5.52,5.39,5.52,12749924
20110603,5.49,5.59,5.47,5.52,9909306
20110606,5.52,5.55,5.38,5.41,8485455
20110607,5.45,5.52,5.43,5.47,10745161
20110608,5.43,5.48,5.39,5.47,11026678
20110609,5.44,5.47,5.37,5.42,11270832
20110610,5.41,5.41,5.34,5.37,11997011
20110613,5.4,5.42,5.36,5.36,10390849
20110614,5.4,5.44,5.38,5.44,8974405
20110615,5.39,5.5,5.38,5.47,17201696
20110616,5.43,5.49,5.34,5.43,11557986
20110617,5.44,5.45,5.32,5.4,12093480
20110620,5.35,5.47,5.34,5.44,13570157
20110621,5.44,5.46,5.39,5.4,15638696
20110622,5.38,5.5,5.37,5.42,8973761
20110624,5.43,5.45,5.36,5.4,12563910
20110627,5.41,5.44,5.37,5.42,8123251
20110628,5.43,5.57,5.41,5.57,11092548
20110629,5.58,5.63,5.54,5.6,7943035
20110630,5.63,5.63,5.57,5.63,8690795
20110701,5.62,5.66,5.55,5.65,11203834
20110704,5.63,5.7,5.61,5.67,4244821
20110705,5.65,5.68,5.6,5.66,6713410
20110706,5.63,5.65,5.55,5.59,5465265
20110707,5.63,5.63,5.46,5.46,14188270
20110708,5.41,5.42,5.33,5.36,12042588
20110711,5.26,5.28,5.13,5.16,17467268
20110712,5.15,5.21,5.06,5.06,17522348
20110713,5.13,5.17,5.05,5.07,16331537
20110714,5.07,5.08,4.86,4.94,22312972
20110715,4.97,5.02,4.92,4.93,17928680
20110718,4.88,4.95,4.82,4.89,16441857
20110719,4.94,5.03,4.91,5,16642688
20110720,5.04,5.07,4.99,5,10969183
20110721,5.02,5.15,5.01,5.09,12641376
20110722,5.1,5.15,5.07,5.1,8420068
20110725,5.05,5.05,4.97,4.99,12142923
20110726,4.98,4.99,4.87,4.92,12966860
20110727,4.87,4.9,4.79,4.82,12391102
20110728,4.83,4.88,4.8,4.82,17235194
20110729,4.76,4.9,4.72,4.9,10713595
20110801,4.95,4.97,4.8,4.85,11802622
20110802,4.79,4.79,4.53,4.6,30370192
20110803,4.6,4.64,4.44,4.52,29694904
20110804,4.42,4.45,4.23,4.36,27568872
20110805,4.37,4.52,4.2,4.38,20587472
20110808,4.16,4.2,3.81,3.9,64554876
20110809,3.97,4.16,3.9,4.16,51526496
20110810,4.08,4.19,4,4.12,29031696
20110811,4.15,4.3,4.11,4.26,25603564
20110812,4.28,4.37,4.23,4.33,19924102
20110815,4.38,4.46,4.36,4.46,18464336
20110816,4.38,4.4,4.31,4.4,14472848
20110817,4.39,4.55,4.38,4.55,23142062
20110818,4.38,4.4,4.22,4.32,21643000
20110819,4.23,4.31,4.18,4.22,16846578
20110822,4.28,4.28,4.1,4.11,16611444
20110823,4.12,4.16,3.98,4.16,20739504
20110824,4.15,4.19,4.03,4.18,20411604
20110825,4.16,4.28,4.1,4.19,25508224
20110826,4.16,4.28,4.1,4.26,14284418
20110829,4.29,4.42,4.27,4.4,29811344
20110830,4.34,4.47,4.34,4.43,17499800
20110831,4.48,4.56,4.47,4.54,21950928
20110901,4.65,4.84,4.65,4.8,29189528
20110902,4.72,4.74,4.6,4.68,23229028
20110905,4.57,4.58,4.46,4.51,9581568
20110906,4.41,4.62,4.38,4.62,19504404
20110908,4.7,4.74,4.65,4.67,18332918
20110909,4.61,4.64,4.46,4.52,15902658
20110912,4.46,4.47,4.31,4.44,19774002
20110913,4.49,4.5,4.35,4.39,15254589
20110914,4.42,4.5,4.31,4.46,13076696
20110915,4.5,4.58,4.48,4.53,12456006
20110916,4.55,4.6,4.48,4.57,12295116
20110919,4.47,4.57,4.43,4.57,13965859
20110920,4.56,4.64,4.51,4.54,10429823
20110921,4.57,4.64,4.5,4.53,12110874
20110922,4.33,4.42,4.28,4.32,17205884
20110923,4.32,4.38,4.24,4.3,15548507
20110926,4.37,4.39,4.22,4.36,13607682
20110927,4.44,4.62,4.44,4.54,19170384
20110928,4.56,4.66,4.51,4.51,13794018
20110929,4.58,4.64,4.47,4.54,14745024
20110930,4.48,4.53,4.42,4.52,17306218
20111003,4.46,4.51,4.38,4.44,17502216
20111004,4.39,4.4,4.25,4.35,27596088
20111005,4.36,4.44,4.32,4.43,16128452
20111006,4.5,4.55,4.46,4.53,19002084
20111007,4.56,4.58,4.39,4.45,15085486
20111010,4.49,4.67,4.49,4.64,13140956
20111011,4.61,4.78,4.59,4.74,20165196
20111013,4.79,4.83,4.72,4.8,21795352
20111014,4.82,4.87,4.78,4.84,10457363
20111017,4.77,4.83,4.74,4.83,11411751
20111018,4.8,4.87,4.71,4.85,11459422
20111019,4.87,4.96,4.8,4.94,17326510
20111020,4.91,4.97,4.79,4.9,13094412
20111021,4.94,5.02,4.93,4.95,12162088
20111024,4.98,5.12,4.97,5.06,14840366
20111025,5,5.02,4.89,4.97,15313534
20111026,5.03,5.05,4.94,5.01,16117823
20111027,5.22,5.26,5.13,5.17,21071590
20111028,5.15,5.19,5.09,5.13,16199959
20111031,5.06,5.16,5.01,5.1,15489885
20111101,4.87,5.01,4.87,5,24913300
20111103,5.08,5.11,5,5.05,19003372
20111104,4.98,5.08,4.96,5.07,9531481
20111107,5.07,5.15,5.05,5.09,10280851
20111108,5.14,5.16,5.01,5.08,12517850
20111109,4.96,5,4.9,4.97,18900624
20111110,4.99,5.02,4.89,4.93,13130004
20111111,4.96,5.01,4.93,4.98,9880639
20111114,4.98,5.09,4.95,5,11024907
20111116,4.98,5.03,4.93,5.02,17766018
20111117,4.97,4.98,4.81,4.83,18913990
20111118,4.87,4.89,4.73,4.78,11826619
20111121,4.7,4.78,4.67,4.76,12907432
20111122,4.74,4.76,4.65,4.68,16764603
20111123,4.64,4.67,4.59,4.59,9838444
20111124,4.63,4.67,4.54,4.64,6118810
20111125,4.59,4.67,4.57,4.62,6412567
20111128,4.7,4.78,4.7,4.74,10879961
20111129,4.75,4.83,4.69,4.69,16372766
20111130,4.79,5.01,4.74,5.01,34684424
20111201,5.09,5.2,5.04,5.14,33324996
20111202,5.22,5.27,5.12,5.19,20170348
20111205,5.24,5.34,5.22,5.3,24223196
20111206,5.25,5.34,5.21,5.33,10855964
20111207,5.29,5.37,5.27,5.32,9760979
20111208,5.35,5.39,5.24,5.3,20582316
20111209,5.32,5.38,5.29,5.34,14270890
20111212,5.31,5.32,5.23,5.3,13570962
20111213,5.33,5.34,5.24,5.3,18720246
20111214,5.28,5.35,5.25,5.27,28503932
20111215,5.3,5.35,5.22,5.27,19946488
20111216,5.28,5.3,5.21,5.23,17623166
20111219,5.23,5.31,5.16,5.16,15234780
20111220,5.23,5.34,5.21,5.3,18438084
20111221,5.25,5.31,5.23,5.3,13007122
20111222,5.31,5.44,5.29,5.39,12461321
20111223,5.39,5.47,5.39,5.44,8398326
20111226,5.46,5.47,5.41,5.42,4091500
20111227,5.43,5.45,5.39,5.42,8359030
20111228,5.42,5.42,5.27,5.32,8684675
20111229,5.34,5.43,5.29,5.43,9831841
20120102,5.46,5.46,5.32,5.36,7097678
20120103,5.39,5.54,5.36,5.52,16053885
20120104,5.5,5.57,5.44,5.53,13351611
20120105,5.49,5.56,5.4,5.51,12520265
20120106,5.53,5.58,5.48,5.54,8946866
20120109,5.55,5.61,5.5,5.57,13488182
20120110,5.63,5.68,5.61,5.66,14134318
20120111,5.63,5.67,5.61,5.66,8411854
20120112,5.68,5.72,5.6,5.65,6268588
20120113,5.65,5.68,5.56,5.61,21163388
20120116,5.64,5.66,5.59,5.62,7976856
20120117,5.68,5.73,5.6,5.63,11732887
20120118,5.63,5.78,5.61,5.78,19565764
20120119,5.78,5.8,5.72,5.8,14280231
20120120,5.79,5.85,5.74,5.8,13097150
20120123,5.8,5.81,5.67,5.72,16267600
20120124,5.69,5.73,5.6,5.63,11739168
20120126,5.72,5.74,5.63,5.68,16970264
20120127,5.68,5.71,5.6,5.61,22026624
20120130,5.56,5.57,5.47,5.55,17572756
20120131,5.58,5.58,5.42,5.51,25473758
20120201,5.55,5.61,5.44,5.61,20335588
20120202,5.58,5.63,5.51,5.63,19409866
20120203,5.56,5.67,5.54,5.65,19274904
20120206,5.6,5.66,5.59,5.66,11008480
20120207,5.61,5.71,5.57,5.71,15109965
20120208,5.71,5.82,5.71,5.82,18712516
20120209,5.79,5.85,5.74,5.8,12909687
20120210,5.63,5.76,5.59,5.72,15337208
20120213,5.75,5.88,5.75,5.85,16280162
20120214,5.87,5.87,5.76,5.81,11675714
20120215,5.88,5.88,5.73,5.74,16754779
20120216,5.68,5.75,5.64,5.74,16440730
20120217,5.77,5.79,5.69,5.78,10498431
20120222,5.77,5.8,5.71,5.75,7088337
20120223,5.69,5.74,5.66,5.69,9066527
20120224,5.71,5.73,5.65,5.67,7725294
20120227,5.65,5.66,5.59,5.63,7758470
20120228,5.64,5.77,5.63,5.75,8620898
20120229,5.77,5.83,5.74,5.78,11363436
20120301,5.83,5.99,5.81,5.95,13101337
20120302,5.96,6.08,5.94,6.04,11978812
20120305,5.99,6.02,5.89,5.97,11603241
20120306,5.86,5.87,5.76,5.8,13692233
20120307,5.85,5.9,5.8,5.89,15037009
20120308,5.95,6.08,5.94,6.04,14613606
20120309,6.04,6.16,6.02,6.09,12363402
20120312,6.05,6.08,5.98,6.02,13570640
20120313,6.04,6.11,6.03,6.08,15933902
20120314,6.06,6.12,6.05,6.1,8404929
20120315,6.04,6.14,6.01,6.11,10616481
20120316,6.12,6.17,6.08,6.14,8085082
20120319,6.14,6.17,6.09,6.11,6479725
20120320,6.03,6.08,5.99,6.03,9104535
20120321,6.01,6.04,5.95,5.97,7745747
20120322,5.9,5.93,5.78,5.79,17879882
20120323,5.81,5.81,5.71,5.75,22853296
20120326,5.78,5.84,5.76,5.84,13286707
20120327,5.85,5.91,5.81,5.85,13694488
20120328,5.84,5.84,5.66,5.7,14100015
20120329,5.68,5.68,5.54,5.61,17076076
20120330,5.65,5.66,5.46,5.49,23213084
20120402,5.5,5.59,5.48,5.54,18941692
20120403,5.55,5.57,5.43,5.48,19789624
20120404,5.44,5.44,5.3,5.3,17354694
20120405,5.31,5.33,5.19,5.22,13541490
20120409,5.16,5.19,5.11,5.16,15090961
20120410,5.16,5.24,4.97,5.05,23362220
20120411,5.1,5.14,5.02,5.02,24187122
20120412,5.07,5.22,5.01,5.22,21828530
20120413,5.17,5.19,5.03,5.03,16083358
20120416,5.06,5.1,4.98,5.02,15644816
20120417,5.07,5.09,4.98,5.02,16748981
20120418,5.02,5.06,4.93,4.98,28547740
20120419,4.96,5.04,4.94,5.02,10322241
20120420,5.05,5.19,5.05,5.12,25879124
20120423,5.05,5.06,4.97,5.04,9893685
20120424,5.01,5.1,4.95,5,13791441
20120425,4.85,4.88,4.69,4.71,45642336
20120426,4.7,4.77,4.6,4.74,26431206
20120427,4.79,4.82,4.74,4.76,23629256
20120430,4.75,4.86,4.73,4.86,13065189
20120502,4.8,4.86,4.69,4.71,25317364
20120503,4.75,4.77,4.6,4.75,16813138
20120504,4.77,4.78,4.59,4.68,32791008
20120507,4.67,4.71,4.57,4.7,19484096
20120508,4.65,4.74,4.61,4.72,29481116
20120509,4.66,4.69,4.61,4.64,14282002
20120510,4.68,4.8,4.63,4.64,14910247
20120511,4.57,4.75,4.57,4.72,13255668
20120514,4.66,4.66,4.55,4.55,25328196
20120515,4.54,4.68,4.53,4.55,25772404
20120516,4.62,4.72,4.43,4.43,17262764
20120517,4.46,4.48,4.29,4.31,15283739
20120518,4.33,4.45,4.31,4.39,25145478
20120521,4.4,4.65,4.39,4.65,24488976
20120522,4.62,4.64,4.54,4.57,21641594
20120523,4.55,4.58,4.34,4.55,21967208
20120524,4.56,4.56,4.4,4.49,16286209
20120525,4.47,4.58,4.46,4.55,11266249
20120528,4.59,4.6,4.54,4.56,12640600
20120529,4.56,4.61,4.49,4.52,14025638
20120530,4.46,4.5,4.41,4.46,11521149
20120531,4.48,4.73,4.45,4.73,26015300
20120601,4.6,4.7,4.54,4.54,17565686
20120604,4.54,4.61,4.5,4.5,12626251
20120605,4.54,4.57,4.43,4.43,11817775
20120606,4.46,4.65,4.38,4.65,13827253
20120608,4.58,4.66,4.55,4.62,10712087
20120611,4.65,4.71,4.6,4.64,11808112
20120612,4.64,4.74,4.64,4.74,9777845
20120613,4.68,4.79,4.65,4.76,16067179
20120614,4.76,4.81,4.7,4.77,12114402
20120615,4.78,4.83,4.72,4.83,18172556
20120618,4.76,4.86,4.72,4.8,14556814
20120619,4.84,4.92,4.81,4.92,17700236
20120620,4.89,4.9,4.74,4.83,14835432
20120621,4.84,4.84,4.62,4.62,13442194
20120622,4.64,4.66,4.49,4.54,11824657
20120625,4.49,4.51,4.34,4.35,11644133
20120626,4.38,4.41,4.32,4.37,12720540
20120627,4.38,4.5,4.35,4.41,10085892
20120628,4.39,4.43,4.3,4.36,13346882
20120629,4.47,4.57,4.45,4.57,16664386
20120702,4.55,4.58,4.49,4.58,8811246
20120703,4.61,4.76,4.57,4.69,14973936
20120704,4.67,4.74,4.65,4.72,5164759
20120705,4.74,4.86,4.7,4.77,12906627
20120706,4.72,4.73,4.64,4.73,12455537
20120710,4.72,4.75,4.47,4.47,16978436
20120711,4.49,4.6,4.43,4.5,17963774
20120712,4.42,4.55,4.42,4.55,12800333
20120713,4.58,4.68,4.55,4.68,9397179
20120716,4.68,4.68,4.56,4.63,21202948
20120717,4.67,4.69,4.56,4.59,14778625
20120718,4.6,4.73,4.54,4.73,9298206
20120719,4.74,4.82,4.74,4.82,10624827
20120720,4.75,4.81,4.73,4.78,12766512
20120723,4.69,4.73,4.58,4.64,11826267
20120724,4.65,4.82,4.65,4.82,17440504
20120725,4.83,4.86,4.79,4.84,13446440
20120726,4.89,5,4.87,4.99,18314134
20120727,5.04,5.27,5.01,5.22,24811808
20120730,5.19,5.32,5.15,5.32,13601635
20120731,5.33,5.35,5.11,5.17,19765496
20120801,5.16,5.22,5.06,5.15,12213815
20120802,5.1,5.13,5.01,5.04,12907505
20120803,5.16,5.26,5.15,5.24,18851312
20120806,5.25,5.39,5.22,5.33,12346462
20120807,5.34,5.41,5.34,5.35,15397500
20120808,5.31,5.47,5.3,5.45,17676080
20120809,5.42,5.45,5.35,5.42,12337970
20120810,5.36,5.48,5.31,5.47,11247362
20120813,5.43,5.48,5.37,5.44,9609327
20120814,5.46,5.5,5.34,5.37,10079157
20120815,5.35,5.45,5.33,5.42,14886529
20120816,5.45,5.54,5.42,5.51,13545267
20120817,5.51,5.56,5.48,5.51,12526986
20120820,5.5,5.56,5.44,5.49,10360410
20120821,5.52,5.54,5.39,5.43,12197417
20120822,5.41,5.48,5.34,5.43,29884916
20120823,5.39,5.41,5.31,5.39,13042642
20120824,5.36,5.41,5.34,5.38,17420740
20120827,5.38,5.39,5.25,5.31,11913381
20120828,5.29,5.32,5.26,5.3,11072109
20120829,5.31,5.33,5.13,5.17,16103928
20120830,5.11,5.15,5.07,5.15,11126720
20120831,5.23,5.23,5.02,5.03,30213900
20120903,5.02,5.12,5.02,5.09,7464128
20120904,5.06,5.07,4.96,4.98,15464702
20120905,5.02,5.03,4.92,5.02,11290260
20120906,5.03,5.18,5.02,5.17,24424408
20120910,5.23,5.27,5.17,5.18,20142208
20120911,5.2,5.24,5.19,5.24,15725605
20120912,5.27,5.37,5.25,5.37,14669696
20120913,5.35,5.52,5.26,5.48,23157668
20120914,5.47,5.62,5.47,5.54,26877216
20120917,5.57,5.61,5.4,5.45,26512800
20120918,5.47,5.48,5.31,5.34,18382800
20120919,5.36,5.39,5.29,5.33,19240762
20120920,5.28,5.31,5.23,5.29,13876154
20120921,5.33,5.37,5.28,5.34,14787556
20120924,5.32,5.39,5.27,5.32,21859892
20120925,5.22,5.25,4.98,5.01,41129204
20120926,4.97,5.06,4.89,5.06,27387308
20120927,5.07,5.08,4.92,4.98,25383688
20120928,4.93,4.93,4.79,4.86,38178456
20121001,4.84,4.93,4.82,4.93,19906196
20121002,4.91,4.96,4.87,4.92,15149481
20121003,4.92,4.93,4.82,4.84,17458660
20121004,4.84,4.85,4.78,4.85,20823308
20121005,4.88,4.96,4.85,4.9,24967882
20121008,4.88,4.92,4.81,4.92,14853440
20121009,4.9,4.91,4.75,4.79,24008458
20121010,4.79,4.82,4.66,4.68,22533524
20121011,4.71,4.78,4.69,4.75,22294144
20121015,4.75,4.78,4.7,4.78,27381892
20121016,4.82,4.85,4.74,4.8,11195240
20121017,4.81,4.82,4.63,4.78,29273068
20121018,4.74,4.79,4.69,4.79,17160424
20121019,4.78,4.78,4.69,4.77,23872882
20121022,4.76,4.76,4.66,4.71,22577446
20121023,4.63,4.63,4.53,4.56,37597796
20121024,4.56,4.78,4.56,4.77,40632436
20121025,4.8,4.88,4.76,4.84,15238206
20121026,4.78,4.82,4.72,4.77,15472169
20121029,4.72,4.78,4.68,4.78,9998338
20121030,4.8,4.84,4.77,4.83,9682093
20121031,4.82,4.83,4.73,4.79,17244462
20121101,4.78,5.01,4.76,5.01,24119728
20121105,4.95,4.99,4.91,4.99,9158091
20121106,4.99,5.06,4.97,5.04,20907494
20121107,5.02,5.04,4.88,4.91,14801611
20121108,4.91,4.97,4.77,4.81,20619504
20121109,4.82,4.87,4.75,4.79,14713619
20121112,4.8,4.84,4.77,4.81,7849040
20121113,4.8,4.91,4.77,4.91,12927563
20121114,4.85,4.89,4.77,4.82,20795052
20121116,4.78,4.88,4.77,4.83,12422888
20121119,4.83,5,4.83,5,14928402
20121121,5.01,5.08,4.95,5.06,15345232
20121122,5.07,5.12,5.06,5.12,9537733
20121123,5.08,5.18,5.08,5.18,12952014
20121126,5.15,5.16,5.04,5.04,11685714
20121127,5.07,5.09,4.98,4.99,12692575
20121128,4.95,5.03,4.92,5.03,15982554
20121129,5.06,5.13,4.99,5.13,14929134
20121130,5.14,5.23,5.02,5.19,29224020
20121203,5.21,5.34,5.2,5.3,24915614
20121204,5.27,5.3,5.21,5.23,11039460
20121205,5.23,5.3,5.2,5.27,16862624
20121206,5.28,5.28,5.14,5.2,18582504
20121207,5.19,5.26,5.15,5.23,12823612
20121210,5.2,5.24,5.17,5.23,11232575
20121211,5.26,5.29,5.19,5.27,15756058
20121212,5.26,5.28,5.21,5.23,19240324
20121213,5.21,5.28,5.2,5.23,16415928
20121214,5.24,5.25,5.17,5.21,22710532
20121217,5.21,5.23,5.17,5.17,16286355
20121218,5.17,5.23,5.15,5.21,19476776
20121219,5.22,5.39,5.19,5.38,21896640
20121220,5.38,5.42,5.32,5.36,13674254
20121221,5.31,5.44,5.3,5.44,18224384
20121226,5.5,5.5,5.37,5.4,16680637
20121227,5.38,5.42,5.28,5.32,15173493
20121228,5.34,5.38,5.29,5.34,14137496
20130102,5.41,5.54,5.41,5.53,17193952
20130103,5.52,5.72,5.49,5.7,19795364
20130104,5.69,5.71,5.6,5.66,15857520
20130107,5.64,5.69,5.57,5.6,22854308
20130108,5.6,5.68,5.56,5.64,23929688
20130109,5.65,5.71,5.64,5.7,10585150
20130110,5.71,5.73,5.64,5.65,14043500
20130111,5.64,5.67,5.61,5.67,9768768
20130114,5.7,5.76,5.67,5.73,23102326
20130115,5.71,5.74,5.65,5.67,11885270
20130116,5.64,5.72,5.6,5.7,12599458
20130117,5.7,5.82,5.69,5.8,19663302
20130118,5.81,5.81,5.74,5.81,21591228
20130121,5.8,5.81,5.76,5.8,6486548
20130122,5.8,5.85,5.73,5.85,11201536
20130123,5.82,5.83,5.77,5.81,14855783
20130124,5.78,5.82,5.66,5.78,14881844
20130128,5.76,5.76,5.57,5.62,15303651
20130129,5.6,5.66,5.54,5.61,15117710
20130130,5.59,5.63,5.51,5.53,12728592
20130131,5.53,5.59,5.46,5.55,19305622
20130201,5.56,5.58,5.48,5.54,16333499
20130204,5.5,5.51,5.36,5.4,16472003
20130205,5.43,5.59,5.43,5.52,23927348
20130206,5.51,5.54,5.37,5.42,20372072
20130207,5.44,5.5,5.32,5.39,16602601
20130208,5.4,5.48,5.33,5.48,15423415
20130213,5.49,5.52,5.44,5.45,13807048
20130214,5.43,5.45,5.37,5.43,11575467
20130215,5.44,5.7,5.43,5.68,17993936
20130218,5.66,5.76,5.63,5.74,11818361
20130219,5.72,5.75,5.61,5.65,12453488
20130220,5.65,5.68,5.51,5.56,18986302
20130221,5.52,5.6,5.44,5.51,23897772
20130222,5.52,5.69,5.51,5.69,31498940
20130225,5.71,5.78,5.7,5.7,26859792
20130226,5.66,5.67,5.49,5.59,18285730
20130227,5.59,5.62,5.51,5.61,16807868
20130228,5.6,5.71,5.58,5.7,16852230
20130301,5.63,5.75,5.63,5.72,15247430
20130304,5.69,5.71,5.59,5.69,14759006
20130305,5.72,5.81,5.66,5.72,22258564
20130306,5.8,5.85,5.7,5.83,13304569
20130307,5.84,5.9,5.77,5.88,16252534
20130308,5.82,6.05,5.8,6.05,21194896
20130311,6.03,6.05,5.94,6.01,14636168
20130312,5.98,6.01,5.9,5.92,8425163
20130313,5.9,5.97,5.87,5.91,24686482
20130314,5.93,5.94,5.72,5.81,19699320
20130315,5.81,5.82,5.7,5.79,18410618
20130318,5.76,5.9,5.75,5.86,15007317
20130319,5.86,5.91,5.75,5.83,10549133
20130320,5.79,5.89,5.77,5.88,14180686
20130321,5.85,5.87,5.77,5.81,16988536
20130322,5.84,5.86,5.71,5.74,16247556
20130325,5.77,5.78,5.65,5.7,13897237
20130326,5.7,5.8,5.69,5.74,15453429
20130327,5.72,5.76,5.63,5.76,10930384
20130328,5.77,5.89,5.75,5.89,18499196
20130401,5.86,5.89,5.76,5.79,12471496
20130402,5.82,5.85,5.67,5.7,16972140
20130403,5.69,5.72,5.61,5.69,11890688
20130404,5.69,5.7,5.53,5.54,16709334
20130405,5.52,5.59,5.41,5.55,15874504
20130408,5.56,5.57,5.46,5.55,15797492
20130409,5.56,5.72,5.55,5.68,19973984
20130410,5.69,5.85,5.67,5.76,20230932
20130411,5.78,5.81,5.73,5.8,13472501
20130412,5.78,5.79,5.69,5.7,17781640
20130415,5.64,5.68,5.58,5.58,12816584
20130416,5.63,5.7,5.61,5.7,17789840
20130417,5.62,5.63,5.51,5.55,28689040
20130418,5.55,5.58,5.34,5.37,20838388
20130419,5.41,5.51,5.32,5.5,15147285
20130422,5.48,5.51,5.41,5.5,23755022
20130423,5.47,5.59,5.46,5.5,11186016
20130424,5.51,5.61,5.48,5.52,9833774
20130425,5.53,5.6,5.48,5.57,8907291
20130426,5.54,5.58,5.35,5.36,12797698
20130429,5.4,5.49,5.36,5.37,13271480
20130430,5.39,5.57,5.3,5.57,22044220
20130502,5.55,5.65,5.5,5.5,19803150
20130503,5.56,5.67,5.53,5.58,18115044
20130506,5.55,5.58,5.49,5.57,12180114
20130507,5.57,5.73,5.55,5.71,12559449
20130508,5.73,5.84,5.73,5.78,17786286
20130509,5.76,5.83,5.64,5.76,10692056
20130510,5.72,5.75,5.65,5.69,13737517
20130513,5.7,5.7,5.56,5.59,18191176
20130514,5.6,5.67,5.55,5.6,15749190
20130515,5.62,5.8,5.59,5.7,18009494
20130516,5.69,5.71,5.63,5.66,13893510
20130517,5.7,5.74,5.65,5.74,16448098
20130520,5.73,5.79,5.68,5.77,18623218
20130521,5.79,5.87,5.72,5.87,14749210
20130522,5.84,5.98,5.83,5.97,24840320
20130523,5.87,5.94,5.82,5.89,18180128
20130524,5.87,5.89,5.78,5.88,14939010
20130527,5.87,5.89,5.83,5.86,14158379
20130528,5.89,5.94,5.87,5.92,18917768
20130529,5.86,5.9,5.74,5.76,20506984
20130531,5.73,5.83,5.66,5.83,30439570
20130603,5.83,5.83,5.72,5.77,18976332
20130604,5.77,5.8,5.69,5.75,16376091
20130605,5.72,5.76,5.57,5.57,17047448
20130606,5.58,5.67,5.5,5.65,28398216
20130607,5.58,5.69,5.52,5.57,22231028
20130610,5.49,5.61,5.49,5.59,19047940
20130611,5.54,5.54,5.4,5.42,20254892
20130612,5.44,5.49,5.33,5.42,23598630
20130613,5.42,5.46,5.35,5.46,18603786
20130614,5.44,5.47,5.31,5.31,15372118
20130617,5.33,5.41,5.3,5.33,12050474
20130618,5.29,5.31,5.22,5.29,14951389
20130619,5.3,5.31,5.08,5.2,22005822
20130620,5.11,5.24,4.91,5.19,27124582
20130621,5.15,5.23,5.1,5.16,24866940
20130624,5.1,5.1,4.92,4.95,23411358
20130625,4.99,5.04,4.89,4.97,22097128
20130626,5,5.12,4.96,4.97,20314520
20130627,4.98,5.1,4.98,5.06,19002288
20130628,5.03,5.15,5,5.14,31383248
20130701,5.11,5.18,5.06,5.12,16818648
20130702,5.06,5.1,4.78,4.87,28735358
20130703,4.85,4.92,4.74,4.81,31577840
20130704,4.89,4.93,4.86,4.87,20785162
20130705,4.84,4.85,4.65,4.8,36366780
20130708,4.77,4.9,4.72,4.8,22964408
20130710,4.87,4.88,4.79,4.82,22408982
20130711,4.87,4.93,4.81,4.91,28598000
20130712,4.89,4.96,4.84,4.9,20612398
20130715,4.9,5,4.87,4.98,33743912
20130716,5.02,5.05,4.93,5.03,16371166
20130717,5.02,5.11,5.01,5.1,12010012
20130718,5.07,5.13,5.03,5.1,13393586
20130719,5.06,5.1,5.04,5.06,11087629
20130722,5.06,5.24,5.03,5.18,22455034
20130723,5.22,5.31,5.2,5.27,17601544
20130724,5.25,5.28,5.12,5.21,15075438
20130725,5.17,5.23,5.14,5.21,12323063
20130726,5.2,5.24,5.08,5.24,16450494
20130729,5.21,5.28,5.15,5.21,12056597
20130730,5.24,5.38,5.22,5.22,23904492
20130731,5.21,5.28,5.18,5.19,21902668
20130801,5.23,5.38,5.23,5.36,25439404
20130802,5.32,5.4,5.3,5.36,19641832
20130805,5.33,5.35,5.24,5.29,13742441
20130806,5.26,5.28,5.1,5.14,25771354
20130807,5.1,5.15,5.06,5.13,31071528
20130808,5.15,5.28,5.1,5.26,17511968
20130809,5.28,5.31,5.19,5.28,20685072
20130812,5.31,5.47,5.3,5.41,24850168
20130813,5.42,5.47,5.35,5.45,23451420
20130814,5.41,5.45,5.36,5.37,31809302
20130815,5.3,5.35,5.22,5.35,21882304
20130816,5.32,5.33,5.17,5.25,26038220
20130819,5.2,5.23,5.12,5.19,18092148
20130820,5.16,5.25,5.12,5.15,18849222
20130821,5.12,5.17,5.05,5.13,26603760
20130822,5.16,5.18,5.06,5.13,20974296
20130823,5.14,5.3,5.12,5.3,16971714
20130826,5.28,5.3,5.15,5.15,18973538
20130827,5.1,5.13,5.01,5.06,15784861
20130828,5.07,5.12,5.01,5.08,15067053
20130829,5.1,5.2,5.08,5.12,13858771
20130830,5.13,5.23,5.12,5.23,20594962
20130902,5.31,5.39,5.26,5.28,16281058
20130903,5.29,5.31,5.17,5.17,21002116
20130904,5.16,5.22,5.13,5.19,16702985
20130905,5.2,5.26,5.17,5.26,12808079
20130906,5.29,5.4,5.26,5.36,20867950
20130909,5.36,5.5,5.36,5.46,20234926
20130910,5.51,5.53,5.42,5.48,16273205
20130911,5.48,5.51,5.42,5.48,22657346
20130912,5.47,5.49,5.4,5.46,16134115
20130913,5.46,5.49,5.41,5.48,11948253
20130916,5.54,5.54,5.44,5.49,13790224
20130917,5.49,5.59,5.48,5.59,13809657
20130918,5.58,5.81,5.53,5.75,25144452
20130919,5.75,5.76,5.63,5.73,18574904
20130920,5.71,5.75,5.57,5.58,14889897
20130923,5.59,5.66,5.57,5.65,16700190
20130924,5.66,5.68,5.6,5.64,17200380
20130925,5.61,5.67,5.58,5.64,9972384
20130926,5.63,5.66,5.59,5.63,11549087
20130927,5.62,5.8,5.61,5.79,21233976
20130930,5.74,5.76,5.62,5.64,19118350
20131001,5.66,5.69,5.54,5.69,14811767
20131002,5.67,5.71,5.64,5.65,9837021
20131003,5.66,5.68,5.59,5.63,14331808
20131004,5.63,5.66,5.59,5.64,11066732
20131007,5.63,5.66,5.58,5.66,8366266
20131008,5.64,5.66,5.56,5.64,11241226
20131009,5.65,5.69,5.61,5.69,12951428
20131010,5.7,5.75,5.64,5.75,16633906
20131011,5.75,5.75,5.65,5.69,11730236
20131014,5.69,5.75,5.63,5.71,13512711
20131015,5.71,5.75,5.68,5.75,19641568
20131016,5.76,5.83,5.72,5.78,23816914
20131017,5.75,5.84,5.75,5.81,15321407
20131018,5.8,5.91,5.8,5.91,18611372
20131021,5.88,5.91,5.78,5.83,15314352
20131022,5.83,5.86,5.76,5.86,16380084
20131023,5.83,5.84,5.75,5.76,13028626
20131024,5.76,5.78,5.69,5.75,11774425
20131025,5.76,5.76,5.69,5.73,7515757
20131028,5.74,5.81,5.7,5.81,13239057
20131029,5.95,6.05,5.93,6.03,31302324
20131030,6.03,6.05,5.98,6.02,15173133
20131031,6.01,6.05,5.93,6.05,18549082
20131101,6.07,6.07,5.92,5.98,14237307
20131104,5.98,6.03,5.96,6,11167622
20131105,5.99,6.03,5.91,5.95,16038550
20131106,5.93,5.95,5.83,5.89,14869798
20131107,5.87,5.95,5.76,5.8,22039364
20131108,5.8,5.81,5.61,5.66,21831594
20131111,5.66,5.69,5.62,5.69,11996835
20131112,5.68,5.8,5.64,5.69,20003066
20131113,5.65,5.85,5.64,5.78,16722284
20131114,5.8,5.93,5.8,5.91,14172488
20131118,5.91,6,5.91,6,12842153
20131119,5.98,5.98,5.77,5.85,19893392
20131121,5.78,5.86,5.75,5.78,18386300
20131122,5.75,5.78,5.58,5.69,17782560
20131125,5.71,5.72,5.5,5.6,17704164
20131126,5.55,5.76,5.55,5.64,21790200
20131127,5.66,5.8,5.66,5.8,17523148
20131128,5.81,5.85,5.69,5.76,10733583
20131129,5.77,5.83,5.73,5.83,14187661
20131202,5.77,5.84,5.67,5.71,17007518
20131203,5.65,5.69,5.56,5.58,16673969
20131204,5.62,5.66,5.52,5.52,16629114
20131205,5.56,5.57,5.45,5.5,23194140
20131206,5.52,5.63,5.48,5.58,15077434
20131209,5.61,5.68,5.58,5.64,11896478
20131210,5.64,5.64,5.6,5.62,13001074
20131211,5.6,5.61,5.46,5.52,26512188
20131212,5.53,5.56,5.47,5.54,26468532
20131213,5.56,5.6,5.52,5.54,15391417
20131216,5.56,5.6,5.51,5.56,30831948
20131217,5.57,5.57,5.52,5.56,14809770
20131218,5.58,5.63,5.53,5.61,22777668
20131219,5.67,5.71,5.58,5.7,15580686
20131220,5.68,5.7,5.62,5.65,20080530
20131223,5.67,5.71,5.64,5.64,12419694
20131226,5.64,5.66,5.61,5.63,10931769
20131227,5.65,5.66,5.6,5.64,8816544
20131230,5.62,5.7,5.61,5.64,9487368
20140102,5.65,5.69,5.56,5.56,13128052
20140103,5.56,5.62,5.53,5.58,13338350
20140106,5.56,5.65,5.56,5.62,14301195
20140107,5.61,5.67,5.59,5.6,17306060
20140108,5.6,5.65,5.57,5.63,17671154
20140109,5.61,5.61,5.43,5.49,21663622
20140110,5.48,5.54,5.42,5.47,17508904
20140113,5.49,5.51,5.42,5.46,13359380
20140114,5.43,5.51,5.42,5.5,12399196
20140115,5.53,5.54,5.46,5.46,11366606
20140116,5.49,5.5,5.4,5.42,15928875
20140117,5.45,5.45,5.34,5.37,14794331
20140120,5.33,5.38,5.3,5.34,12799561
20140121,5.34,5.43,5.32,5.38,13517236
20140122,5.4,5.45,5.33,5.36,17405488
20140123,5.33,5.44,5.23,5.23,16998866
20140124,5.24,5.28,5.14,5.19,18239224
20140127,5.19,5.34,5.19,5.3,16266417
20140128,5.37,5.4,5.29,5.31,16690740
20140129,5.29,5.3,5.2,5.25,17378468
20140130,5.25,5.32,5.19,5.25,14858884
20140131,5.21,5.39,5.18,5.33,21237436
20140203,5.32,5.35,5.17,5.21,20832280
20140204,5.4,5.56,5.39,5.51,41846240
20140205,5.52,5.52,5.37,5.48,16226354
20140206,5.49,5.63,5.47,5.56,18076576
20140207,5.56,5.61,5.47,5.58,20172104
20140210,5.56,5.57,5.48,5.55,13098237
20140211,5.56,5.58,5.45,5.56,19002820
20140212,5.58,5.59,5.46,5.5,14280964
20140213,5.46,5.46,5.35,5.42,22466480
20140214,5.45,5.47,5.35,5.47,15153834
20140217,5.48,5.49,5.42,5.45,10713219
20140218,5.44,5.51,5.39,5.39,18371392
20140219,5.4,5.49,5.33,5.49,21290542
20140220,5.46,5.56,5.39,5.48,21260596
20140221,5.48,5.52,5.43,5.52,20792882
20140224,5.5,5.56,5.47,5.55,16114949
20140225,5.52,5.54,5.46,5.47,17500388
20140226,5.49,5.5,5.37,5.39,30053314
20140227,5.4,5.53,5.4,5.52,20543852
20140228,5.52,5.57,5.42,5.52,23220626
20140305,5.49,5.49,5.35,5.4,22438530
20140306,5.42,5.54,5.36,5.52,30423464
20140307,5.49,5.54,5.37,5.4,17048780
20140310,5.39,5.39,5.26,5.37,18699884
20140311,5.41,5.46,5.3,5.43,18518204
20140312,5.38,5.41,5.32,5.39,18376184
20140313,5.4,5.41,5.3,5.33,15291193
20140314,5.33,5.35,5.17,5.21,20194332
20140317,5.25,5.31,5.23,5.27,14202036
20140318,5.3,5.37,5.24,5.36,17306060
20140319,5.36,5.45,5.32,5.37,17433172
20140320,5.36,5.6,5.34,5.55,32478264
20140321,5.49,5.65,5.46,5.52,22877760
20140324,5.54,5.76,5.53,5.73,22172196
20140325,5.77,5.8,5.67,5.77,17195988
20140326,5.79,5.86,5.76,5.76,17554160
20140327,5.82,5.95,5.81,5.94,27848112
20140328,5.94,5.97,5.85,5.9,19094526
20140331,5.92,6.03,5.9,6.02,26182368
20140401,6.03,6.1,5.95,6.1,25480530
20140402,6.08,6.32,6.06,6.3,32656884
20140403,6.29,6.31,6.17,6.28,20027024
20140404,6.34,6.4,6.15,6.2,20538794
20140407,6.26,6.33,6.23,6.3,15962683
20140408,6.38,6.5,6.14,6.18,24594218
20140409,6.14,6.18,6.01,6.08,18577432
20140410,6.07,6.14,6.04,6.14,12740065
20140411,6.08,6.29,6.02,6.26,14195381
20140414,6.29,6.29,6.12,6.2,9680496
20140415,6.14,6.16,5.97,6.05,15357078
20140416,6.09,6.18,6.02,6.13,14563402
20140417,6.12,6.31,6.07,6.27,11772428
20140422,6.27,6.38,6.21,6.31,12091336
20140423,6.27,6.34,6.24,6.29,9335634
20140424,6.33,6.44,6.27,6.42,9583998
20140425,6.36,6.48,6.34,6.42,16055320
20140428,6.42,6.43,6.33,6.38,13747233
20140429,6.44,6.49,6.29,6.4,21049100
20140430,6.38,6.45,6.32,6.38,14770772
20140502,6.36,6.59,6.35,6.54,18800240
20140505,6.58,6.69,6.53,6.64,16838724
20140506,6.59,6.64,6.5,6.62,25546368
20140507,6.62,6.68,6.53,6.64,16691587
20140508,6.62,6.67,6.51,6.54,15802358
20140509,6.54,6.57,6.48,6.52,12619332
20140512,6.55,6.65,6.53,6.62,10251604
20140513,6.64,6.64,6.55,6.58,7705401
20140514,6.58,6.62,6.54,6.61,11914749
20140515,6.57,6.59,6.48,6.56,7623484
20140516,6.56,6.64,6.54,6.62,10099386
20140519,6.62,6.62,6.52,6.56,10422335
20140520,6.56,6.64,6.4,6.44,17762316
20140521,6.45,6.49,6.28,6.28,15731936
20140522,6.2,6.39,6.2,6.33,13877248
20140523,6.34,6.35,6.21,6.29,7435692
20140526,6.29,6.32,6.2,6.27,5714709
20140527,6.26,6.41,6.21,6.23,12451989
20140528,6.22,6.41,6.22,6.36,10871850
20140529,6.39,6.4,6.25,6.26,9826410
20140530,6.22,6.24,6.1,6.11,20394308
20140602,6.13,6.2,6.07,6.15,12192202
20140603,6.16,6.17,6.11,6.15,15847370
20140604,6.13,6.14,6.07,6.12,12401411
20140605,6.15,6.17,6.02,6.07,11466081
20140606,6.28,6.3,6.18,6.26,19532062
20140609,6.28,6.5,6.25,6.45,16980414
20140610,6.46,6.52,6.4,6.5,11921888
20140611,6.59,6.66,6.55,6.63,15676397
20140613,6.56,6.63,6.53,6.62,14293730
20140616,6.62,6.62,6.5,6.59,15300450
20140617,6.58,6.58,6.45,6.5,8727004
20140618,6.51,6.6,6.4,6.58,17217090
20140620,6.48,6.57,6.48,6.51,12402258
20140623,6.53,6.55,6.38,6.48,9806203
20140624,6.44,6.53,6.41,6.48,9217054
20140625,6.47,6.47,6.28,6.3,14275096
20140626,6.32,6.36,6.22,6.27,10122497
20140627,6.22,6.31,6.17,6.24,7265445
20140630,6.24,6.26,6.13,6.23,15918639
20140701,6.25,6.3,6.18,6.25,6775395
20140702,6.25,6.25,6.12,6.15,10727134
20140703,6.12,6.21,6.1,6.2,7840558
20140704,6.21,6.21,6.15,6.17,2297911
20140707,6.15,6.25,6.14,6.22,8279183
20140708,6.22,6.26,6.15,6.2,7784172
20140710,6.28,6.43,6.24,6.41,21347062
20140711,6.38,6.48,6.35,6.42,10809898
20140714,6.45,6.59,6.45,6.55,12806640
20140715,6.55,6.65,6.53,6.61,12087416
20140716,6.59,6.59,6.43,6.45,15601014
20140717,6.38,6.56,6.37,6.48,13806100
20140718,6.61,6.81,6.61,6.76,26060012
20140721,6.73,6.84,6.67,6.78,16449950
20140722,6.79,6.86,6.74,6.83,10683937
20140723,6.76,6.83,6.72,6.81,9747155
20140724,6.85,6.91,6.78,6.89,11040887
20140725,6.89,6.94,6.83,6.88,9124973
20140728,6.91,6.91,6.79,6.85,12349502
20140729,6.81,6.97,6.79,6.86,10623074
20140730,6.9,6.92,6.84,6.86,17121016
20140731,6.78,6.85,6.69,6.81,23030052
20140801,6.77,6.81,6.63,6.73,16470883
20140804,6.74,6.83,6.63,6.81,12699555
20140805,6.99,7.05,6.87,6.9,17604532
20140806,6.89,6.99,6.81,6.9,10854789
20140807,6.94,6.96,6.78,6.81,12604691
20140808,6.78,6.79,6.67,6.77,11419496
20140811,6.83,6.94,6.79,6.9,18297740
20140812,6.91,6.96,6.83,6.9,12461911
20140813,6.92,6.96,6.68,6.79,24598696
20140814,6.8,6.86,6.75,6.86,13435356
20140815,6.94,7.03,6.94,7.01,17821244
20140818,7.08,7.12,6.99,7.11,16601200
20140819,7.07,7.29,7.06,7.28,21205008
20140820,7.24,7.35,7.23,7.32,14410132
20140821,7.3,7.36,7.25,7.35,11737242
20140822,7.3,7.33,7.21,7.27,11562881
20140825,7.32,7.46,7.31,7.45,18054168
20140826,7.47,7.53,7.42,7.51,15986520
20140827,7.57,7.75,7.54,7.73,22511082
20140828,7.67,7.77,7.65,7.68,16116595
20140829,7.75,7.93,7.72,7.88,24806694
20140901,8,8.09,7.93,7.96,21377432
20140902,7.94,8.14,7.86,8.1,18761292
20140903,8.11,8.19,7.93,8.06,20418872
20140904,7.94,8.05,7.82,7.88,14434090
20140905,7.84,7.94,7.8,7.89,18917260
20140908,7.98,8.03,7.69,7.7,17642164
20140909,7.58,7.71,7.53,7.62,21737288
20140910,7.54,7.58,7.44,7.54,16422483
20140911,7.54,7.62,7.46,7.53,9888604
20140912,7.39,7.47,7.22,7.27,20726574
20140915,7.24,7.45,7.23,7.41,13071388
20140916,7.45,7.89,7.45,7.64,25410604
20140917,7.78,7.84,7.66,7.66,14278242
20140918,7.6,7.73,7.55,7.66,25045548
20140919,7.57,7.63,7.4,7.4,19531578
20140922,7.23,7.33,7.18,7.33,13646985
20140923,7.28,7.41,7.18,7.24,18415716
20140924,7.19,7.32,7.13,7.28,9238955
20140925,7.21,7.26,7.07,7.07,13533003
20140926,7.09,7.4,7.06,7.33,10692044
20140929,6.79,7.03,6.77,6.84,19559528
20140930,6.8,6.84,6.54,6.71,30412624
20141001,6.61,6.63,6.44,6.5,27239278
20141002,6.54,6.79,6.49,6.67,22186440
20141003,6.72,6.85,6.67,6.82,11630762
20141006,7.58,7.73,7.23,7.26,32122716
20141007,7.39,7.45,7.22,7.29,23392084
20141008,7.41,7.41,7.03,7.2,20618036
20141009,7.31,7.38,7.23,7.24,17401494
20141010,7.24,7.25,6.96,6.98,12173447
20141013,7.24,7.58,7.17,7.42,24407878
20141014,7.38,7.63,7.33,7.52,20909526
20141015,7.31,7.35,6.95,7.24,27187852
20141016,6.95,7.18,6.92,6.97,19088960
20141017,7.13,7.25,7.04,7.2,19347536
20141020,7.14,7.16,6.97,6.97,13292334
20141021,6.66,6.69,6.49,6.61,28689948
20141022,6.58,6.74,6.53,6.58,16896198
20141023,6.48,6.55,6.25,6.29,32113764
20141024,6.37,6.74,6.27,6.48,44306448
20141027,5.97,6.42,5.97,6.29,86688392
20141028,6.5,6.66,6.45,6.63,28023480
20141029,6.59,6.69,6.42,6.42,18548816
20141030,6.6,6.92,6.56,6.92,24982024
20141031,6.97,7.16,6.93,7.16,29243764
20141103,7.11,7.12,6.96,7.12,14922567
20141104,7.34,7.37,7.15,7.25,24624468
20141105,7.21,7.33,7.16,7.21,16889300
20141106,7.13,7.15,6.93,6.94,19594256
20141107,6.94,7.11,6.87,7.05,14600586
20141110,7.15,7.23,7.05,7.05,13397846
20141111,7.03,7.15,6.95,7.02,12850926
20141112,7.03,7.24,6.96,7.09,10019526
20141113,7.12,7.18,6.84,6.84,17768366
20141114,6.79,6.91,6.68,6.91,19031000
20141117,6.9,6.95,6.76,6.84,13885234
20141118,6.86,7.05,6.78,7.03,16377834
20141119,7.07,7.31,7.01,7.31,21467094
20141121,7.33,7.76,7.33,7.73,31550144
20141124,7.87,7.96,7.53,7.58,31777988
20141125,7.66,7.78,7.55,7.73,22088792
20141126,7.8,7.81,7.58,7.61,15717416
20141127,7.63,7.75,7.5,7.55,11844448
20141128,7.58,7.66,7.51,7.58,10518409
20141201,7.44,7.51,7.12,7.26,26189724
20141202,7.35,7.35,7.04,7.14,18620328
20141203,7.2,7.3,7.13,7.26,22425656
20141204,7.31,7.33,7.01,7.1,20394428
20141205,7.12,7.27,7.06,7.25,16976784
20141208,7.25,7.3,6.9,6.98,14692546
20141209,6.88,7.09,6.88,7.04,33787800
20141210,7,7.1,6.87,6.91,20450452
20141211,6.99,7.03,6.83,7,15069703
20141212,6.93,7,6.63,6.63,25686000
20141215,6.67,6.73,6.35,6.49,26833564
20141216,6.38,6.61,6.3,6.48,28199896
20141217,6.59,7.01,6.56,6.85,41509292
20141218,6.92,7.05,6.78,6.81,21845582
20141219,6.91,6.98,6.83,6.95,21912980
20141222,6.95,7.03,6.83,6.99,19058226
20141223,6.99,7.05,6.88,7,12224872
20141226,6.94,7.02,6.88,6.89,7411492
20141229,6.91,6.96,6.85,6.91,12596221
20141230,6.94,6.96,6.83,6.83,11673112
20150102,6.8,6.87,6.63,6.67,12824911
20150105,6.56,6.79,6.53,6.69,24370488
20150106,6.7,6.76,6.61,6.74,39067028
20150107,6.87,7.09,6.85,6.99,23060784
20150108,7.05,7.11,6.88,7.07,18455524
20150109,7.01,7.04,6.77,6.82,11591800
20150112,6.76,6.85,6.64,6.7,18399502
20150113,6.7,6.9,6.7,6.72,20728872
20150114,6.64,6.88,6.64,6.76,13937748
20150115,6.8,7.01,6.75,6.75,16927536
20150116,6.79,6.92,6.73,6.87,16414618
20150119,6.84,6.91,6.56,6.56,13641298
20150120,6.67,6.78,6.6,6.69,24353064
20150121,6.73,7.01,6.72,6.96,36039728
20150122,7.02,7.12,6.96,7.03,33321100
20150123,7.03,7.04,6.87,6.98,26143864
20150126,6.91,7.04,6.86,6.97,20416814
20150127,6.91,7.04,6.83,6.97,17730614
20150128,6.9,7.01,6.83,6.83,15479893
20150129,6.85,6.94,6.73,6.78,17302516
20150130,6.69,6.74,6.63,6.64,31082600
20150202,6.7,6.81,6.64,6.71,18868376
20150203,6.96,7,6.85,6.93,28989784
20150204,6.95,7.32,6.92,7.18,45221936
20150205,7.16,7.31,7.11,7.18,37915472
20150206,7.16,7.27,7.06,7.27,27658544
20150209,7.23,7.28,7.2,7.22,22350394
20150210,7.22,7.28,7.12,7.12,27992504
20150211,7.15,7.19,6.88,7.02,28283992
20150212,7.09,7.21,7.06,7.11,14298691
20150213,7.2,7.39,7.18,7.36,22961564
20150218,7.48,7.59,7.4,7.47,18518808
20150219,7.44,7.54,7.39,7.45,15686803
20150220,7.49,7.51,7.36,7.47,12563188
20150223,7.39,7.6,7.38,7.52,16624311
20150224,7.57,7.63,7.45,7.59,20492924
20150225,7.45,7.62,7.45,7.62,16874056
20150226,7.63,7.66,7.54,7.66,13633191
20150227,7.66,7.81,7.5,7.54,26858612
20150302,7.52,7.6,7.43,7.47,12798654
20150303,7.51,7.53,7.43,7.49,13212353
20150304,7.4,7.46,7.34,7.43,17787242
20150305,7.44,7.48,7.31,7.4,17288844
20150306,7.37,7.45,7.16,7.24,18281768
20150309,7.17,7.19,6.97,7.05,18197312
20150310,6.96,7.07,6.85,6.88,29550740
20150311,6.98,7.17,6.9,7.11,27264084
20150312,7.25,7.25,7.08,7.14,16446683
20150313,6.96,7.13,6.96,7.09,16275468
20150316,7.17,7.19,7.05,7.11,15020456
20150317,7.13,7.33,7.11,7.28,21726760
20150318,7.25,7.59,7.22,7.57,22946076
20150319,7.56,7.58,7.43,7.58,13402686
20150320,7.63,7.73,7.55,7.55,24158860
20150323,7.55,7.61,7.47,7.54,15773802
20150324,7.56,7.62,7.44,7.52,13516547
20150325,7.6,7.73,7.49,7.58,19014304
20150326,7.49,7.51,7.33,7.36,22336116
20150327,7.32,7.37,7.17,7.22,30155740
20150330,7.25,7.49,7.22,7.44,20005776
20150331,7.35,7.56,7.32,7.46,15109028
20150401,7.61,7.78,7.55,7.73,24891394
20150402,7.85,7.95,7.81,7.86,22896952
20150406,7.99,8.05,7.87,8,18299920
20150407,8,8.09,7.88,7.99,11572198
20150408,8.08,8.13,7.91,7.97,18288908
20150409,7.88,7.89,7.72,7.82,25516360
20150410,7.79,8,7.71,7.88,20682046
20150413,7.88,7.98,7.82,7.87,15148716
20150414,7.94,7.94,7.76,7.83,8971303
20150415,7.82,7.99,7.81,7.95,15247815
20150416,7.9,7.95,7.8,7.91,17337848
20150417,7.88,7.91,7.81,7.82,18806788
20150420,7.86,7.88,7.71,7.74,7954419
20150422,7.78,7.88,7.75,7.8,20398784
20150423,7.76,7.91,7.73,7.89,21104820
20150424,7.93,8.17,7.88,8.15,35485184
20150427,8.12,8.23,8,8.09,20480944
20150428,8.15,8.17,7.99,8.08,23888788
20150429,8,8,7.89,8,14501003
20150430,7.99,8.06,7.85,7.94,19251342
20150504,8.06,8.12,7.99,8.01,12207206
20150505,7.91,8.07,7.83,7.91,18475600
20150506,7.94,8.01,7.71,7.83,18047260
20150507,7.82,7.88,7.71,7.88,9439980
20150508,7.94,8.01,7.82,7.99,14220580
20150511,7.98,8.05,7.92,8.01,10645800
20150512,7.96,8.02,7.91,7.94,9183020
20150513,7.94,7.97,7.78,7.79,13161500
20150514,7.82,7.91,7.76,7.86,10030240
20150515,7.86,7.97,7.79,7.94,10072590
20150518,7.99,7.99,7.73,7.84,15451040
20150519,7.8,7.83,7.65,7.72,9823880
20150520,7.65,7.73,7.6,7.64,19151000
20150521,7.58,7.63,7.49,7.63,23888260
20150522,7.51,7.59,7.4,7.4,32313160
20150525,7.41,7.56,7.38,7.49,20617300
20150526,7.44,7.49,7.32,7.36,18394530
20150527,7.4,7.57,7.32,7.54,32479040
20150528,7.47,7.53,7.41,7.5,18996340
20150529,7.51,7.51,7.26,7.26,27656420
20150601,7.29,7.36,7.21,7.26,15001140
20150602,7.29,7.51,7.29,7.48,19690990
20150603,7.48,7.48,7.31,7.32,19156170
20150605,7.29,7.33,7.09,7.09,17034490
20150608,7.13,7.19,7.09,7.11,18210060
20150609,7.13,7.26,7.09,7.13,39987088
20150610,7.23,7.32,7.15,7.18,29600450
20150611,7.24,7.24,7.05,7.07,35525488
20150612,7,7.1,6.99,7.05,14521870
20150615,7.01,7.14,6.95,7.13,16869710
20150616,7.15,7.39,7.09,7.37,25381290
20150617,7.33,7.39,7.22,7.25,18621790
20150618,7.29,7.56,7.22,7.47,22035860
20150619,7.38,7.47,7.29,7.35,18266490
20150622,7.4,7.46,7.34,7.39,15915570
20150623,7.42,7.49,7.37,7.39,20256940
20150624,7.43,7.45,7.33,7.38,17207960
20150625,7.38,7.4,7.19,7.25,14769260
20150626,7.28,7.43,7.25,7.41,12851520
20150629,7.3,7.35,7.2,7.32,9447790
20150630,7.33,7.41,7.29,7.34,15895110
20150701,7.4,7.42,7.25,7.33,11250800
20150702,7.4,7.47,7.33,7.45,9795280
20150703,7.38,7.41,7.29,7.33,8000740
20150706,7.25,7.34,7.17,7.26,13556950
20150707,7.22,7.25,7.12,7.22,16893800
20150708,7.2,7.26,7.15,7.22,14581710
20150710,7.37,7.44,7.27,7.4,17174410
20150713,7.46,7.53,7.38,7.41,9775260
20150714,7.38,7.47,7.33,7.41,9696500
20150715,7.41,7.43,7.32,7.36,9398840
20150716,7.42,7.46,7.31,7.36,8625320
20150717,7.37,7.42,7.24,7.25,10348690
20150720,7.26,7.32,7.19,7.27,12037080
20150721,7.29,7.33,7.21,7.26,17457110
20150722,7.19,7.24,7.11,7.15,21378830
20150723,7.11,7.17,6.72,6.78,40172552
20150724,6.83,6.83,6.51,6.59,40321600
20150727,6.55,6.65,6.53,6.59,36611740
20150728,6.68,6.76,6.46,6.66,42692872
20150729,6.61,6.8,6.58,6.8,37758160
20150730,6.82,6.86,6.62,6.71,14810400
20150731,6.73,6.92,6.7,6.92,23015410
20150803,6.87,6.96,6.77,6.95,18159240
20150804,6.9,6.96,6.67,6.76,30532260
20150805,6.85,6.86,6.7,6.73,15924920
20150806,6.65,6.76,6.57,6.59,43849740
20150807,6.59,6.62,6.37,6.39,30339650
20150810,6.47,6.53,6.39,6.47,26485140
20150811,6.47,6.51,6.31,6.39,28976310
20150812,6.33,6.43,6.28,6.36,52248460
20150813,6.41,6.45,6.23,6.31,34738992
20150814,6.31,6.35,6.21,6.29,14436400
20150817,6.24,6.4,6.24,6.25,10890330
20150818,6.25,6.38,6.12,6.2,36426720
20150819,6.17,6.21,5.97,6.11,24006180
20150820,6.03,6.15,5.97,6.09,19539630
20150821,6.01,6.16,5.98,6.04,24781680
20150824,5.77,6.04,5.66,5.91,30529180
20150825,6.15,6.16,5.91,5.92,28474160
20150826,5.99,6.27,5.94,6.27,37377888
20150827,6.36,6.59,6.31,6.46,40997440
20150828,6.35,6.49,6.21,6.26,24280850
20150831,6.15,6.2,5.99,6.06,34540552
20150901,5.89,6.08,5.89,6.01,27505830
20150902,6.06,6.1,5.98,6.05,16909310
20150903,6.11,6.29,6,6.24,24206270
20150904,6.14,6.19,6.09,6.09,19824420
20150908,6.25,6.25,6.12,6.12,12148400
20150909,6.21,6.36,6.17,6.19,23319890
20150910,5.96,6.11,5.94,6,35501400
20150911,6,6.19,5.98,6.17,45414272
20150914,6.22,6.49,6.17,6.47,36354448
20150915,6.42,6.54,6.32,6.43,53962592
20150916,6.49,6.6,6.44,6.56,43635352
20150917,6.52,6.77,6.49,6.58,32134190
20150918,6.51,6.59,6.24,6.29,23711380
20150921,6.27,6.34,6.08,6.14,20898460
20150922,6.08,6.35,6,6.21,23559250
20150923,6.16,6.28,6,6,28032070
20150924,5.95,6.04,5.77,5.96,38993128
20150925,6.08,6.12,5.82,5.84,33346610
20150928,5.81,5.9,5.74,5.85,24538470
20150929,5.86,5.94,5.82,5.85,18453930
20150930,6,6.04,5.85,5.95,27670060
20151001,5.97,6.08,5.94,6.02,17846620
20151002,6.01,6.24,5.94,6.19,25262050
20151005,6.28,6.41,6.24,6.33,27307170
20151006,6.29,6.42,6.28,6.42,21747550
20151007,6.53,6.7,6.46,6.63,41481112
20151008,6.6,6.67,6.52,6.64,26570170
20151009,6.73,6.75,6.59,6.69,27421900
20151013,6.57,6.57,6.31,6.44,31666690
20151014,6.41,6.47,6.29,6.29,44023872
20151015,6.31,6.37,6.19,6.26,24087580
20151016,6.26,6.26,6.11,6.15,31329210
20151019,6.15,6.31,6.14,6.27,19455480
20151020,6.28,6.37,6.11,6.19,24666400
20151021,6.19,6.23,6.13,6.18,18120190
20151022,6.21,6.28,6.15,6.27,17742230
20151023,6.39,6.45,6.19,6.23,22102080
20151026,6.25,6.29,6.09,6.14,15401650
20151027,6.13,6.14,6.07,6.09,16290010
20151028,6.1,6.19,6.02,6.04,49195300
20151029,6,6.12,5.94,5.95,20837410
20151030,5.98,6.04,5.94,6,19270570
20151103,6.09,6.31,6.05,6.26,31581000
20151104,6.37,6.41,6.24,6.3,23814340
20151105,6.29,6.4,6.26,6.4,13932380
20151106,6.37,6.38,6.18,6.25,12378630
20151109,6.24,6.24,6.04,6.13,13759460
20151110,6.09,6.13,6.01,6.13,16234790
20151111,6.2,6.34,6.18,6.26,24036100
20151112,6.28,6.35,6.2,6.29,14779600
20151113,6.22,6.3,6.13,6.17,18316430
20151116,6.2,6.27,6.17,6.21,20913530
20151117,6.29,6.42,6.28,6.3,27451930
20151118,6.32,6.45,6.29,6.36,22344300
20151119,6.45,6.5,6.34,6.46,42049152
20151123,6.53,6.58,6.41,6.44,22427130
20151124,6.4,6.47,6.26,6.47,31589470
20151125,6.38,6.39,6.11,6.16,37947140
20151126,6.18,6.34,6.16,6.28,17901730
20151127,6.24,6.28,6.09,6.13,28574370
20151130,6.09,6.23,6.04,6.04,40948600
20151201,6.11,6.21,6.06,6.21,29273200
20151202,6.18,6.24,6.06,6.1,34430112
20151203,6.31,6.62,6.29,6.35,41626200
20151204,6.32,6.35,6.19,6.28,21427340
20151207,6.32,6.37,6.21,6.22,21468810
20151208,6.22,6.25,6.1,6.17,21274880
20151209,6.27,6.5,6.23,6.48,36113220
20151210,6.49,6.54,6.38,6.45,18748400
20151211,6.36,6.49,6.36,6.41,17961790
20151214,6.38,6.38,6.2,6.21,14548930
20151215,6.26,6.38,6.23,6.25,13668930
20151216,6.22,6.29,6.09,6.21,28651480
20151217,6.38,6.42,6.3,6.36,20041010
20151218,6.21,6.26,6.05,6.05,30317870
20151221,6.09,6.09,5.93,5.94,27296940
20151222,6,6.03,5.93,5.97,14560920
20151223,6.03,6.05,5.93,5.93,11772090
20151228,5.93,6,5.89,5.91,11638880
20151229,5.97,5.98,5.88,5.91,10959740
20151230,5.91,5.93,5.77,5.82,17477130
20160104,5.76,5.78,5.59,5.59,24995630
20160105,5.66,5.71,5.6,5.68,13683010
20160106,5.6,5.84,5.57,5.73,29709900
20160107,5.62,5.71,5.58,5.65,20378930
20160108,5.71,5.75,5.61,5.65,12844810
20160111,5.67,5.69,5.54,5.58,20549210
20160112,5.65,5.71,5.51,5.51,21271030
20160113,5.6,5.63,5.48,5.53,15899180
20160114,5.55,5.6,5.42,5.55,27632990
20160115,5.49,5.5,5.4,5.46,22805200
20160118,5.46,5.5,5.4,5.43,19239000
20160119,5.53,5.55,5.38,5.38,12315380
20160120,5.32,5.38,5.29,5.32,23134320
20160121,5.32,5.38,5.3,5.33,15192210
20160122,5.39,5.45,5.37,5.42,17233810
20160126,5.37,5.5,5.29,5.5,24765070
20160127,5.45,5.62,5.42,5.51,25129280
20160128,5.54,5.63,5.49,5.63,28257900
20160129,5.65,5.84,5.65,5.82,31281470
20160201,5.82,5.86,5.72,5.86,19868530
20160202,5.54,5.62,5.38,5.38,34103740
20160203,5.47,5.66,5.44,5.65,20058060
20160204,5.71,5.88,5.57,5.75,37338400
20160205,5.73,5.83,5.71,5.74,20029350
20160210,5.65,5.77,5.64,5.75,7262310
20160211,5.69,5.69,5.54,5.62,15732420
20160212,5.67,5.69,5.57,5.63,12575860
20160215,5.74,5.74,5.64,5.64,7985890
20160216,5.65,5.82,5.63,5.72,27626500
20160217,5.75,5.92,5.71,5.75,38451160
20160218,5.71,5.71,5.6,5.65,14208810
20160219,5.63,5.69,5.56,5.64,26791270
20160222,5.83,5.92,5.75,5.83,29065190
20160223,5.79,5.9,5.76,5.83,14685440
20160224,5.74,5.79,5.67,5.78,11556820
20160225,5.76,5.85,5.71,5.83,21363100
20160226,5.89,5.9,5.76,5.77,15733520
20160229,5.86,5.95,5.81,5.92,26409900
20160301,6,6.2,5.97,6.18,26969140
20160302,6.18,6.29,6.13,6.27,27641790
20160303,6.31,6.8,6.28,6.79,66084260
20160304,7.18,7.37,6.88,7.06,75047608
20160307,7.11,7.13,6.8,6.97,25675430
20160308,6.95,7.28,6.87,7.21,39082672
20160309,7.27,7.34,7.04,7.04,47231032
20160310,7.18,7.44,7,7.3,47441792
20160311,7.33,7.48,7.25,7.43,41105792
20160314,7.48,7.61,7.37,7.38,42330420
20160315,7.05,7.27,6.88,6.95,37795448
20160316,6.91,6.91,6.64,6.78,40519712
20160317,7.28,7.57,7.13,7.48,60697672
20160318,7.48,7.57,7.31,7.47,29997990
20160321,7.5,7.59,7.41,7.56,21403030
20160322,7.57,7.57,7.29,7.29,22348150
20160323,7.21,7.25,7.02,7.07,19680320
20160324,6.94,7.08,6.93,7.07,17865870
20160328,7.28,7.35,7.2,7.35,18020530
20160329,7.36,7.53,7.21,7.43,30383650
20160330,7.5,7.57,7.28,7.37,27829230
20160331,7.31,7.31,7.02,7.11,26782030
20160401,7.02,7.18,6.95,7.11,37450380
20160404,7.03,7.06,6.81,6.87,30782950
20160405,6.85,7.03,6.74,6.84,22948860
20160406,6.79,6.87,6.6,6.66,44149160
20160407,6.76,6.86,6.69,6.75,22303050
20160408,6.91,7.2,6.89,7.15,26184400
20160411,7.22,7.3,7.15,7.17,17319280
20160412,7.21,7.52,7.21,7.5,30507840
20160413,7.6,7.72,7.53,7.54,35688952
20160414,7.6,7.64,7.35,7.38,31864140
20160415,7.43,7.54,7.43,7.5,21376520
20160418,7.44,7.54,7.22,7.44,17616500
20160419,7.48,7.59,7.41,7.43,16016550
20160420,7.39,7.39,7.21,7.28,23068430
20160422,7.19,7.25,7.07,7.21,15891590
20160425,7.21,7.26,7.1,7.14,13333760
20160426,7.18,7.4,7.13,7.4,8944980
20160427,7.4,7.63,7.39,7.58,22325710
20160428,7.57,7.75,7.47,7.56,26445760
20160429,7.59,7.65,7.41,7.54,23213740
20160502,7.58,7.58,7.33,7.37,28666900
20160503,7.17,7.17,6.96,6.97,30514500
20160504,7,7.1,6.95,7.08,25110200
20160505,7.15,7.18,6.92,7.01,9769700
20160506,6.95,7.1,6.94,7.04,13317800
20160509,6.99,7.21,6.77,7.13,25019600
20160510,7.26,7.51,7.21,7.47,15866400
20160511,7.62,7.68,7.32,7.42,18313300
20160512,7.52,7.61,7.33,7.5,25886300
20160513,7.5,7.5,7.16,7.33,27669400
20160516,7.27,7.38,7.26,7.29,14647400
20160517,7.3,7.36,7.02,7.06,20786800
20160518,7,7.28,6.96,7.06,27466300
20160519,6.98,7.14,6.92,7.1,18788800
20160520,7.18,7.22,6.96,7.02,11999100
20160523,6.96,7.1,6.84,7.04,20775400
20160524,7.1,7.21,6.92,6.97,12952600
20160525,7.06,7.1,6.95,6.96,21386200
20160527,6.97,7.06,6.93,6.96,20183700
20160530,6.95,7.02,6.91,6.95,3691600
20160531,6.95,7,6.79,6.83,35718300
20160601,6.84,6.98,6.74,6.98,31257400
20160602,7,7.06,6.89,7,19256000
20160603,7.07,7.14,6.99,7.05,13242100
20160606,7.05,7.1,6.89,6.95,17280400
20160607,6.92,7.1,6.89,7.08,20461600
20160608,7.11,7.26,7.11,7.2,23091100
20160609,7.16,7.29,7.11,7.25,18624100
20160610,7.18,7.18,6.87,6.87,24246900
20160613,6.86,6.94,6.8,6.94,13246600
20160614,6.93,6.98,6.72,6.8,29180800
20160615,6.82,6.95,6.69,6.79,25977400
20160616,6.71,7.01,6.67,6.94,27861100
20160617,7.02,7.05,6.85,6.85,22306600
20160620,7.01,7.04,6.94,6.96,18900200
20160621,6.89,6.93,6.77,6.9,16434700
20160622,6.93,7,6.8,6.84,10478800
20160623,6.93,7.12,6.89,7.09,12854300
20160624,6.87,6.98,6.82,6.92,14899900
20160627,6.94,6.95,6.7,6.7,20143800
20160628,6.83,6.9,6.79,6.9,27975500
20160629,6.96,7.09,6.94,7.06,16768500
20160630,7.05,7.31,7.03,7.28,32156600
20160701,7.32,7.38,7.18,7.35,19758200
20160704,7.38,7.4,7.25,7.34,6692400
20160705,7.24,7.3,7.18,7.25,10140700
20160706,7.19,7.26,7.08,7.21,10919200
20160707,7.25,7.32,7.18,7.27,22672700
20160708,7.34,7.49,7.33,7.48,23246700
20160711,7.52,7.56,7.45,7.49,12086700
20160712,7.54,7.58,7.37,7.38,15388900
20160713,7.37,7.58,7.37,7.55,12701900
20160714,7.6,7.89,7.6,7.89,37541300
20160715,7.89,7.89,7.73,7.85,22269000
20160718,7.89,8.05,7.83,8.02,17837500
20160719,8.01,8.08,7.94,8.07,25053400
20160720,8.11,8.17,7.95,8.04,24360300
20160721,8.06,8.09,7.85,7.96,17137900
20160722,7.91,8.01,7.9,7.98,16641600
20160725,8,8.06,7.86,7.94,19498300
20160726,7.97,8.04,7.85,7.87,13587100
20160727,7.89,8,7.89,7.99,16255900
20160728,7.95,7.97,7.82,7.89,26667800
20160729,7.84,8.07,7.83,8.02,14907500
20160801,8.05,8.13,7.86,7.92,17940200
20160802,7.89,8.12,7.88,7.97,19862200
20160803,7.92,8.29,7.92,8.29,30092400
20160804,8.31,8.45,8.28,8.31,18679400
20160805,8.36,8.37,8.22,8.28,19629400
20160808,8.25,8.33,8.16,8.22,11630000
20160809,8.27,8.37,8.21,8.21,15996800
20160810,8.27,8.31,8.02,8.11,28281100
20160811,8.15,8.34,8.12,8.34,18158100
20160812,8.33,8.41,8.26,8.35,15136100
20160815,8.41,8.56,8.38,8.48,10840900
20160816,8.44,8.5,8.34,8.39,37421200
20160817,8.39,8.54,8.28,8.53,24064800
20160818,8.49,8.58,8.41,8.57,14634100
20160819,8.55,8.56,8.43,8.49,7524400
20160822,8.48,8.48,8.23,8.26,12633700
20160823,8.34,8.36,8.18,8.27,20206000
20160824,8.22,8.31,8.15,8.24,16034600
20160825,8.26,8.32,8.19,8.22,7276200
20160826,8.27,8.41,8.18,8.3,15733900
20160829,8.27,8.48,8.27,8.42,15049100
20160830,8.43,8.47,8.34,8.44,10679500
20160831,8.46,8.53,8.23,8.31,19235400
20160901,8.3,8.47,8.26,8.39,27364700
20160902,8.43,8.51,8.43,8.5,17294300
20160905,8.53,8.56,8.43,8.47,8420000
20160906,8.52,8.54,8.39,8.54,15572500
20160908,8.47,8.5,8.42,8.43,20938500
20160909,8.35,8.37,8,8.04,27875600
20160912,7.99,8.17,7.95,8.11,16597700
20160913,8.06,8.12,7.86,8.07,29296200
20160914,8.09,8.12,7.95,7.98,25197800
20160915,7.98,8.25,7.98,8.16,39505800
20160916,8.16,8.16,7.96,8.07,25999800
20160919,8.14,8.22,8.07,8.09,10595900
20160920,8.14,8.2,8.12,8.14,12384300
20160921,8.22,8.23,8.02,8.18,16724200
20160922,8.24,8.36,8.19,8.31,17660400
20160923,8.3,8.31,8.16,8.24,12952900
20160926,8.15,8.2,8.11,8.14,11908800
20160927,8.16,8.27,8.05,8.26,23882500
20160928,8.25,8.37,8.2,8.35,17844700
20160929,8.36,8.39,8.11,8.11,27836800
20160930,8.15,8.18,8.06,8.08,21816200
20161003,8.09,8.26,8.07,8.22,13384300
20161004,8.14,8.2,7.96,8.11,88740304
20161005,8.1,8.29,8.08,8.21,39534500
20161006,8.23,8.37,8.2,8.35,34401600
20161007,8.38,8.47,8.35,8.45,31405800
20161010,8.52,8.58,8.51,8.57,25800200
20161011,8.57,8.57,8.45,8.48,19247900
20161013,8.45,8.53,8.4,8.48,30667500
20161014,8.54,8.68,8.51,8.62,25422000
20161017,8.65,8.74,8.61,8.7,24131100
20161018,8.75,8.83,8.66,8.81,29224900
20161019,8.82,8.87,8.74,8.76,21124200
20161020,8.72,8.93,8.66,8.79,19950800
20161021,8.73,8.82,8.69,8.73,13694400
20161024,8.76,8.82,8.67,8.68,16438200
20161025,8.67,8.71,8.47,8.56,14270700
20161026,8.53,8.67,8.5,8.58,11344400
20161027,8.6,8.82,8.6,8.76,23844900
20161028,8.76,8.83,8.66,8.78,18955400
20161031,8.82,9.14,8.81,9.14,34129100
20161101,9.17,9.19,8.9,8.94,25831200
20161103,8.89,9.04,8.75,8.76,20552300
20161104,8.76,9.08,8.73,8.94,26489200
20161107,9.11,9.23,9.08,9.15,18862600
20161108,9.15,9.33,9.11,9.2,22845400
20161109,8.76,9.19,8.76,9.01,19720000
20161110,9.01,9.05,8.42,8.54,39560500
20161111,8.35,8.63,8.24,8.31,43771200
20161114,8.28,8.51,8.17,8.3,26369500
20161116,8.43,8.59,8.37,8.57,23935500
20161117,8.62,8.67,8.33,8.37,28994000
20161118,8.35,8.65,8.35,8.5,16483600
20161121,8.59,8.7,8.54,8.59,20328600
20161122,8.7,8.77,8.48,8.59,25132100
20161123,8.56,8.62,8.44,8.44,21054200
20161124,8.47,8.5,8.36,8.37,8019300
20161125,8.32,8.35,8.22,8.33,11580800
20161128,8.34,8.46,8.25,8.41,14288000
20161129,8.38,8.43,8.24,8.24,14839100
20161130,8.34,8.47,8.31,8.34,26194400
20161201,8.21,8.22,7.87,7.93,30868900
20161202,7.89,8.1,7.82,7.96,21516800
20161205,7.99,8.03,7.88,7.92,13092200
20161206,7.88,8.12,7.84,8.09,14471000
20161207,8.15,8.19,8.06,8.11,17842100
20161208,8.18,8.21,8.04,8.1,13952500
20161209,8.14,8.25,8.08,8.15,17204900
20161212,8.05,8.09,7.81,7.83,17035700
20161213,7.81,7.99,7.81,7.87,20817900
20161214,7.87,7.99,7.82,7.82,19400100
20161215,7.82,7.96,7.74,7.82,18626100
20161216,7.91,7.93,7.76,7.78,13925200
20161219,7.81,7.85,7.63,7.64,19205400
20161220,7.75,7.81,7.64,7.72,16129500
20161221,7.76,7.78,7.66,7.72,12132200
20161222,7.75,7.85,7.67,7.78,16533700
20161223,7.88,8,7.86,7.9,18617700
20161226,7.94,8.04,7.93,8,5268700
20161227,8.03,8.04,7.94,7.97,5099700
20161228,7.93,8.15,7.93,8.08,10462600
20161229,8.1,8.29,8.07,8.28,14193100
20170102,8.2,8.25,8.16,8.21,4137500
20170103,8.25,8.57,8.25,8.57,17053000
20170104,8.51,8.63,8.49,8.62,8688900
