<DTYYYYMMDD>,<OPEN>,<HIGH>,<LOW>,<CLOSE>,<VOL>
20100601,18.28,18.67,17.98,18.24,8502760
20100602,18.27,18.87,18.24,18.76,6666632
20100604,18.57,18.57,18.19,18.38,6259905
20100607,18.41,18.49,17.79,17.82,6243361
20100608,17.97,18.29,17.71,18.14,5179546
20100609,18.29,18.38,17.93,17.98,4737388
20100610,18.11,18.6,18.01,18.46,4774869
20100611,18.26,18.81,18.17,18.73,4876770
20100614,18.89,18.96,18.43,18.43,4563453
20100615,18.54,18.94,18.49,18.88,4255406
20100616,18.68,19.03,18.6,18.94,8926764
20100617,18.92,19.03,18.61,18.86,6228867
20100618,18.9,18.99,18.73,18.94,6788153
20100621,19.04,19.19,18.85,19.02,4919961
20100622,18.95,19.2,18.78,18.94,5813648
20100623,19.01,19.03,18.59,19.03,7034122
20100624,18.9,19,18.32,18.43,8604222
20100625,18.47,18.57,18.14,18.57,6495626
20100628,18.46,18.77,18.39,18.52,4059656
20100629,18.24,18.24,17.6,17.76,9850904
20100630,17.76,18.02,17.4,17.44,12958602
20100701,17.77,18.25,17.45,18.25,17789840
20100702,18.25,18.46,17.99,18.42,5771042
20100705,18.34,18.36,17.97,17.97,3218384
20100706,18.24,18.4,18.15,18.4,8332925
20100707,18.46,19.48,18.4,19.48,14053163
20100708,19.46,20.07,19.41,19.92,19374142
20100712,20.03,20.37,19.74,19.99,8886647
20100713,20.05,20.15,19.94,20.05,8588117
20100714,19.91,20.08,19.74,19.9,6472054
20100715,19.83,19.96,19.52,19.86,6525493
20100716,19.84,19.93,19.27,19.36,7411127
20100719,19.54,19.81,19.37,19.81,5214392
20100720,19.68,20.1,19.57,19.97,9209042
20100721,20.1,20.14,19.73,19.91,7211717
20100722,20.12,20.48,20.04,20.45,9926012
20100723,20.5,20.67,20.32,20.67,5906179
20100726,20.69,20.83,20.54,20.72,4577801
20100727,20.83,20.92,20.61,20.67,6644525
20100728,20.67,21.25,20.57,21.15,12815852
20100729,21.25,21.26,20.87,21.17,7272623
20100730,20.96,21.28,20.78,21.25,9968324
20100802,21.26,21.42,21.15,21.32,8498954
20100803,20.94,21.08,20.61,20.67,12716001
20100804,20.8,20.86,20.17,20.32,11967114
20100805,20.35,20.54,20.25,20.36,8575380
20100806,20.25,20.65,20.24,20.59,6710702
20100809,20.73,20.83,20.57,20.67,4563014
20100810,20.54,20.67,20.37,20.58,5195505
20100811,20.43,20.46,20,20.25,6548626
20100812,20.12,20.38,20.02,20.35,4521140
20100813,20.28,20.55,20.28,20.38,4026860
20100816,20.24,20.54,20.24,20.48,5173982
20100817,20.54,20.69,20.43,20.61,5368561
20100818,20.54,20.62,20.41,20.56,7543482
20100819,20.46,20.74,20.27,20.32,5617458
20100820,20.27,20.33,20.1,20.28,4337542
20100823,20.2,20.44,20.14,20.14,3768886
20100824,20.02,20.07,19.69,19.79,6237798
20100825,19.75,19.82,19.41,19.78,8054746
20100826,19.81,19.88,19.27,19.29,8830719
20100827,19.49,20.1,19.28,20.1,11882928
20100830,19.94,20.05,19.71,19.86,6941151
20100831,19.97,20.44,19.89,20.44,20897244
20100901,20.54,20.85,20.48,20.71,14058873
20100902,20.68,20.68,20.44,20.49,6329157
20100903,20.65,20.72,20.37,20.46,5405457
20100906,20.46,20.52,20.12,20.27,1196608
20100908,20.35,20.35,20.14,20.25,6757699
20100909,20.3,20.42,20.05,20.15,4198013
20100910,20.12,20.2,19.98,20.11,3902558
20100913,20.29,20.81,20.29,20.81,9326170
20100914,20.76,21.19,20.71,21.11,8821056
20100915,21,21.24,20.87,21.24,6655945
20100916,21.1,21.15,20.93,21.03,3646487
20100917,20.97,21.18,20.66,20.92,5436496
20100920,20.96,21.08,20.83,21.08,6105004
20100921,21.01,21.11,20.64,20.75,6562389
20100922,20.75,21.09,20.61,20.9,8419599
20100923,20.71,21.41,20.71,21.06,14254916
20100924,21.19,21.19,20.62,20.9,12114549
20100927,20.87,21.03,20.65,20.92,4885408
20100928,20.92,21.26,20.84,21.11,6967505
20100929,20.99,21.5,20.99,21.5,11771949
20100930,21.5,21.88,21.46,21.88,13867662
20101001,21.93,22.12,21.76,22.06,9747392
20101004,22,22.09,21.84,22.09,5581734
20101005,22.17,22.7,22.11,22.64,11256879
20101006,22.68,22.68,22.31,22.44,9914006
20101007,22.58,22.58,22.19,22.49,6548626
20101008,22.42,22.98,22.42,22.98,8852973
20101011,22.96,22.98,22.74,22.81,3380606
20101013,22.93,23.18,22.69,23.07,11094656
20101014,22.98,23.04,22.52,22.9,10021325
20101015,22.98,23.13,22.76,23.13,7740550
20101018,22.91,23.35,22.76,23.25,6890201
20101019,22.85,23.18,22.58,22.79,7514493
20101020,22.83,23.19,22.65,23.01,5334594
20101021,23.04,23.25,22.57,22.72,6783907
20101022,22.88,23,22.66,22.92,6700307
20101025,23.08,23.2,22.88,22.98,7473498
20101026,22.83,23.02,22.78,22.93,8682845
20101027,22.97,22.99,22.22,22.46,13388169
20101028,22.71,22.71,22.25,22.25,7829128
20101029,22.38,22.44,22.15,22.44,6802355
20101101,22.49,22.87,22.4,22.87,9550470
20101103,22.8,23.1,22.64,22.8,13743213
20101104,22.99,23.41,22.89,23.41,12672663
20101105,23.3,23.53,23.18,23.53,5296674
20101108,23.37,23.62,23.27,23.55,3878986
20101109,23.65,23.65,22.91,22.91,10776508
20101110,22.88,23.18,22.59,23.18,8422235
20101111,22.96,22.96,22.62,22.72,6067816
20101112,22.58,22.72,22.31,22.72,7467349
20101116,22.56,22.79,22.01,22.26,8811100
20101117,22.29,22.37,22.14,22.23,4614843
20101118,22.53,22.69,22.41,22.46,6149659
20101119,22.35,22.75,22.22,22.68,7139537
20101122,22.6,22.65,22.05,22.33,4856566
20101123,22.01,22.16,21.54,21.74,10929799
20101124,21.85,22.35,21.8,21.93,13301348
20101125,22.01,22.02,21.71,21.89,3229365
20101126,21.7,21.8,21.52,21.69,6774537
20101129,21.61,21.65,21.15,21.42,10936241
20101130,21.34,21.59,21.18,21.23,13453614
20101201,21.64,21.9,21.46,21.65,10437568
20101202,21.8,21.96,21.73,21.73,7354320
20101203,21.55,21.68,21.24,21.39,9386930
20101206,21.4,21.43,21.07,21.2,6529300
20101207,21.38,21.57,21.21,21.27,6019647
20101208,21.27,21.27,20.81,21.07,8292662
20101209,21.08,21.13,20.63,20.77,11356438
20101210,20.88,20.97,20.56,20.77,7930590
20101213,20.94,20.98,20.62,20.83,8702171
20101214,20.88,20.92,20.5,20.92,8841992
20101215,20.75,20.89,20.58,20.81,9593808
20101216,20.83,20.95,20.46,20.64,10042554
20101217,20.62,20.84,20.4,20.83,7064575
20101220,20.89,20.91,20.38,20.38,8712712
20101221,20.45,20.93,20.43,20.85,7393851
20101222,20.88,21.34,20.68,21.34,10616628
20101223,21.2,21.46,21.17,21.28,6123305
20101227,21.21,21.23,20.91,20.91,3621451
20101228,21.04,21.05,20.77,20.9,3956583
20101229,20.94,21.38,20.92,21.37,5322149
20101230,21.43,21.53,21.16,21.53,6950961
20110103,21.55,21.81,21.47,21.59,6676442
20110104,21.61,21.89,21.55,21.77,8456788
20110105,21.66,22.12,21.52,22.1,8095887
20110106,21.99,22.04,21.55,21.57,11377813
20110107,21.53,21.69,20.93,21.04,10173152
20110110,20.93,21.21,20.67,21.21,6996348
20110111,21.37,21.53,21.28,21.34,8115945
20110112,21.55,21.9,21.46,21.9,8198520
20110113,21.99,22,21.43,21.43,5806181
20110114,21.44,21.65,21.33,21.56,7414788
20110117,21.47,21.47,21.22,21.25,4573994
20110118,21.39,21.39,20.9,20.98,13455079
20110119,21.02,21.09,20.68,20.75,10440350
20110120,20.68,20.71,20.13,20.24,17561440
20110121,20.3,20.52,20.14,20.25,8850630
20110124,20.28,20.41,20.22,20.4,4678385
20110126,20.38,20.51,20.11,20.11,6716997
20110127,20.24,20.31,19.55,20.19,10904031
20110128,20.08,20.16,19.33,19.75,14155358
20110131,19.8,19.9,19.32,19.37,10874456
20110201,19.52,19.71,19.47,19.65,10067005
20110202,19.69,19.9,19.4,19.47,11229500
20110203,19.48,19.48,19.16,19.27,6969555
20110204,19.22,19.22,18.6,18.73,14770426
20110207,18.86,18.99,18.61,18.92,8620913
20110208,18.82,19.72,18.8,19.49,10655134
20110209,19.39,19.6,18.95,19.03,9305233
20110210,19,19.23,18.89,18.92,11711921
20110211,19.04,19.7,18.86,19.66,10680609
20110214,19.57,19.96,19.52,19.81,7262814
20110215,19.73,20.2,19.57,20.15,12044711
20110216,20.19,20.62,20.19,20.61,13879082
20110217,20.62,20.9,20.41,20.8,13912756
20110218,20.69,20.88,20.61,20.71,7138219
20110221,20.68,20.68,20.33,20.39,5063882
20110222,20.31,20.47,19.68,19.94,14816984
20110223,20.03,20.14,19.67,20.04,12768708
20110224,20.13,20.47,19.63,19.85,17074040
20110225,19.97,20.14,19.42,19.77,13831206
20110228,19.87,20.18,19.77,20.14,14456816
20110301,20.16,20.26,19.67,19.71,7423865
20110302,19.63,19.9,19.63,19.78,10019275
20110303,19.87,20.33,19.8,20.27,7372329
20110304,20.15,20.45,20,20.33,6195631
20110309,20.11,20.36,19.87,19.92,4284688
20110310,19.53,19.53,19.16,19.16,16121497
20110311,19.09,19.63,19.01,19.63,14539977
20110314,19.5,19.81,19.39,19.72,7545532
20110315,19.2,19.97,19.15,19.96,11157174
20110316,20.03,20.05,19.19,19.49,12768416
20110317,19.67,19.72,19.23,19.38,10458359
20110318,19.48,19.85,19.46,19.8,9237738
20110321,19.94,19.97,19.75,19.8,5177204
20110322,19.81,20.49,19.75,20.45,10328493
20110323,20.35,20.45,20.15,20.24,10746347
20110324,20.18,20.54,20.15,20.26,9453693
20110325,20.35,20.38,20.14,20.27,12173259
20110328,20.25,20.51,20.18,20.26,6684055
20110329,20.36,20.41,20.08,20.12,6877316
20110330,20.25,20.69,20.16,20.69,8602319
20110331,20.74,21.4,20.63,21.4,15088868
20110401,21.44,21.72,21.25,21.38,11206367
20110404,21.45,21.48,21.05,21.19,8190321
20110405,21.14,21.34,21.04,21.2,6884930
20110406,21.19,21.32,21.02,21.13,5739564
20110407,21.12,21.29,20.99,21.16,10394377
20110408,21.01,21.12,20.64,20.72,12217768
20110411,20.75,20.83,20.46,20.57,9203479
20110412,20.37,20.53,20.2,20.46,9148721
20110413,20.64,20.64,20.33,20.47,6952132
20110414,20.42,20.55,20.12,20.28,7060622
20110415,20.28,20.43,20.03,20.35,8375237
20110418,20.2,20.27,19.76,20.19,8503492
20110419,20.31,20.58,20.31,20.51,6631933
20110420,20.7,20.86,20.59,20.86,9402450
20110425,20.78,20.88,20.58,20.79,6022868
20110426,20.81,21.07,20.75,21.01,7891499
20110427,21.01,21.08,20.5,20.72,15944488
20110428,20.58,20.64,19.96,20.16,14901902
20110429,20.09,20.42,19.99,20.42,9822061
20110502,20.58,20.58,19.97,20.12,8956778
20110503,20.07,20.07,19.36,19.43,23808022
20110504,19.58,19.68,19.27,19.46,14712887
20110505,19.35,19.88,19.31,19.68,13566057
20110506,19.9,20.19,19.76,20.15,13913781
20110509,20.04,20.28,19.89,20.21,8425456
20110510,20.32,20.58,20.21,20.58,12348658
20110511,20.52,20.52,20.21,20.28,12515126
20110512,20.12,20.36,20.04,20.17,12488919
20110513,20.09,20.17,19.67,19.67,7446412
20110516,19.71,19.91,19.38,19.47,7030461
20110517,19.45,19.54,19.14,19.54,9771256
20110518,19.49,19.6,19.1,19.1,8327800
20110519,19.27,19.38,19.05,19.07,6000760
20110520,19.15,19.22,18.94,19.02,6416125
20110523,18.73,19.19,18.72,18.94,7179946
20110524,19.09,19.33,18.99,19.33,6269861
20110525,19.27,19.32,19.07,19.13,6543502
20110526,19.29,19.75,19.2,19.75,13024926
20110527,19.74,19.94,19.62,19.65,9727626
20110530,19.75,19.76,19.54,19.57,2333043
20110531,19.73,19.81,19.5,19.73,11125549
20110601,19.66,19.8,19.41,19.51,10750007
20110602,19.59,19.69,19.22,19.69,11508850
20110603,19.55,19.94,19.41,19.74,9616355
20110606,19.8,19.8,19.2,19.29,8097497
20110607,19.39,19.68,19.33,19.58,9602885
20110608,19.44,19.62,19.3,19.48,8552100
20110609,19.44,19.53,19.15,19.33,8396174
20110610,19.28,19.32,19.04,19.22,7881543
20110613,19.25,19.37,19.17,19.17,5939268
20110614,19.28,19.44,19.2,19.42,6737056
20110615,19.24,19.69,19.15,19.61,15519606
20110616,19.46,19.69,19.19,19.48,8849166
20110617,19.55,19.58,19.11,19.27,8878741
20110620,19.12,19.41,19.1,19.39,6672928
20110621,19.39,19.41,19.2,19.24,5392426
20110622,19.15,19.63,19.15,19.39,10795687
20110624,19.39,19.41,19.14,19.28,6909380
20110627,19.33,19.41,19.14,19.28,6430180
20110628,19.31,19.85,19.26,19.85,10850298
20110629,19.91,20.09,19.8,20.04,9253844
20110630,20.1,20.14,19.88,20.07,9511232
20110701,20.04,20.22,19.79,20.1,7984908
20110704,20.08,20.32,20.03,20.27,3036982
20110705,20.2,20.27,20.05,20.25,6356975
20110706,20.03,20.23,19.88,19.95,6348923
20110707,20.1,20.13,19.51,19.53,10135085
20110708,19.44,19.44,19.11,19.12,8687383
20110711,18.92,19.05,18.28,18.41,14926353
20110712,18.48,18.61,17.93,17.93,17050762
20110713,18.14,18.44,17.96,18.05,17545188
20110714,18.1,18.1,17.24,17.51,24999214
20110715,17.7,17.82,17.46,17.46,20572068
20110718,17.38,17.52,17.08,17.3,12236362
20110719,17.52,17.79,17.41,17.71,12754360
20110720,17.87,18,17.69,17.84,10074472
20110721,17.96,18.32,17.85,18.08,11747499
20110722,18.15,18.36,18.04,18.09,11661556
20110725,17.9,17.9,17.6,17.71,7267353
20110726,17.68,17.68,17.3,17.4,13041763
20110727,17.33,17.37,16.99,17.06,12175748
20110728,17.15,17.35,17.04,17.11,10752203
20110729,16.86,17.34,16.7,17.32,9963346
20110801,17.54,17.63,17.05,17.3,10512823
20110802,16.96,16.96,16.12,16.3,39810344
20110803,16.36,16.45,15.74,15.95,27191558
20110804,15.58,15.78,14.93,15.46,24742556
20110805,15.51,16.15,14.95,15.6,21344380
20110808,14.77,14.98,13.86,14.08,30666012
20110809,14.44,15.04,14.2,15.04,33859360
20110810,14.83,15.03,14.42,14.69,28086124
20110811,14.86,15.33,14.75,15.18,19768572
20110812,15.25,15.52,15.06,15.47,15233521
20110815,15.63,15.81,15.6,15.81,12417324
20110816,15.57,15.63,15.28,15.59,15497059
20110817,15.6,16.06,15.53,16.06,12661390
20110818,15.5,15.5,14.97,15.41,21055954
20110819,15.07,15.33,14.82,14.83,15564115
20110822,15.08,15.14,14.52,14.64,14902781
20110823,14.66,14.75,14.13,14.75,21323884
20110824,14.69,14.85,14.25,14.67,17971680
20110825,14.53,15.16,14.45,14.8,14262530
20110826,14.67,15.2,14.47,15.17,18087344
20110829,15.36,15.53,15.26,15.39,15475097
20110830,15.37,15.79,15.27,15.7,13986254
20110831,15.86,16.16,15.79,16.06,15869965
20110901,16.64,17.33,16.48,17.15,35516576
20110902,16.87,16.95,16.43,16.7,18115308
20110905,16.27,16.31,15.91,16.04,9394104
20110906,15.67,16.34,15.54,16.32,15859131
20110908,16.54,16.76,16.43,16.52,12636939
20110909,16.35,16.4,15.75,16.04,12442946
20110912,15.72,15.75,15.26,15.75,15180813
20110913,15.87,15.9,15.37,15.6,10436397
20110914,15.7,15.93,15.28,15.75,14674235
20110915,16.01,16.18,15.87,16.01,12120112
20110916,16.05,16.37,15.93,16.32,14600737
20110919,15.87,16.21,15.82,16.18,12704874
20110920,16.18,16.46,16.07,16.13,10877823
20110921,16.25,16.51,16.04,16.08,13895919
20110922,15.4,15.72,15.2,15.45,19605616
20110923,15.54,15.67,15.16,15.27,15388862
20110926,15.47,15.7,15.1,15.61,12067405
20110927,15.97,16.48,15.87,16.25,21597232
20110928,16.29,16.71,16.18,16.2,18185292
20110929,16.4,16.68,16.18,16.32,15692516
20110930,16.15,16.42,16.01,16.18,18247516
20111003,16.07,16.27,15.83,15.97,14797658
20111004,15.82,15.84,15.32,15.78,20950978
20111005,15.71,16.14,15.66,16.04,15644933
20111006,16.27,16.57,16.17,16.35,15408481
20111007,16.54,16.64,15.94,16.15,12397266
20111010,16.32,16.96,16.26,16.78,14097086
20111011,16.71,17.25,16.6,17.1,16354289
20111013,17.33,17.49,16.98,17.3,21055808
20111014,17.41,17.55,17.2,17.49,12517176
20111017,17.24,17.44,17.16,17.44,10058952
20111018,17.34,17.58,17.09,17.49,13726083
20111019,17.48,17.83,17.33,17.83,15084475
20111020,17.77,17.88,17.27,17.6,13424772
20111021,17.72,18.07,17.72,17.94,11505776
20111024,18,18.52,18,18.35,10599059
20111025,18.13,18.25,17.67,17.84,11553359
20111026,18.05,18.22,17.8,18.16,12550118
20111027,18.98,19.06,18.59,18.71,20324196
20111028,18.66,18.85,18.38,18.44,13498123
20111031,18.29,18.53,18.02,18.23,12352026
20111101,17.5,18.08,17.42,17.91,19848656
20111103,18.28,18.36,17.92,18.11,12997547
20111104,17.9,18.28,17.79,18.18,8650195
20111107,18.28,18.48,18.06,18.17,9343154
20111108,18.3,18.33,17.91,18.14,9384588
20111109,17.74,17.88,17.54,17.68,13234585
20111110,17.78,17.94,17.46,17.5,7582134
20111111,17.78,17.85,17.62,17.74,5513361
20111114,17.82,18.24,17.76,17.79,9526313
20111116,17.78,17.93,17.64,17.91,11498455
20111117,17.66,17.74,17.13,17.23,12336653
20111118,17.33,17.39,16.86,16.97,10699057
20111121,16.62,16.97,16.58,16.72,21585958
20111122,16.72,16.83,16.49,16.68,12933859
20111123,16.52,16.63,16.39,16.47,11122621
20111124,16.61,16.68,16.19,16.54,5155535
20111125,16.33,16.66,16.25,16.45,7648604
20111128,16.89,17,16.76,16.91,10810914
20111129,17,17.18,16.75,16.77,10083695
20111130,17.22,17.89,17.04,17.78,23506856
20111201,18.23,18.56,17.98,18.48,18211354
20111202,18.69,18.85,18.34,18.55,15958982
20111205,18.73,19.03,18.72,18.84,17593212
20111206,18.75,18.96,18.59,18.93,11430228
20111207,18.77,19.08,18.76,18.9,13374114
20111208,19.06,19.19,18.68,18.86,20271636
20111209,18.95,19.19,18.85,19.07,9529094
20111212,19.01,19.01,18.63,18.84,10020886
20111213,18.98,19.07,18.69,18.82,11671805
20111214,18.77,18.96,18.65,18.68,13888599
20111215,18.87,18.9,18.4,18.4,10942683
20111216,18.51,18.57,18.34,18.51,8810368
20111219,18.46,18.72,18.4,18.4,14708934
20111220,18.62,19.01,18.51,18.84,11889077
20111221,18.68,18.91,18.64,18.84,8572744
20111222,18.92,19.4,18.85,19.18,12797698
20111223,19.29,19.5,19.25,19.34,6460926
20111226,19.37,19.48,19.21,19.23,1978291
20111227,19.31,19.37,19.16,19.29,6015547
20111228,19.28,19.29,18.79,18.85,7036903
20111229,18.94,19.11,18.77,19.11,7033536
20120102,19.25,19.26,18.84,19.14,4970765
20120103,19.17,19.62,19.17,19.62,9365701
20120104,19.45,19.72,19.28,19.64,9229686
20120105,19.43,19.69,19.11,19.49,9827917
20120106,19.57,19.78,19.42,19.64,7253297
20120109,19.71,19.9,19.5,19.76,7565297
20120110,19.95,20.13,19.88,20.02,10324247
20120111,19.89,20.14,19.88,20.05,7433674
20120112,20.08,20.3,19.89,20.09,6785517
20120113,20.08,20.2,19.8,19.97,13777181
20120116,20.04,20.16,19.92,20.1,6068694
20120117,20.25,20.28,20.07,20.22,11189530
20120118,20.24,20.66,20.14,20.66,12493311
20120119,20.61,20.79,20.48,20.78,14676870
20120120,20.7,21.04,20.6,20.87,14565159
20120123,20.84,20.88,20.34,20.47,12086877
20120124,20.34,20.39,20.05,20.1,11428911
20120126,20.36,20.64,20.22,20.42,10499061
20120127,20.41,20.61,20.09,20.31,19907220
20120130,20.1,20.1,19.64,19.97,14309820
20120131,20.02,20.02,19.54,19.75,14572480
20120201,19.86,20.13,19.51,20.08,23252396
20120202,19.97,20.17,19.86,20.08,8102329
20120203,19.86,20.29,19.8,20.16,15740539
20120206,20.06,20.29,19.92,20.29,7679350
20120207,20.14,20.5,19.89,20.48,15836144
20120208,20.48,20.99,20.48,20.93,17181800
20120209,20.76,21.02,20.65,20.79,12980710
20120210,20.41,20.68,20.37,20.42,8702610
20120213,20.67,21.13,20.54,21.07,11495088
20120214,21.07,21.07,20.72,20.81,8807000
20120215,21.04,21.09,20.45,20.48,11269470
20120216,20.31,20.53,20.08,20.53,9293374
20120217,20.57,20.73,20.32,20.62,7093418
20120222,20.66,20.74,20.34,20.44,7061500
20120223,20.26,20.48,20.2,20.31,7155788
20120224,20.37,20.51,20.14,20.25,7318743
20120227,20.21,20.23,19.97,20.03,6219643
20120228,20.08,20.59,20.03,20.58,10643421
20120229,20.65,20.87,20.6,20.7,11641059
20120301,20.88,21.29,20.79,21.18,11291432
20120302,21.22,21.62,21.22,21.46,9492785
20120305,21.34,21.4,20.97,21.15,9011974
20120306,20.78,20.9,20.36,20.44,10876506
20120307,20.66,20.86,20.49,20.86,9293228
20120308,21.05,21.62,20.98,21.53,17604192
20120309,21.6,22,21.46,21.87,17559096
20120312,21.69,21.8,21.46,21.52,8863954
20120313,21.59,21.89,21.58,21.78,11090996
20120314,21.68,21.98,21.64,21.86,8207598
20120315,21.58,21.98,21.49,21.9,10011515
20120316,21.9,22.17,21.82,21.97,10878555
20120319,21.92,22.13,21.7,21.92,11764482
20120320,21.67,21.76,21.48,21.59,8367770
20120321,21.48,21.67,21.36,21.46,6484791
20120322,21.24,21.35,20.78,20.86,14380097
20120323,20.93,20.93,20.57,20.66,12982321
20120326,20.78,21.03,20.77,21.03,7696627
20120327,21.06,21.31,20.9,21.05,8649463
20120328,20.94,21.01,20.37,20.49,10713844
20120329,20.41,20.43,20.02,20.28,13263135
20120330,20.48,20.49,19.71,19.88,14663547
20120402,19.95,20.26,19.8,20.1,8701878
20120403,20.05,20.25,19.73,19.79,8306717
20120404,19.64,19.72,19.18,19.18,14520065
20120405,19.15,19.36,18.72,18.79,16653112
20120409,18.62,18.63,18.38,18.51,9192644
20120410,18.51,18.87,17.79,18.13,21788444
20120411,18.37,18.51,18.08,18.08,15971281
20120412,18.37,18.77,18.01,18.77,14887700
20120413,18.48,18.58,18.01,18.04,16700256
20120416,18.22,18.28,17.84,17.91,11710457
20120417,18.2,18.2,17.81,17.94,9751052
20120418,17.9,18.09,17.61,17.83,15674654
20120419,17.74,18.07,17.69,17.96,12289362
20120420,18.21,18.58,18.05,18.36,16228084
20120423,17.94,18.18,17.84,18.1,13539703
20120424,17.91,18.31,17.79,17.91,22110692
20120425,17.28,17.38,16.83,16.86,47440940
20120426,16.71,16.97,16.52,16.86,25601692
20120427,17,17.08,16.8,16.91,13170897
20120430,16.94,17.11,16.78,17.08,9634949
20120502,16.97,17.2,16.64,16.66,20630486
20120503,16.75,16.78,16.35,16.64,21415536
20120504,16.69,16.87,16.16,16.41,31278152
20120507,16.47,16.54,16.2,16.52,12452170
20120508,16.46,16.64,16.24,16.55,16145655
20120509,16.34,16.48,16.18,16.31,16282548
20120510,16.64,16.96,16.24,16.31,21984780
20120511,16.01,16.71,16.01,16.53,13843065
20120514,16.18,16.35,16.1,16.18,14838507
20120515,16.18,16.61,16.12,16.23,19330364
20120516,16.55,16.73,15.82,15.85,17369204
20120517,15.95,16,15.23,15.41,23703340
20120518,15.5,15.74,15.35,15.49,15865280
20120521,15.56,16.43,15.53,16.34,15956054
20120522,16.32,16.55,16.18,16.27,16597184
20120523,16.21,16.3,15.49,16.25,22748452
20120524,16.23,16.3,15.85,16.02,17762020
20120525,15.92,16.41,15.92,16.22,11432424
20120528,16.27,16.41,16.22,16.26,7785644
20120529,16.3,16.45,16.01,16.11,17148124
20120530,15.67,16.06,15.6,16.02,20255384
20120531,16.04,16.69,15.92,16.69,23736868
20120601,16.38,16.76,16.28,16.29,16977556
20120604,16.28,16.41,16.05,16.05,10075643
20120605,16.13,16.22,15.79,15.8,9414895
20120606,15.85,16.48,15.55,16.46,22219912
20120608,16.41,16.66,16.26,16.37,12704288
20120611,16.59,16.81,16.38,16.53,12820684
20120612,16.73,16.82,16.46,16.82,10021764
20120613,16.69,17.05,16.53,16.85,16705527
20120614,16.87,17.03,16.64,16.86,10875041
20120615,16.95,17.22,16.77,17.22,12738841
20120618,16.99,17.26,16.85,17.1,11680736
20120619,17.19,17.49,17.05,17.38,10642542
20120620,17.38,17.41,16.85,17.13,15324295
20120621,17.16,17.16,16.46,16.46,8389146
20120622,16.52,16.55,15.96,16.12,11474298
20120625,15.81,15.97,15.48,15.51,7326063
20120626,15.66,15.71,15.33,15.48,12974707
20120627,15.45,15.96,15.36,15.68,10558503
20120628,15.51,15.67,15.35,15.53,10074764
20120629,16.1,16.13,15.85,16.13,12765927
20120702,16.07,16.19,15.84,16.19,8092519
20120703,16.22,16.72,16.14,16.51,9283858
20120704,16.48,16.62,16.3,16.61,4116317
20120705,16.7,17.04,16.5,16.8,14524457
20120706,16.55,16.68,16.31,16.68,11066839
20120710,16.74,16.83,15.94,15.94,12855383
20120711,16.03,16.4,15.78,16,13430628
20120712,15.78,16.24,15.71,16.17,13854485
20120713,16.34,16.63,16.2,16.63,12895792
20120716,16.63,16.72,16.32,16.61,13792846
20120717,16.7,16.8,16.37,16.48,8894553
20120718,16.54,16.88,16.37,16.88,9268631
20120719,16.94,17.23,16.94,17.2,9369215
20120720,17.07,17.27,16.95,17.14,15083451
20120723,16.88,16.93,16.38,16.65,14363845
20120724,17.11,17.33,16.95,17.22,23192660
20120725,17.39,17.47,17.14,17.34,13270309
20120726,17.52,17.94,17.42,17.82,20327564
20120727,17.97,18.71,17.89,18.48,21466194
20120730,18.48,18.99,18.31,18.99,17046368
20120731,19.14,19.14,18.28,18.52,16241846
20120801,18.53,18.64,18.09,18.39,11701087
20120802,18.07,18.41,17.99,18.07,12837814
20120803,18.58,18.8,18.45,18.62,12576911
20120806,18.63,19.23,18.58,19.04,11946470
20120807,19.11,19.37,19.11,19.22,17397168
20120808,19.14,19.67,18.95,19.66,16155318
20120809,19.64,19.66,19.27,19.46,9898487
20120810,19.23,19.77,19.17,19.67,10466850
20120813,19.62,19.77,19.4,19.54,8447271
20120814,19.57,19.81,19.3,19.39,11744424
20120815,19.25,19.71,19.25,19.48,11666534
20120816,19.7,19.97,19.54,19.87,11016327
20120817,19.92,20.13,19.85,19.95,7997646
20120820,20.04,20.11,19.69,19.77,7690770
20120821,19.92,20.07,19.54,19.66,14143206
20120822,19.57,19.85,19.41,19.73,11048830
20120823,19.6,19.66,19.32,19.6,11237845
20120824,19.46,19.74,19.37,19.58,8346248
20120827,19.56,19.63,19.13,19.28,14391078
20120828,19.28,19.35,19.14,19.28,7484625
20120829,19.36,19.44,18.72,18.82,12067697
20120830,18.74,18.74,18.5,18.71,9885163
20120831,18.91,18.94,18.25,18.25,19077224
20120903,18.31,18.63,18.3,18.46,6368542
20120904,18.31,18.49,18.04,18.08,10997879
20120905,18.2,18.26,17.93,18.14,10795687
20120906,18.26,18.75,18.23,18.66,14710398
20120910,19.02,19.12,18.77,18.77,13709685
20120911,18.83,19.08,18.77,18.97,9798635
20120912,19.08,19.48,19.06,19.47,12681594
20120913,19.37,20.04,19.09,19.87,15985629
20120914,19.84,20.5,19.84,20.1,18911048
20120917,20.21,20.4,19.73,19.87,17506828
20120918,20.01,20.01,19.35,19.4,14587267
20120919,19.43,19.7,19.23,19.41,13880839
20120920,19.3,19.42,19.12,19.26,10540641
20120921,19.49,19.64,19.27,19.38,12938544
20120924,19.29,19.63,19.23,19.44,13016434
20120925,19.11,19.26,18.24,18.27,39989840
20120926,18.15,18.37,17.9,18.37,21329156
20120927,18.46,18.53,17.97,18.14,18759806
20120928,17.82,17.87,17.51,17.62,25584416
20121001,17.73,18.03,17.58,17.89,14367359
20121002,17.92,18.12,17.77,17.8,9221341
20121003,17.9,17.96,17.57,17.57,8615057
20121004,17.64,17.7,17.4,17.6,8694118
20121005,17.89,18.03,17.65,17.74,12422302
20121008,17.68,17.91,17.45,17.78,10605501
20121009,17.8,17.8,17.23,17.34,13160209
20121010,17.34,17.51,16.88,16.94,9676383
20121011,17.09,17.33,16.94,17.08,10686319
20121015,16.98,17.21,16.98,17.17,12689940
20121016,17.36,17.44,17.05,17.23,11310172
20121017,17.32,17.33,16.75,17.23,17778272
20121018,17.12,17.32,16.97,17.18,11354534
20121019,17.18,17.21,16.83,17,10947807
20121022,17.03,17.13,16.8,16.91,12368716
20121023,16.45,16.63,16.24,16.37,25549276
20121024,16.41,17.12,16.41,17.04,21980826
20121025,17.27,17.54,17.05,17.28,12685694
20121026,17.1,17.24,17.03,17.05,9529387
20121029,17,17.11,16.78,17.05,4625970
20121030,17.17,17.31,17.09,17.26,4002263
20121031,17.28,17.28,16.96,17.11,8626330
20121101,17,17.87,17,17.87,16477713
20121105,17.75,17.93,17.64,17.85,10910033
20121106,17.93,18.13,17.77,18.02,11550431
20121107,17.93,18.01,17.48,17.57,11232575
20121108,17.66,17.79,17.1,17.18,15524145
20121109,17.12,17.41,16.99,17.19,11380302
20121112,17.17,17.34,17.05,17.18,4835043
20121113,17.21,17.54,17.1,17.49,9987943
20121114,17.38,17.47,17.08,17.25,14375558
20121116,17.12,17.56,17.12,17.32,10374612
20121119,17.29,17.9,17.29,17.85,12558464
20121121,17.82,18.15,17.7,18.07,12478963
20121122,18.12,18.36,18.12,18.28,8086370
20121123,18.26,18.5,18.16,18.5,8748290
20121126,18.38,18.44,18.16,18.16,6998544
20121127,18.18,18.27,17.88,17.88,12967240
20121128,17.73,17.99,17.68,17.96,12494629
20121129,18.03,18.41,17.85,18.41,13400321
20121130,18.35,18.76,18.07,18.53,22179358
20121203,18.67,19.16,18.64,19.03,18291294
20121204,18.91,19,18.64,18.82,13874543
20121205,18.85,19.11,18.69,18.92,14018757
20121206,19,19,18.57,18.86,13970149
20121207,18.83,19.03,18.62,18.89,11487475
20121210,18.8,18.95,18.69,18.9,14996044
20121211,19,19.13,18.74,19.03,11079576
20121212,19.08,19.12,18.84,18.95,12207519
20121213,18.85,19.16,18.85,18.96,12092880
20121214,19,19.03,18.77,18.8,10786024
20121217,18.84,18.94,18.77,18.86,12196099
20121218,18.92,19.03,18.7,18.97,10472853
20121219,19.03,19.67,18.87,19.64,21492402
20121220,19.67,19.77,19.37,19.55,11562290
20121221,19.4,19.88,19.29,19.85,13482018
20121226,19.84,19.92,19.54,19.64,8219750
20121227,19.71,19.71,19.19,19.31,7193562
20121228,19.42,19.57,19.18,19.43,10478710
20130102,19.8,20.09,19.74,20.08,13847018
20130103,19.98,20.73,19.86,20.68,19323484
20130104,20.68,20.71,20.34,20.49,10848834
20130107,20.4,20.59,20.09,20.2,13337218
20130108,20.31,20.43,20.1,20.29,10688515
20130109,20.35,20.61,20.28,20.61,12883933
20130110,20.64,20.72,20.28,20.35,14289469
20130111,20.33,20.43,20.23,20.4,12490676
20130114,20.45,20.75,20.45,20.65,14607764
20130115,20.58,20.67,20.33,20.4,8353861
20130116,20.41,20.58,20.2,20.58,8050207
20130117,20.58,21,20.5,20.93,11448237
20130118,20.96,21,20.75,21,10482663
20130121,20.99,21.05,20.76,20.85,5058904
20130122,20.79,21.12,20.65,21.08,10193357
20130123,20.96,21,20.73,20.79,8871713
20130124,20.78,21.02,20.65,20.81,14067072
20130128,20.67,20.72,20.13,20.26,12130214
20130129,20.2,20.38,20,20.23,15135133
20130130,20.13,20.24,19.85,19.85,10387496
20130131,19.85,20.11,19.68,20,14275999
20130201,19.97,20.14,19.75,19.89,10569630
20130204,19.74,19.83,19.29,19.43,12797844
20130205,19.71,20.13,19.63,19.92,23663516
20130206,19.87,19.97,19.33,19.5,15966742
20130207,19.55,19.79,19.17,19.38,10747079
20130208,19.39,19.74,19.23,19.73,12547190
20130213,19.76,19.78,19.54,19.68,9455450
20130214,19.63,19.66,19.33,19.58,8727353
20130215,19.62,20.55,19.58,20.49,18466986
20130218,20.36,20.76,20.29,20.71,10566848
20130219,20.56,20.7,20.23,20.31,20523460
20130220,20.32,20.42,19.84,19.95,11699915
20130221,19.79,20.14,19.59,19.81,12891107
20130222,19.86,20.45,19.86,20.45,19050576
20130225,20.48,20.81,20.48,20.49,14239104
20130226,20.38,20.38,19.75,20.11,16649159
20130227,20.16,20.24,19.81,20.19,9231150
20130228,20.21,20.53,20.09,20.43,10843710
20130301,20.19,20.69,20.19,20.51,10428198
20130304,20.4,20.48,20.15,20.43,9394983
20130305,20.58,20.97,20.32,20.64,13785819
20130306,20.89,21.06,20.54,20.98,12404440
20130307,21.09,21.32,20.78,21.11,15727069
20130308,21.01,21.79,20.95,21.74,19022758
20130311,21.6,21.82,21.44,21.62,8953117
20130312,21.59,21.62,20.74,21.3,11788054
20130313,21.27,21.5,21.16,21.27,12429476
20130314,21.35,21.37,20.7,20.94,13046302
20130315,20.94,21.03,20.65,20.96,12516298
20130318,20.9,21.37,20.82,21.23,12900917
20130319,21.29,21.4,20.83,21.1,13036346
20130320,21,21.33,20.9,21.29,12504731
20130321,21.29,21.3,20.97,21.05,11261125
20130322,21.21,21.21,20.77,20.79,9166437
20130325,20.87,20.94,20.47,20.62,7923269
20130326,20.65,21.05,20.63,20.84,12496971
20130327,20.83,20.88,20.43,20.88,10932727
20130328,20.91,21.26,20.83,21.2,14613621
20130401,21.1,21.27,20.75,20.89,9715181
20130402,21,21.1,20.44,20.6,13324920
20130403,20.48,20.59,20.22,20.52,11499627
20130404,20.53,20.59,19.87,19.94,14570283
20130405,19.8,20.05,19.4,19.93,20271636
20130408,19.94,20.02,19.58,19.92,9128517
20130409,20.01,20.51,19.92,20.39,9461014
20130410,20.45,20.97,20.36,20.7,14550957
20130411,20.73,20.85,20.54,20.78,8552540
20130412,20.67,20.72,20.28,20.39,11097292
20130415,20.19,20.27,19.95,19.95,8391049
20130416,20.19,20.5,20.12,20.45,9227343
20130417,20.22,20.27,19.67,19.95,19662570
20130418,19.8,20.04,19.1,19.27,20208824
20130419,19.37,19.69,19.04,19.69,14271461
20130422,19.63,19.73,19.32,19.63,12707802
20130423,19.54,19.97,19.45,19.71,13176900
20130424,19.71,20.09,19.65,19.86,8230291
20130425,19.86,20.11,19.67,19.97,9820011
20130426,19.8,20.02,19.14,19.31,17524252
20130429,19.39,19.64,19.16,19.33,11454093
20130430,19.34,19.83,18.94,19.83,21167956
20130502,19.76,20.12,19.5,19.6,13940135
20130503,19.72,20.17,19.72,19.87,14192253
20130506,19.78,20.02,19.5,19.84,9191473
20130507,19.84,20.44,19.69,20.43,9589855
20130508,20.43,20.81,20.35,20.64,14499128
20130509,20.64,20.87,20.26,20.64,10527171
20130510,20.53,20.62,20.28,20.44,10263926
20130513,20.41,20.47,20.02,20.05,10637857
20130514,20.06,20.35,19.93,20.35,26490108
20130515,20.33,20.86,20.22,20.7,13705586
20130516,20.64,20.65,20.34,20.5,10314438
20130517,20.55,20.79,20.41,20.79,12197417
20130520,20.67,21.01,20.58,20.96,18094520
20130521,21.16,21.29,20.75,21.29,11892085
20130522,21.24,21.69,21.13,21.57,15128811
20130523,21.27,21.5,21.04,21.39,13044465
20130524,21.23,21.4,20.99,21.33,15164881
20130527,21.38,21.38,21.16,21.24,4550023
20130528,21.4,21.62,21.31,21.31,9118947
20130529,21.19,21.39,20.69,20.79,15720574
20130531,20.76,21.02,20.59,21.02,20545182
20130603,21.02,21.04,20.72,20.84,18524992
20130604,20.96,20.96,20.71,20.95,13979759
20130605,20.96,21.01,20.18,20.22,16853122
20130606,20.25,20.49,19.87,20.41,11355160
20130607,20.12,20.64,20.05,20.28,15884020
20130610,20.02,20.4,19.97,20.24,10808119
20130611,20,20.04,19.58,19.58,24646260
20130612,19.7,19.82,19.23,19.53,17074468
20130613,19.53,19.66,19.28,19.48,18406132
20130614,19.47,19.64,19.06,19.06,19586596
20130617,19.16,19.44,19.12,19.17,12808878
20130618,19.08,19.21,18.84,19.05,11095082
20130619,19.09,19.12,18.44,18.82,23169516
20130620,18.61,19.03,17.75,19.03,32312420
20130621,18.92,19.03,18.51,18.53,25380572
20130624,18.18,18.3,17.76,17.91,29541812
20130625,18.1,18.21,17.72,17.98,19114890
20130626,18.17,18.58,17.92,18.07,16462473
20130627,18.07,18.58,18.07,18.44,16936442
20130628,18.4,18.76,18.25,18.67,22715910
20130701,18.64,18.9,18.43,18.5,10951867
20130702,18.41,18.47,17.38,17.7,25637456
20130703,17.66,17.92,17.26,17.5,23600228
20130704,17.82,17.89,17.67,17.72,12688955
20130705,17.63,17.72,16.78,17.4,33289240
20130708,17.33,17.76,17.02,17.4,13397712
20130710,17.63,17.74,17.4,17.52,13135239
20130711,17.75,18.03,17.56,17.96,17400428
20130712,17.87,18.02,17.63,17.78,12074033
20130715,17.83,18.18,17.7,18.1,11647447
20130716,18.27,18.35,17.92,18.2,13475576
20130717,18.22,18.52,18.21,18.44,12305361
20130718,18.37,18.57,18.22,18.46,15480328
20130719,18.28,18.5,18.23,18.39,8073313
20130722,18.37,18.91,18.24,18.78,15251529
20130723,18.96,19.27,18.89,19.03,13481565
20130724,19.02,19.12,18.54,18.8,15933800
20130725,18.72,18.93,18.66,18.83,12017465
20130726,18.81,18.88,18.39,18.83,13109019
20130729,18.87,19,18.58,18.82,6820576
20130730,19.08,19.52,18.96,18.97,19891396
20130731,18.83,19.11,18.75,18.92,17709354
20130801,19.08,19.61,19.03,19.53,19429804
20130802,19.42,19.72,19.41,19.42,13166651
20130805,19.45,19.55,19.1,19.12,10394710
20130806,19.06,19.23,18.58,18.68,14866471
20130807,18.59,18.73,18.43,18.64,12454566
20130808,18.74,19.23,18.64,19.18,16561233
20130809,19.28,19.43,18.98,19.27,14998905
20130812,19.41,20.09,19.35,19.79,29551260
20130813,20.01,20.01,19.65,19.91,18306174
20130814,19.75,20.02,19.71,19.72,21344714
20130815,19.44,19.78,19.32,19.55,17033738
20130816,19.47,19.51,18.96,19.15,26927992
20130819,18.98,19.17,18.71,18.98,15477134
20130820,18.94,19.3,18.78,18.78,15066653
20130821,18.74,19.02,18.52,18.64,16458480
20130822,18.88,19.01,18.53,18.65,13144822
20130823,18.77,19.42,18.7,19.29,16933514
20130826,19.28,19.4,18.96,18.96,10595292
20130827,18.76,18.86,18.37,18.43,14561539
20130828,18.52,18.75,18.31,18.5,10676882
20130829,18.63,19.01,18.59,18.66,12042355
20130830,18.76,19.02,18.75,19.02,15199753
20130902,19.46,19.69,19.16,19.23,10075936
20130903,19.24,19.4,18.97,19.04,12605634
20130904,18.98,19.16,18.8,19.08,9142106
20130905,19.04,19.37,19.02,19.29,12096261
20130906,19.49,19.84,19.45,19.68,17894364
20130909,19.8,20.41,19.76,20.23,20078136
20130910,20.19,20.57,20.19,20.38,16577205
20130911,20.28,20.44,20.11,20.28,13918666
20130912,20.34,20.38,20.02,20.23,10347859
20130913,20.32,20.53,20.08,20.53,12406117
20130916,20.61,20.7,20.25,20.4,10755811
20130917,20.47,20.73,20.42,20.73,12709452
20130918,20.64,21.51,20.6,21.33,18787596
20130919,21.33,21.33,20.88,21.2,19496620
20130920,21.12,21.26,20.55,20.6,14392768
20130923,20.91,20.93,20.51,20.76,16545927
20130924,20.82,20.87,20.55,20.66,12298573
20130925,20.65,20.76,20.47,20.68,11812625
20130926,20.67,20.81,20.53,20.67,7006916
20130927,20.57,21.32,20.55,21.14,19405712
20130930,20.94,21.05,20.57,20.65,15741071
20131001,20.69,20.92,20.33,20.85,12172926
20131002,20.78,20.98,20.73,20.76,10705099
20131003,20.79,20.89,20.65,20.81,8847822
20131004,20.75,21.02,20.64,20.88,7588829
20131007,20.8,20.96,20.62,20.75,8336718
20131008,20.81,20.92,20.42,20.68,9419353
20131009,20.73,21.06,20.69,20.91,11795455
20131010,21.06,21.33,20.85,21.27,14075724
20131011,21.2,21.31,20.98,21.07,12028113
20131014,21.04,21.33,20.89,21.22,11779083
20131015,21.21,21.34,21.06,21.31,16409100
20131016,21.33,21.65,21.26,21.55,16575209
20131017,21.36,21.83,21.36,21.73,15979320
20131018,21.72,22.27,21.72,22.27,18066728
20131021,22.2,22.26,21.88,22.07,10381666
20131022,22.09,22.3,21.84,22.19,11104000
20131023,22.07,22.13,21.88,21.88,10273589
20131024,22,22.01,21.59,21.78,9416159
20131025,21.83,21.86,21.65,21.67,7083182
20131028,21.76,21.92,21.62,21.92,7817761
20131029,22.65,22.74,22.47,22.72,25867984
20131030,22.6,22.78,22.54,22.65,11687377
20131031,22.52,22.79,22.34,22.72,15306100
20131101,22.69,22.79,22.3,22.5,12506076
20131104,22.46,22.78,22.44,22.67,8781671
20131105,22.64,22.73,22.2,22.29,12707589
20131106,22.25,22.27,21.78,22.02,12517655
20131107,21.92,22.28,21.55,21.7,14378260
20131108,21.66,21.71,20.92,21.12,13075211
20131111,21.18,21.22,21.03,21.22,6353395
20131112,21.13,21.73,21.02,21.18,14420586
20131113,21.12,21.77,20.96,21.61,14210687
20131114,21.69,22.2,21.68,22.07,12131133
20131118,22.18,22.37,22.14,22.37,13033817
20131119,22.29,22.29,21.61,21.77,10556027
20131121,21.52,21.77,21.45,21.55,12093066
20131122,21.39,21.51,20.86,21.23,18488788
20131125,21.29,21.33,20.53,20.91,15010884
20131126,20.83,21.58,20.73,21.02,18139400
20131127,21.13,21.65,21.11,21.58,16981564
20131128,21.68,21.74,21.23,21.38,8932740
20131129,21.44,21.66,21.3,21.65,11062606
20131202,21.32,21.85,21.17,21.17,16625920
20131203,20.96,21.23,20.7,20.7,13532410
20131204,20.88,21.06,20.5,20.5,13401173
20131205,20.6,20.71,20.32,20.44,16852456
20131206,20.72,20.88,20.37,20.65,12302433
20131209,20.8,21.15,20.71,20.83,8125089
20131210,20.75,20.9,20.69,20.72,7302930
20131211,20.7,20.77,20.17,20.17,12212989
20131212,20.2,20.43,20.07,20.34,11398284
20131213,20.4,20.62,20.24,20.34,9745448
20131216,20.43,20.71,20.37,20.48,10545646
20131217,20.52,20.63,20.4,20.51,11583959
20131218,20.63,20.83,20.48,20.63,13561026
20131219,20.9,21.15,20.66,21.09,9832097
20131220,21.03,21.11,20.67,20.73,16508126
20131223,20.83,21,20.78,20.81,8089285
20131226,20.92,21.07,20.82,20.96,7066412
20131227,20.93,21.15,20.89,20.9,8851283
20131230,20.93,21.21,20.74,20.74,12818195
20140102,20.87,21,20.64,20.86,16741451
20140103,20.84,21.03,20.72,20.72,26539208
20140106,20.77,20.98,20.74,20.85,16938440
20140107,20.83,21.06,20.69,20.69,16852988
20140108,20.75,21.02,20.75,21.02,14295339
20140109,20.88,20.9,20.35,20.36,19936250
20140110,20.43,20.69,20.32,20.46,14172088
20140113,20.45,20.64,20.37,20.37,13150945
20140114,20.37,20.75,20.3,20.67,17152596
20140115,20.84,20.84,20.63,20.68,13652466
20140116,20.77,20.8,20.16,20.25,19729680
20140117,20.32,20.35,19.85,19.85,14436425
20140120,19.83,19.93,19.59,19.69,5761499
20140121,19.79,20.16,19.66,19.97,14667486
20140122,20.1,20.22,19.85,20.02,13668438
20140123,19.86,20.35,19.59,19.62,16485499
20140124,19.62,19.78,19.13,19.36,20369356
20140127,19.45,19.84,19.3,19.75,15092209
20140128,19.99,20.18,19.82,19.89,13364704
20140129,19.79,19.88,19.41,19.51,16486431
20140130,19.59,19.83,19.33,19.53,15469015
20140131,19.42,20.04,19.32,20.04,16758887
20140203,19.86,19.98,19.49,19.8,23554840
20140204,20.61,21,20.37,20.76,42358008
20140205,20.72,20.95,20.34,20.66,21422044
20140206,20.8,21.32,20.69,21.09,17386986
20140207,21.14,21.38,20.69,21.07,15244209
20140210,20.93,21.12,20.83,21.04,8686904
20140211,21.19,21.19,20.76,21.08,14416194
20140212,21.17,21.18,20.81,20.85,11895280
20140213,20.77,20.78,20.41,20.76,14138946
20140214,20.79,20.95,20.5,20.92,11326410
20140217,20.94,21.13,20.62,20.66,7519484
20140218,20.65,20.97,20.59,20.6,13144956
20140219,20.53,20.97,20.37,20.94,15056937
20140220,20.75,21.21,20.66,20.92,12857460
20140221,20.94,21.08,20.79,20.94,10160987
20140224,20.86,21.18,20.78,21.06,9284922
20140225,21.06,21.1,20.83,20.92,7610258
20140226,20.99,21,20.74,20.83,12292317
20140227,20.94,21.26,20.83,21.16,10492273
20140228,21.22,21.45,20.86,21.03,16391131
20140305,20.9,20.91,20.55,20.7,8251401
20140306,20.82,21.28,20.58,21.28,11079377
20140307,21.13,21.4,20.75,20.85,12498356
20140310,20.76,20.87,20.23,20.58,12076828
20140311,20.8,20.98,20.63,20.8,10767523
20140312,20.6,20.69,20.35,20.55,12607764
20140313,20.64,20.66,20.18,20.27,12484513
20140314,20.25,20.41,19.6,19.73,16818648
20140317,19.85,20.2,19.82,20.14,13663114
20140318,20.22,20.56,20,20.52,12937586
20140319,20.46,20.79,20.39,20.62,10447551
20140320,20.47,21.14,20.38,21.05,13508452
20140321,20.95,21.49,20.72,21.13,16802676
20140324,21.34,21.89,21.17,21.74,14211087
20140325,21.82,22.09,21.49,21.86,13946617
20140326,21.72,22.36,21.72,22.05,15275354
20140327,22.39,22.76,22.26,22.53,25495038
20140328,22.54,22.64,22.31,22.39,17030810
20140331,22.49,22.87,22.33,22.84,14059219
20140401,22.84,23.12,22.65,23.02,14686254
20140402,22.92,23.79,22.86,23.76,19514324
20140403,23.76,23.8,23.25,23.48,13176766
20140404,23.85,23.98,23.03,23.15,14662429
20140407,23.32,23.71,23.24,23.67,17527406
20140408,23.91,24.45,23.23,23.33,25416110
20140409,23.22,23.31,22.76,23.02,19179976
20140410,23.02,23.36,22.96,23.27,12363126
20140411,23.07,23.82,22.9,23.82,14898149
20140414,23.86,23.9,23.3,23.52,8924488
20140415,23.29,23.38,22.65,22.95,13947815
20140416,23.17,23.45,22.96,23.37,12375371
20140417,23.36,23.98,23.09,23.96,13632900
20140422,24.05,24.2,23.6,24.13,16439713
20140423,24,24.3,23.89,24.08,12512864
20140424,24.2,24.68,24.05,24.6,12731813
20140425,24.45,24.91,24.29,24.84,15627137
20140428,24.67,24.84,24.56,24.79,10347593
20140429,24.95,25.16,24.5,24.8,24814896
20140430,24.61,24.91,24.49,24.8,13641419
20140502,24.7,25.5,24.65,25.25,27487412
20140505,25.42,25.56,25.17,25.52,12986300
20140506,25.37,25.37,24.88,25.29,17004456
20140507,25.26,25.56,25,25.46,11707342
20140508,25.49,25.52,24.94,25.07,7715141
20140509,25.07,25.14,24.71,24.85,10689793
20140512,24.92,25.33,24.88,25.33,7176885
20140513,25.29,25.33,24.99,25.17,9051731
20140514,25.11,25.34,25.02,25.28,8993300
20140515,25.1,25.23,24.87,25.09,6887392
20140516,25.11,25.41,25.07,25.34,7757866
20140519,25.35,25.39,25.05,25.18,10145680
20140520,25.11,25.44,24.65,24.73,11910852
20140521,24.75,25.02,24.21,24.21,15895999
20140522,23.9,24.88,23.88,24.5,16277996
20140523,24.48,24.58,23.99,24.13,12171329
20140526,24.11,24.21,23.82,24.06,4844041
20140527,24.07,24.7,23.96,24.07,16009001
20140528,24.01,24.66,24.01,24.51,15689961
20140529,24.57,24.71,24.03,24.14,7966301
20140530,23.9,24.08,23.49,23.53,12921747
20140602,23.56,23.81,23.44,23.62,7213221
20140603,23.54,23.78,23.45,23.77,9093125
20140604,23.69,23.7,23.39,23.5,14977077
20140605,23.61,23.77,23.19,23.32,19651416
20140606,24.3,24.8,23.83,24.22,21707884
20140609,24.19,25.21,24.01,25.13,16713125
20140610,25.08,25.19,24.78,25.07,16961780
20140611,25.37,25.71,25.25,25.59,16570950
20140613,25.25,25.57,25.25,25.45,12855161
20140616,25.31,25.41,25.04,25.28,9048259
20140617,25.19,25.23,24.78,24.94,6530612
20140618,24.95,25.3,24.54,25.28,14919058
20140620,25.04,25.2,24.87,24.91,7893072
20140623,24.92,25.02,24.33,24.73,8607698
20140624,24.58,25.04,24.55,24.77,8141364
20140625,24.67,24.79,23.95,23.98,11624833
20140626,24.25,24.25,23.82,23.9,12007556
20140627,23.82,24.11,23.61,23.83,7209543
20140630,23.78,23.96,23.45,23.72,8235381
20140701,23.82,24.02,23.58,23.82,5146977
20140702,23.73,23.8,23.33,23.43,9418277
20140703,23.33,23.62,23.25,23.6,8779276
20140704,23.65,23.66,23.49,23.59,1466036
20140707,23.4,23.75,23.4,23.68,5065665
20140708,23.65,23.82,23.45,23.56,4935832
20140710,23.97,24.65,23.68,24.65,23925330
20140711,24.52,24.83,24.31,24.63,10123828
20140714,24.8,25.35,24.72,25.19,13080342
20140715,25.09,25.58,25.05,25.49,8771290
20140716,25.27,25.39,24.67,24.83,17366404
20140717,24.6,25.16,24.5,24.87,11441518
20140718,25.84,26.29,25.57,26.09,23010448
20140721,25.98,26.56,25.85,26.31,11323059
20140722,26.33,26.46,26.02,26.26,9163209
20140723,25.98,26.35,25.88,26.27,7612110
20140724,26.35,26.76,26.17,26.65,14656125
20140725,26.66,26.85,26.31,26.54,10657075
20140728,26.65,26.65,26.24,26.36,7746420
20140729,26.35,26.99,26.13,26.48,11997029
20140730,26.57,26.71,26.43,26.61,8992478
20140731,26.47,26.53,25.79,26.06,14569731
20140801,25.87,26.14,25.65,25.96,13189847
20140804,26.1,26.43,25.72,26.35,11971135
20140805,27.04,27.3,26.7,26.7,21200048
20140806,26.66,27.04,26.37,26.59,10857209
20140807,26.78,26.78,26.18,26.35,11207867
20140808,26.11,26.29,25.67,26,9351485
20140811,26.26,26.58,26.05,26.47,10198848
20140812,26.44,26.68,26.17,26.4,7036150
20140813,26.5,26.71,25.77,25.94,19191204
20140814,26.05,26.38,25.95,26.38,15185621
20140815,26.65,26.92,26.58,26.77,11085657
20140818,27.12,27.22,26.74,27.15,10612305
20140819,27.03,28.08,26.98,28.08,13609112
20140820,28.03,28.28,27.84,28.22,14195236
20140821,28.18,28.41,27.95,28.38,10177189
20140822,28.2,28.34,27.9,28.06,9746913
20140825,28.37,28.76,28.26,28.76,10743348
20140826,28.76,29.02,28.58,28.95,12628165
20140827,29.16,29.93,29.07,29.83,19143532
20140828,29.65,29.9,29.36,29.54,15258221
20140829,29.8,30.43,29.59,30.22,16388724
20140901,30.79,30.92,30.08,30.33,9954307
20140902,30.31,31.02,30.02,30.89,12909127
20140903,31.08,31.17,30.27,30.78,16030927
20140904,30.19,30.78,29.91,30.15,14518790
20140905,30.02,30.4,29.97,30.38,18221874
20140908,30.63,30.78,29.58,29.59,14516007
20140909,29.3,29.58,28.78,29.13,16558729
20140910,28.91,29.02,28.38,28.82,15994748
20140911,28.87,29.16,28.57,28.78,9300181
20140912,28.22,28.5,27.51,27.74,27516488
20140915,27.81,28.45,27.55,28.45,15169407
20140916,28.57,30,28.57,29.18,20773038
20140917,29.76,29.86,29.25,29.31,13991714
20140918,29.07,29.33,28.75,28.96,13988326
20140919,28.6,28.96,28.16,28.27,12043856
20140922,27.69,27.95,27.44,27.89,10468194
20140923,27.78,28.22,27.55,27.76,12223904
20140924,27.59,28.09,27.38,27.97,10223653
20140925,27.79,27.8,27.1,27.1,13337346
20140926,27.13,28.31,27.05,28.24,10576368
20140929,26.21,26.88,25.93,26.26,26849416
20140930,26.07,26.2,25.11,25.37,27778696
20141001,24.94,25.17,24.61,24.7,22935428
20141002,24.88,25.87,24.61,25.52,21183348
20141003,25.78,26.12,25.45,26.12,15830914
20141006,29.22,29.71,27.46,27.52,40652248
20141007,28.01,28.29,27.21,27.57,31687116
20141008,28.1,28.25,26.7,27.21,29067346
20141009,27.72,27.99,27.39,27.55,20076440
20141010,27.27,27.34,26.35,26.47,16158098
20141013,27.3,28.89,27.23,28.47,31485288
20141014,28.27,29.22,27.98,28.74,19588932
20141015,27.95,28.2,26.37,27.45,30980840
20141016,26.49,27.48,26.32,26.72,25559192
20141017,27.39,27.64,26.88,27.5,21703528
20141020,27.24,27.36,26.64,26.7,22173008
20141021,25.18,25.62,24.8,25.36,32250252
20141022,25.33,25.85,25.11,25.31,17484380
20141023,25.09,25.09,24.14,24.16,30448320
20141024,24.21,25.66,24.08,24.84,32065484
20141027,22.78,24.41,22.73,23.98,56395680
20141028,24.91,25.49,24.61,25.4,20247656
20141029,25.21,25.66,24.62,24.67,15058571
20141030,25.4,26.66,25.4,26.66,30333006
20141031,26.82,27.54,26.7,27.54,21775402
20141103,27.24,27.44,26.81,27.44,17660918
20141104,28.37,28.45,27.41,27.96,23372602
20141105,27.59,28.09,27.51,27.65,11512061
20141106,27.51,27.51,26.61,26.65,14350721
20141107,26.6,27.16,26.33,27.1,12264076
20141110,27.43,27.62,27.02,27.02,8926533
20141111,26.75,27.36,26.61,27.01,7596622
20141112,26.79,27.83,26.66,27.21,11809479
20141113,27.49,27.56,26.33,26.33,10191346
20141114,26.09,26.54,25.68,26.46,14822379
20141117,26.53,26.81,26.06,26.27,9193217
20141118,26.38,27.23,26.03,27.03,10813286
20141119,27.19,28.12,27.03,28.12,16168504
20141121,28.25,29.98,28.23,29.97,30774292
20141124,30.36,30.57,29.22,29.35,20013036
20141125,29.68,30.12,29.17,29.72,15181023
20141126,29.98,30.04,29.31,29.47,13167583
20141127,29.5,29.91,28.78,29.04,9217780
20141128,29.21,29.51,28.87,28.93,10689745
20141201,28.5,28.81,27.24,27.73,18859424
20141202,28.02,28.18,26.99,27.31,14660481
20141203,27.55,27.86,27.3,27.66,8833363
20141204,27.92,27.93,26.96,27.25,10762587
20141205,27.46,27.86,27.1,27.77,9426021
20141208,27.75,27.8,26.4,26.73,9789626
20141209,26.38,27.11,26.33,26.84,18362960
20141210,26.73,26.78,26.1,26.43,11047058
20141211,26.45,26.81,26.09,26.73,12648856
20141212,26.43,26.69,25.3,25.31,15906297
20141215,25.57,25.68,24.37,24.77,23014564
20141216,24.35,25.11,24,24.65,25394392
20141217,24.76,26.43,24.76,25.89,27849480
20141218,26.06,26.57,25.44,25.7,13338435
20141219,26.02,26.24,25.63,26.1,11300190
20141222,26.25,26.28,25.52,26.28,9378468
20141223,26.32,26.4,25.87,26.4,8492627
20141226,26.25,26.52,25.98,26.02,5218367
20141229,25.91,26.32,25.89,26.1,11156684
20141230,26.24,26.32,25.9,25.95,10425360
20150102,25.69,26.11,25.15,25.38,13612621
20150105,24.98,25.77,24.79,25.51,15332031
20150106,25.51,25.92,25.23,25.92,17938372
20150107,26.26,27.26,26.26,26.86,15268748
20150108,27.01,27.38,26.42,27.28,13887533
20150109,27.05,27.12,26.01,26.08,11050809
20150112,25.96,26.2,25.42,25.45,13094257
20150113,25.66,26.1,25.42,25.42,16729218
20150114,25.21,25.98,25.13,25.6,14644267
20150115,25.66,26.38,25.36,25.37,15500100
20150116,25.44,25.9,25.21,25.76,16755717
20150119,25.59,25.9,24.72,24.83,10005974
20150120,25.24,25.33,24.73,24.91,10889274
20150121,25.28,25.83,24.88,25.65,17406334
20150122,25.95,26.26,25.63,25.78,14623334
20150123,25.76,26.03,25.29,25.53,13406195
20150126,25.41,25.88,25.21,25.83,11681824
20150127,25.73,25.93,25.18,25.73,15121612
20150128,25.43,25.97,25.2,25.21,13541352
20150129,25.43,25.54,24.61,25.03,14478860
20150130,24.55,24.82,24.36,24.68,21465158
20150202,24.93,25.05,24.51,25.01,13875312
20150203,25.89,26.02,25.58,25.71,21738376
20150204,25.68,26.81,25.52,26.65,28937634
20150205,26.53,26.85,26.27,26.43,22716904
20150206,26.27,26.5,25.97,26.37,20266532
20150209,26.13,26.61,26.13,26.53,14839924
20150210,26.57,26.76,26.19,26.19,13888380
20150211,26.34,26.47,25.41,25.69,14168737
20150212,25.97,26.5,25.86,26.37,13839133
20150213,26.53,27.26,26.43,27.24,14718561
20150218,27.79,27.89,27.25,27.4,13907256
20150219,27.29,27.68,27.13,27.39,9385002
20150220,27.62,27.64,27.06,27.54,7297389
20150223,27.12,28,27.12,27.81,11249975
20150224,27.99,28.1,27.47,28.1,11560824
20150225,27.74,28.17,27.59,28.17,10025455
20150226,28.2,28.31,27.76,28.31,8961744
20150227,28.32,28.83,27.83,28.01,21866152
20150302,27.94,28.2,27.64,27.88,14009017
20150303,27.86,28.1,27.63,28.1,9564082
20150304,27.74,27.97,27.58,27.85,19286916
20150305,27.8,28.02,27.34,27.61,12464089
20150306,27.42,27.76,26.61,26.87,20767836
20150309,26.25,26.65,25.69,26.17,23872936
20150310,25.75,26.14,25.14,25.14,35733236
20150311,25.36,26.03,25.33,25.99,30308928
20150312,26.25,26.4,25.94,26.1,18835344
20150313,25.5,26.02,25.43,25.97,22616716
20150316,26.14,26.31,25.65,25.97,13099460
20150317,26.09,26.71,25.92,26.71,21319596
20150318,26.59,27.64,26.37,27.52,20340220
20150319,27.44,27.51,26.93,27.35,12102662
20150320,27.64,27.99,27.52,27.58,18620932
20150323,27.55,27.71,26.99,27.41,11867075
20150324,27.41,27.7,26.94,27.24,13800897
20150325,27.41,27.84,26.91,27.21,18901532
20150326,26.93,27.08,26.35,26.45,15141214
20150327,26.46,26.46,25.79,25.99,17315948
20150330,26.1,26.86,26.05,26.86,13760483
20150331,26.6,27.32,26.47,27.11,15910895
20150401,27.49,28.22,27.4,28.03,18190292
20150402,27.99,28.68,27.99,28.3,14949792
20150406,28.7,28.78,28.31,28.65,11488708
20150407,28.49,28.8,28.35,28.66,13354286
20150408,28.92,29.15,28.71,28.8,16077875
20150409,28.19,28.37,27.8,28.22,24200000
20150410,28.03,28.57,27.88,28.43,11454344
20150413,28.34,28.62,28.04,28.21,11757207
20150414,28.35,28.44,27.81,28.21,11485199
20150415,28.47,28.67,28.12,28.62,11383075
20150416,28.48,28.54,28.24,28.4,12233584
20150417,28.12,28.26,28.02,28.04,13313993
20150420,28.17,28.24,27.46,27.57,20893432
20150422,27.65,28.53,27.57,28.34,16086950
20150423,28.05,29.15,27.85,29.11,16172255
20150424,29.11,30.29,29.08,30.05,28266688
20150427,29.94,30.34,29.36,29.49,13571965
20150428,29.66,29.88,29.19,29.79,15308073
20150429,29.51,29.77,29.21,29.38,11494758
20150430,29.26,29.71,29.11,29.59,12444003
20150504,29.77,30.28,29.74,29.93,12734161
20150505,29.73,30.15,29.27,29.63,17468528
20150506,29.67,29.89,28.58,28.89,21405504
20150507,28.67,29,28.5,29,14770228
20150508,29.42,29.43,28.66,29.39,16992636
20150511,29.48,29.58,29.03,29.25,8811341
20150512,28.96,29.38,28.9,29.12,14610024
20150513,28.99,29.27,28.82,28.92,13366265
20150514,28.94,29.31,28.77,29.2,14350721
20150515,29.12,29.76,29.12,29.75,9605585
20150518,29.79,29.79,28.76,28.96,28069944
20150519,28.89,29.23,28.1,28.55,13844094
20150520,28.26,28.37,27.84,28.04,23367400
20150521,27.75,27.8,27.35,27.7,21895312
20150522,27.5,27.5,27.09,27.12,28018880
20150525,27.2,27.4,26.92,27.22,9221410
20150526,27.06,27.12,26.7,26.82,14923172
20150527,27.03,27.44,26.61,27.37,17424484
20150528,27.14,27.24,26.72,27.04,10879594
20150529,26.97,26.97,26.35,26.38,24025880
20150601,26.47,26.61,26.16,26.19,14968184
20150602,26.42,26.86,26.24,26.78,16839328
20150603,26.72,26.72,26.06,26.1,16785484
20150605,26.03,26.11,25.46,25.48,14007565
20150608,25.72,25.73,25.36,25.37,15578629
20150609,25.44,25.66,25.19,25.21,14851903
20150610,25.59,26.16,25.56,25.95,29060932
20150611,26.24,26.32,25.59,25.79,18325572
20150612,25.56,25.81,25.38,25.52,16301967
20150615,25.36,25.65,24.9,25.65,17071164
20150616,25.93,26.56,25.8,26.56,23846076
20150617,26.39,26.59,25.98,26.09,18894756
20150618,26.26,26.89,25.95,26.73,10049534
20150619,26.15,26.61,26.11,26.43,17987134
20150622,26.56,26.77,26.31,26.51,14138487
20150623,26.72,27.05,26.55,26.77,12543586
20150624,26.82,27.12,26.68,26.86,13708574
20150625,26.83,26.87,26.13,26.4,13605119
20150626,26.31,26.89,26.31,26.63,11417076
20150629,26.19,26.56,26.06,26.29,8324679
20150630,26.47,26.58,26.19,26.3,12144770
20150701,26.49,26.51,26.17,26.45,12512368
20150702,26.71,26.97,26.54,26.81,11791934
20150703,26.64,26.8,26.45,26.54,5156899
20150706,26.21,26.6,25.92,26.08,11102476
20150707,25.92,26.24,25.59,26.18,11978274
20150708,25.98,26.22,25.76,25.88,9999561
20150710,26.45,26.76,26.19,26.67,15026869
20150713,26.83,27.16,26.71,26.91,8423899
20150714,26.85,27.05,26.59,26.93,8257150
20150715,26.83,26.97,26.38,26.47,11596970
20150716,26.77,26.86,26.31,26.54,9661850
20150717,26.56,26.73,26.23,26.38,7235580
20150720,26.41,26.49,26.08,26.22,9680880
20150721,26.23,26.37,25.84,26,9960610
20150722,25.81,25.93,25.32,25.6,14358850
20150723,25.76,25.76,24.44,24.53,26447960
20150724,24.44,24.49,23.82,24.42,28073210
20150727,24.32,24.72,24.2,24.37,17213900
20150728,24.78,25.21,24.11,24.82,22765050
20150729,24.73,25.21,24.61,25.06,15007740
20150730,25.19,25.21,24.55,24.75,8344600
20150731,24.96,25.44,24.89,25.44,14529240
20150803,25.3,25.47,24.99,25.32,14252150
20150804,25.34,25.34,24.47,24.71,30022740
20150805,24.96,25.19,24.55,24.67,13339260
20150806,24.53,24.84,24.29,24.58,18729700
20150807,24.37,24.58,23.74,23.86,16358980
20150810,24.04,24.35,23.81,24.17,16187160
20150811,24.12,24.24,23.73,24.12,12189650
20150812,23.84,23.85,23.24,23.42,28739480
20150813,23.55,23.61,22.67,22.84,29760500
20150814,22.98,23.03,22.51,22.81,24982980
20150817,22.77,23.33,22.57,22.57,14721850
20150818,22.61,23.68,22.15,22.95,32966120
20150819,22.67,22.82,22.15,22.48,18762040
20150820,22.21,22.84,22.08,22.53,19059700
20150821,22.28,22.87,22.13,22.58,23280400
20150824,21.37,22.75,21.14,22.14,30842240
20150825,22.91,22.99,21.94,22.08,28087180
20150826,22.37,23.41,22.14,23.41,29957070
20150827,23.62,24.59,23.61,24.24,26638150
20150828,23.95,24.46,23.28,23.55,18185420
20150831,22.96,23.03,22.43,22.71,25451690
20150901,22.18,22.58,22.05,22.18,18405860
20150902,22.47,22.7,22.11,22.7,13805440
20150903,22.83,23.57,22.47,23.57,28536860
20150904,23,23.26,22.61,22.61,25858580
20150908,23.15,23.15,22.77,22.86,11470140
20150909,23.19,23.75,23.04,23.12,18739050
20150910,22.25,23.06,22.25,22.65,29431160
20150911,22.59,22.7,22.38,22.7,20788460
20150914,22.84,23.63,22.51,23.61,20843900
20150915,23.43,24.36,23.43,24.19,24064920
20150916,24.39,24.9,24.31,24.81,26784560
20150917,24.42,25.26,24.37,24.81,21757670
20150918,24.48,24.82,23.63,23.83,31123290
20150921,23.79,24,23.12,23.3,17004020
20150922,23.04,23.71,22.63,23.53,20838400
20150923,23.48,23.7,22.59,22.59,17460190
20150924,21.92,22.99,21.57,22.85,32475630
20150925,23.15,23.36,22.17,22.29,14368310
20150928,22.11,22.47,21.86,22.28,17480870
20150929,22.31,22.56,22.14,22.18,13636590
20150930,22.74,22.85,22.05,22.69,25709420
20151001,22.69,23.17,22.5,23.02,13762650
20151002,22.83,23.95,22.73,23.95,21858760
20151005,24.28,24.83,24.18,24.46,17746300
20151006,24.23,24.79,24.22,24.68,17569970
20151007,25.09,25.94,24.71,25.38,27799420
20151008,25.23,25.58,24.99,25.48,19668990
20151009,25.85,25.87,24.82,25.3,27640800
20151013,24.58,24.74,23.69,23.95,29308290
20151014,23.79,24.21,23.56,23.73,35427808
20151015,23.83,23.94,23,23.33,26378110
20151016,23.21,23.6,22.86,22.98,21789350
20151019,23.08,23.59,22.95,23.53,16136890
20151020,23.68,23.84,22.87,23.05,20121640
20151021,23.15,23.26,22.69,22.88,16222030
20151022,22.97,23.43,22.91,23.36,20031990
20151023,23.85,24.06,23.19,23.21,19117010
20151026,23.33,23.52,22.78,22.86,13095610
20151027,22.86,23.01,22.53,22.73,13338380
20151028,22.76,23.49,22.56,22.89,26000260
20151029,22.59,23.23,22.26,22.26,17735080
20151030,22.49,22.71,22.28,22.67,13029940
20151103,22.88,24.13,22.85,24.13,27293310
20151104,24.5,24.68,23.96,24.19,20041120
20151105,24.19,24.5,23.93,24.48,10662960
20151106,24.42,24.42,23.82,24.11,14440580
20151109,23.98,24.06,23.42,23.49,11960850
20151110,23.44,23.64,23.05,23.64,11223080
20151111,23.85,24.41,23.8,24.28,15691390
20151112,24.27,24.42,23.93,24.35,12744380
20151113,24.14,24.2,23.67,23.67,14178120
20151116,23.78,24.34,23.73,24.34,18479670
20151117,24.5,24.99,24.38,24.51,15639140
20151118,24.5,24.92,24.36,24.45,17888310
20151119,24.85,25.18,24.33,25.12,20984040
20151123,25.38,25.47,24.98,25.11,14912700
20151124,24.89,25.16,24.52,25.15,10665380
20151125,24.63,24.7,23.82,23.91,24614700
20151126,23.99,24.51,23.9,24.26,11507650
20151127,24.09,24.18,23.56,23.62,16409580
20151130,23.48,24.03,23.23,23.81,30313580
20151201,23.87,24.08,23.51,23.99,14246210
20151202,23.89,24.05,23.11,23.23,22754380
20151203,24.26,25.22,24.09,24.71,35398220
20151204,24.49,24.59,23.75,24.16,19115800
20151207,24.44,24.6,23.87,23.98,17300470
20151208,23.97,23.97,23.41,23.7,21416120
20151209,24.05,25.06,24.02,24.99,31748310
20151210,24.91,25.09,24.68,24.84,15900280
20151211,24.59,25.06,24.47,24.84,14913030
20151214,24.6,24.65,24.07,24.25,13262370
20151215,24.33,24.85,24.33,24.41,22186340
20151216,24.19,24.38,23.63,24.25,19292020
20151217,24.75,25.07,24.55,24.66,13250160
20151218,24.04,24.12,23.23,23.23,37190120
20151221,23.37,23.46,22.68,22.8,21449450
20151222,23.07,23.25,22.68,22.94,18676570
20151223,23.37,23.37,22.69,22.86,13060300
20151228,22.9,23.05,22.77,22.77,18802410
20151229,22.94,22.99,22.67,22.79,8008110
20151230,22.88,22.88,22.49,22.71,14084510
20160104,22.37,22.52,21.69,21.69,25381180
20160105,21.92,22.25,21.64,21.87,14007070
20160106,21.57,22.29,21.4,21.78,22347050
20160107,21.49,21.83,21.37,21.37,19177620
20160108,21.53,21.79,21.38,21.38,12058310
20160111,21.5,21.6,21.08,21.13,12813130
20160112,21.4,21.61,21.07,21.22,12122000
20160113,21.45,21.57,20.76,20.89,13028840
20160114,20.97,21.21,20.42,21.19,15628250
20160115,20.8,20.88,20.46,20.64,20225040
20160118,20.71,20.77,20.4,20.4,7291790
20160119,20.74,20.86,20.06,20.19,11123640
20160120,19.85,20.04,19.68,19.91,24574550
20160121,19.85,20.25,19.81,19.95,19718160
20160122,20.15,20.41,20.03,20.14,10529640
20160126,19.89,20.36,19.78,20.36,12267420
20160127,20.25,20.73,20.05,20.44,15512970
20160128,20.66,20.77,20.37,20.57,11010670
20160129,20.8,21.53,20.71,21.53,20379480
20160201,21.34,21.99,21.11,21.99,12836120
20160202,21.12,21.16,20.08,20.08,49834620
20160203,20.54,21.02,20.51,20.91,25423640
20160204,21.24,21.81,20.56,21.21,25161840
20160205,21.16,21.72,21,21.41,15844620
20160210,21.14,21.54,21.03,21.52,8041770
20160211,21.1,21.22,20.65,20.88,11754490
20160212,21.03,21.09,20.65,21.04,11170830
20160215,21.41,21.45,20.97,20.97,7214130
20160216,21.03,21.84,20.86,21.48,20995700
20160217,21.76,22.33,21.29,21.72,27955620
20160218,21.48,21.5,21.03,21.28,20513460
20160219,21.11,21.61,21.02,21.47,13654520
20160222,22.07,22.47,21.89,22.33,28256250
20160223,22.14,22.56,21.87,22.02,13360380
20160224,21.71,21.98,21.36,21.83,11666490
20160225,21.62,22.24,21.47,21.85,11712690
20160226,22,22.27,21.69,21.85,10356940
20160229,22.2,22.55,21.94,22.47,23173700
20160301,22.69,23.53,22.57,23.53,24613490
20160302,23.54,24.15,23.22,24.07,26861560
20160303,24.34,26.53,24.33,26.46,46126520
20160304,28.23,28.71,27.08,27.75,55320320
20160307,27.75,27.79,26.82,27.62,20142980
20160308,27.51,28.66,27.28,28.24,21247820
20160309,28.58,28.93,27.31,27.31,25030060
20160310,27.96,28.77,27.18,28.38,29371320
20160311,28.16,29.2,28.14,28.62,17487800
20160314,28.78,29.39,28.36,28.48,17447210
20160315,27.44,27.93,26.62,27.22,24546500
20160316,26.82,26.86,25.35,26.41,29862910
20160317,28.85,29.63,27.7,29.3,40902620
20160318,29.24,29.47,28.61,29.38,18571960
20160321,29.38,29.7,28.82,29.39,15478210
20160322,29.3,29.3,28.47,28.63,15260960
20160323,28.17,28.32,27.3,27.72,12770560
20160324,26.91,27.47,26.91,27.43,10568140
20160328,28.54,28.61,28,28.11,16350400
20160329,28.15,28.76,27.49,28.28,14459940
20160330,28.5,28.85,28.23,28.44,13765950
20160331,28.13,28.23,27.39,27.62,16796560
20160401,27.23,28.01,27.03,27.81,14994430
20160404,27.51,27.69,26.73,26.84,11556380
20160405,26.7,27.31,26.08,26.89,14724380
20160406,26.52,26.8,25.96,26.12,12014310
20160407,26.48,26.79,26.17,26.41,9670100
20160408,27.19,28.32,27.1,28.07,18498040
20160411,28.51,29.02,28.13,28.21,18773920
20160412,28.54,29.7,28.44,29.49,19102160
20160413,30.24,30.45,29.75,29.85,21013080
20160414,29.95,30.11,28.82,28.98,22728310
20160415,29.25,29.42,28.95,29.17,18778650
20160418,28.8,29.33,28.18,28.96,18507610
20160419,29.22,29.47,28.82,29.12,16730340
20160420,28.91,28.91,28.29,28.58,11676830
20160422,28.16,28.59,27.95,28.05,14112340
20160425,27.98,28.27,27.6,27.81,8041330
20160426,27.98,28.78,27.58,28.77,9712340
20160427,28.95,29.82,28.87,29.75,15687320
20160428,29.31,30.29,29.19,29.55,14011030
20160429,29.74,29.97,28.74,29.11,21613790
20160502,29.09,29.21,28.18,28.31,14261170
20160503,27.53,27.54,26.65,26.68,24103860
20160504,26.99,27.41,26.64,27.33,15107290
20160505,27.61,27.79,26.52,26.92,11556270
20160506,26.58,27.18,26.53,26.93,9458130
20160509,26.73,27.3,26.04,27.1,17911190
20160510,27.46,28.8,27.34,28.8,16187930
20160511,29.17,29.46,28.48,28.62,15859580
20160512,29.06,29.27,28.4,28.91,14972870
20160513,28.72,28.91,27.53,27.82,14832070
20160516,27.6,28.12,27.39,27.39,9561750
20160517,27.56,27.93,26.8,26.81,11736670
20160518,26.53,27.75,26.4,27.22,16164500
20160519,26.94,27.16,26.66,26.99,11637010
20160520,27.3,27.42,26.63,26.65,9235820
20160523,26.21,26.99,26.09,26.74,13563660
20160524,27.04,27.44,26.41,26.71,7565140
20160525,26.98,27.22,26.53,26.59,9608280
20160527,26.58,26.99,26.3,26.32,7465150
20160530,26.27,26.57,26.13,26.31,2772770
20160531,26.21,26.44,25.49,25.74,35265008
20160601,25.77,26.27,25.51,26.12,12030370
20160602,26.18,26.59,25.74,26.41,12551990
20160603,26.74,26.84,26.24,26.49,8302580
20160606,26.59,26.67,25.97,26.23,7412240
20160607,26.15,26.74,25.91,26.65,9792970
20160608,26.8,27.35,26.76,27.06,12267310
20160609,26.96,27.14,26.63,27,8821120
20160610,26.68,26.81,25.62,25.62,15594040
20160613,25.53,25.86,25.27,25.73,9087760
20160614,25.76,26.18,25.15,25.36,17781940
20160615,25.42,25.84,24.9,25.24,23076680
20160616,25,25.89,24.83,25.7,15538820
20160617,25.96,26.24,25.54,25.63,17202790
20160620,26.04,26.4,25.87,26.06,16862670
20160621,25.57,26.05,25.38,26.05,15413310
20160622,26.02,26.36,25.5,25.6,13990570
20160623,25.87,26.68,25.69,26.59,11988130
20160624,25.71,26.13,25.43,25.66,19419290
20160627,25.76,25.81,24.69,24.8,15605370
20160628,25.29,25.73,25.18,25.67,14013780
20160629,26.05,26.37,25.85,26.25,14799400
20160630,26.2,27.05,26.1,26.86,23019480
20160701,26.97,27.48,26.6,27.41,21811020
20160704,27.56,27.69,27.23,27.39,4007300
20160705,27.14,27.35,26.96,27.2,7738610
20160706,26.96,27.39,26.65,27.31,8270130
20160707,27.45,27.98,27.14,27.58,10186880
20160708,27.89,28.4,27.78,28.33,13123550
20160711,28.45,28.8,28.25,28.6,10219440
20160712,28.87,29.04,28.23,28.36,16321910
20160713,28.32,28.96,28.23,28.95,12319890
20160714,29.49,29.82,29.28,29.77,21777250
20160715,29.71,29.87,29.36,29.67,12772650
20160718,29.79,30.3,29.59,30.18,10759210
20160719,29.98,30.33,29.9,30,9694960
20160720,30.14,30.6,29.9,30.47,14516700
20160721,30.47,30.65,29.51,30.06,17153620
20160722,29.98,30.49,29.85,30.25,8350980
20160725,30.24,30.48,29.81,30.02,5837040
20160726,30.06,30.29,29.64,29.64,8151770
20160727,29.8,30.23,29.67,29.75,11336600
20160728,29.74,29.74,29.14,29.43,15086500
20160729,29.19,30.12,29.19,29.97,13038190
20160801,29.94,30.25,29.55,29.66,10164990
20160802,29.68,30.45,29.59,30.02,22524920
20160803,29.83,31.27,29.81,31.27,24329140
20160804,31.5,31.99,31.4,31.44,18662270
20160805,31.76,31.79,30.88,31.26,13072400
20160808,30.97,31.43,30.95,31.05,10090300
20160809,31.28,31.52,31.11,31.12,8830030
20160810,31.23,31.45,30.53,30.86,11458260
20160811,31.14,31.67,30.87,31.65,13127290
20160812,31.67,32.08,31.54,31.89,11869660
20160815,32.06,32.61,31.93,32.53,10106690
20160816,32.33,32.71,32.26,32.4,15488770
20160817,32.33,32.83,32.08,32.83,16026120
20160818,32.62,32.94,32.36,32.76,11302390
20160819,32.51,32.74,32.18,32.55,9908910
20160822,32.4,32.49,31.84,31.92,7452940
20160823,32.13,32.44,31.73,31.87,8688790
20160824,31.57,32.04,31.34,31.72,13198460
20160825,31.69,32.01,31.46,31.62,9572530
20160826,31.82,32.42,31.65,32,10788910
20160829,31.89,32.78,31.82,32.57,7139000
20160830,32.6,32.85,32.39,32.78,4811180
20160831,32.87,33.04,31.8,32.11,18533130
20160901,32.03,32.72,31.88,32.43,14283280
20160902,32.58,33.15,32.58,32.9,13287010
20160905,32.91,33.16,32.72,32.91,3505700
20160906,33.07,33.23,32.55,33.23,7964660
20160908,32.92,33.1,32.75,32.83,13292950
20160909,32.37,32.46,31.44,31.59,14819420
20160912,31.52,32.11,31.19,32,12610620
20160913,31.67,31.86,31.04,31.36,18882820
20160914,31.38,31.75,31.28,31.39,11182380
20160915,31.54,32.23,31.43,32.07,12501280
20160916,31.91,31.98,31.15,31.34,16010280
20160919,31.71,31.96,31.41,31.57,7971370
20160920,31.77,32.05,31.56,31.64,5577660
20160921,31.99,32.12,31.13,31.95,16264380
20160922,32.25,32.77,32.12,32.46,9948620
20160923,32.44,32.54,32.05,32.38,6570300
20160926,32,32.2,31.87,32.12,8709470
20160927,32.23,32.53,31.77,32.49,13874190
20160928,32.53,32.9,32.26,32.72,11940940
20160929,32.8,32.99,31.87,31.89,14183400
20160930,32.03,32.26,31.66,31.83,17041970
20161003,31.82,32.68,31.82,32.59,15727800
20161004,32.68,33.03,32.5,32.87,29361200
20161005,32.99,33.66,32.92,33.52,14213650
20161006,33.46,33.94,33.41,33.8,11049720
20161007,34.07,34.23,33.63,34.11,12494130
20161010,34.43,34.59,34.07,34.16,8668110
20161011,34.05,34.22,33.8,34.04,16673470
20161013,33.93,34.65,33.63,34.42,20062570
20161014,34.75,35.24,34.64,35.08,13983860
20161017,35.15,35.85,34.91,35.85,16749480
20161018,35.8,36.49,35.41,36.35,14499500
20161019,36.14,36.38,35.65,35.76,9216200
20161020,35.43,36.24,35.21,35.87,10270100
20161021,35.72,36.06,35.53,35.81,6545800
20161024,36.07,36.08,35.41,35.5,9389600
20161025,35.37,35.62,34.84,35.31,8398100
20161026,35.09,35.73,34.96,35.53,10065800
20161027,35.59,36.64,35.55,36.29,11188400
20161028,36.19,36.81,35.96,36.59,9686700
20161031,37.63,38.3,37.45,37.87,20939500
20161101,38.21,38.21,36.53,36.75,17729600
20161103,36.5,37.34,35.96,35.96,16340700
20161104,36.05,36.93,35.77,36.25,13763700
20161107,37.01,37.78,36.76,37.56,11313500
20161108,37.56,38.22,37.13,37.65,9559800
20161109,36.11,37.43,36.01,36.44,19455100
20161110,36.38,36.79,34.1,34.63,29415800
20161111,34.18,35.18,33.78,34.18,26539000
20161114,33.9,34.76,33.45,33.97,17452700
20161116,34.78,35.65,34.15,35.65,19153100
20161117,35.96,35.96,34.4,34.59,15608800
20161118,34.45,35.4,34.45,34.91,9208500
20161121,35.17,35.38,34.9,35.2,12292600
20161122,35.71,35.84,34.84,35.32,12858600
20161123,35.11,35.42,34.66,34.99,7042500
20161124,35.1,35.12,34.51,34.63,3836600
20161125,34.2,34.53,34.05,34.39,8013700
20161128,34.4,35.25,34.12,35.12,7352200
20161129,34.87,35.05,34.27,34.27,7301000
20161130,34.72,35.51,34.69,34.94,12676200
20161201,34.21,34.3,33.06,33.36,23880000
20161202,33,34.16,32.61,33.5,13204800
20161205,33.61,33.82,33.16,33.38,6971200
20161206,33.17,34.1,32.97,33.82,12093600
20161207,34.25,34.25,33.37,33.56,13955800
20161208,33.95,33.95,33.25,33.36,9141300
20161209,33.84,33.85,33.26,33.46,17703300
20161212,33.01,33.25,31.89,32.07,22708200
20161213,31.89,32.69,31.85,32.22,20694800
20161214,32.08,32.8,32.08,32.15,15240700
20161215,32.07,32.36,31.44,32.03,17652100
20161216,32.28,32.39,31.45,31.45,13984900
20161219,31.58,31.82,30.6,30.6,13617200
20161220,30.99,31.72,30.79,31.38,14230200
20161221,31.68,31.71,31.17,31.37,9569900
20161222,31.38,31.72,31.18,31.63,15064200
20161223,31.83,32.73,31.78,32.45,12320500
20161226,32.49,32.88,32.49,32.71,2846800
20161227,32.98,32.98,32.36,32.69,8009900
20161228,32.65,33.63,32.65,33.46,6846900
20161229,33.47,33.87,33.14,33.83,7686400
20170102,33.45,33.74,33.31,33.53,2068700
20170103,33.84,34.97,33.78,34.95,16810000
20170104,34.8,35.23,34.71,35.1,9079500
