<DTYYYYMMDD>,<OPEN>,<HIGH>,<LOW>,<CLOSE>,<VOL>
20140123,10.78,10.78,10.78,10.78,17500
20140124,11.25,11.25,11.25,11.25,500
20140127,11.57,11.57,11.57,11.57,500
20140128,11.65,11.65,11.39,11.56,86500
20140129,11.26,11.35,11.26,11.34,66000
20140130,11.26,11.44,11.2,11.2,174000
20140131,11.2,11.4,11.11,11.39,183500
20140203,11.11,11.11,10.87,11.02,46500
20140204,10.84,10.84,10.47,10.65,319500
20140205,10.74,10.74,10.19,10.41,1279500
20140206,10.7,11.02,10.31,10.65,1238000
20140207,10.84,10.89,10.1,10.84,1692000
20140210,10.29,11.02,10.29,10.94,872500
20140211,11.11,11.2,10.77,11.02,1121500
20140212,11.2,11.2,10.87,11.2,1915500
20140213,10.84,11.26,10.7,11.26,1340000
20140214,11.26,11.48,11.02,11.48,833500
20140217,11.39,11.59,11.24,11.5,811000
20140218,11.3,11.38,11.07,11.3,1162000
20140219,11.08,11.12,10.92,11.11,1960500
20140220,11.1,11.18,10.91,11.14,1738500
20140221,11.14,11.2,11.01,11.09,1463500
20140224,11.17,11.17,10.84,10.89,1001500
20140225,10.84,10.87,10.49,10.78,2024500
20140226,10.65,10.85,10.6,10.66,1286500
20140227,10.72,10.83,10.53,10.83,1218500
20140228,10.83,10.88,10.46,10.65,1914000
20140305,10.58,10.58,10.35,10.5,937500
20140306,10.5,10.5,10.31,10.38,1316000
20140307,10.38,10.39,10.16,10.16,1500500
20140310,10.16,10.16,9.69,9.81,1969000
20140311,9.87,9.87,9.55,9.74,1764000
20140312,9.66,10.06,9.63,10.04,2094500
20140313,10.08,10.08,9.74,9.91,1995500
20140314,9.81,10.01,9.69,9.92,2375000
20140317,9.88,9.98,9.74,9.81,1099500
20140318,9.85,10.25,9.72,10.25,3929000
20140319,10.25,10.46,10.09,10.33,1547000
20140320,10.32,10.48,10.12,10.45,1683500
20140321,10.4,10.4,10.22,10.26,1256500
20140324,10.26,10.35,10.15,10.3,1086500
20140325,10.54,10.54,10.1,10.49,1148000
20140326,10.5,10.54,10.12,10.41,3306300
20140327,10.55,10.68,10.15,10.64,2173800
20140328,10.74,10.82,10.44,10.64,1292700
20140331,10.7,10.79,10.5,10.78,2020400
20140401,10.75,10.84,10.58,10.73,1176900
20140402,10.73,11.09,10.63,11.09,1952600
20140403,10.8,11.12,10.8,11.12,972200
20140404,11.21,11.26,10.99,11.2,1513000
20140407,11.14,11.34,10.99,11.28,1768800
20140408,11.45,11.48,10.98,11.1,3117200
20140409,11.02,11.02,10.71,10.87,5283100
20140410,10.78,10.78,10.37,10.65,3973800
20140411,10.58,10.7,10.33,10.47,3900800
20140414,10.4,10.63,10.28,10.51,2436300
20140415,10.51,10.51,10.12,10.43,2117000
20140416,10.5,10.7,10.19,10.59,2530000
20140417,10.53,10.88,10.42,10.88,2406500
20140422,10.75,10.96,10.51,10.75,2923800
20140423,10.67,10.74,10.4,10.49,3230500
20140424,10.57,10.65,10.34,10.65,1648400
20140425,10.57,10.72,10.41,10.59,2169500
20140428,10.52,10.84,10.43,10.77,2104900
20140429,10.73,11.03,10.61,10.94,3339900
20140430,10.87,11.07,10.71,10.89,2620000
20140502,10.85,11.24,10.75,11.13,4041800
20140505,11.19,11.4,11.1,11.34,3066600
20140506,11.26,11.45,11.13,11.45,2558000
20140507,11.32,11.46,11.25,11.46,3995500
20140508,11.37,11.47,11.18,11.3,2274200
20140509,11.23,11.31,11.11,11.13,1479800
20140512,11.22,11.28,11.13,11.28,1015500
20140513,11.27,11.35,11.15,11.22,1146400
20140514,11.19,11.33,11.09,11.22,1471500
20140515,11.15,11.22,10.95,11.1,1318600
20140516,11.11,11.26,10.97,11.18,1830400
20140519,11.23,11.3,10.97,10.98,1547300
20140520,10.93,11.01,10.62,10.69,3116600
20140521,10.72,10.72,10.48,10.6,1795500
20140522,10.6,10.73,10.49,10.61,2144700
20140523,10.6,10.65,10.42,10.61,5899200
20140526,10.68,10.82,10.56,10.81,745000
20140527,10.83,10.88,10.55,10.65,1827400
20140528,10.65,10.8,10.57,10.76,2265900
20140529,10.76,10.82,10.67,10.76,1539700
20140530,10.65,10.73,10.48,10.65,5587100
20140602,10.58,10.75,10.55,10.69,2010300
20140603,10.64,10.79,10.56,10.77,1509700
20140604,10.77,10.77,10.5,10.66,1807500
20140605,10.59,10.68,10.55,10.56,1599400
20140606,10.77,10.79,10.57,10.61,2868600
20140609,10.61,10.8,10.58,10.67,2143500
20140610,10.62,10.64,10.38,10.52,3374200
20140611,10.63,10.68,10.41,10.5,2231100
20140613,10.52,10.52,10.3,10.39,2506000
20140616,10.4,10.4,10.15,10.24,1547100
20140617,10.24,10.28,9.99,10.2,2434700
20140618,10.24,10.43,10.07,10.39,3479100
20140620,10.26,10.69,10.2,10.66,4978200
20140623,10.63,10.64,10.42,10.43,899600
20140624,10.39,10.6,10.37,10.55,1599200
20140625,10.47,10.52,10.21,10.28,1898600
20140626,10.33,10.42,10.19,10.38,1501700
20140627,10.3,10.4,10.21,10.27,1113100
20140630,10.31,10.35,10.23,10.33,2702100
20140701,10.33,10.33,10.13,10.24,1738800
20140702,10.28,10.34,10.15,10.34,3444300
20140703,10.28,10.56,10.24,10.56,2066400
20140704,10.56,10.73,10.43,10.68,769900
20140707,10.61,10.71,10.54,10.71,889800
20140708,10.66,10.73,10.6,10.7,1471600
20140710,10.75,10.85,10.68,10.85,2157700
20140711,10.85,11.02,10.77,10.96,2079100
20140714,11,11.11,10.95,11.01,2429500
20140715,11.01,11.05,10.81,10.81,1363600
20140716,10.84,10.98,10.68,10.84,2258200
20140717,10.83,10.92,10.6,10.78,5333200
20140718,11,11.05,10.79,10.97,2337800
20140721,10.93,10.95,10.65,10.73,3261600
20140722,10.71,10.79,10.58,10.61,3792200
20140723,10.54,10.61,10.41,10.57,1341500
20140724,10.58,10.69,10.49,10.69,903300
20140725,10.62,10.7,10.52,10.66,836900
20140728,10.59,10.69,10.53,10.66,1478300
20140729,10.65,10.67,10.49,10.61,1200300
20140730,10.68,10.69,10.41,10.48,1750100
20140731,10.39,10.56,10.3,10.56,5598500
20140801,10.49,10.59,10.47,10.59,2187300
20140804,10.55,10.65,10.5,10.61,1562500
20140805,10.58,10.66,10.3,10.51,5674300
20140806,10.53,10.56,10.35,10.43,2412800
20140807,10.47,10.49,10.27,10.35,5917500
20140808,10.31,10.45,10.21,10.37,1463100
20140811,10.36,10.42,10.31,10.42,1963500
20140812,10.41,10.53,10.37,10.47,1392300
20140813,10.53,10.68,10.36,10.52,2175700
20140814,10.45,10.55,10.41,10.51,975700
20140815,10.64,10.68,10.54,10.56,2222900
20140818,10.64,10.65,10.51,10.6,1072200
20140819,10.9,11,10.63,10.97,1715000
20140820,10.96,11.12,10.89,11.1,2577700
20140821,11.03,11.2,11.02,11.11,2001000
20140822,11.1,11.17,10.97,11.1,2088500
20140825,11.15,11.33,11.09,11.33,2106500
20140826,11.37,11.41,11.19,11.23,2285100
20140827,11.31,11.34,11.2,11.21,2652500
20140828,11.2,11.26,10.88,10.88,3658400
20140829,10.95,10.99,10.58,10.74,4739100
20140901,10.82,10.85,10.51,10.58,3177400
20140902,10.6,11.09,10.59,11.09,3059500
20140903,11.04,11.28,11,11.26,3077300
20140904,11.23,11.71,11.14,11.62,6521800
20140905,11.6,11.88,11.54,11.88,3628100
20140908,11.96,12.02,11.45,11.48,3363800
20140909,11.29,11.41,11.14,11.15,3358900
20140910,11.07,11.29,10.89,11.27,1600100
20140911,11.34,11.52,11.27,11.42,2254000
20140912,11.24,11.62,11.01,11.36,3255100
20140915,11.41,11.53,11.2,11.53,3358300
20140916,11.6,11.72,11.52,11.62,3158600
20140917,11.57,11.76,11.41,11.61,2238200
20140918,11.54,11.81,11.36,11.81,2331700
20140919,11.67,11.76,11.43,11.43,9184400
20140922,11.32,11.42,11.05,11.4,2371100
20140923,11.36,11.43,11.12,11.29,3620400
20140924,11.25,11.37,11.16,11.32,3501000
20140925,11.31,11.34,11.15,11.26,4812200
20140926,11.3,11.36,11.2,11.32,1759700
20140929,11.13,11.27,10.95,11.22,2468700
20140930,11.12,11.21,11.03,11.19,4525900
20141001,11.08,11.33,10.88,11.28,5419600
20141002,11.35,11.53,10.98,11.53,3989300
20141003,11.55,11.55,11.24,11.48,2411100
20141006,11.69,12,11.51,11.62,2773300
20141007,11.7,11.8,11.49,11.56,2048800
20141008,11.67,11.74,11.4,11.53,3040300
20141009,11.57,11.6,11.23,11.31,1691300
20141010,11.24,11.28,10.97,11.12,1268200
20141013,11.32,11.32,10.98,11.12,4015300
20141014,11.13,11.17,11.03,11.12,1277000
20141015,11.02,11.12,10.68,11.04,2232000
20141016,10.75,10.95,10.7,10.86,4585400
20141017,10.99,11.18,10.87,10.97,4526400
20141020,10.91,11.01,10.76,10.92,1991800
20141021,10.76,10.84,10.6,10.69,3489200
20141022,10.74,10.82,10.6,10.82,3573700
20141023,10.75,11.08,10.6,10.93,3540000
20141024,10.85,11.05,10.77,10.96,2835800
20141027,10.76,11.3,10.51,11.06,4837400
20141028,11.08,11.08,10.69,10.9,9150500
20141029,10.91,11.15,10.84,10.91,4113400
20141030,11.01,11.27,10.93,11.16,5813900
20141031,11.15,11.57,11.1,11.57,3859200
20141103,11.53,11.68,11.36,11.68,2488600
20141104,11.67,11.72,11.43,11.72,1883600
20141105,11.63,11.74,11.46,11.74,2082900
20141106,11.6,11.72,11.47,11.64,1689100
20141107,11.58,11.85,11.57,11.8,3711700
20141110,11.8,11.95,11.7,11.89,2484700
20141111,11.85,12.12,11.8,12.05,2859700
20141112,12.05,12.23,11.95,12.16,3730800
20141113,12.15,12.25,12.03,12.03,2278400
20141114,11.95,12.15,11.69,12.15,4156600
20141117,12.14,12.33,12,12.25,2068500
20141118,12.27,12.45,12.21,12.43,3319600
20141119,12.45,12.66,12.33,12.65,3627400
20141121,12.7,13.27,12.6,13.12,3440100
20141124,13.32,13.33,12.92,13.09,2783500
20141125,13.14,13.21,12.89,12.96,3270800
20141126,13.03,13.07,12.67,12.76,2412200
20141127,12.83,13.13,12.75,13.13,3581100
20141128,13.05,13.28,13.02,13.28,3298500
20141201,13.17,13.2,12.68,12.95,2923700
20141202,12.95,13.21,12.88,13.11,3608000
20141203,13.17,13.35,13.06,13.35,2274600
20141204,13.35,13.57,13.08,13.18,1953400
20141205,13.17,13.28,13.1,13.26,2699000
20141208,13.17,13.29,12.97,13.15,3657500
20141209,13.06,13.12,12.9,12.9,4350800
20141210,12.89,13.05,12.76,12.94,3353000
20141211,12.88,13.19,12.84,13.19,3680000
20141212,13.13,13.17,12.86,13.13,3860400
20141215,13.12,13.13,12.78,13.04,3408500
20141216,12.9,13,12.75,12.79,4322000
20141217,12.85,13.14,12.65,12.89,4487100
20141218,12.85,13.12,12.76,13.12,2421500
20141219,13.08,13.43,12.98,13.34,3458400
20141222,13.37,13.66,13.31,13.66,2448700
20141223,13.66,13.8,13.47,13.73,4221500
20141226,13.76,13.9,13.59,13.71,2297000
20141229,13.68,13.88,13.63,13.81,2006300
20141230,13.89,13.89,13.58,13.89,3713500
20150102,13.8,13.8,13.26,13.61,1819100
20150105,13.48,13.49,13.28,13.33,3436000
20150106,13.31,13.75,13.19,13.75,3330300
20150107,13.74,13.92,13.66,13.86,2943300
20150108,13.81,13.89,13.73,13.85,1950200
20150109,13.8,13.88,13.59,13.87,1373300
20150112,13.8,13.88,13.66,13.87,1051600
20150113,13.86,14.04,13.7,13.76,1955400
20150114,13.65,13.71,13.37,13.37,2163700
20150115,13.37,13.38,13.03,13.28,2776500
20150116,13.28,13.34,13.07,13.29,2086200
20150119,13.15,13.26,12.96,13.23,2589500
20150120,13.41,13.41,12.97,12.99,2103000
20150121,13.01,13.04,12.74,12.77,2493700
20150122,12.87,12.87,12.46,12.59,2232800
20150123,12.47,12.61,12.32,12.61,2692700
20150126,12.45,12.77,12.43,12.6,1756800
20150127,12.47,12.78,12.33,12.76,1233500
20150128,12.61,12.82,12.49,12.78,1516300
20150129,12.74,13.04,12.56,13.04,2492400
20150130,12.91,13.05,12.64,13.04,3127300
20150202,13.05,13.49,12.94,13.49,3877000
20150203,13.51,13.71,13.44,13.6,3369400
20150204,13.66,13.69,13.34,13.62,2425100
20150205,13.48,13.9,13.48,13.82,2878700
20150206,13.69,14.01,13.66,14.01,2554500
20150209,13.95,14.27,13.93,14.27,3875900
20150210,14.22,14.37,14.14,14.24,2494000
20150211,14.45,14.52,14.15,14.28,3539300
20150212,14.44,14.75,14.27,14.38,3893800
20150213,14.34,14.58,14.14,14.28,2513200
20150218,14.46,14.68,14.29,14.41,2743700
20150219,14.47,14.47,14.16,14.31,2223600
20150220,14.19,14.48,14.07,14.48,1829200
20150223,14.43,14.57,14.26,14.52,1642300
20150224,14.46,14.61,14.35,14.61,4889700
20150225,14.53,14.85,14.44,14.85,2195200
20150226,14.82,15.13,14.75,15.13,2058100
20150227,15.14,15.56,15.03,15.24,4864100
20150302,15.18,15.69,15.03,15.52,5221100
20150303,15.63,15.8,15.41,15.8,3059200
20150304,15.71,16.33,15.67,16.27,4381000
20150305,16.27,16.65,16.18,16.58,3759400
20150306,16.57,16.85,16.36,16.83,3889600
20150309,16.73,17.17,16.7,17.17,3518800
20150310,17.08,17.15,16.87,16.87,3623900
20150311,16.71,17.05,16.55,17.05,2270000
20150312,17.08,17.33,16.61,16.88,2572800
20150313,16.7,17.51,16.68,17.51,3209900
20150316,17.43,17.49,16.83,16.92,3958700
20150317,17.05,17.08,16.72,16.98,2532400
20150318,16.94,17,16.36,16.57,3304300
20150319,16.57,16.86,16.13,16.67,3723200
20150320,16.56,16.79,16.43,16.79,2902800
20150323,16.65,16.76,16.52,16.67,4650100
20150324,16.61,16.7,16.44,16.58,2286400
20150325,16.65,17.17,16.51,17.17,2044200
20150326,17.06,17.1,16.81,17.1,3214700
20150327,17.08,17.3,16.92,17.25,5231000
20150330,17.42,17.53,17.26,17.44,8495000
20150331,17.36,17.63,17.27,17.44,4653500
20150401,17.39,17.58,17.33,17.42,2736400
20150402,17.44,17.78,17.44,17.44,3084100
20150406,17.38,17.67,17.21,17.6,8051900
20150407,17.55,17.71,17.38,17.4,5942800
20150408,17.48,17.58,17.32,17.49,13313800
20150409,17.41,17.62,17.38,17.44,5032500
20150410,17.39,17.66,17.26,17.47,2524800
20150413,17.45,17.53,17.26,17.44,1427000
20150414,17.49,17.53,17.24,17.48,4225000
20150415,17.56,17.67,17.44,17.67,2273900
20150416,17.64,17.68,17.53,17.63,2926800
20150417,17.52,17.64,17.44,17.59,1897500
20150420,17.53,17.6,17.21,17.43,2589300
20150422,17.51,17.65,17.39,17.57,4172300
20150423,17.57,17.65,17.5,17.62,1740500
20150424,17.65,17.92,17.38,17.54,3318800
20150427,17.41,17.64,16.81,17.3,3853400
20150428,17.31,17.54,16.98,17.49,7864300
20150429,17.3,17.73,17.3,17.64,2224400
20150430,17.65,17.77,17.5,17.71,2660300
20150504,17.83,17.92,17.64,17.68,3284000
20150505,18,18.11,17.8,18.02,1900400
20150506,18.07,18.07,17.59,17.83,1782200
20150507,17.78,17.87,17.63,17.87,1370200
20150508,17.86,18.12,17.75,18.08,3936400
20150511,18.09,18.84,18.08,18.62,4242900
20150512,18.55,18.61,18.24,18.57,2583300
20150513,18.57,19.17,18.52,19.12,3658600
20150514,19.16,19.46,18.98,19.17,3873300
20150515,19.11,19.18,18.88,19.12,3465100
20150518,19.22,19.22,18.88,18.97,2589600
20150519,18.97,18.98,18.52,18.74,2485500
20150520,18.71,18.99,18.46,18.59,3264200
20150521,18.51,18.62,18.26,18.6,2015900
20150522,18.69,18.97,18.12,18.59,2949600
20150525,18.69,18.82,18.53,18.82,2202400
20150526,18.8,18.82,18.31,18.31,4018100
20150527,18.21,18.47,17.99,18.38,4562900
20150528,18.32,18.44,18.24,18.35,3609600
20150529,18.38,18.38,18.04,18.21,8637500
20150601,18.21,18.21,17.77,18.19,2737800
20150602,18.09,18.4,17.9,18.29,3452100
20150603,18.24,18.28,17.96,18.25,3657300
20150605,18.09,18.72,18.09,18.38,3595100
20150608,18.48,18.71,18.24,18.64,2153200
20150609,18.64,19.01,18.47,18.98,5973700
20150610,18.93,19.11,18.61,18.63,3531200
20150611,18.74,18.79,17.98,18.17,2667600
20150612,17.98,18.13,17.64,18.11,1888100
20150615,17.99,18.24,17.87,18.21,2841100
20150616,18.33,18.41,17.89,17.97,3172600
20150617,17.91,18.11,17.41,17.58,2397200
20150618,17.48,17.59,17.17,17.41,4285100
20150619,17.31,18.01,17.27,17.97,2573600
20150622,18.02,18.31,17.66,17.77,2364500
20150623,17.88,18.28,17.62,18.15,2429700
20150624,18.26,18.26,17.85,18.02,2875200
20150625,18.01,18.05,17.57,18.05,1746600
20150626,18.1,18.23,17.98,18.16,1899400
20150629,18.04,18.21,17.83,18.1,3655100
20150630,18.19,18.3,17.95,18.3,3816200
20150701,18.32,18.32,17.6,17.84,3302900
20150702,17.94,18.06,17.66,18.06,2223500
20150703,17.98,18.36,17.78,18.29,2369100
20150706,18.36,18.38,18.02,18.14,2729100
20150707,18.07,18.21,17.76,18.03,5627700
20150708,17.91,18.1,17.79,18.08,1887600
20150710,18.29,18.62,18.1,18.62,4338600
20150713,18.69,18.97,18.57,18.97,2650400
20150714,18.96,19.08,18.74,19.04,3675700
20150715,18.98,19.14,18.97,19.14,2841300
20150716,19.15,19.43,19.08,19.43,1913500
20150717,19.42,19.68,19.18,19.27,2002100
20150720,19.27,19.37,18.91,18.91,2135100
20150721,19.04,19.45,18.66,19.24,1888000
20150722,19.22,19.59,18.88,19.59,1950800
20150723,19.7,20.3,19.48,20.19,3519400
20150724,20.33,20.42,19.96,20.23,2365600
20150727,20.28,20.29,19.62,19.93,2298400
20150728,20.06,20.26,19.63,20.15,3668700
20150729,20.03,20.38,19.66,20.09,2390600
20150730,20,20.35,19.88,20.25,2427600
20150731,20.3,20.62,20.18,20.53,4101700
20150803,20.59,20.77,20.36,20.52,2975200
20150804,20.67,20.75,20.33,20.6,2920100
20150805,20.75,20.8,20.5,20.71,2444800
20150806,20.74,20.87,20.26,20.5,2821400
20150807,20.38,20.38,19.36,20.02,2520800
20150810,19.92,20.21,19.79,20.09,1917600
20150811,19.95,20.27,19.49,19.98,1650900
20150812,19.85,20,19.35,19.54,2186700
20150813,19.44,20.01,19.4,19.95,3985200
20150814,20.12,20.31,19.79,19.95,5010500
20150817,20.01,20.14,19.87,20.14,1569000
20150818,20.04,20.43,19.96,20.12,3190600
20150819,20.19,20.25,19.55,20.16,2630100
20150820,20.2,20.2,19.63,19.63,2579000
20150821,19.62,19.62,19.06,19.34,2432900
20150824,18.86,19.1,17.9,18.81,3057600
20150825,19.43,19.43,18.76,18.81,2622600
20150826,18.86,19.42,18.69,19.37,3063500
20150827,19.6,19.88,19.29,19.68,2107000
20150828,19.79,19.79,19.2,19.69,2649200
20150831,19.56,19.81,19.25,19.59,4582700
20150901,19.41,19.44,18.93,19.15,3559200
20150902,19.07,20.43,18.94,20.4,3841700
20150903,20.64,21.2,20.47,20.92,4765300
20150904,21.16,21.18,20.22,20.74,6488600
20150908,20.96,21.12,20.52,20.76,2500900
20150909,20.79,20.81,20.14,20.49,2305700
20150910,20.51,20.7,20.2,20.39,2790100
20150911,20.16,20.87,20.16,20.45,2863800
20150914,20.64,21.27,20.4,21.08,3609300
20150915,21.19,21.52,20.83,21.36,3049700
20150916,21.39,21.91,21.39,21.47,7399600
20150917,21.21,21.45,21.02,21.23,3161400
20150918,20.98,21.19,20.64,20.89,4432000
20150921,21.03,21.1,20.72,20.78,4058200
20150922,20.54,21.07,20.46,20.93,6713100
20150923,21.04,21.04,20.54,20.73,3981700
20150924,20.42,20.68,19.99,20.53,2910500
20150925,20.53,20.72,20.37,20.72,3660000
20150928,20.47,20.66,20.17,20.66,2895400
20150929,20.66,20.91,20.47,20.91,2031200
20150930,21.16,21.36,20.94,21.16,5933500
20151001,21.16,21.89,21.1,21.73,3293000
20151002,21.72,22.05,21.41,22.03,2511800
20151005,22.21,22.61,22.04,22.6,2150000
20151006,22.69,22.83,21.8,22.12,2360000
20151007,22.12,22.65,21.66,22.65,3076000
20151008,22.81,22.91,21.88,21.88,4283100
20151009,21.9,21.9,21.27,21.65,2813800
20151013,21.65,22.52,21.65,22.15,2575200
20151014,22.13,22.32,21.42,21.8,5414100
20151015,21.81,22.03,21.39,21.69,2849500
20151016,21.76,21.84,21.31,21.84,2942600
20151019,21.65,21.98,21.47,21.94,2176300
20151020,21.94,22.08,21.02,21.17,3483900
20151021,21.25,21.3,20.8,20.99,2636100
20151022,21.09,21.43,20.82,21.43,2455800
20151023,22.04,22.04,21.4,21.86,2923600
20151026,21.89,22.09,21.6,22.09,2388200
20151027,22.05,22.14,21.67,21.89,3465800
20151028,21.9,22.07,21.35,21.5,3528400
20151029,21.39,21.5,20.85,21.28,2618900
20151030,21.21,21.56,21.03,21.32,7760900
20151103,21.16,22.55,20.6,22.55,5093200
20151104,22.55,22.99,22.26,22.36,5235800
20151105,22.35,22.51,21.63,21.97,2556500
20151106,21.92,22.06,21.42,22.01,2701400
20151109,21.97,22.08,21.43,21.66,2096400
20151110,21.65,21.8,21.4,21.8,2751900
20151111,21.81,22.63,21.59,22.63,3961400
20151112,22.7,23.07,22.33,22.96,3151300
20151113,22.79,23.05,22.48,23.05,2459100
20151116,23.11,23.49,22.89,23.33,2461200
20151117,23.5,23.6,22.89,23.43,2873500
20151118,23.52,23.52,23.05,23.26,4020400
20151119,23.4,23.75,23.15,23.75,2274200
20151123,23.74,24.06,23.64,23.66,3259000
20151124,23.51,23.82,23.17,23.33,2909900
20151125,23.17,23.95,23.08,23.89,4194700
20151126,23.91,24.16,23.75,24.03,2867000
20151127,23.87,24.1,23.16,23.54,2515100
20151130,23.58,23.76,23.07,23.07,7086800
20151201,23.21,23.21,22.03,22.28,3743400
20151202,22.14,23.32,21.98,23.31,2559300
20151203,23.31,23.93,23.03,23.76,3044600
20151204,23.69,24.07,23.48,23.74,2300700
20151207,23.9,24.01,23.53,23.66,2287900
20151208,23.81,23.81,23.09,23.12,2279700
20151209,23.28,23.28,22.55,22.55,3335100
20151210,22.68,23.03,22.19,23.03,2539000
20151211,23,23.03,22.61,23.03,2589400
20151214,22.75,23.05,22.54,22.66,2746000
20151215,22.65,22.99,22.37,22.37,4006100
20151216,22.25,22.56,22.01,22.31,2228500
20151217,22.57,22.8,21.87,21.87,2905300
20151218,21.69,22.03,20.89,21.3,4531400
20151221,21.44,21.53,20.83,21.38,4684300
20151222,21.44,21.98,21.16,21.98,2826400
20151223,21.99,22.09,21.7,22.09,1591100
20151228,22.06,22.25,21.64,22.25,1613300
20151229,22.2,22.36,21.99,22.23,2320600
20151230,22.13,22.8,22.03,22.8,3468200
20160104,22.39,22.65,21.29,21.33,4348800
20160105,21.51,21.59,21.06,21.27,2443900
20160106,21.06,21.57,20.96,21.33,2044600
20160107,20.71,21.11,20.47,20.56,4904900
20160108,20.74,20.74,20.12,20.2,2594300
20160111,20.25,20.27,19,19.2,4154800
20160112,19.24,19.54,18.94,19.44,2423200
20160113,19.59,19.92,19.07,19.1,2733100
20160114,19.1,19.31,18.69,19.31,2679200
20160115,19.15,19.27,18.79,19.2,5970500
20160118,19.2,19.2,18.81,18.95,1658900
20160119,19.43,19.43,18.76,19.32,3840200
20160120,19.05,19.17,18.61,19.03,2494100
20160121,19.07,19.87,18.95,19.51,4738000
20160122,19.62,19.75,19.41,19.64,1859400
20160126,19.54,19.54,19,19.11,3837200
20160127,19.05,19.35,18.95,19.1,4197600
20160128,19.2,19.57,19.1,19.54,3249300
20160129,19.49,20.41,19.38,20.41,3891000
20160201,20.27,20.41,19.57,19.66,3004900
20160202,19.34,19.44,18.87,19.04,2522000
20160203,19.44,19.68,18.97,19.54,3613300
20160204,19.75,20.4,19.61,19.88,3794900
20160205,19.96,20.4,19.9,20.25,2766300
20160210,20.26,20.52,20,20.35,1296600
20160211,20.16,20.27,19.63,19.9,1830500
20160212,20.06,20.12,19.6,19.72,1892400
20160215,19.85,20.21,19.65,20.11,976800
20160216,20.22,20.65,19.9,20.23,3174200
20160217,20.21,20.63,20.1,20.33,3183300
20160218,20.19,20.76,20.16,20.46,2146800
20160219,20.29,20.69,20.23,20.69,2781400
20160222,21.21,21.31,20.81,20.81,2415100
20160223,20.84,21.1,20.73,20.93,2002100
20160224,20.68,21,20.27,20.53,2942900
20160225,20.66,20.73,20.33,20.45,1983700
20160226,20.76,21.04,20.62,20.67,2382100
20160229,20.92,21.13,20.68,21.04,4959600
20160301,21.23,21.53,20.66,21.39,2607700
20160302,21.42,21.48,20.48,20.88,2988600
20160303,20.99,20.99,19.28,20.06,4500200
20160304,19.46,20.74,18.33,20.55,3901300
20160307,20.93,21.2,20.3,20.6,4599100
20160308,20.6,20.6,19.15,20.34,4116800
20160309,20.45,20.45,19.84,19.84,2589500
20160310,19.83,20.08,19.4,19.48,3927700
20160311,19.57,19.89,19.25,19.65,2581800
20160314,19.84,19.86,19.38,19.59,2786300
20160315,20.04,20.19,19.65,19.97,2829300
20160316,20.18,20.81,19.65,20.81,2641000
20160317,20.65,21.16,20.18,20.69,3553000
20160318,20.97,21.41,20.83,21.18,2839300
20160321,21.24,21.48,21.06,21.27,3165100
20160322,21.43,21.45,21.07,21.26,2225600
20160323,21.35,21.45,21.02,21.24,2162100
20160324,21.38,21.42,20.66,21.07,1571200
20160328,21.17,21.21,20.6,21.02,2532800
20160329,21.12,21.18,20.62,20.92,1541300
20160330,21.02,21.02,19.74,20.15,3708400
20160331,19.87,20,18.85,18.95,7026500
20160401,19.12,19.37,18.52,18.98,3787900
20160404,19.1,19.1,18.35,18.44,4216000
20160405,18.55,18.55,17.86,17.95,3286700
20160406,17.8,17.91,17.32,17.51,3270500
20160407,17.6,17.63,17.04,17.12,3109800
20160408,17.12,17.23,16.14,16.14,5994800
20160411,16.04,16.04,15.26,15.46,5229300
20160412,15.6,16.14,15.48,15.8,13286600
20160413,16.11,16.41,15.73,15.89,5459200
20160414,16.03,16.43,15.53,15.75,4977600
20160415,15.95,16.13,15.67,15.95,5565600
20160418,16.05,16.3,15.95,16.05,3174400
20160419,16.05,16.65,15.8,16.65,4814300
20160420,16.72,17.29,16.5,17.26,5131700
20160422,17.39,18.07,17.14,17.59,4075300
20160425,17.71,17.91,17.36,17.52,2190700
20160426,17.61,17.93,17.4,17.89,2466900
20160427,17.94,18.37,17.78,18.32,3078700
20160428,18.31,18.4,17.29,17.63,4038900
20160429,17.73,17.83,16.98,17.05,3085000
20160502,17.23,17.37,16.65,16.86,2811500
20160503,16.95,17.21,16.38,16.74,3084000
20160504,16.77,17.05,16.54,17.05,4515400
20160505,17.24,17.36,16.95,17.16,1628400
20160506,17.18,17.32,16.76,17.22,1722200
20160509,17.13,17.42,16.74,17.05,2312900
20160510,17.15,17.52,16.85,17.5,2519000
20160511,17.56,17.7,17.14,17.17,2956700
20160512,17.31,17.37,16.4,16.74,3715500
20160513,16.84,16.92,16.56,16.83,2852600
20160516,16.9,17.26,16.74,17.17,1691100
20160517,17.31,17.32,16.99,17.32,1532300
20160518,17.27,17.72,17.06,17.58,2471900
20160519,17.71,17.82,17.18,17.6,2464300
20160520,17.72,18.07,17.34,17.92,2647400
20160523,18.02,18.02,17.56,17.79,2702300
20160524,17.84,18.04,17.69,17.73,1758500
20160525,17.91,18.02,17.64,17.82,1943600
20160527,17.91,18.16,17.73,17.73,1337500
20160530,17.87,18.01,17.56,17.99,462500
20160531,18.02,18.22,17.72,17.87,3557700
20160601,17.86,17.91,17.39,17.54,4670100
20160602,17.6,17.6,17.28,17.5,1903300
20160603,17.47,17.5,16.9,16.98,2875800
20160606,16.9,17.22,16.73,17.04,2114300
20160607,16.94,17.16,16.67,16.69,1905500
20160608,16.59,16.8,16.19,16.52,15761300
20160609,16.6,16.62,16.16,16.21,5266100
20160610,16.25,16.3,15.78,16.04,2617600
20160613,15.85,16.34,15.79,16.27,1993700
20160614,16.38,16.48,15.88,15.97,2146400
20160615,15.87,16.15,15.57,15.76,3097900
20160616,15.62,16.07,15.51,16.07,2041500
20160617,16.03,16.13,15.77,15.77,2540300
20160620,15.79,15.88,15.57,15.83,2342100
20160621,15.76,15.95,15.56,15.9,2261600
20160622,15.79,15.81,15.41,15.41,2229300
20160623,15.36,15.95,15.22,15.95,1981900
20160624,15.84,16.11,15.38,15.48,2208200
20160627,15.49,15.53,15.11,15.51,2449300
20160628,15.66,15.83,14.73,14.89,3764800
20160629,14.77,15.02,14.61,15.02,3295100
20160630,14.92,15.5,14.59,15.18,2572700
20160701,15.08,16.22,15.08,16.09,3275600
20160704,16.26,16.5,16.05,16.27,1455500
20160705,16.27,16.41,15.75,16.14,1984900
20160706,16.19,16.29,15.6,15.86,1508500
20160707,15.77,15.94,15.35,15.37,2669800
20160708,15.31,15.44,14.79,14.87,3632600
20160711,14.77,15.12,14.71,14.97,9505900
20160712,14.81,15.44,14.81,15.16,1396800
20160713,15.2,15.35,15.07,15.16,1872900
20160714,15.32,15.7,15.1,15.51,7480500
20160715,15.63,15.67,14.88,15.16,6155300
20160718,15.03,15.29,14.95,15.26,2393700
20160719,15.3,15.46,15.28,15.46,2031700
20160720,15.61,16.12,15.43,15.87,2082000
20160721,16.07,16.62,15.82,16.5,2268700
20160722,16.67,17.11,16.56,16.94,2264000
20160725,17.08,17.11,16.19,16.42,2650700
20160726,16.81,16.84,15.98,16.2,2427700
20160727,16.35,16.53,16.03,16.27,2334500
20160728,16.35,17.03,16.23,16.84,2357900
20160729,16.93,17.03,16.26,16.73,3555000
20160801,16.84,16.87,16.28,16.46,3482500
20160802,16.36,16.52,15.42,15.57,2940000
20160803,15.65,16.02,15.54,15.87,3493400
20160804,15.98,16.45,15.79,15.87,4799100
20160805,15.96,15.99,15.31,15.52,2765200
20160808,15.47,16.26,15.39,16.19,3894300
20160809,16.21,16.6,16.01,16.49,2306600
20160810,16.48,16.6,15.98,16.11,3401200
20160811,16.14,16.86,15.89,16.32,8281100
20160812,16.36,16.51,15.94,16.51,3240200
20160815,16.55,17,16.35,16.86,1362900
20160816,16.86,16.88,16.36,16.36,1155000
20160817,16.46,16.53,16.02,16.28,5031300
20160818,16.26,16.64,16.16,16.46,2236600
20160819,16.29,16.51,16.26,16.36,2891400
20160822,16.36,16.36,16.03,16.16,1478700
20160823,16.14,16.96,16.02,16.41,4570400
20160824,16.28,16.76,16.28,16.66,1867800
20160825,16.74,16.77,16.38,16.51,2009700
20160826,16.48,16.64,16.01,16.32,4291300
20160829,16.46,16.83,16.26,16.71,1448700
20160830,16.81,16.99,16.6,16.94,2048300
20160831,16.94,17.08,16.68,16.86,2277700
20160901,16.77,17.69,16.77,17.11,4253100
20160902,17.2,17.29,16.77,16.86,6458500
20160905,16.88,17.11,16.59,16.75,1084300
20160906,16.85,16.96,16.38,16.55,4970300
20160908,16.57,16.96,16.29,16.8,3450200
20160909,16.74,16.84,16.43,16.55,2591100
20160912,16.46,16.99,16.36,16.84,1592100
20160913,16.91,16.91,16.38,16.52,2213100
20160914,16.46,16.8,16.46,16.8,1761900
20160915,16.7,16.82,16.58,16.64,846000
20160916,16.6,16.71,16.42,16.51,1996900
20160919,16.52,16.81,16.45,16.6,1150700
20160920,16.48,17.01,16.48,16.71,2283200
20160921,16.61,16.86,16.36,16.57,2790700
20160922,16.65,16.77,16.36,16.66,2588500
20160923,16.8,17.55,16.69,16.76,3001900
20160926,16.71,17.07,16.48,16.87,1506200
20160927,16.83,17.55,16.69,17.23,2078800
20160928,17.14,17.52,16.89,17.24,1710500
20160929,17.41,17.45,16.99,16.99,2228200
20160930,17,17.25,16.87,16.9,2408400
20161003,16.96,17.35,16.82,17.29,2164300
20161004,17.29,17.4,16.98,17.11,1750100
20161005,17.03,17.35,17.03,17.15,1215100
20161006,17.15,17.31,17.05,17.08,1043000
20161007,17.11,17.16,16.43,16.5,2740300
20161010,16.56,16.71,16.36,16.71,2848600
20161011,16.63,16.72,16.36,16.37,2620000
20161013,16.36,16.56,16.34,16.56,2771300
20161014,16.57,16.82,16.36,16.36,2138700
20161017,16.43,16.61,16.26,16.26,2623900
20161018,16.31,16.52,16.17,16.38,2096000
20161019,16.4,16.51,16.09,16.11,1912400
20161020,16.16,16.21,15.93,15.98,1028000
20161021,15.96,16.18,15.91,16.05,1521900
20161024,16.16,16.3,15.95,16.21,1302100
20161025,16.21,16.51,16.02,16.02,2871100
20161026,16.04,16.27,15.96,16.11,6113200
20161027,16.17,16.51,16.06,16.46,5224200
20161028,16.46,16.55,16.28,16.35,1207100
20161031,16.43,16.52,16.17,16.31,1449300
20161101,16.34,16.34,15.93,15.98,2313700
20161103,16.06,16.08,15.43,15.64,1825000
20161104,15.64,15.9,15.31,15.39,2637000
20161107,15.51,15.94,15.44,15.9,1728200
20161108,16.03,16.14,15.52,15.7,1387100
20161109,15.54,15.7,15.14,15.41,2080600
20161110,15.57,16.95,15.47,16.3,5110000
20161111,16.4,17.39,16.4,17,5756900
20161114,16.99,17.34,16.75,16.92,2544500
20161116,16.77,17.09,16.21,16.66,2676400
20161117,16.63,16.71,16.2,16.58,2064300
20161118,16.59,16.78,16,16.11,1757200
20161121,16.13,16.26,15.61,15.67,1868400
20161122,15.84,16.25,15.75,16.19,2415700
20161123,16.25,16.7,16.09,16.7,1745000
20161124,16.75,16.85,16.42,16.5,532200
20161125,16.55,16.75,16.27,16.33,1687000
20161128,16.16,17.4,16.16,17.25,2594300
20161129,17.1,17.71,17.07,17.52,1747400
20161130,17.69,17.75,16.84,16.97,2647200
20161201,16.82,16.97,16.21,16.39,4080400
20161202,16.23,16.4,15.59,16.24,2364400
20161205,16.4,16.4,15.83,15.88,2117500
20161206,15.73,16.48,15.73,16.02,2249300
20161207,16.34,17.09,16.1,17.01,3448100
20161208,17.1,17.32,16.72,17.32,2956800
20161209,17.4,17.6,16.88,16.88,2678800
20161212,16.85,17.02,16.51,16.76,1661200
20161213,16.76,16.77,16.17,16.6,3086300
20161214,16.6,17.05,16.45,17,2666100
20161215,16.85,17.44,16.62,17.44,2562900
20161216,17.41,18.11,17.2,17.73,4433900
20161219,17.66,17.97,17.44,17.56,2630500
20161220,17.6,17.68,17.13,17.2,2188900
20161221,17.2,17.35,17.01,17.26,1105800
20161222,17.13,17.13,16.54,16.54,2103800
20161223,16.68,16.85,16.38,16.8,963000
20161226,16.82,17.1,16.75,17,481000
20161227,17.15,17.15,16.83,17.08,751100
20161228,17.08,17.59,16.96,17.43,1312500
20161229,17.5,17.72,17.09,17.72,2024800
20170102,17.54,17.67,17.07,17.1,841000
20170103,17.11,17.57,17.11,17.53,2080700
20170104,17.5,17.52,16.88,16.88,1805000
