<DTYYYYMMDD>,<OPEN>,<HIGH>,<LOW>,<CLOSE>,<VOL>
20100601,5.88,6.07,5.85,5.92,4197507
20100602,5.93,6.16,5.91,6.16,4551648
20100604,6.04,6.43,5.92,6.24,7308944
20100607,6.28,6.39,6.19,6.21,5971143
20100608,6.26,6.33,6.16,6.18,4720119
20100609,6.23,6.24,6.1,6.14,2692213
20100610,6.16,6.33,6.16,6.29,3483167
20100611,6.27,6.38,6.19,6.35,3909817
20100614,6.4,6.49,6.4,6.48,3300624
20100615,6.46,6.57,6.43,6.55,2969936
20100616,6.5,6.64,6.46,6.58,6806072
20100617,6.53,6.67,6.5,6.53,4717774
20100618,6.57,6.57,6.4,6.4,5989515
20100621,6.52,6.62,6.5,6.57,3634830
20100622,6.58,6.77,6.58,6.65,5405730
20100623,6.64,6.78,6.53,6.78,5995769
20100624,6.72,6.76,6.53,6.6,3335217
20100625,6.6,6.63,6.52,6.58,3870924
20100628,6.57,6.71,6.54,6.71,2743028
20100629,6.56,6.6,6.3,6.43,5777460
20100630,6.39,6.49,6.25,6.37,4846766
20100701,6.33,6.38,6.1,6.26,7137346
20100702,6.26,6.29,6.15,6.26,2892932
20100705,6.29,6.32,6.11,6.2,2219439
20100706,6.28,6.3,5.97,6.18,5592572
20100707,6.18,6.35,6.11,6.35,4592105
20100708,6.35,6.39,6.14,6.21,5462017
20100712,6.22,6.3,6.02,6.14,7449858
20100713,6.16,6.32,6.1,6.32,4023369
20100714,6.27,6.48,6.19,6.48,5250940
20100715,6.49,6.65,6.41,6.65,6346392
20100716,6.66,6.7,6.54,6.62,4714061
20100719,6.66,6.74,6.59,6.67,3258995
20100720,6.61,6.72,6.5,6.61,4709956
20100721,6.65,6.71,6.47,6.5,3975681
20100722,6.62,6.81,6.62,6.81,6854737
20100723,6.86,7.13,6.77,7.13,8901405
20100726,7.13,7.15,6.96,7.13,5096345
20100727,7.13,7.24,7.07,7.21,5992251
20100728,7.18,7.18,6.88,7.09,4113858
20100729,7.11,7.22,7.06,7.1,4165064
20100730,6.99,7.31,6.99,7.31,6498446
20100802,7.31,7.35,7.23,7.27,5703193
20100803,7.25,7.31,7.06,7.29,4698425
20100804,7.3,7.3,7.12,7.18,4046040
20100805,7.18,7.24,7.12,7.17,2947460
20100806,7.21,7.35,6.92,6.96,11830690
20100809,7.04,7.07,6.92,6.99,5056279
20100810,6.92,7.01,6.89,6.96,3296715
20100811,6.86,6.92,6.82,6.9,3236128
20100812,6.84,6.99,6.84,6.99,3373328
20100813,6.99,7,6.91,6.92,2882183
20100816,6.98,7.1,6.9,7.1,2521006
20100817,7.15,7.23,7.13,7.22,3220297
20100818,7.21,7.23,7.09,7.23,5233741
20100819,7.19,7.23,6.99,7.01,6008082
20100820,6.97,7.18,6.83,7.18,3416717
20100823,7.19,7.2,7.03,7.1,3264663
20100824,6.99,7,6.88,6.94,5062925
20100825,6.87,6.99,6.85,6.89,3163424
20100826,6.92,6.95,6.67,6.82,4370083
20100827,6.87,7.06,6.8,7.06,3010588
20100830,7.01,7.1,6.97,7.1,4459204
20100831,7.06,7.23,7,7.2,5691661
20100901,7.2,7.27,7.13,7.22,5578305
20100902,7.17,7.22,7.09,7.11,1352067
20100903,7.16,7.19,6.98,7.12,3376065
20100906,7.14,7.16,7.03,7.11,772191
20100908,7.06,7.09,6.89,6.89,4471712
20100909,6.92,6.95,6.85,6.9,4486175
20100910,6.93,6.99,6.91,6.94,3325836
20100913,6.99,7.16,6.98,7.16,3196063
20100914,7.14,7.22,7.08,7.18,5191330
20100915,7.14,7.4,7.14,7.4,6256098
20100916,7.45,7.49,7.36,7.45,3875223
20100917,7.39,7.56,7.25,7.54,4425393
20100920,7.52,7.61,7.45,7.6,4367151
20100921,7.61,7.64,7.49,7.59,4321418
20100922,7.53,7.64,7.48,7.61,4616926
20100923,7.57,7.81,7.5,7.7,5907625
20100924,7.7,7.76,7.61,7.73,5018755
20100927,7.74,7.78,7.64,7.72,3301406
20100928,7.7,7.77,7.52,7.61,5497197
20100929,7.55,7.61,7.42,7.49,4337639
20100930,7.5,7.54,7.41,7.54,4511778
20101001,7.54,7.68,7.49,7.67,4812759
20101004,7.63,7.69,7.54,7.59,2686741
20101005,7.64,8.03,7.62,8.03,8783945
20101006,8.04,8.27,7.99,8.11,7922632
20101007,8.11,8.37,8.01,8.31,5970753
20101008,8.28,8.43,8.23,8.43,4798296
20101011,8.43,8.5,8.26,8.33,4057766
20101013,8.45,8.45,8.13,8.23,8891242
20101014,8.18,8.31,8.05,8.13,5425274
20101015,8.21,8.32,8.11,8.25,3609813
20101018,8.26,8.31,8.16,8.29,8056510
20101019,8.21,8.21,7.89,8.14,6583463
20101020,8.18,8.28,8,8.24,6382549
20101021,8.29,8.4,8.07,8.32,5182730
20101022,8.34,8.35,8.1,8.32,3933074
20101025,8.33,8.33,8.13,8.24,5644169
20101026,8.15,8.34,8.14,8.34,4721096
20101027,8.28,8.43,8.22,8.43,4484807
20101028,8.45,8.58,8.28,8.58,3727469
20101029,8.6,8.92,8.6,8.92,5493874
20101101,8.87,9.09,8.85,9.09,3974703
20101103,9.07,9.27,8.97,9.27,4851847
20101104,9.34,9.39,9.03,9.16,9260237
20101105,9.22,9.38,9.1,9.21,5845474
20101108,9.17,9.17,8.99,9.05,4421484
20101109,9.07,9.12,8.69,8.73,7442431
20101110,8.73,8.85,8.52,8.75,5825148
20101111,8.8,8.82,8.61,8.75,9226035
20101112,8.66,8.75,8.58,8.61,1997026
20101116,8.59,8.59,7.97,8.27,7553051
20101117,8.31,8.65,8.25,8.65,3657697
20101118,8.69,8.78,8.52,8.61,7890384
20101119,8.58,8.58,8.4,8.5,4880577
20101122,8.44,8.48,8.19,8.29,6981383
20101123,8.2,8.27,7.93,8,10846640
20101124,8.14,8.23,8.09,8.23,8674106
20101125,8.19,8.31,8.06,8.31,3030132
20101126,8.15,8.21,8.1,8.14,4071447
20101129,8.09,8.09,7.9,8.08,5977007
20101130,8.01,8.04,7.91,7.92,6680012
20101201,8,8.12,8,8.05,6473429
20101202,8.09,8.09,7.92,7.95,5684626
20101203,7.94,7.98,7.72,7.76,7444385
20101206,7.8,7.85,7.69,7.8,4273339
20101207,7.93,8.02,7.9,7.92,4110340
20101208,7.93,7.95,7.78,7.85,4548326
20101209,7.87,7.9,7.74,7.8,6403657
20101210,7.83,7.88,7.61,7.67,4243827
20101213,7.73,7.74,7.42,7.61,7329075
20101214,7.58,7.65,7.47,7.57,3988775
20101215,7.51,7.56,7.3,7.4,6771674
20101216,7.45,7.51,7.23,7.29,7252070
20101217,7.25,7.48,7.12,7.44,8317816
20101220,7.47,7.51,7.29,7.31,4012228
20101221,7.36,7.44,7.32,7.34,4540899
20101222,7.34,7.4,7.33,7.38,4522918
20101223,7.39,7.48,7.34,7.37,5578696
20101227,7.34,7.35,7.19,7.35,4231710
20101228,7.34,7.44,7.33,7.37,5662736
20101229,7.37,7.48,7.36,7.48,3851770
20101230,7.51,7.6,7.45,7.47,4456077
20110103,7.55,7.59,7.47,7.51,2725829
20110104,7.55,7.56,7.36,7.46,5367228
20110105,7.46,7.71,7.4,7.71,8956129
20110106,7.71,7.71,7.57,7.59,5808536
20110107,7.6,7.68,7.56,7.64,3061208
20110110,7.39,7.59,7.37,7.58,6040135
20110111,7.59,7.64,7.47,7.64,5404362
20110112,7.61,7.65,7.52,7.59,4702139
20110113,7.6,7.68,7.51,7.51,3033846
20110114,7.5,7.62,7.43,7.59,2439507
20110117,7.57,7.57,7.39,7.51,4340766
20110118,7.51,7.54,7.39,7.47,2484067
20110119,7.42,7.48,7.23,7.31,3244923
20110120,7.27,7.38,7.23,7.34,2698858
20110121,7.33,7.36,7.2,7.26,2193250
20110124,7.27,7.35,7.23,7.34,1540669
20110126,7.3,7.33,7.19,7.2,3497043
20110127,7.2,7.25,6.91,6.97,7162753
20110128,6.97,6.97,6.61,6.61,5320517
20110131,6.66,6.74,6.42,6.53,6775778
20110201,6.61,6.75,6.57,6.74,5259344
20110202,6.76,6.8,6.49,6.53,6077268
20110203,6.52,6.52,6.13,6.29,8680165
20110204,6.29,6.34,5.99,6.08,8620360
20110207,6.14,6.34,6.01,6.22,4708979
20110208,6.22,6.53,6.19,6.47,7194415
20110209,6.47,6.47,6.13,6.23,6598708
20110210,6.18,6.37,6.15,6.36,4456273
20110211,6.34,6.46,6.3,6.44,5261884
20110214,6.42,6.63,6.32,6.62,4376141
20110215,6.58,6.66,6.49,6.5,4510605
20110216,6.54,6.72,6.48,6.6,6505286
20110217,6.65,6.68,6.51,6.64,2467259
20110218,6.59,6.87,6.54,6.87,4603831
20110221,6.81,6.81,6.69,6.75,2349994
20110222,6.66,6.73,6.53,6.59,5621693
20110223,6.59,6.64,6.34,6.43,5978766
20110224,6.41,6.51,6.3,6.37,14079641
20110225,6.44,6.47,6.25,6.41,3726688
20110228,6.5,6.56,6.43,6.54,2801270
20110301,6.54,6.58,6.34,6.34,3442124
20110302,6.31,6.5,6.3,6.39,2691627
20110303,6.44,6.54,6.39,6.54,3147593
20110304,6.52,6.53,6.42,6.49,1324119
20110309,6.49,6.58,6.41,6.54,2349603
20110310,6.45,6.66,6.38,6.61,4611649
20110311,6.53,6.86,6.53,6.86,7150050
20110314,6.82,7.06,6.68,7.03,4055616
20110315,6.82,7.16,6.71,7.08,6251798
20110316,7.09,7.22,6.98,7.07,5520845
20110317,7.15,7.19,6.99,7.01,2808501
20110318,7.05,7.17,6.85,6.93,8568959
20110321,7.03,7.03,6.78,6.86,6675516
20110322,6.85,6.93,6.8,6.88,6058702
20110323,6.83,6.98,6.82,6.86,7774487
20110324,6.73,6.73,6.46,6.5,12138120
20110325,6.51,6.72,6.51,6.61,12276298
20110328,6.66,6.72,6.52,6.64,3220688
20110329,6.7,6.73,6.59,6.7,2283348
20110330,6.71,6.71,6.62,6.69,2213966
20110331,6.66,6.75,6.59,6.67,7050570
20110401,6.72,6.93,6.68,6.91,5994792
20110404,6.92,6.98,6.84,6.91,3075084
20110405,6.9,7.02,6.78,6.94,3649293
20110406,6.99,7.01,6.81,6.89,2439116
20110407,6.85,6.92,6.75,6.84,4174641
20110408,6.85,6.91,6.65,6.65,6146260
20110411,6.64,6.83,6.63,6.64,3214630
20110412,6.65,6.69,6.52,6.59,3775939
20110413,6.71,6.79,6.59,6.72,3821868
20110414,6.71,6.78,6.58,6.64,4496924
20110415,6.67,6.72,6.48,6.63,5154587
20110418,6.61,6.71,6.51,6.6,2739119
20110419,6.6,6.72,6.56,6.66,5182730
20110420,6.76,6.8,6.67,6.79,2939643
20110425,6.73,6.84,6.69,6.78,1899305
20110426,6.79,6.81,6.7,6.7,1997612
20110427,6.66,6.75,6.49,6.59,3822845
20110428,6.55,6.62,6.42,6.45,4357965
20110429,6.39,6.91,6.38,6.86,9227794
20110502,6.91,7.06,6.83,7.01,7910319
20110503,6.99,7.05,6.85,6.86,4016333
20110504,6.97,7.03,6.81,7,4378433
20110505,6.93,7.05,6.85,6.93,3298638
20110506,7.16,7.6,7.12,7.6,7595190
20110509,7.54,7.67,7.38,7.6,4358106
20110510,7.58,7.85,7.5,7.63,4852845
20110511,7.51,7.65,7.38,7.48,5072600
20110512,7.41,7.67,7.32,7.67,3175529
20110513,7.57,7.73,7.42,7.5,3819072
20110516,7.4,7.58,7.3,7.35,3180131
20110517,7.37,7.55,7.25,7.44,3850712
20110518,7.43,7.48,7.19,7.25,4965982
20110519,7.27,7.35,7.02,7.04,3516284
20110520,7.03,7.24,7.03,7.15,3036503
20110523,7.1,7.3,7.06,7.23,2892876
20110524,7.28,7.52,7.26,7.52,4133365
20110525,7.53,7.8,7.48,7.52,6409544
20110526,7.55,7.66,7.43,7.65,4263761
20110527,7.68,7.77,7.56,7.56,2362662
20110530,7.56,7.61,7.51,7.55,662143
20110531,7.61,7.86,7.59,7.82,6549145
20110601,7.77,7.92,7.61,7.62,3778994
20110602,7.68,7.7,7.56,7.65,4192427
20110603,7.64,7.93,7.51,7.87,4874322
20110606,7.87,7.93,7.76,7.78,2995275
20110607,7.82,8.07,7.77,8.04,5181328
20110608,8,8.18,7.96,8.02,4979597
20110609,8.02,8.1,7.89,8.04,4582656
20110610,8.03,8.03,7.78,7.8,3536419
20110613,7.8,7.9,7.71,7.76,2114718
20110614,7.88,7.93,7.76,7.8,2149426
20110615,7.71,7.74,7.55,7.6,6247316
20110616,7.65,7.65,7.3,7.38,4389938
20110617,7.44,7.54,7.31,7.42,3219058
20110620,7.36,7.57,7.34,7.49,2452405
20110621,7.57,7.63,7.46,7.52,3021163
20110622,7.48,7.57,7.46,7.48,2518562
20110624,7.49,7.57,7.4,7.42,2409068
20110627,7.41,7.6,7.32,7.53,2740427
20110628,7.55,7.83,7.52,7.83,3417145
20110629,7.85,7.87,7.55,7.69,5751235
20110630,7.73,7.73,7.45,7.57,4466642
20110701,7.51,7.64,7.43,7.62,4537209
20110704,7.53,7.66,7.53,7.64,1595626
20110705,7.67,7.67,7.51,7.54,2036864
20110706,7.55,7.56,7.34,7.34,2825952
20110707,7.4,7.51,7.1,7.13,7307168
20110708,7.09,7.19,6.9,7,4641526
20110711,6.86,6.94,6.81,6.9,2782039
20110712,6.95,7.01,6.81,6.82,4036143
20110713,6.92,7.04,6.85,6.99,4527813
20110714,7,7.01,6.69,6.84,5193217
20110715,6.84,6.91,6.73,6.77,2927201
20110718,6.7,6.7,6.48,6.59,4868377
20110719,6.6,6.7,6.54,6.62,5184588
20110720,6.65,6.81,6.62,6.79,3806416
20110721,6.82,6.97,6.63,6.9,4686206
20110722,6.87,6.97,6.8,6.97,2358252
20110725,6.89,6.94,6.78,6.83,2144057
20110726,6.8,6.85,6.63,6.85,3479467
20110727,6.78,6.82,6.6,6.65,2539080
20110728,6.65,6.85,6.64,6.84,3445909
20110729,6.72,7.07,6.7,7.07,5240389
20110801,7.13,7.19,6.83,6.98,4792249
20110802,6.97,7.17,6.85,7.05,8176795
20110803,7.07,7.09,6.64,6.8,9106059
20110804,6.65,6.92,6.4,6.69,11105530
20110805,6.7,7.12,6.65,6.96,12444392
20110808,6.6,6.93,6.45,6.65,9981631
20110809,6.65,6.96,6.26,6.85,7744954
20110810,6.73,6.95,6.57,6.77,7951478
20110811,6.92,7.19,6.78,7,8784288
20110812,7.01,7.12,6.8,6.95,5133771
20110815,6.98,7.38,6.98,7.2,3706317
20110816,7.14,7.39,7.04,7.38,4387637
20110817,7.4,7.47,7.17,7.28,5950281
20110818,7.11,7.18,6.92,7.05,4396266
20110819,6.98,7.24,6.93,7.21,4297510
20110822,7.27,7.39,7.15,7.15,3679855
20110823,7.16,7.25,7.07,7.2,9800227
20110824,7.18,7.29,7.01,7.19,6495644
20110825,7.1,7.19,6.81,6.9,9268287
20110826,6.87,7.12,6.78,7.05,4213904
20110829,7.18,7.55,7.17,7.49,8906246
20110830,7.36,7.58,7.35,7.46,7410526
20110831,7.57,7.81,7.47,7.81,6440226
20110901,8.1,8.35,8.1,8.2,8743826
20110902,8,8.07,7.63,7.69,9054668
20110905,7.59,7.62,7.42,7.45,3166516
20110906,7.38,7.82,7.3,7.77,4266445
20110908,7.87,8.15,7.79,8.01,4779209
20110909,7.87,7.91,7.56,7.65,3955988
20110912,7.61,7.85,7.42,7.79,3873148
20110913,7.84,8.15,7.69,8.07,9125427
20110914,7.9,8,7.66,7.76,8380251
20110915,7.82,7.9,7.62,7.69,4186482
20110916,7.61,7.79,7.61,7.77,2289410
20110919,7.62,7.7,7.52,7.54,3390299
20110920,7.59,7.79,7.47,7.5,7303141
20110921,7.57,7.71,7.25,7.25,4299428
20110922,6.91,7.11,6.7,6.73,8209778
20110923,6.79,7.35,6.7,7.3,9651230
20110926,7.37,7.52,7.16,7.45,4820245
20110927,7.6,7.6,7.37,7.4,4044005
20110928,7.46,7.54,7.21,7.3,3839206
20110929,7.41,7.51,7.21,7.35,2444735
20110930,7.22,7.34,6.96,7.15,4152732
20111003,7.01,7.18,6.87,6.93,4943355
20111004,6.85,7.08,6.78,6.91,18858156
20111005,6.91,7.25,6.86,7.07,3802389
20111006,7.16,7.26,7.1,7.23,4471628
20111007,7.29,7.4,6.89,7.05,3444566
20111010,7.13,7.49,7.11,7.3,4100957
20111011,7.3,7.38,7.25,7.28,4342190
20111013,7.44,7.52,7.3,7.4,7716765
20111014,7.47,7.55,7.36,7.49,3775542
20111017,7.37,7.4,7.25,7.32,3914951
20111018,7.33,7.78,7.33,7.71,5323421
20111019,7.76,7.91,7.66,7.91,4837887
20111020,7.87,7.88,7.54,7.56,5692365
20111021,7.62,7.76,7.47,7.52,5300794
20111024,7.62,7.91,7.57,7.82,4584382
20111025,7.76,7.81,7.64,7.74,4113805
20111026,7.82,7.86,7.6,7.72,3260094
20111027,8,8.18,7.8,7.9,7691069
20111028,7.82,7.97,7.66,7.86,4373831
20111031,7.82,7.82,7.6,7.62,3808909
20111101,7.43,7.56,7.34,7.48,5528987
20111103,7.59,7.67,7.46,7.5,2566310
20111104,7.51,7.51,7.33,7.34,3990504
20111107,7.38,7.44,7.22,7.32,2660080
20111108,7.39,7.4,7.27,7.38,3415994
20111109,7.22,7.34,7.21,7.34,3670650
20111110,7.36,7.5,7.31,7.42,5774630
20111111,7.55,7.71,7.52,7.7,4849201
20111114,7.65,7.7,7.56,7.65,2164383
20111116,7.56,7.8,7.56,7.75,4877198
20111117,7.68,7.76,7.51,7.52,5137031
20111118,7.57,7.66,7.33,7.33,4311125
20111121,7.22,7.31,7.12,7.21,4082740
20111122,7.25,7.27,7.1,7.16,2578391
20111123,7.11,7.21,6.88,6.88,2727004
20111124,6.94,7.13,6.94,7.1,2391042
20111125,7.01,7.24,6.98,7.15,2105897
20111128,7.32,7.43,7.29,7.42,3024231
20111129,7.38,7.49,7.32,7.42,2934679
20111130,7.52,7.72,7.44,7.62,7775443
20111201,7.76,7.9,7.68,7.89,6679157
20111202,7.95,8.02,7.61,7.71,4655333
20111205,7.85,8,7.73,7.96,4621967
20111206,7.95,7.97,7.72,7.9,4748911
20111207,7.85,7.92,7.81,7.82,3105537
20111208,7.85,7.91,7.53,7.54,4115915
20111209,7.53,7.71,7.52,7.56,3535460
20111212,7.56,7.62,7.34,7.36,3168817
20111213,7.45,7.62,7.26,7.26,3869504
20111214,7.43,7.51,7.37,7.44,10177800
20111215,7.43,7.61,7.42,7.57,5508277
20111216,7.62,7.67,7.52,7.57,3213689
20111219,7.57,7.62,7.22,7.23,4112079
20111220,7.33,7.33,7.16,7.23,3890598
20111221,7.17,7.19,6.88,7.19,6054790
20111222,7.2,7.38,7.14,7.34,5359664
20111223,7.34,7.56,7.34,7.49,3796252
20111226,7.47,7.57,7.39,7.41,827056
20111227,7.41,7.48,7.25,7.39,2641288
20111228,7.39,7.39,7.11,7.11,2955581
20111229,7.16,7.25,7.15,7.22,3441690
20120102,7.32,7.48,7.22,7.48,2374359
20120103,7.51,7.56,7.44,7.51,2731606
20120104,7.49,7.55,7.38,7.5,2456049
20120105,7.54,7.54,7.3,7.5,4789181
20120106,7.56,7.62,7.42,7.49,3633641
20120109,7.58,7.72,7.43,7.69,3353481
20120110,7.78,7.81,7.69,7.74,3083101
20120111,7.74,7.88,7.6,7.82,3072937
20120112,7.87,7.9,7.61,7.67,2969004
20120113,7.67,7.72,7.5,7.58,3077156
20120116,7.63,7.8,7.59,7.8,1105490
20120117,7.8,7.88,7.7,7.78,2611374
20120118,7.82,7.9,7.74,7.83,3380902
20120119,7.88,8.03,7.82,7.98,4017351
20120120,7.99,8.08,7.99,8.08,4503460
20120123,8.08,8.12,7.95,8.03,3470837
20120124,8.03,8.16,7.93,8.16,4599339
20120126,8.25,8.61,8.1,8.5,8645262
20120127,8.5,8.56,8.24,8.29,4902510
20120130,8.25,8.32,8.14,8.26,3540062
20120131,8.35,8.63,8.19,8.53,7896060
20120201,8.59,8.63,8.36,8.62,5793998
20120202,8.58,8.62,8.46,8.57,4852077
20120203,8.49,8.84,8.42,8.64,3365562
20120206,8.6,8.77,8.6,8.71,2146550
20120207,8.69,8.84,8.62,8.84,2887698
20120208,8.85,8.89,8.64,8.78,8851978
20120209,8.72,8.76,8.6,8.71,4652648
20120210,8.51,8.86,8.5,8.74,4019460
20120213,8.88,8.98,8.79,8.97,3394517
20120214,8.97,9.16,8.89,8.91,4466258
20120215,9.04,9.13,8.95,9.03,7693371
20120216,9.03,9.11,8.93,9.04,4797043
20120217,9.14,9.19,8.9,9.19,3591070
20120222,9.19,9.24,9.04,9.09,4217547
20120223,9.03,9.14,8.94,9.07,2782998
20120224,9.06,9.12,9.02,9.07,2679832
20120227,9.06,9.11,8.97,9.04,2562283
20120228,9.03,9.1,8.97,9.02,4689466
20120229,9.07,9.29,9.01,9.24,4423880
20120301,9.27,9.39,9.17,9.24,3775159
20120302,9.31,9.31,8.74,8.83,14662276
20120305,8.83,8.88,8.71,8.88,4711326
20120306,8.76,8.79,8.52,8.66,6262848
20120307,8.76,8.89,8.65,8.71,5027920
20120308,8.89,9.14,8.85,9.09,10461987
20120309,9.09,9.12,8.87,8.9,5794765
20120312,8.84,9.03,8.78,8.96,3088086
20120313,9.04,9.15,8.85,9.15,4346601
20120314,9.09,9.12,8.77,8.88,3988778
20120315,8.77,8.79,8.56,8.62,4915741
20120316,8.61,8.87,8.5,8.57,4523978
20120319,8.63,8.87,8.61,8.77,3794718
20120320,8.66,8.76,8.65,8.76,2465637
20120321,8.76,8.89,8.62,8.62,2468513
20120322,8.6,8.62,8.42,8.57,1887675
20120323,8.64,8.82,8.57,8.82,2790668
20120326,8.82,9,8.75,8.97,1829572
20120327,8.97,9.06,8.8,8.8,2755576
20120328,8.8,8.94,8.67,8.9,3638818
20120329,8.77,8.89,8.73,8.87,3275435
20120330,8.87,8.89,8.65,8.72,3252040
20120402,8.72,8.98,8.71,8.9,2789518
20120403,8.84,8.98,8.84,8.92,1573574
20120404,8.85,8.97,8.72,8.72,3130465
20120405,8.72,8.94,8.72,8.92,2051246
20120409,8.74,8.86,8.71,8.81,812482
20120410,8.78,8.8,8.47,8.75,7414745
20120411,8.76,8.79,8.49,8.52,3429801
20120412,8.52,9.02,8.51,9.02,4230203
20120413,8.87,8.95,8.68,8.82,2565543
20120416,8.82,8.88,8.59,8.73,2324119
20120417,8.76,8.93,8.75,8.77,2724895
20120418,8.76,8.94,8.68,8.76,5483540
20120419,8.75,8.85,8.66,8.79,2018646
20120420,8.8,8.87,8.68,8.68,1269444
20120423,8.59,8.61,8.37,8.5,2457391
20120424,8.38,8.68,8.33,8.68,2833047
20120425,8.78,8.8,8.57,8.62,2262564
20120426,8.56,8.82,8.48,8.82,2405808
20120427,8.87,9.02,8.75,9,2210214
20120430,8.98,9.09,8.87,9.09,2322393
20120502,9.01,9.19,8.97,9.18,2780505
20120503,9.09,9.39,9.09,9.33,1850550
20120504,9.27,9.71,9.04,9.13,7523400
20120507,9.02,9.17,8.98,9,3252150
20120508,9,9.02,8.68,8.72,5006850
20120509,8.52,8.87,8.42,8.87,6964950
20120510,8.89,9.01,8.8,8.88,2012250
20120511,8.94,9.09,8.8,9.09,2577000
20120514,9,9.06,8.72,8.82,4397400
20120515,8.77,8.87,8.36,8.45,4572300
20120516,8.53,8.82,8.11,8.11,6340800
20120517,8.2,8.31,7.86,7.95,6159600
20120518,8.06,8.28,7.82,7.95,5823450
20120521,7.95,8.21,7.91,8.16,3996900
20120522,8.04,8.17,7.75,7.85,4454250
20120523,7.85,7.96,7.27,7.54,10291200
20120524,7.52,7.65,7.36,7.61,6369900
20120525,7.58,8.01,7.46,8.01,4278150
20120528,8.02,8.2,8,8.02,2948400
20120529,8.04,8.13,7.65,7.7,4198500
20120530,7.61,7.66,7.48,7.58,3480900
20120531,7.58,7.95,7.58,7.87,5517300
20120601,7.74,7.82,7.55,7.55,6157800
20120604,7.63,7.78,7.49,7.68,3078750
20120605,7.68,7.89,7.55,7.55,2893800
20120606,7.59,7.79,7.59,7.68,3949800
20120608,7.65,7.77,7.59,7.63,2623200
20120611,7.73,7.87,7.62,7.68,2355450
20120612,7.68,7.96,7.68,7.93,1794150
20120613,7.89,8.21,7.8,7.95,4366050
20120614,8.04,8.09,7.78,7.86,2602500
20120615,7.91,8.03,7.84,8.01,2091150
20120618,7.97,8.09,7.86,7.86,2414700
20120619,7.92,8.13,7.86,8.13,3132000
20120620,8.12,8.23,7.99,8.13,2519700
20120621,8.15,8.15,7.85,7.89,1456200
20120622,8,8,7.89,7.99,1880100
20120625,7.86,8.1,7.85,8.1,1223100
20120626,8.1,8.11,7.8,7.86,3459600
20120627,7.86,7.99,7.79,7.87,1940250
20120628,7.84,8.1,7.84,8.07,2011500
20120629,8.29,8.59,8.11,8.59,4053150
20120702,8.47,8.79,8.43,8.75,3144150
20120703,8.75,8.98,8.62,8.85,4097550
20120704,8.82,8.91,8.69,8.88,1302300
20120705,8.87,9,8.71,8.76,3072600
20120706,8.68,8.71,8.42,8.54,2388300
20120710,8.61,8.61,8.33,8.37,2596650
20120711,8.41,8.5,8.27,8.33,2155500
20120712,8.31,8.48,8.25,8.41,1386150
20120713,8.5,8.66,8.41,8.58,2325300
20120716,8.57,8.58,8.28,8.47,2509050
20120717,8.49,8.65,8.43,8.62,1576050
20120718,8.59,8.83,8.56,8.74,2069100
20120719,8.79,8.98,8.76,8.93,2655750
20120720,8.79,8.89,8.54,8.58,2383200
20120723,8.43,8.65,8.36,8.65,1868550
20120724,8.59,8.74,8.42,8.57,1940850
20120725,8.71,8.71,8.45,8.57,836400
20120726,8.72,9.04,8.56,8.98,2070900
20120727,9.07,9.87,9,9.48,4810800
20120730,9.48,9.71,9.29,9.51,3437850
20120731,9.39,9.55,9.22,9.44,2665350
20120801,9.44,9.72,9.3,9.57,2980050
20120802,9.42,9.55,9.22,9.38,2335200
20120803,9.59,9.79,9.53,9.75,3846150
20120806,9.72,10.05,9.7,9.8,3735600
20120807,9.9,9.99,9.53,9.64,2955300
20120808,9.57,9.71,9.47,9.66,5001900
20120809,9.54,9.82,9.5,9.66,2563350
20120810,9.53,9.9,9.4,9.9,3250650
20120813,9.86,10,9.68,9.96,2791800
20120814,9.89,10.08,9.65,9.72,3498000
20120815,9.61,9.7,9.07,9.28,9879150
20120816,9.4,9.46,9.04,9.38,5798100
20120817,9.4,9.51,9.06,9.08,3529950
20120820,9.19,9.27,9.07,9.2,3315450
20120821,9.31,9.5,9.29,9.36,3642300
20120822,9.39,9.65,9.35,9.53,4857900
20120823,9.41,9.5,9.25,9.47,2166900
20120824,9.45,9.53,9.29,9.47,2119950
20120827,9.39,9.52,9.34,9.39,1349100
20120828,9.39,9.56,9.32,9.46,1908600
20120829,9.42,9.47,9.2,9.42,2413650
20120830,9.37,9.61,9.31,9.56,2921250
20120831,9.65,9.65,9.39,9.47,4316700
20120903,9.46,9.62,9.44,9.53,1926600
20120904,9.42,9.59,9.29,9.44,2404950
20120905,9.54,9.89,9.42,9.89,4266000
20120906,9.89,10.08,9.81,10.01,4304850
20120910,10.08,10.23,9.95,10.05,2378550
20120911,10.1,10.42,10.01,10.31,5871450
20120912,10.36,10.55,10.01,10.16,3791100
20120913,10.14,10.55,10.08,10.42,3646200
20120914,10.38,10.62,10.09,10.27,3610800
20120917,10.27,10.66,10.27,10.53,2569800
20120918,10.49,10.59,10.21,10.31,2958600
20120919,10.36,10.47,10.2,10.29,2536650
20120920,10.1,10.39,10.1,10.39,2226000
20120921,10.39,10.44,10.19,10.19,2562750
20120924,10.19,10.43,10.17,10.39,3877050
20120925,10.42,10.45,10.03,10.29,4411800
20120926,10.29,10.31,9.85,10.18,5165400
20120927,10.18,10.34,10,10.34,4066650
20120928,10.29,10.36,10.11,10.31,2644350
20121001,10.24,10.61,10.2,10.52,3037650
20121002,10.47,10.83,10.47,10.78,2674500
20121003,10.84,10.94,10.73,10.81,2923950
20121004,10.85,11.14,10.68,10.88,3105300
20121005,10.95,11.25,10.93,11.01,3597450
20121008,11.02,11.49,10.99,11.43,2825400
20121009,11.49,11.49,11.05,11.17,2130900
20121010,10.96,11.27,10.96,11.21,1890000
20121011,11.26,11.48,11.26,11.45,2180550
20121015,11.48,11.68,11.38,11.68,2056650
20121016,11.68,11.83,11.41,11.51,1930650
20121017,11.6,11.75,11.48,11.59,2740950
20121018,11.53,11.61,11.32,11.48,2067150
20121019,11.48,11.57,11.08,11.3,2580300
20121022,11.3,11.48,11.11,11.35,1393200
20121023,11.18,11.35,11.09,11.2,1539150
20121024,11.22,11.3,11.03,11.14,1180650
20121025,11.33,11.33,10.72,10.79,2886750
20121026,10.65,11.06,10.6,11.06,1532700
20121029,10.91,11.11,10.91,11.05,850650
20121030,11.1,11.11,10.86,10.97,1032150
20121031,11.05,11.1,10.94,11.04,2087850
20121101,11.04,11.24,10.98,11.24,2466900
20121105,11.08,11.37,11.04,11.37,1704000
20121106,11.4,11.59,11.27,11.53,1813050
20121107,11.49,11.51,11.27,11.43,2053500
20121108,11.47,11.66,11.42,11.46,2414850
20121109,11.45,11.5,11.18,11.35,1929600
20121112,11.4,11.42,11.27,11.42,1156650
20121113,11.3,11.49,11.25,11.49,1653000
20121114,11.53,11.74,11.29,11.55,4383900
20121116,11.49,12,11.37,11.85,5231250
20121119,11.92,12.08,11.88,12,1669500
20121121,12.14,12.14,11.85,11.89,2589300
20121122,11.92,11.99,11.75,11.95,1360500
20121123,11.88,12.01,11.82,11.94,2643000
20121126,11.82,12.07,11.82,11.98,2329950
20121127,11.92,12.73,11.92,12.48,4835550
20121128,12.28,12.73,12.27,12.47,4120950
20121129,12.54,12.59,12.29,12.48,2921850
20121130,12.53,12.57,11.85,12.21,10708050
20121203,12.27,12.4,11.92,12.26,3143100
20121204,12.26,12.27,11.77,11.77,5576850
20121205,11.84,12.2,11.72,12.13,2380350
20121206,12.14,12.31,12.11,12.31,2790300
20121207,12.31,12.57,12.23,12.42,2261850
20121210,12.42,12.42,11.99,12.19,3316800
20121211,12.14,12.26,12.04,12.14,3350400
20121212,12.06,12.15,11.86,11.94,5711250
20121213,11.95,12.31,11.83,11.98,3803250
20121214,12.09,12.13,11.74,11.79,3211350
20121217,11.79,11.98,11.75,11.91,1942050
20121218,11.9,12,11.61,11.79,2736750
20121219,11.88,11.98,11.73,11.94,2304000
20121220,11.92,12.12,11.79,11.85,2509800
20121221,11.68,11.78,11.47,11.69,2764350
20121226,11.63,11.85,11.56,11.69,1116900
20121227,11.75,11.88,11.67,11.68,1392450
20121228,11.66,11.92,11.63,11.9,1748700
20130102,12,12.27,12,12.13,2095200
20130103,12.14,12.21,12.01,12.21,1862850
20130104,12.11,12.12,11.77,11.82,4520400
20130107,11.92,11.98,11.54,11.59,2301150
20130108,11.6,11.73,11.38,11.41,2648700
20130109,11.34,11.91,11.32,11.91,2521350
20130110,11.85,12.06,11.6,12.06,2234100
20130111,11.9,12.05,11.63,11.71,1935750
20130114,11.76,11.9,11.56,11.67,1494300
20130115,11.61,11.7,11.39,11.41,2484750
20130116,11.42,11.68,11.42,11.6,1510950
20130117,11.55,11.9,11.54,11.8,4445700
20130118,11.95,11.95,11.54,11.67,2288550
20130121,11.61,11.72,11.53,11.54,1619400
20130122,11.54,11.73,11.5,11.64,1391550
20130123,11.6,11.67,11.48,11.59,1442250
20130124,11.54,11.8,11.07,11.23,3573900
20130128,11.24,11.31,10.93,11.05,3395250
20130129,10.98,11.42,10.93,11.34,3776100
20130130,11.31,11.51,11.18,11.37,3306150
20130131,11.39,11.6,11.2,11.55,3426750
20130201,11.35,11.98,11.34,11.9,3931350
20130204,11.76,11.85,11.52,11.68,2056050
20130205,11.72,11.92,11.6,11.69,1997550
20130206,11.63,11.89,11.5,11.87,2692200
20130207,11.8,11.98,11.74,11.98,3279150
20130208,11.98,12.09,11.82,12.02,2624550
20130213,12.06,12.14,11.87,11.98,2556000
20130214,12.05,12.11,11.88,11.99,1746900
20130215,12.02,12.02,11.55,11.57,4117650
20130218,11.51,11.56,11.28,11.44,3653250
20130219,11.34,11.62,11.34,11.58,2458800
20130220,11.55,11.59,11.13,11.24,3941700
20130221,11.15,11.29,10.87,11.05,3198600
20130222,11.09,11.21,10.87,11.16,3962100
20130225,11.16,11.43,11,11.11,2745000
20130226,10.99,11.29,10.96,11.16,2046900
20130227,11.18,11.53,11.09,11.41,3350250
20130228,11.32,11.78,11.28,11.74,4546650
20130301,11.61,11.78,11.39,11.58,3305100
20130304,11.57,11.61,11.31,11.52,2904600
20130305,11.52,11.91,11.38,11.38,2848950
20130306,11.54,11.85,11.44,11.61,2732550
20130307,11.75,11.83,11.44,11.63,2349750
20130308,11.86,12.01,11.63,11.86,4665600
20130311,11.85,11.94,11.7,11.76,2044200
20130312,11.83,11.87,11.68,11.7,1651050
20130313,11.71,12.18,11.7,12.07,4729800
20130314,12.13,12.48,11.94,12.03,5142450
20130315,12.05,12.06,11.72,11.76,3305850
20130318,11.66,11.84,11.58,11.6,2028000
20130319,11.6,11.66,11.47,11.51,3104250
20130320,11.55,11.64,11.32,11.41,5268450
20130321,11.4,11.61,11.11,11.25,1945200
20130322,11.36,11.57,11.11,11.15,2968200
20130325,11.15,11.35,11,11.08,2566500
20130326,11.17,11.4,11.12,11.26,2226300
20130327,11.26,11.35,11.11,11.32,2265900
20130328,11.32,11.59,11.24,11.35,2964600
20130401,11.33,11.44,11.14,11.17,2197950
20130402,11.32,11.51,10.99,11.02,3423450
20130403,11.07,11.39,10.79,11.28,4071450
20130404,11.2,11.51,11.09,11.19,3315450
20130405,11.12,11.56,11.03,11.49,2535150
20130408,11.36,11.64,11.36,11.61,1780200
20130409,11.59,11.69,11.45,11.68,3600750
20130410,11.79,11.86,11.67,11.74,2007900
20130411,11.8,11.8,11.22,11.25,6670050
20130412,11.28,11.39,11.03,11.17,2236200
20130415,11.03,11.24,10.82,10.82,3867300
20130416,10.96,11.19,10.81,11.02,2782350
20130417,10.83,11.27,10.83,10.96,4936500
20130418,10.96,11.2,10.92,10.98,2682300
20130419,11.09,11.13,10.92,11.06,1895700
20130422,10.96,11.3,10.96,11.3,2255400
20130423,11.26,11.47,11.17,11.38,2917800
20130424,11.37,11.52,11.3,11.47,2384550
20130425,11.41,11.61,11.28,11.45,3784200
20130426,11.38,11.49,11.06,11.19,4659450
20130429,11.3,11.41,11.08,11.19,2433150
20130430,11.27,11.49,11.06,11.49,3122400
20130502,11.43,11.61,11.17,11.21,3268650
20130503,11.35,11.45,11.15,11.2,4335600
20130506,11.24,11.26,11.14,11.24,2820450
20130507,11.24,11.45,11.11,11.41,2485950
20130508,11.41,11.45,11.22,11.3,1672950
20130509,11.3,11.47,11.15,11.35,1665000
20130510,11.41,11.59,11.21,11.32,3750450
20130513,11.23,11.35,11.06,11.13,2325450
20130514,11.17,11.38,11.01,11.21,2624400
20130515,11.13,11.45,11.11,11.32,2945250
20130516,11.32,11.34,11.15,11.26,2050200
20130517,11.34,11.38,11.13,11.33,3160350
20130520,11.3,11.53,11.26,11.51,2597850
20130521,11.45,11.7,11.45,11.68,1936050
20130522,11.71,11.85,11.58,11.64,4606200
20130523,11.54,11.68,11.43,11.6,2498700
20130524,11.58,11.76,11.46,11.66,2204550
20130527,11.72,11.8,11.49,11.54,1080450
20130528,11.64,11.68,11.56,11.64,1465800
20130529,11.55,11.61,11.25,11.32,3135450
20130531,11.25,11.39,10.91,11.25,6087300
20130603,11.23,11.32,10.86,10.94,3992700
20130604,10.96,11.02,10.81,10.99,1650600
20130605,10.89,11.05,10.74,10.85,3748500
20130606,10.74,10.87,10.61,10.7,2968650
20130607,10.59,10.76,10.53,10.6,2989650
20130610,10.53,10.68,10.48,10.53,1804350
20130611,10.47,10.48,9.89,10.34,3484050
20130612,10.38,10.66,10.15,10.27,4267800
20130613,10.27,10.35,10.07,10.17,3126150
20130614,10.1,10.17,9.73,9.85,4391400
20130617,9.95,10.06,9.76,9.82,2557050
20130618,9.74,9.89,9.64,9.76,2379000
20130619,9.76,9.88,9.61,9.67,4781850
20130620,9.59,9.91,9.37,9.78,8779950
20130621,9.64,9.97,9.46,9.55,10345050
20130624,9.42,9.89,9.31,9.74,11248350
20130625,9.74,9.86,9.63,9.7,2175150
20130626,9.79,10.19,9.79,10.02,3177600
20130627,9.96,10.24,9.96,10.15,2940750
20130628,10.07,10.31,10.03,10.2,5768100
20130701,10.05,10.31,10.05,10.19,2174100
20130702,10.23,10.23,9.69,9.69,4275000
20130703,9.47,9.92,9.47,9.62,4236600
20130704,9.7,9.84,9.59,9.72,1992000
20130705,9.64,9.78,9.44,9.65,3523200
20130708,9.57,9.99,9.57,9.85,3100050
20130710,9.82,10.15,9.82,9.92,6034050
20130711,10.08,10.14,9.96,10.05,2601750
20130712,10.04,10.16,9.97,10.08,1807050
20130715,10.11,10.27,9.99,10.21,2395800
20130716,10.27,10.32,10.01,10.25,1426350
20130717,10.25,10.57,10.21,10.33,3835650
20130718,10.33,10.36,10.12,10.27,3549750
20130719,10.15,10.27,10.07,10.07,2250300
20130722,10.04,10.36,10.03,10.27,1872150
20130723,10.31,10.4,9.99,10.09,2338800
20130724,10.14,10.27,10.06,10.12,2541450
20130725,10.11,10.49,10.05,10.4,1688100
20130726,10.39,10.43,10.24,10.37,3830100
20130729,10.31,10.47,10.25,10.45,2019750
20130730,10.43,10.55,10.38,10.46,4281450
20130731,10.36,10.59,10.2,10.38,3049950
20130801,10.43,10.76,10.31,10.53,3966150
20130802,10.51,10.57,10.31,10.34,2114400
20130805,10.36,10.42,10.21,10.33,2730000
20130806,10.4,10.47,10.05,10.16,3176100
20130807,10.08,10.15,9.96,10.08,1922550
20130808,10.16,10.41,9.95,10.17,3512550
20130809,10.25,10.66,10.25,10.44,3702600
20130812,10.53,10.76,10.23,10.34,3163500
20130813,10.42,10.59,10.19,10.46,2355300
20130814,10.38,10.7,10.29,10.36,5648400
20130815,10.21,10.43,10.08,10.33,3558300
20130816,10.25,10.36,10.04,10.29,2284800
20130819,10.25,10.29,9.76,9.76,13466850
20130820,9.78,9.88,9.6,9.67,2658300
20130821,9.58,9.8,9.41,9.61,7581600
20130822,9.65,9.88,9.5,9.7,4081050
20130823,9.65,9.97,9.6,9.87,3429000
20130826,9.85,10.01,9.69,9.78,2926500
20130827,9.66,9.86,9.52,9.63,3034800
20130828,9.63,9.72,9.48,9.59,1927200
20130829,9.63,9.78,9.57,9.67,2719500
20130830,9.74,9.86,9.61,9.86,3984900
20130902,9.91,10.3,9.9,10.05,3080700
20130903,10.06,10.25,9.99,10,2418900
20130904,9.99,10.2,9.95,10.1,2940450
20130905,10.08,10.15,9.87,10.06,3712650
20130906,10.14,10.34,10.1,10.17,3287550
20130909,10.13,10.52,10.11,10.52,5614350
20130910,10.52,10.71,10.46,10.54,4083450
20130911,10.45,10.61,10.36,10.61,2647650
20130912,10.68,10.83,10.63,10.65,2980200
20130913,10.65,11,10.62,10.91,2787150
20130916,10.96,11.07,10.75,10.83,2107950
20130917,10.87,11.03,10.74,11.01,2516100
20130918,10.94,11.7,10.83,11.6,4807200
20130919,11.6,11.67,11.12,11.23,2999100
20130920,11.27,11.32,10.93,11.06,2079750
20130923,11.06,11.3,10.94,11.1,2393400
20130924,11.16,11.16,10.96,11,2772900
20130925,11.02,11.13,10.77,11,2452200
20130926,11.06,11.17,10.91,11.04,2401500
20130927,11.02,11.07,10.72,10.79,4094850
20130930,10.78,10.92,10.62,10.64,2793750
20131001,10.75,10.94,10.67,10.91,1924200
20131002,10.89,11.1,10.85,10.88,2304000
20131003,10.93,10.95,10.65,10.79,1710750
20131004,10.79,10.83,10.53,10.74,1830300
20131007,10.64,10.93,10.62,10.83,1977450
20131008,10.83,10.92,10.75,10.85,990150
20131009,10.94,11.09,10.83,11.07,2024100
20131010,11.13,11.33,11.11,11.31,3092400
20131011,11.33,11.36,11.09,11.36,1045650
20131014,11.4,11.48,11.27,11.37,2710650
20131015,11.42,11.54,11.26,11.29,2436450
20131016,11.36,11.59,11.21,11.4,3307800
20131017,11.33,11.52,11.33,11.41,1563450
20131018,11.41,11.59,11.34,11.4,1355100
20131021,11.34,11.53,11.34,11.47,1227150
20131022,11.41,11.62,11.38,11.5,1491450
20131023,11.49,11.6,11.21,11.21,1669350
20131024,11.26,11.41,11.21,11.24,2436000
20131025,11.23,11.38,11.15,11.2,1378800
20131028,11.24,11.42,11.07,11.11,3301800
20131029,11.07,11.08,10.77,10.98,4033650
20131030,11,11.23,10.89,11.23,2304300
20131031,11.13,11.16,10.83,10.83,7443150
20131101,10.87,10.93,10.62,10.67,3699900
20131104,10.67,10.73,10.49,10.58,2340150
20131105,10.65,10.66,10.26,10.26,4427550
20131106,10.3,10.38,10.02,10.36,4193550
20131107,10.35,10.52,10.08,10.1,5613750
20131108,10.11,10.17,9.79,10.1,3187350
20131111,10.09,10.19,9.98,10.09,2034150
20131112,10.09,10.12,9.83,9.9,3403650
20131113,9.9,10.18,9.78,9.98,3357300
20131114,10.45,10.63,9.94,10.55,6859500
20131118,10.57,10.94,10.57,10.85,6117300
20131119,10.81,10.81,10.49,10.65,4270950
20131121,10.55,10.56,10.28,10.42,3173400
20131122,10.42,10.49,10.3,10.36,1918500
20131125,10.43,10.47,10.25,10.36,2520900
20131126,10.34,10.44,10.19,10.26,2886600
20131127,10.29,10.42,10.19,10.42,2947050
20131128,10.45,10.55,10.24,10.37,1547400
20131129,10.4,10.4,10.24,10.39,1365300
20131202,10.3,10.5,10.23,10.31,2976900
20131203,10.22,10.32,10.07,10.09,3053700
20131204,10.16,10.3,10.07,10.15,4748550
20131205,10.23,10.41,10.11,10.22,2785500
20131206,10.34,10.49,10.13,10.31,2883600
20131209,10.38,10.51,10.16,10.29,2287950
20131210,10.25,10.32,10.09,10.12,2162400
20131211,10.11,10.16,9.93,10,1432350
20131212,10.02,10.1,9.85,9.96,2337150
20131213,9.96,10.13,9.93,9.95,1854900
20131216,10,10.05,9.91,9.98,1977750
20131217,9.99,10.18,9.97,10.06,3999750
20131218,10.12,10.3,10.03,10.16,4815750
20131219,10.16,10.41,10.15,10.39,2515050
20131220,10.38,10.49,10.26,10.26,2788200
20131223,10.27,10.49,10.26,10.39,1570350
20131226,10.49,10.49,10.16,10.39,1913100
20131227,10.32,10.34,10.15,10.29,2284950
20131230,10.23,10.38,10.23,10.28,2759550
20140102,10.28,10.38,9.97,10.07,2904000
20140103,10.04,10.14,9.85,10.05,4541400
20140106,10.09,10.09,9.96,10.02,2799450
20140107,10,10.06,9.79,9.84,3076800
20140108,9.84,10.02,9.75,9.89,2701050
20140109,9.81,9.87,9.77,9.87,4021650
20140110,9.81,10.06,9.8,9.87,3257850
20140113,9.84,9.99,9.84,9.93,3246600
20140114,9.94,10.01,9.86,9.89,4135200
20140115,9.97,10.02,9.87,9.99,1785450
20140116,10.04,10.08,9.82,9.89,2755950
20140117,9.94,9.94,9.68,9.73,2530950
20140120,9.72,9.79,9.7,9.72,909750
20140121,9.78,9.78,9.6,9.68,1919100
20140122,9.75,10.06,9.69,9.95,2430600
20140123,9.88,10.05,9.65,9.74,2267850
20140124,9.8,9.8,9.57,9.64,2353800
20140127,9.45,9.88,9.38,9.74,5845950
20140128,9.85,10.05,9.8,9.99,3363150
20140129,9.94,10,9.7,9.74,3102900
20140130,9.68,9.9,9.53,9.63,3264900
20140131,9.52,9.63,9.5,9.61,2793900
20140203,9.59,9.62,9.19,9.4,2638350
20140204,9.4,9.43,9.27,9.37,2790300
20140205,9.34,9.42,9.16,9.27,2357400
20140206,9.27,9.46,9.22,9.36,2389650
20140207,9.36,9.61,9.33,9.55,2273700
20140210,9.54,9.54,9.27,9.46,3802500
20140211,9.53,9.53,9.27,9.42,2557200
20140212,9.4,9.47,9.27,9.4,1654200
20140213,9.33,9.5,9.18,9.5,1756200
20140214,9.53,9.53,9.38,9.43,2023800
20140217,9.48,9.48,9.25,9.38,868200
20140218,9.31,9.38,9.06,9.06,2940600
20140219,8.97,9.15,8.92,9.09,2455200
20140220,9.04,9.38,9,9.19,2219850
20140221,9.22,9.37,9.19,9.32,1707000
20140224,9.33,9.4,9.21,9.33,1209000
20140225,9.27,9.4,9.19,9.26,1465650
20140226,9.21,9.59,9.19,9.46,2470950
20140227,9.54,9.68,9.43,9.57,1594650
20140228,9.63,9.68,9.38,9.46,2197800
20140305,9.44,9.58,9.27,9.4,1571100
20140306,9.42,9.61,9.3,9.48,2067000
20140307,9.5,9.57,9.21,9.33,1823100
20140310,9.27,9.32,9.15,9.31,2190150
20140311,9.36,9.44,9.25,9.42,2004000
20140312,9.44,9.52,9.26,9.46,1786650
20140313,9.54,9.7,9.46,9.57,4301550
20140314,9.59,9.69,9.5,9.57,2026350
20140317,9.64,9.75,9.57,9.74,3082350
20140318,9.76,10.02,9.74,9.97,3892200
20140319,10.03,10.14,9.94,9.96,2599500
20140320,9.97,10.2,9.85,9.99,2966100
20140321,9.92,10.24,9.92,10.03,3372600
20140324,10.12,10.35,10.08,10.24,3374700
20140325,10.29,10.51,10.29,10.37,3230700
20140326,10.48,10.51,10.26,10.29,3278550
20140327,10.36,10.73,10.35,10.58,4442850
20140328,10.66,11.05,10.64,10.81,6040800
20140331,10.82,11.01,10.82,11,2770500
20140401,10.98,11.06,10.83,10.97,2390550
20140402,10.97,11.41,10.9,11.37,3573600
20140403,11.3,11.62,11.3,11.41,2908200
20140404,11.53,11.74,11.2,11.26,3652950
20140407,11.34,11.46,11.31,11.42,2952000
20140408,11.54,11.63,11.22,11.39,3610500
20140409,11.31,11.5,11.12,11.3,2465250
20140410,11.3,11.4,11.14,11.39,4152150
20140411,11.32,11.51,11.24,11.45,2734500
20140414,11.49,11.49,11.25,11.31,2464350
20140415,11.2,11.33,10.99,11.16,2353500
20140416,11.2,11.31,11.09,11.23,1764150
20140417,11.27,11.33,11.15,11.2,2605200
20140422,11.31,11.44,11.17,11.17,2014650
20140423,11.16,11.19,10.89,10.95,3191250
20140424,10.95,11.16,10.81,10.97,2204250
20140425,10.89,11.08,10.83,11,2205000
20140428,10.95,11.14,10.87,11.05,2381700
20140429,11.13,11.28,11.05,11.05,2243100
20140430,11.03,11.22,11.03,11.1,2818950
20140502,11.17,11.42,11.01,11.26,3430440
20140505,11.51,11.57,11.23,11.29,3726480
20140506,11.28,11.42,11.21,11.29,2817240
20140507,11.27,11.42,11.19,11.28,1858560
20140508,11.27,11.31,11.07,11.22,1878360
20140509,11.22,11.3,11.12,11.25,2697360
20140512,11.32,11.38,11.14,11.29,1675080
20140513,11.24,11.34,11.18,11.3,2249400
20140514,11.29,11.4,11.24,11.39,2157240
20140515,11.38,11.38,11.24,11.32,1247160
20140516,11.36,11.42,11.26,11.34,1188840
20140519,11.41,11.41,11.12,11.18,2297640
20140520,11.17,11.23,10.95,10.95,2683800
20140521,11,11.14,10.97,11.12,2434800
20140522,11.18,11.25,11.05,11.14,1254840
20140523,11.14,11.14,11.05,11.12,1320360
20140526,11.12,11.31,11.07,11.24,729480
20140527,11.23,11.34,10.9,11.01,2157360
20140528,11.03,11.17,10.95,11.09,2039520
20140529,11.09,11.11,10.95,11.01,1914000
20140530,10.97,11.15,10.85,10.92,3056880
20140602,10.77,11.07,10.77,11.02,1931400
20140603,11,11.29,10.97,11.22,1498440
20140604,11.17,11.43,11.1,11.43,2041080
20140605,11.46,11.74,11.42,11.45,2397600
20140606,11.59,11.9,11.57,11.66,3032400
20140609,11.67,12.14,11.67,12.02,2380920
20140610,12.07,12.08,11.75,11.91,3369960
20140611,12.08,12.16,11.69,11.69,3054840
20140613,11.69,11.8,11.5,11.55,3361800
20140616,11.45,11.9,11.4,11.83,3894600
20140617,11.92,11.99,11.85,11.99,771600
20140618,12,12.08,11.81,11.92,2808120
20140620,11.87,12.06,11.74,11.79,2327400
20140623,11.75,11.81,11.58,11.67,839160
20140624,11.67,11.97,11.66,11.75,1917600
20140625,11.71,11.92,11.69,11.75,2039640
20140626,11.75,11.82,11.67,11.77,2087760
20140627,11.75,11.88,11.64,11.65,1390920
20140630,11.7,11.7,11.49,11.59,2306640
20140701,11.67,11.83,11.53,11.54,1375800
20140702,11.61,11.61,11.24,11.32,1958880
20140703,11.28,11.5,11.18,11.5,2712000
20140704,11.53,11.67,11.42,11.67,280560
20140707,11.6,11.75,11.56,11.74,1881000
20140708,11.69,11.88,11.63,11.71,1846200
20140710,11.75,11.97,11.74,11.92,2902920
20140711,11.92,11.95,11.83,11.92,2243640
20140714,12,12.1,11.88,11.99,2522640
20140715,11.99,12.06,11.83,11.83,2374920
20140716,11.91,12.02,11.72,11.73,2248440
20140717,11.75,11.88,11.55,11.6,1712520
20140718,11.73,11.93,11.58,11.68,2462400
20140721,11.72,11.87,11.69,11.79,1572480
20140722,11.81,12.34,11.78,12.29,3302040
20140723,12.25,12.3,12.01,12.25,2193360
20140724,12.33,12.5,12.22,12.5,2137680
20140725,12.43,12.43,12.26,12.37,1195680
20140728,12.46,12.47,12.31,12.44,1043640
20140729,12.36,12.46,12.24,12.25,1026480
20140730,12.33,12.38,12.04,12.14,1793400
20140731,12.1,12.16,11.79,11.88,1507080
20140801,11.83,12.1,11.69,12.09,1815480
20140804,12.09,12.3,12.03,12.3,1510560
20140805,12.27,12.43,12.06,12.07,2078040
20140806,12.06,12.3,11.93,12.14,1463760
20140807,12.22,12.26,11.92,11.96,973200
20140808,11.88,12.11,11.84,12,1210920
20140811,12.12,12.24,12,12.08,1800840
20140812,12.06,12.12,11.96,12.04,1296720
20140813,12.11,12.3,11.85,12.06,2740320
20140814,11.98,12.14,11.76,12,2568360
20140815,12.09,12.16,11.92,12.1,3223560
20140818,12.18,12.27,12.09,12.16,893280
20140819,12.16,12.37,12.11,12.37,1358880
20140820,12.33,12.43,12.16,12.31,1373880
20140821,12.23,12.42,12.12,12.3,1346280
20140822,12.29,12.3,12.06,12.07,1432080
20140825,12.15,12.33,12.12,12.26,1690560
20140826,12.27,12.48,12.16,12.31,2860680
20140827,12.43,12.9,12.32,12.75,3428280
20140828,12.72,12.91,12.61,12.71,1608960
20140829,12.74,13.02,12.68,13.02,3249000
20140901,13.11,13.15,12.62,12.79,2498520
20140902,12.76,13.03,12.73,13.01,1654920
20140903,12.99,13.08,12.72,13.01,2042160
20140904,12.92,13.19,12.9,13.09,1308720
20140905,13.12,13.16,12.84,12.92,1602600
20140908,13.01,13.05,12.37,12.47,2519760
20140909,12.27,12.55,12.18,12.18,2663760
20140910,12.06,12.15,11.92,12.12,2252760
20140911,12.18,12.27,12.08,12.11,1626600
20140912,11.9,12.17,11.82,11.9,2856960
20140915,11.99,12.04,11.74,11.9,2478600
20140916,11.9,12.42,11.9,12.13,3050160
20140917,12.21,12.36,12.13,12.22,2248320
20140918,12.14,12.21,11.94,12.09,2939160
20140919,12.02,12.27,11.92,12.27,2530080
20140922,12.14,12.15,11.67,11.76,2546880
20140923,11.77,11.91,11.55,11.78,2463840
20140924,11.66,12.08,11.64,11.87,1859280
20140925,11.84,12.1,11.8,11.82,2715960
20140926,11.81,12.12,11.65,11.94,2329080
20140929,11.53,11.8,11.45,11.61,3625200
20140930,11.47,11.62,11.37,11.43,5420040
20141001,11.27,11.47,11.11,11.14,3530640
20141002,11.06,11.27,10.96,11.24,3745440
20141003,11.2,11.5,11.12,11.35,3630000
20141006,12.14,12.17,11.51,11.59,4340040
20141007,11.83,11.96,11.59,11.71,3218040
20141008,11.86,11.98,11.54,11.64,2612280
20141009,11.86,12.05,11.63,11.73,2185080
20141010,11.71,11.78,11.38,11.38,2396880
20141013,11.57,11.87,11.49,11.73,4033920
20141014,11.8,12.2,11.69,12.08,4038960
20141015,11.96,12.16,11.85,11.95,9320160
20141016,11.57,11.8,11.23,11.44,6496800
20141017,11.53,11.69,11.32,11.52,5661240
20141020,11.48,11.6,11.23,11.43,2009520
20141021,11.11,11.24,10.79,10.91,4742520
20141022,10.9,11.02,10.74,10.82,1532160
20141023,10.75,10.85,10.45,10.56,3440160
20141024,10.45,11.04,10.45,10.87,3975960
20141027,10.38,11.03,10.1,10.83,6988080
20141028,10.83,11.24,10.82,11.08,3078120
20141029,11.01,11.29,10.93,11.03,2823840
20141030,11.03,11.48,11.03,11.33,3353160
20141031,11.32,12.04,11.32,12.04,3943080
20141103,12.02,12.13,11.49,11.86,3870000
20141104,11.91,12.03,11.58,11.97,2118720
20141105,11.89,11.99,11.66,11.8,1880760
20141106,11.71,11.98,11.62,11.85,2158200
20141107,11.76,12.22,11.71,12.22,3200880
20141110,12.31,12.48,12.21,12.36,2685840
20141111,12.31,12.45,12.13,12.45,2418120
20141112,12.43,12.66,12.32,12.62,2362080
20141113,13.02,13.35,12.85,12.94,6337200
20141114,12.85,13.08,12.59,13.08,3276000
20141117,13.11,13.17,12.86,13.17,2976120
20141118,13.17,13.34,13.01,13.3,1846680
20141119,13.3,13.66,13.23,13.66,5570520
20141121,13.67,14.18,13.58,14.18,5038560
20141124,14.37,14.4,13.77,14.04,3457080
20141125,14.1,14.11,13.58,13.71,3837960
20141126,13.79,14.02,13.72,13.72,2585520
20141127,13.81,14.04,13.75,13.81,1706400
20141128,13.95,13.99,13.79,13.93,1884720
20141201,13.83,13.93,13.25,13.58,2561040
20141202,13.49,13.83,13.49,13.82,2437680
20141203,13.9,13.98,13.68,13.8,1490760
20141204,13.8,13.86,13.34,13.58,1924800
20141205,13.59,13.78,13.44,13.75,1706880
20141208,13.66,13.74,13.3,13.44,992760
20141209,13.29,13.39,13.07,13.25,2754600
20141210,13.23,13.28,13.08,13.15,1826760
20141211,13.25,13.34,12.78,13.21,1565040
20141212,13.16,13.18,12.5,12.76,3149520
20141215,12.76,12.87,12.13,12.65,2636400
20141216,12.52,12.93,12.28,12.79,2890560
20141217,12.79,13.35,12.6,13.2,3130920
20141218,13.25,13.42,13.16,13.35,2310120
20141219,13.35,13.53,13.25,13.43,2471640
20141222,13.43,13.58,13.29,13.57,1193520
20141223,13.49,13.81,13.43,13.78,2391480
20141226,13.78,13.89,13.67,13.89,1072440
20141229,13.85,14.36,13.81,14.14,1660800
20141230,14.24,14.28,13.86,14.19,3538680
20150102,13.95,14.09,13.78,13.88,2738040
20150105,13.74,13.77,13.3,13.39,1774080
20150106,13.44,13.86,13.35,13.86,1997040
20150107,13.95,14.23,13.93,14.08,2764440
20150108,14.02,14.06,13.67,13.83,1621800
20150109,13.68,13.79,13.39,13.39,1376760
20150112,13.3,13.47,13.21,13.27,1843200
20150113,13.27,13.74,13.19,13.54,1929240
20150114,13.36,13.79,13.36,13.58,2264280
20150115,13.51,13.95,13.45,13.6,3384360
20150116,13.63,13.93,13.5,13.78,7145640
20150119,13.74,13.81,13.14,13.14,1960800
20150120,13.31,13.38,12.98,13.02,4039800
20150121,13.16,13.25,12.85,13.19,2585040
20150122,13.27,13.63,13.23,13.41,4313640
20150123,13.27,13.55,13.27,13.47,1741680
20150126,13.4,13.44,13.27,13.42,1373880
20150127,13.29,13.29,12.52,12.65,3875760
20150128,12.56,13.02,12.42,12.92,1544400
20150129,12.84,13.27,12.72,13.18,1969440
20150130,13.05,13.08,12.66,12.81,2629320
20150202,12.89,13.1,12.72,12.72,1811040
20150203,12.83,12.87,12.56,12.58,2246040
20150204,12.54,12.68,12.25,12.51,2951280
20150205,12.32,12.81,12.32,12.75,1718400
20150206,12.61,12.69,12.44,12.52,1851240
20150209,12.52,13.08,12.34,12.94,2912520
20150210,12.85,13.06,12.61,12.66,1860000
20150211,12.66,12.66,12.22,12.28,2152080
20150212,12.38,13.05,12.32,12.8,3213360
20150213,12.82,13.17,12.82,12.94,1895400
20150218,13.07,13.48,12.97,13.43,2109720
20150219,13.39,13.79,13.34,13.76,1643280
20150220,13.68,13.72,13.29,13.46,1420080
20150223,13.43,13.62,13.41,13.51,2185680
20150224,13.43,13.75,13.37,13.66,1614360
20150225,13.6,13.72,13.4,13.72,1384320
20150226,13.84,14.04,13.57,13.88,1825560
20150227,13.92,14.16,13.6,13.75,2575800
20150302,13.74,14.05,13.64,14.05,2168640
20150303,14.01,14.15,13.85,13.88,2399160
20150304,13.74,13.81,13.4,13.49,3018720
20150305,13.5,13.58,13.18,13.43,2601840
20150306,13.47,13.61,13.34,13.47,2172000
20150309,13.27,13.52,13.02,13.31,3193320
20150310,13.03,13.36,12.99,13.08,3110040
20150311,13.2,13.38,13,13.36,1757640
20150312,13.6,13.65,13.17,13.39,1678680
20150313,13.05,13.13,12.52,12.94,2746560
20150316,12.94,13.04,12.71,12.71,1746120
20150317,12.71,13.09,12.69,13.09,4007040
20150318,13.06,13.52,12.91,13.43,3188400
20150319,13.44,13.44,12.99,13.22,1593840
20150320,13.41,13.75,13.28,13.64,3416040
20150323,13.77,13.83,13.39,13.64,2275440
20150324,13.69,13.8,13.26,13.42,1887840
20150325,13.54,13.7,13.4,13.51,1934400
20150326,13.39,13.39,12.95,13.06,2950440
20150327,12.96,13.12,12.79,13.09,2806560
20150330,13.04,13.64,13.04,13.56,2501520
20150331,13.42,13.64,13.35,13.6,3131160
20150401,13.77,14.04,13.58,13.71,3004680
20150402,13.85,14.13,13.71,14.05,2663040
20150406,14.14,14.3,13.95,13.96,1648800
20150407,13.95,14.03,13.74,13.81,1783680
20150408,14.02,14.14,13.78,13.98,3102600
20150409,13.91,14.18,13.9,14.05,2963400
20150410,14.12,14.37,13.97,14.36,2542920
20150413,14.4,14.61,14.04,14.28,2134200
20150414,14.35,14.43,13.96,14.34,2088720
20150415,14.37,14.64,14.27,14.64,2551080
20150416,14.63,14.78,14.34,14.42,2764560
20150417,14.3,14.33,13.97,14,1673880
20150420,14,14,13.61,13.78,1699200
20150422,13.82,14.04,13.72,13.89,1906320
20150423,13.85,14.34,13.84,14.34,2414280
20150424,14.41,14.52,14.26,14.34,2998680
20150427,14.24,14.49,14.02,14.19,1860000
20150428,14.32,14.32,13.85,14.17,2614080
20150429,14.02,14.04,13.71,13.87,2224680
20150430,13.81,14.1,13.68,13.86,3345360
20150504,13.96,14.62,13.95,14.35,3565680
20150505,14.26,14.52,14.14,14.44,4252680
20150506,14.37,14.69,14.26,14.45,3130800
20150507,14.5,14.52,14.18,14.48,2309520
20150508,14.62,14.62,14.26,14.43,3092280
20150511,14.47,14.56,14.15,14.33,2179560
20150512,14.18,14.52,14.17,14.52,4804920
20150513,14.5,14.71,14.48,14.71,3723360
20150514,14.76,14.91,14.42,14.68,3342120
20150515,14.7,14.97,14.59,14.97,2847960
20150518,15.02,15.13,14.5,14.73,2923200
20150519,14.7,14.7,14.46,14.61,2059200
20150520,14.51,14.81,14.5,14.57,3001320
20150521,14.52,14.71,14.5,14.71,2107320
20150522,14.78,14.86,14.15,14.31,4220520
20150525,14.19,14.47,13.9,14.47,1449120
20150526,14.31,14.32,13.86,14,3634680
20150527,13.92,13.97,13.68,13.95,2948280
20150528,13.93,13.93,13.6,13.65,2680440
20150529,13.55,13.66,13.32,13.38,3700080
20150601,13.32,13.61,13.23,13.61,1369200
20150602,13.66,13.9,13.46,13.85,2266320
20150603,13.9,14.03,13.59,13.92,3177960
20150605,13.71,13.81,13.45,13.53,1989960
20150608,13.54,13.87,13.47,13.79,2318280
20150609,13.71,13.74,13.46,13.54,2305920
20150610,13.68,13.88,13.57,13.86,2574960
20150611,13.88,13.99,13.71,13.96,3725280
20150612,13.83,13.95,13.76,13.85,2639520
20150615,13.73,14.06,13.69,14.06,2080560
20150616,14.14,14.18,14.04,14.07,2383680
20150617,14.03,14.05,13.77,13.93,2463240
20150618,14,14.27,13.9,14.27,2480520
20150619,14.18,14.21,13.79,14.21,2319000
20150622,14.28,14.28,14.09,14.18,2725560
20150623,14.23,14.43,14.19,14.3,2482440
20150624,14.3,14.38,13.9,14.01,4245120
20150625,14.01,14.01,13.64,13.9,2493960
20150626,13.89,14.24,13.81,14.14,1740480
20150629,13.99,14,13.72,13.95,1551120
20150630,13.91,14.49,13.76,14.33,3676440
20150701,14.38,14.76,14.33,14.71,3220200
20150702,14.8,14.83,14.59,14.75,2114040
20150703,14.63,14.78,14.56,14.76,848520
20150706,14.57,14.84,14.49,14.71,1276080
20150707,14.62,14.76,14.47,14.7,2316840
20150708,14.62,14.8,14.52,14.63,1817160
20150710,14.85,15,14.59,15,1761840
20150713,15.04,15.2,14.77,14.77,2569080
20150714,14.74,15,14.62,14.95,2437440
20150715,14.88,15.04,14.83,15.04,2014320
20150716,15.1,15.14,14.8,14.99,1614360
20150717,14.99,15.22,14.74,14.76,2230680
20150720,14.62,15.06,14.57,15.06,1997520
20150721,15.15,15.34,15,15.09,2181000
20150722,14.96,15.1,14.82,14.87,1855320
20150723,14.71,14.81,14.19,14.28,2706000
20150724,14.2,14.4,14.01,14.38,1537800
20150727,14.26,14.45,14.05,14.15,1932720
20150728,14.29,14.35,14.01,14.19,1488600
20150729,14.1,14.43,14.03,14.05,2598000
20150730,14.02,14.23,13.9,14.09,2076840
20150731,14.16,14.33,14.03,14.25,2226840
20150803,14.11,14.24,13.81,13.84,2278320
20150804,13.87,14.02,13.5,13.5,3183720
20150805,13.61,13.93,13.56,13.9,1386600
20150806,13.72,13.74,13.22,13.22,2678280
20150807,13.14,13.29,12.98,12.98,2872440
20150810,12.98,13.31,12.97,13.23,3031920
20150811,13.23,13.24,12.98,13.17,2837520
20150812,12.98,13.05,12.52,12.61,4200480
20150813,12.61,12.69,12.36,12.39,3384600
20150814,13.02,13.24,12.52,12.94,4050240
20150817,12.8,13.06,12.69,12.98,2116680
20150818,12.9,13.2,12.81,13.06,2090400
20150819,12.9,13.01,12.61,12.85,4072800
20150820,12.69,13.18,12.53,13.18,3130560
20150821,12.98,13.09,12.63,12.78,2551440
20150824,12.11,12.62,11.77,12.32,3608760
20150825,12.58,12.72,12.45,12.56,3018000
20150826,12.72,13.57,12.61,13.52,3498840
20150827,13.58,13.9,13.25,13.9,3281520
20150828,13.81,13.81,13.35,13.61,2877480
20150831,13.42,13.73,13.1,13.47,3890880
20150901,13.1,13.38,12.91,12.95,2946960
20150902,12.94,13.12,12.69,12.85,3466920
20150903,12.93,13.19,12.68,13.13,2471880
20150904,12.87,13.06,12.7,12.76,4123800
20150908,13.05,13.16,12.44,12.44,3579240
20150909,12.63,12.7,12.26,12.6,3171240
20150910,12.21,13.03,12.2,12.84,3283800
20150911,12.78,13.23,12.58,12.84,3306720
20150914,12.84,13.51,12.74,13.51,2103720
20150915,13.51,13.97,13.22,13.76,2765280
20150916,13.84,14.08,13.75,14.08,2494320
20150917,13.88,14.37,13.82,14.1,3203400
20150918,13.98,14.16,13.75,13.99,3031440
20150921,13.86,14,13.57,13.57,1782480
20150922,13.34,13.5,13.13,13.33,2950200
20150923,13.31,13.36,12.79,12.9,3416040
20150924,12.48,13.16,12.47,13.06,3709080
20150925,13.26,13.44,13.03,13.41,3656040
20150928,13.34,13.35,12.98,13.09,2206680
20150929,13.09,13.18,12.94,13.13,2185440
20150930,13.26,13.49,13.17,13.42,3836520
20151001,13.52,14,13.23,13.77,3407040
20151002,13.77,14.55,13.66,14.51,3239160
20151005,14.73,14.88,14.56,14.73,2543760
20151006,14.58,14.92,14.55,14.79,6920280
20151007,15.05,15.16,14.71,14.92,2594520
20151008,15.04,15.33,14.89,15.26,2411760
20151009,15.46,15.54,14.77,14.83,6019680
20151013,14.71,14.78,14.42,14.73,2864040
20151014,14.56,15.07,14.54,14.72,6653160
20151015,14.68,15,14.38,14.58,3853440
20151016,14.58,14.72,14.15,14.44,2744880
20151019,14.43,14.59,14.25,14.46,1695600
20151020,14.46,14.56,14.08,14.5,2769600
20151021,14.42,14.42,14.16,14.24,1999680
20151022,14.32,14.71,14.27,14.54,2513160
20151023,14.67,14.97,14.67,14.83,2795280
20151026,14.77,14.95,14.65,14.92,2613240
20151027,14.91,14.93,14.74,14.87,2344200
20151028,14.82,14.88,14.59,14.83,3160080
20151029,14.64,14.75,13.97,13.97,2915760
20151030,13.96,14.13,13.58,13.85,4424400
20151103,13.86,14.87,13.81,14.86,5038440
20151104,15.01,15.21,14.49,14.69,3510360
20151105,14.7,15.02,14.63,15.02,1845480
20151106,15.01,15.05,14.24,14.36,2204400
20151109,14.34,14.68,14.21,14.34,1776240
20151110,14.18,14.32,13.87,14.24,1998600
20151111,14.39,15.28,14.24,14.96,2664720
20151112,14.99,15.16,14.76,14.92,2740680
20151113,14.92,15.2,14.7,15.2,2911920
20151116,15.12,15.23,14.93,15.18,2460000
20151117,15.33,15.39,15.1,15.18,2515080
20151118,15.09,15.5,15.05,15.25,2370240
20151119,15.39,15.53,15.18,15.42,3457800
20151123,15.5,15.78,15.43,15.75,3980520
20151124,15.64,15.9,15.43,15.55,2315040
20151125,15.41,15.71,15.22,15.46,3649800
20151126,15.53,15.61,15.38,15.56,1689360
20151127,15.44,15.55,14.88,15.08,1786560
20151130,14.92,15.02,14.29,14.29,4816920
20151201,14.49,14.59,14.13,14.46,2977440
20151202,14.37,15.17,14.25,14.75,2963400
20151203,15.27,15.62,15.07,15.46,2054760
20151204,15.25,15.72,15.08,15.33,2024040
20151207,15.45,15.7,15.2,15.41,2526480
20151208,15.49,15.49,15.02,15.16,2203680
20151209,15.34,15.9,15.26,15.7,3558600
20151210,15.72,15.91,15.5,15.75,3388800
20151211,15.57,15.91,15.57,15.62,3367560
20151214,15.6,15.62,15.33,15.41,2189760
20151215,15.41,15.66,15.34,15.44,2142720
20151216,15.28,15.45,15.07,15.37,1824000
20151217,15.58,15.79,15.21,15.3,2399160
20151218,15.08,15.1,14.71,14.73,2944080
20151221,14.8,15.02,14.51,14.78,2839320
20151222,14.86,15.11,14.44,14.68,1557840
20151223,14.86,14.98,14.63,14.88,1926360
20151228,14.92,15.75,14.89,15.75,1953720
20151229,15.85,16.46,15.75,16.46,2124360
20151230,16.46,17.1,15.94,16.08,4990680
20160104,15.75,15.94,15.23,15.55,1791840
20160105,15.59,15.96,15.39,15.66,1928160
20160106,15.44,15.74,15.37,15.52,1357800
20160107,15.49,15.52,15.02,15.14,2177520
20160108,15.14,15.54,15.12,15.24,2247600
20160111,15.25,15.64,15.04,15.32,2181120
20160112,15.48,15.55,15.02,15.02,1779720
20160113,15.19,15.29,15,15.02,3743280
20160114,15.17,15.47,15.13,15.28,2575080
20160115,15.19,15.21,14.87,14.99,3006720
20160118,15.03,15.56,14.96,15.44,1206720
20160119,15.58,15.72,15.13,15.26,2445960
20160120,15.18,15.18,14.64,14.69,2321280
20160121,14.59,14.73,14.33,14.64,2220360
20160122,14.77,14.94,14.62,14.71,2925720
20160126,14.43,14.64,14.25,14.36,2343840
20160127,14.27,15.06,14.27,14.78,3570120
20160128,14.69,15.03,14.33,15.03,1778760
20160129,15.19,15.67,15.08,15.47,3500520
20160201,15.29,15.44,15.11,15.26,2641200
20160202,15.11,15.14,14.36,14.36,2339280
20160203,14.57,14.68,14.14,14.44,2909040
20160204,14.67,14.96,14.54,14.64,2922240
20160205,14.69,14.83,14.11,14.21,3010920
20160210,14.1,14.61,13.93,14.61,1090680
20160211,14.45,14.54,13.88,14.27,1882080
20160212,14.28,14.64,14.15,14.43,1763760
20160215,14.72,14.88,14.56,14.67,1579080
20160216,14.62,15.06,14.61,14.96,2085960
20160217,15.06,15.48,14.87,15.28,2627280
20160218,15.19,15.51,14.96,15.51,1877640
20160219,15.29,15.85,15.25,15.69,1443600
20160222,16.14,16.31,15.83,16.31,2622480
20160223,16.27,16.56,16.05,16.06,1175040
20160224,16,16.16,15.56,16.07,1217880
20160225,16.09,16.48,15.89,16.48,1394400
20160226,16.64,16.83,16.02,16.16,1606560
20160229,16.37,16.68,16.3,16.51,3193320
20160301,16.6,17.07,16.55,16.75,3843360
20160302,16.92,17.16,16.58,16.91,3150840
20160303,17.22,17.43,16.75,17.02,3598800
20160304,17.41,17.95,17,17.85,3474120
20160307,18.21,18.26,17.78,18.26,1898880
20160308,18.26,18.33,17.9,18.19,2909880
20160309,18.34,18.63,18.06,18.36,2759880
20160310,18.66,19.22,18.13,18.88,3878880
20160311,18.68,18.74,17.51,17.67,2965920
20160314,17.99,17.99,16.74,16.87,2567760
20160315,16.86,16.87,15.99,16.37,2257560
20160316,16.51,17.49,16.2,17.06,3213840
20160317,17.41,18.36,17.3,18.11,3147120
20160318,18.22,18.37,17.59,18.11,2797440
20160321,18.28,18.29,17.97,18.19,2105400
20160322,18.29,18.4,17.95,18.19,1819920
20160323,18.1,18.24,17.45,17.61,2087160
20160324,17.38,17.76,17.35,17.56,1903800
20160328,17.93,18.22,17.8,18.08,1552200
20160329,18.19,18.25,17.76,17.94,2034240
20160330,18.26,18.26,17.22,17.47,2278560
20160331,17.43,17.43,16.53,16.57,7394200
20160401,16.72,16.92,16.45,16.71,2903800
20160404,16.6,16.6,15.86,16.05,2898000
20160405,15.95,16.48,15.8,15.94,2806500
20160406,15.81,15.9,15.48,15.82,1591400
20160407,16.05,16.1,15.26,15.4,2120800
20160408,15.7,16,15.61,16,5156200
20160411,16.24,16.25,15.03,15.11,5236300
20160412,15.55,15.89,15.36,15.61,3366600
20160413,15.94,16.15,15.77,15.83,2483500
20160414,15.75,16.16,15.61,15.96,2016100
20160415,16.15,16.35,15.95,16.25,2517200
20160418,16.31,16.34,15.15,15.27,2430800
20160419,15.38,15.61,14.86,15.01,3092000
20160420,14.95,15.21,14.77,14.9,1167700
20160422,14.78,15.26,14.31,14.51,2163600
20160425,14.45,14.96,14.45,14.88,3351200
20160426,14.94,15.45,14.94,15.41,1535200
20160427,15.45,16.21,15.45,16.04,3205400
20160428,16.1,16.16,15.46,15.95,2056900
20160429,16.06,16.16,15.57,15.98,2575700
20160502,15.98,16.1,15.75,15.89,1358400
20160503,15.75,15.97,15.35,15.97,1106100
20160504,15.95,15.99,15.04,15.15,3966200
20160505,15.16,15.3,14.82,14.83,1875200
20160506,14.57,14.81,14.12,14.12,4307700
20160509,14.09,14.12,13.24,13.47,3729500
20160510,13.65,13.88,13.08,13.86,3727200
20160511,13.97,14.35,13.96,14.28,2871000
20160512,14.35,14.82,14.18,14.7,1611800
20160513,14.7,14.7,13.84,14.27,2682600
20160516,14.24,15.3,14.22,15.05,2754300
20160517,15.25,16.07,14.75,16.01,4811200
20160518,16.01,16.33,15.69,16.15,3730600
20160519,15.92,16.05,15.16,15.49,1578300
20160520,15.66,16.25,15.51,16,1539300
20160523,15.78,15.95,15.56,15.82,2103300
20160524,15.96,16.14,15.45,15.48,1868000
20160525,15.7,15.86,15.35,15.35,1573400
20160527,15.49,15.5,14.96,15.08,1932600
20160530,15.17,15.34,14.98,15.3,508000
20160531,15.35,15.46,15.01,15.32,2694000
20160601,15.45,15.45,14.85,15.15,1675200
20160602,15.17,15.46,14.97,15.46,1373900
20160603,15.44,15.74,15.25,15.52,1914800
20160606,15.67,15.67,15.05,15.2,1208600
20160607,15.15,15.2,14.66,15.17,2359800
20160608,15.3,15.48,14.98,15.44,2445100
20160609,15.43,15.57,14.97,15.06,2352600
20160610,15.05,15.1,14.37,14.48,2893300
20160613,14.4,14.49,14.19,14.31,2050400
20160614,14.39,14.49,13.95,14.13,1977300
20160615,14.13,14.33,13.84,14.06,4381300
20160616,14.06,14.39,13.76,14.39,3215600
20160617,14.38,14.88,14.38,14.71,3053000
20160620,14.85,15.42,14.8,15.19,1946100
20160621,15.26,15.45,14.94,15.44,1420000
20160622,15.44,15.44,14.97,15.18,1910100
20160623,15.18,15.71,15.05,15.69,1460300
20160624,15.31,15.44,14.87,15.44,2482400
20160627,15.43,15.43,14.75,15.16,1454000
20160628,15.38,15.53,15.19,15.44,1511400
20160629,15.63,16.05,15.56,15.99,1849100
20160630,15.97,16.15,15.65,16.03,2280000
20160701,16.15,16.8,16.05,16.71,3948500
20160704,16.68,17.19,16.61,16.75,1326100
20160705,16.65,17.25,16.56,17.16,3074800
20160706,17.25,17.3,16.72,17.26,1868200
20160707,17.38,17.38,16.76,16.98,1928000
20160708,17.22,17.48,17.01,17.48,1825700
20160711,17.57,18.15,17.49,17.78,2311700
20160712,18.03,18.14,17.85,17.95,2496000
20160713,17.87,17.97,17.28,17.39,2453800
20160714,17.66,18.17,17.35,18.03,3244100
20160715,18.18,18.21,17.88,18.08,1492800
20160718,18.08,18.21,17.72,18.02,2167800
20160719,17.89,18.05,17.8,17.96,1518100
20160720,18.03,18.08,17.88,18.08,1646500
20160721,18.08,18.32,17.94,18.1,1805500
20160722,18.24,18.24,17.91,17.99,1645600
20160725,18,18.07,17.51,17.89,1274400
20160726,17.91,17.97,17.71,17.71,1229200
20160727,17.82,18.75,17.63,18.36,1971800
20160728,18.43,18.47,17.9,18.22,1628500
20160729,18.32,19.33,18.03,19.13,4062900
20160801,19.48,19.68,19.23,19.33,2989600
20160802,18.91,19.28,18.49,18.99,2013200
20160803,18.98,19.17,18.41,19.15,2231000
20160804,19.34,19.95,19.13,19.28,2105300
20160805,19.49,19.68,18.84,19.34,1609900
20160808,19.41,19.41,18.79,18.79,1673600
20160809,18.78,19,18.56,18.88,2033700
20160810,18.96,18.98,18.27,18.47,1790700
20160811,18.62,19.38,18.28,19.18,2486900
20160812,19.54,20.41,19.27,20.07,4158200
20160815,20.08,20.56,19.8,20.37,2658000
20160816,20.41,20.41,19.73,19.95,2159700
20160817,20.04,20.14,19.26,19.57,2383700
20160818,19.59,19.71,18.73,18.73,2856100
20160819,18.84,19.33,18.53,18.98,1968300
20160822,19.08,19.08,18.16,18.28,2577800
20160823,18.47,18.89,18.3,18.63,1982300
20160824,18.77,19.09,18.43,19.08,3168000
20160825,19.15,19.17,18.66,18.78,1305300
20160826,18.98,19.61,18.6,18.99,3152700
20160829,19.02,19.65,18.93,19.61,1625000
20160830,19.63,19.65,18.9,19.56,1693800
20160831,19.48,19.54,18.49,19.21,4119200
20160901,19.25,19.54,18.94,19.43,4266700
20160902,19.55,19.89,19.53,19.89,1886400
20160905,19.98,20.03,19.67,20.03,673400
20160906,20.03,20.05,19.69,19.99,1362200
20160908,20.03,20.29,19.72,20.22,1968400
20160909,20.18,20.18,19.41,19.6,1923300
20160912,19.36,19.64,18.94,19.46,1353700
20160913,19.2,19.27,18.61,19.07,1715400
20160914,19.14,19.14,18.68,18.88,1528600
20160915,19.08,19.26,18.72,19.24,2271400
20160916,19.17,19.19,18.65,18.72,1926400
20160919,18.86,19.18,18.53,18.88,1201200
20160920,19.05,19.07,18.61,18.78,971300
20160921,18.98,19.44,18.53,19.41,1458300
20160922,19.63,20,19.26,19.57,2766500
20160923,19.73,19.92,19.52,19.58,3876500
20160926,19.48,19.63,19.38,19.63,1682700
20160927,19.68,19.87,19.54,19.73,1184400
20160928,19.73,20.48,19.73,20.37,1671300
20160929,20.42,20.94,19.91,19.94,2652400
20160930,19.99,20.4,19.88,20.17,1586700
20161003,20.08,20.66,20.05,20.58,1335100
20161004,20.68,20.75,19.95,20.5,1945200
20161005,20.5,20.73,20.41,20.58,971500
20161006,20.53,20.63,20.16,20.59,978300
20161007,20.53,20.74,20.31,20.65,1160800
20161010,20.68,20.72,20.32,20.51,3239800
20161011,20.64,20.74,20.28,20.55,1459700
20161013,20.41,20.66,20.2,20.63,2487300
20161014,20.87,20.99,20.57,20.65,2365200
20161017,20.75,20.88,20.5,20.8,1737500
20161018,20.84,21.54,20.68,21.52,2152000
20161019,21.52,21.64,21.1,21.22,1257500
20161020,21.2,21.22,20.71,20.94,1786400
20161021,20.95,21.34,20.84,21.25,1188400
20161024,21.35,21.49,21.14,21.3,1286300
20161025,21.32,21.48,20.76,20.94,1010500
20161026,20.75,20.87,20.32,20.87,984800
20161027,20.87,21.16,20.55,20.8,1774300
20161028,20.8,20.87,20.46,20.55,1945200
20161031,20.53,20.84,20.41,20.7,1941700
20161101,20.87,20.87,19.75,19.91,1967700
20161103,19.9,20.08,19.42,19.65,1979900
20161104,19.73,20.19,19.56,19.6,1539600
20161107,19.96,20.45,19.59,20.21,1765800
20161108,20.29,20.55,19.89,20.36,1428400
20161109,19.89,20.29,19.3,19.95,2260800
20161110,19.87,20.02,18.42,18.67,3243300
20161111,18,18.87,17.09,17.09,5112300
20161114,17.2,17.26,16.5,16.89,3074700
20161116,17.22,17.4,16.66,17.08,2449100
20161117,17.3,17.34,16.67,16.67,1892600
20161118,16.74,16.74,16.2,16.4,2152300
20161121,16.51,16.84,16.34,16.53,2935800
20161122,16.74,16.83,16.3,16.5,2076900
20161123,16.5,16.59,15.59,16.1,2622000
20161124,16.19,16.32,15.9,16.1,1413800
20161125,15.95,16.13,15.7,15.95,2518900
20161128,16.1,16.48,15.73,16.28,1707000
20161129,16.25,16.74,16.01,16.07,2307100
20161130,16.35,16.41,15.87,16.38,3034100
20161201,16.4,16.4,15.09,15.58,4691700
20161202,15.43,15.84,15.04,15.5,4592900
20161205,15.71,15.83,15.08,15.19,4850700
20161206,15.12,16.04,15.01,16,3370300
20161207,16.21,17.07,16.16,16.81,3901900
20161208,17.05,17.47,16.42,16.6,2553100
20161209,16.81,16.9,16.12,16.31,2854400
20161212,16.19,16.32,15.8,16.1,1284700
20161213,16.1,16.62,15.41,16.47,3181400
20161214,16.48,17.3,15.45,15.45,3747900
20161215,15.59,15.66,15.09,15.45,2643700
20161216,15.65,16.11,15.55,15.76,2684000
20161219,15.88,15.92,15.5,15.59,1390600
20161220,15.69,16.13,15.37,15.77,1575200
20161221,15.94,16.44,15.8,16.22,2034100
20161222,16.27,16.4,15.76,16.13,1312200
20161223,16.29,16.78,16.11,16.55,1586200
20161226,16.69,16.85,16.55,16.75,613900
20161227,16.85,16.9,16.59,16.9,1099000
20161228,16.97,17.02,16.79,16.95,2124600
20161229,17.07,17.09,16.74,17,3081600
20170102,16.85,16.85,16.56,16.63,1251900
20170103,16.75,17.13,16.73,16.9,8017900
20170104,16.7,17.35,16.7,16.87,2379600
