<DTYYYYMMDD>,<OPEN>,<HIGH>,<LOW>,<CLOSE>,<VOL>
20100601,7.22,7.34,7.21,7.23,1553500
20100602,7.15,7.41,7.15,7.32,2970000
20100604,7.22,7.33,7.2,7.23,4666500
20100607,7.25,7.52,7.25,7.4,3149500
20100608,7.43,7.74,7.43,7.51,5511000
20100609,7.54,7.59,7.28,7.34,2262500
20100610,7.41,7.54,7.35,7.42,2376500
20100611,7.36,7.73,7.36,7.7,2683000
20100614,7.69,7.78,7.62,7.73,3988000
20100615,7.75,7.83,7.69,7.83,1935000
20100616,7.76,8.15,7.73,8.13,7855000
20100617,8.14,8.42,8.13,8.28,8532000
20100618,8.21,8.4,8.04,8.04,8476500
20100621,8.2,8.22,7.95,7.96,5036000
20100622,8.04,8.38,8.03,8.27,6951500
20100623,8.26,8.38,8.23,8.32,5497000
20100624,8.24,8.33,8.08,8.15,2251500
20100625,8.16,8.38,8.15,8.29,2917000
20100628,8.25,8.64,8.25,8.64,5308500
20100629,8.5,8.59,8.23,8.36,5505000
20100630,8.3,8.58,8.3,8.3,3595500
20100701,8.33,8.36,7.99,8.02,4458500
20100702,8.04,8.19,7.97,8.1,3267000
20100705,8.2,8.3,8.08,8.08,1970000
20100706,8.16,8.33,8.06,8.13,4318500
20100707,8.17,8.36,8.08,8.34,4894000
20100708,8.31,8.34,8.04,8.07,6931000
20100712,8.17,8.21,7.99,8.02,2685000
20100713,8.09,8.36,8.09,8.33,4842500
20100714,8.24,8.7,8.22,8.7,6057000
20100715,8.67,8.83,8.55,8.55,7963500
20100716,8.59,8.62,8.38,8.38,4534500
20100719,8.44,8.59,8.4,8.57,3372000
20100720,8.5,8.65,8.45,8.63,4028000
20100721,8.64,8.7,8.4,8.5,4096000
20100722,8.58,8.86,8.57,8.86,6220000
20100723,8.82,8.92,8.72,8.81,3733000
20100726,8.83,8.9,8.64,8.64,2155500
20100727,8.71,8.86,8.71,8.81,9000500
20100728,8.81,8.89,8.75,8.89,4220500
20100729,8.96,9.31,8.94,9.23,10770500
20100730,9.36,10.03,9.32,9.98,14502500
20100802,10.16,10.16,9.49,9.51,12614000
20100803,9.47,9.47,9.01,9.23,11676000
20100804,9.27,9.61,9.14,9.36,5198000
20100805,9.38,9.45,9.2,9.2,4164500
20100806,9.3,9.3,8.92,8.92,4638500
20100809,9.03,9.14,8.75,8.88,6809500
20100810,8.82,9.04,8.82,8.97,5110500
20100811,9.01,9.2,8.86,9.14,3894500
20100812,9.16,9.4,9.16,9.38,4060000
20100813,9.37,9.46,9.27,9.33,3816500
20100816,9.36,9.4,8.88,9.36,2302000
20100817,9.42,9.67,9.31,9.67,3150500
20100818,9.68,9.81,9.52,9.77,5069000
20100819,9.77,9.92,9.45,9.45,4673000
20100820,9.43,9.71,9.37,9.6,2585000
20100823,9.63,9.77,9.51,9.51,3224000
20100824,9.42,9.59,9.41,9.56,3542000
20100825,9.47,9.53,9.2,9.24,5857000
20100826,9.36,9.48,9.06,9.07,4058500
20100827,9.14,9.28,8.98,9.12,5570500
20100830,9.14,9.44,9.12,9.38,2752000
20100831,9.4,9.74,9.4,9.6,5852000
20100901,9.6,9.77,9.54,9.65,5585500
20100902,9.65,9.74,9.5,9.58,2998500
20100903,9.65,9.72,9.37,9.37,7234000
20100906,9.38,9.47,9.36,9.36,1401000
20100908,9.35,9.45,9.09,9.14,6908000
20100909,9.23,9.27,9.14,9.18,6762000
20100910,9.24,9.34,9.18,9.34,5435500
20100913,9.35,9.46,9.22,9.24,6348000
20100914,9.28,9.31,9.1,9.13,6551500
20100915,9.1,9.18,8.99,9.16,5962500
20100916,9.22,9.42,9.18,9.39,4798500
20100917,9.37,9.42,9.19,9.27,8174500
20100920,9.35,9.57,9.31,9.53,3012000
20100921,9.54,9.58,9.26,9.29,3240000
20100922,9.32,9.46,9.29,9.36,4547500
20100923,9.38,9.77,9.31,9.6,7152000
20100924,9.65,9.82,9.49,9.71,4831500
20100927,9.7,9.79,9.53,9.68,2488500
20100928,9.67,9.72,9.55,9.56,3834500
20100929,9.53,9.63,9.48,9.63,3535500
20100930,9.67,9.82,9.55,9.82,4565000
20101001,9.86,10.13,9.75,10.03,7286000
20101004,10.03,10.12,9.94,10.06,3943500
20101005,10.13,10.49,10.06,10.38,8020000
20101006,10.38,10.64,10.38,10.5,7949500
20101007,10.49,10.62,10.27,10.5,4214500
20101008,10.5,10.89,10.5,10.8,7364500
20101011,10.83,10.9,10.63,10.84,3891500
20101013,10.86,11.05,10.85,10.96,6406000
20101014,10.96,11.01,10.85,10.97,3353500
20101015,11,11,10.77,10.77,2990000
20101018,10.76,10.82,10.5,10.5,3532000
20101019,10.41,10.58,10.28,10.47,5342000
20101020,10.51,10.92,10.51,10.84,2990000
20101021,10.89,10.92,10.59,10.66,4502500
20101022,10.8,10.9,10.59,10.9,4926000
20101025,10.92,10.92,10.72,10.75,2576000
20101026,10.73,10.75,10.51,10.53,4286500
20101027,10.58,10.64,10.42,10.53,2573500
20101028,10.72,11.09,10.65,10.96,8219000
20101029,10.93,11.51,10.76,11.38,9936500
20101101,11.41,11.49,11.14,11.23,3376500
20101103,11.38,11.38,11.11,11.13,2458500
20101104,11.27,11.29,11.01,11.01,5356000
20101105,11.07,11.16,10.61,10.67,5678500
20101108,10.72,10.73,10.5,10.58,5031500
20101109,10.73,10.81,10.59,10.68,8607500
20101110,10.67,10.72,10.57,10.57,6197500
20101111,10.65,10.65,10.37,10.44,5074000
20101112,10.42,10.58,10.28,10.33,4840500
20101116,10.28,10.28,10.02,10.05,5306500
20101117,10.16,10.48,10.15,10.42,4323000
20101118,10.52,10.72,10.43,10.72,8119500
20101119,10.65,10.91,10.58,10.91,6714500
20101122,10.82,10.82,10.65,10.77,3222000
20101123,10.58,10.67,10.29,10.31,10371500
20101124,10.39,10.64,10.38,10.41,6749500
20101125,10.46,10.55,10.41,10.51,919500
20101126,10.28,10.39,10.27,10.37,2602000
20101129,10.31,10.33,10.06,10.08,5515000
20101130,10.07,10.26,10.03,10.17,5057000
20101201,10.35,10.47,10.21,10.22,4157000
20101202,10.26,10.33,10.09,10.09,3743000
20101203,10.14,10.22,9.96,10.06,3732500
20101206,10.01,10.12,9.91,10.04,2419000
20101207,10.1,10.18,9.8,9.8,3593500
20101208,9.82,9.87,9.52,9.75,5055500
20101209,9.75,9.77,9.34,9.39,7321000
20101210,9.44,9.47,9.1,9.31,13950500
20101213,9.4,9.79,9.37,9.74,5888500
20101214,9.77,9.85,9.62,9.82,3777500
20101215,9.81,9.81,9.55,9.64,4735000
20101216,9.58,9.77,9.27,9.31,8965000
20101217,9.33,9.38,9.12,9.16,8206500
20101220,9.19,9.55,9.19,9.28,7010500
20101221,9.36,9.79,9.33,9.67,5141500
20101222,9.66,9.66,9.47,9.63,4726500
20101223,9.63,9.78,9.53,9.69,3183500
20101227,9.66,9.66,9.38,9.4,4405000
20101228,9.42,9.5,9.24,9.37,1782000
20101229,9.36,9.46,9.28,9.4,2558500
20101230,9.4,9.7,9.32,9.65,3551000
20110103,9.67,9.91,9.67,9.77,2722500
20110104,9.87,9.87,9.56,9.63,3721500
20110105,9.52,9.75,9.52,9.56,3460500
20110106,9.59,9.6,9.28,9.33,5982500
20110107,9.33,9.39,9.19,9.24,2827000
20110110,9.3,9.38,9.13,9.14,4549500
20110111,9.24,9.28,9.15,9.24,5853000
20110112,9.33,9.34,8.98,9.14,10957500
20110113,9.15,9.28,9.07,9.09,5915500
20110114,9.12,9.14,9.02,9.1,5337500
20110117,9.07,9.11,9.01,9.09,2249000
20110118,9.13,9.15,8.96,9.1,7682000
20110119,9.13,9.21,8.99,9.13,4109500
20110120,9.11,9.3,9,9.09,5992500
20110121,9.14,9.14,8.95,8.98,5632000
20110124,8.98,9.09,8.89,9.07,2945500
20110126,9.07,9.09,8.76,8.81,8262000
20110127,8.81,8.83,8.37,8.44,13266000
20110128,8.49,8.5,8.09,8.09,9700500
20110131,8.18,8.37,8.13,8.28,11106000
20110201,8.34,8.8,8.34,8.66,14803000
20110202,8.73,8.83,8.32,8.38,7264500
20110203,8.37,8.51,8.18,8.38,5774000
20110204,8.39,8.39,8.09,8.09,8838000
20110207,8.16,8.5,8.1,8.44,6758000
20110208,8.38,8.88,8.38,8.76,6670000
20110209,8.72,8.86,8.3,8.34,7593500
20110210,8.32,8.69,8.22,8.56,7527500
20110211,8.6,8.88,8.49,8.8,7197500
20110214,8.79,9.06,8.69,9,7346000
20110215,8.99,9.12,8.73,8.73,6609000
20110216,8.8,8.97,8.8,8.85,5629500
20110217,8.98,9.02,8.75,8.85,3518000
20110218,8.83,9.09,8.8,9.08,4224500
20110221,9.06,9.06,8.88,8.93,2568500
20110222,8.86,8.86,8.54,8.54,8515500
20110223,8.58,8.61,8.22,8.42,6974000
20110224,8.41,8.58,8.38,8.51,4246500
20110225,8.49,8.61,8.43,8.56,4743000
20110228,8.7,8.75,8.62,8.73,3519500
20110301,8.73,8.87,8.5,8.5,7616000
20110302,8.49,8.84,8.49,8.61,4598000
20110303,8.72,8.75,8.56,8.6,3635500
20110304,8.56,8.71,8.53,8.66,3208500
20110309,8.62,8.77,8.52,8.61,5146000
20110310,8.56,8.78,8.51,8.75,5866000
20110311,8.8,9.13,8.69,8.94,7332000
20110314,8.89,9.19,8.73,9.16,3013000
20110315,8.95,9.17,8.88,9.08,4882000
20110316,9.1,9.37,9.1,9.21,5768000
20110317,9.32,9.36,9.1,9.2,4407500
20110318,9.19,9.48,9.11,9.28,6251000
20110321,9.4,9.43,9.28,9.28,3625000
20110322,9.27,9.44,9.21,9.42,4877500
20110323,9.35,9.43,9.07,9.08,7960000
20110324,9.16,9.16,9,9.06,3117500
20110325,9.1,9.24,9.01,9.13,2581000
20110328,9.21,9.23,9,9.03,1611500
20110329,9.02,9.26,8.97,9.05,5369500
20110330,9.13,9.23,9.09,9.13,3731000
20110331,9.15,9.26,9.08,9.08,5371000
20110401,9.17,9.46,9.11,9.44,4807000
20110404,9.45,9.68,9.45,9.62,4595000
20110405,9.63,9.65,9.49,9.53,5852000
20110406,9.56,9.63,9.41,9.41,3294000
20110407,9.41,9.5,9.29,9.39,5036000
20110408,9.35,9.42,9.24,9.25,4500000
20110411,9.25,9.47,9.22,9.34,4689500
20110412,9.43,9.49,9.25,9.47,4115500
20110413,9.54,9.64,9.33,9.58,3469000
20110414,9.6,9.83,9.51,9.73,4765500
20110415,9.73,10.08,9.73,10.06,7715000
20110418,9.99,10.22,9.71,10.18,5075500
20110419,10.19,10.36,10.03,10.2,3468500
20110420,10.31,10.36,10.12,10.28,3653000
20110425,10.29,10.32,10.2,10.25,2675500
20110426,10.25,10.32,10.18,10.2,2361000
20110427,10.18,10.23,10.03,10.17,3640500
20110428,10.09,10.17,9.82,9.93,5501500
20110429,9.98,10.28,9.94,10.21,6027000
20110502,10.2,10.34,10.12,10.23,4170000
20110503,10.22,10.27,9.95,10,3727000
20110504,10.16,10.16,9.8,9.8,4191000
20110505,9.83,10.09,9.7,9.81,5004500
20110506,10.02,10.24,9.87,10.13,5121000
20110509,10.17,10.41,10.11,10.35,3209000
20110510,10.38,10.58,10.36,10.41,4906000
20110511,10.38,10.38,10.07,10.16,3011000
20110512,10.15,10.48,10.03,10.43,3040500
20110513,10.43,10.5,10.16,10.38,3509500
20110516,10.26,10.4,10.2,10.2,2728500
20110517,10.24,10.27,9.89,10.03,6466000
20110518,10.06,10.06,9.73,9.74,6322000
20110519,9.8,9.91,9.64,9.68,3209000
20110520,9.67,9.82,9.54,9.71,5757500
20110523,9.66,9.9,9.55,9.81,4881000
20110524,9.88,10.05,9.87,9.91,5275500
20110525,9.85,9.94,9.66,9.68,5128000
20110526,9.73,10.11,9.69,10.11,6987000
20110527,10.09,10.5,10.08,10.41,7720000
20110530,10.5,10.5,10.24,10.4,1314500
20110531,10.52,10.53,10.32,10.53,4393500
20110601,10.42,10.57,10.14,10.2,6035000
20110602,10.28,10.38,10.09,10.38,4083500
20110603,10.3,10.9,10.23,10.8,8541500
20110606,10.8,10.82,10.67,10.75,5311500
20110607,10.74,10.85,10.55,10.64,4714000
20110608,10.64,10.75,10.57,10.66,4946000
20110609,10.61,10.99,10.57,10.76,4794000
20110610,10.76,10.83,10.43,10.5,5374000
20110613,10.5,10.56,10.27,10.38,1726500
20110614,10.45,10.47,10.32,10.38,2269000
20110615,10.29,10.4,10.21,10.29,5631500
20110616,10.36,10.44,9.91,10.06,3457500
20110617,10.2,10.25,9.92,9.92,4457500
20110620,9.84,10.2,9.76,10.16,2837500
20110621,10.17,10.42,10.15,10.4,2224000
20110622,10.34,10.51,10.16,10.2,4132500
20110624,10.29,10.34,10.11,10.11,2137000
20110627,10.1,10.38,10.08,10.31,2641500
20110628,10.36,10.75,10.36,10.75,5964500
20110629,10.75,10.77,10.59,10.64,2835500
20110630,10.65,10.74,10.44,10.49,5972000
20110701,10.51,10.82,10.41,10.69,4189000
20110704,10.74,10.8,10.63,10.8,1627000
20110705,10.74,10.88,10.6,10.61,2342000
20110706,10.52,10.63,10.42,10.55,2354500
20110707,10.69,10.83,10.23,10.23,4026000
20110708,10.12,10.23,9.97,10.02,3281500
20110711,9.91,10.1,9.84,9.95,4986000
20110712,9.94,10.23,9.91,10.17,6538000
20110713,10.23,10.38,10.15,10.36,3293500
20110714,10.35,10.35,10.12,10.2,3586000
20110715,10.14,10.32,9.95,9.96,3599000
20110718,9.97,9.98,9.43,9.45,8688500
20110719,9.56,9.69,9.3,9.41,8288500
20110720,9.47,9.76,9.39,9.75,4624500
20110721,9.7,10.09,9.61,9.99,6070500
20110722,10,10.19,9.84,10.09,3487000
20110725,10.09,10.14,9.9,9.95,1467000
20110726,9.89,10.04,9.67,9.82,3062000
20110727,9.67,9.84,9.53,9.57,3596500
20110728,9.61,9.71,9.56,9.7,4097000
20110729,9.7,9.87,9.6,9.83,4840000
20110801,9.9,9.96,9.64,9.75,4204500
20110802,9.75,9.87,9.37,9.44,4212500
20110803,9.38,9.45,8.85,9.06,9330000
20110804,8.82,9.12,8.46,8.46,11201000
20110805,8.47,8.9,8.29,8.5,10156000
20110808,7.99,8.29,7.73,7.93,12138500
20110809,8.07,8.82,8.06,8.82,12858500
20110810,8.52,9.31,8.5,9.22,13758000
20110811,9.19,9.62,9.14,9.48,6392500
20110812,9.56,9.61,9.07,9.17,5013500
20110815,9.21,9.78,9.21,9.74,5731000
20110816,9.61,9.76,9.4,9.74,7598500
20110817,9.74,9.94,9.54,9.8,6252000
20110818,9.56,9.67,9.26,9.63,4142000
20110819,9.52,9.8,9.49,9.7,3899000
20110822,9.84,9.9,9.6,9.7,3447000
20110823,9.7,10.18,9.59,10.18,4487000
20110824,10.12,10.29,9.83,9.96,3605500
20110825,9.96,10.19,9.82,10.02,6410500
20110826,10,10.07,9.81,9.87,4202500
20110829,9.97,10.58,9.95,10.27,6813000
20110830,10.16,10.44,10.08,10.21,4111000
20110831,10.32,10.63,10.32,10.55,5196000
20110901,10.92,11.64,10.81,11.07,17237500
20110902,10.93,11.02,10.46,10.64,8594500
20110905,10.4,10.45,10.09,10.09,3733000
20110906,10.05,10.71,10.02,10.67,5417500
20110908,10.9,11.13,10.65,11.11,4989000
20110909,11.02,11.11,10.53,10.53,5651500
20110912,10.33,10.67,10.32,10.67,3737000
20110913,10.79,10.82,10.03,10.03,13227500
20110914,10.13,10.22,9.87,9.87,9980500
20110915,9.97,10.09,9.87,9.87,4697000
20110916,9.81,10.05,9.79,10.05,2992000
20110919,9.81,9.92,9.52,9.65,7487500
20110920,9.69,9.82,9.63,9.65,4592500
20110921,9.8,9.8,9.19,9.2,4692000
20110922,8.84,8.98,8.45,8.45,11994000
20110923,8.46,9.19,8.4,9.17,11980000
20110926,9.19,9.44,9.05,9.29,4917500
20110927,9.47,9.58,9.35,9.37,3265000
20110928,9.37,9.55,9.07,9.23,4281500
20110929,9.23,9.49,9.13,9.25,2290500
20110930,9.2,9.23,8.85,8.96,4798000
20111003,8.84,8.98,8.63,8.81,4112000
20111004,8.69,8.89,8.45,8.83,6230000
20111005,8.89,8.98,8.66,8.82,4132500
20111006,8.93,9.18,8.86,9.18,5188500
20111007,9.28,9.33,8.62,8.67,7270500
20111010,8.84,9.32,8.84,9.29,6564000
20111011,9.23,9.42,9.1,9.4,4101500
20111013,9.51,9.79,9.41,9.61,7597500
20111014,9.73,9.75,9.46,9.48,2777500
20111017,9.32,9.42,9.18,9.34,4007500
20111018,9.36,9.78,9.36,9.78,4079000
20111019,9.8,10.11,9.64,10.02,4725500
20111020,10.01,10.01,9.46,9.46,4583500
20111021,9.6,9.78,9.57,9.78,4301000
20111024,9.8,10.04,9.68,9.92,4861500
20111025,9.82,9.92,9.61,9.68,3767500
20111026,9.82,9.86,9.66,9.73,6084500
20111027,10.09,10.3,9.87,10.1,7300000
20111028,9.64,9.73,9.13,9.34,22199000
20111031,9.32,9.32,9.08,9.21,5999000
20111101,8.84,9.16,8.84,9.07,5878000
20111103,9.29,9.31,9.13,9.2,4445500
20111104,9.24,9.24,9.02,9.07,5602500
20111107,9.07,9.17,8.93,9.04,3391500
20111108,9.16,9.21,9.04,9.11,6252500
20111109,8.97,9.1,8.84,8.95,7774000
20111110,9.01,9.23,8.98,9,6135000
20111111,9.09,9.36,9.09,9.35,7007500
20111114,9.34,9.39,9.18,9.31,3273000
20111116,9.35,9.38,9.17,9.32,4355000
20111117,9.23,9.37,9.02,9.13,3870500
20111118,9.19,9.3,8.93,9.02,3012000
20111121,8.86,8.93,8.7,8.77,3673000
20111122,8.84,8.95,8.71,8.71,3466000
20111123,8.67,8.8,8.61,8.62,3714000
20111124,8.68,8.94,8.66,8.91,3669000
20111125,8.8,9,8.72,8.75,1764500
20111128,8.98,9.27,8.91,9.27,3998500
20111129,9.27,9.36,9.18,9.35,4385500
20111130,9.35,9.67,9.25,9.59,9791500
20111201,9.62,9.75,9.54,9.6,6169500
20111202,9.69,9.72,9.39,9.4,5086000
20111205,9.49,9.79,9.47,9.64,5419000
20111206,9.62,9.77,9.56,9.76,2488500
20111207,9.73,9.78,9.5,9.55,3341000
20111208,9.72,9.72,9.25,9.26,4062000
20111209,9.29,9.48,9.26,9.38,2644000
20111212,9.4,9.4,9.03,9.14,3724000
20111213,9.2,9.3,9.15,9.2,5508000
20111214,9.2,9.2,8.99,9.01,6118000
20111215,9.11,9.13,8.86,9.02,4298000
20111216,9.06,9.15,8.98,9.02,3685500
20111219,9.03,9.06,8.91,8.91,3323500
20111220,8.98,8.99,8.83,8.87,4780000
20111221,8.84,8.87,8.62,8.71,4562500
20111222,8.75,8.87,7.88,8.87,7167000
20111223,8.88,8.98,8.82,8.92,3961000
20111226,8.87,8.98,8.83,8.83,837500
20111227,8.87,8.92,8.7,8.7,2635000
20111228,8.71,8.74,8.59,8.63,2359500
20111229,8.64,8.72,8.59,8.59,3630500
20120102,8.59,9.05,8.59,9.05,2745500
20120103,9.05,9.1,8.82,9.01,4329000
20120104,8.99,9,8.84,8.92,5023000
20120105,8.82,9.22,8.82,9.22,6813500
20120106,9.22,9.37,9.14,9.35,5626000
20120109,9.37,9.4,9.21,9.4,3574500
20120110,9.58,9.74,9.51,9.74,6444000
20120111,9.65,9.71,9.55,9.67,3840000
20120112,9.64,9.75,9.53,9.68,3544000
20120113,9.63,9.68,9.28,9.55,2968000
20120116,9.53,9.76,9.42,9.75,1822000
20120117,9.77,9.77,9.6,9.74,3946000
20120118,9.75,9.77,9.64,9.71,3966000
20120119,9.75,10.18,9.71,10.14,6243000
20120120,10.14,10.35,10.08,10.22,5591500
20120123,10.21,10.39,10.09,10.38,2787500
20120124,10.29,10.64,10.15,10.5,6651000
20120126,10.56,10.78,10.47,10.58,7648500
20120127,10.58,10.74,10.26,10.26,5280000
20120130,10.11,10.39,10.1,10.29,3429500
20120131,10.37,10.56,10.3,10.47,5867500
20120201,10.56,10.64,10.42,10.42,6107000
20120202,10.47,10.68,10.3,10.6,3717000
20120203,10.47,11,10.47,10.79,4248000
20120206,10.79,10.83,10.67,10.82,2146000
20120207,10.83,10.87,10.65,10.68,3926000
20120208,10.77,10.78,10.39,10.43,5369500
20120209,10.63,10.67,10.29,10.54,5442500
20120210,10.32,10.65,10.31,10.62,8083000
20120213,10.65,10.73,10.59,10.72,3096000
20120214,10.68,10.8,10.64,10.7,2602500
20120215,10.79,11.32,10.53,11.24,8115500
20120216,11.18,11.6,11.07,11.53,6088000
20120217,11.59,11.59,11.18,11.49,4225500
20120222,11.37,11.51,11.29,11.38,2044500
20120223,11.31,11.47,11.16,11.22,3529000
20120224,11.3,11.52,11.22,11.28,2517000
20120227,11.19,11.28,11.03,11.12,4204500
20120228,11.13,11.55,11.06,11.37,3728000
20120229,11.37,11.7,11.2,11.6,4528500
20120301,11.62,11.83,11.53,11.57,4030000
20120302,11.66,11.66,11.38,11.41,5666000
20120305,11.41,11.56,11.31,11.36,9297000
20120306,11.3,11.51,11.09,11.35,6892000
20120307,11.41,11.64,11.39,11.6,4959000
20120308,11.89,11.96,11.79,11.89,3602000
20120309,11.81,11.88,11.66,11.76,2780000
20120312,11.71,11.72,11.56,11.63,4179500
20120313,11.54,11.82,11.42,11.76,5541000
20120314,11.75,11.94,11.51,11.71,3268000
20120315,11.55,11.66,11.38,11.38,3163500
20120316,11.46,11.71,11.34,11.34,5046000
20120319,11.38,11.49,11.3,11.43,2973500
20120320,11.34,11.38,11.16,11.27,2941500
20120321,11.26,11.43,11.03,11.1,3050000
20120322,11.01,11.15,10.89,11.15,3360000
20120323,11.21,11.49,11.17,11.49,4031500
20120326,11.53,11.77,11.38,11.75,3343000
20120327,11.74,11.86,11.63,11.65,2707500
20120328,11.53,11.63,11.26,11.33,3717000
20120329,11.21,11.38,11.04,11.23,5534000
20120330,11.38,11.38,11.06,11.15,4554000
20120402,11.24,11.4,11.15,11.34,5040000
20120403,11.26,11.43,11.26,11.36,2624500
20120404,11.3,11.45,11.2,11.31,2813000
20120405,11.38,11.47,11.18,11.42,2080500
20120409,11.23,11.27,11.1,11.2,2231500
20120410,11.08,11.2,10.56,10.58,13461500
20120411,10.67,10.69,10.4,10.4,6277500
20120412,10.62,10.62,10.37,10.41,5714000
20120413,10.42,10.48,10.3,10.41,5540500
20120416,10.41,10.65,10.22,10.49,7099500
20120417,10.67,11.03,10.6,10.96,5715000
20120418,11.03,11.22,10.88,10.94,8807500
20120419,10.87,10.96,10.61,10.8,7619000
20120420,10.85,10.85,10.66,10.74,4116000
20120423,10.71,10.71,10.52,10.62,4967500
20120424,10.67,10.75,10.58,10.75,5019000
20120425,10.81,10.89,10.54,10.55,5563000
20120426,10.49,10.71,10.42,10.6,4312000
20120427,10.57,11.15,10.57,10.97,8851000
20120430,10.93,11.18,10.86,11.16,3803000
20120502,11.02,11.57,11.02,11.57,8467500
20120503,11.53,11.71,11.26,11.66,4216000
20120504,11.48,11.74,11.22,11.22,8430000
20120507,11.04,11.4,11.04,11.32,3828000
20120508,11.3,11.35,11.05,11.12,5414500
20120509,11.04,11.39,10.96,11.39,7207000
20120510,11.46,11.53,11.3,11.35,3533500
20120511,11.3,11.66,11.28,11.62,3988500
20120514,11.49,11.53,11.16,11.28,3958000
20120515,11.21,11.23,10.71,10.82,5069000
20120516,10.93,11.15,10.4,10.73,4591000
20120517,10.68,10.81,10.29,10.32,6490500
20120518,10.37,10.84,10.37,10.68,7308000
20120521,10.74,10.94,10.63,10.93,3931000
20120522,10.93,10.97,10.5,10.6,4580000
20120523,10.6,10.66,10.08,10.37,7631000
20120524,10.41,10.66,10.23,10.6,5609000
20120525,10.6,10.92,10.47,10.81,4870000
20120528,10.93,11.1,10.77,10.79,1972500
20120529,10.97,10.97,10.47,10.47,5631500
20120530,10.38,10.67,10.29,10.66,5503500
20120531,10.71,10.73,10.52,10.6,4007000
20120601,10.54,10.6,10.31,10.39,3299500
20120604,10.36,10.62,10.34,10.42,2992000
20120605,10.35,10.54,10.19,10.2,3081500
20120606,10.26,10.44,10.24,10.42,5679500
20120608,10.56,10.56,10.24,10.46,2813000
20120611,10.5,10.71,10.39,10.5,2085000
20120612,10.55,10.83,10.42,10.77,2288500
20120613,10.7,11.05,10.64,10.93,5293000
20120614,10.88,10.98,10.58,10.76,4027500
20120615,10.91,11,10.69,10.99,3748500
20120618,10.82,10.96,10.76,10.79,3426500
20120619,10.89,10.98,10.7,10.98,3829500
20120620,10.93,11.12,10.89,11.05,2172500
20120621,11.03,11.04,10.74,10.74,1861000
20120622,10.87,10.91,10.57,10.57,2359500
20120625,10.36,10.6,10.36,10.53,2796000
20120626,10.53,10.67,10.16,10.23,6992500
20120627,10.29,10.29,9.78,10.06,8441500
20120628,10.05,10.16,9.76,9.82,5590500
20120629,10.1,10.4,10.02,10.3,5049500
20120702,10.24,10.34,10.07,10.25,4651500
20120703,10.24,10.62,10.18,10.51,6168000
20120704,10.38,10.68,10.38,10.56,1578000
20120705,10.6,10.65,10.2,10.43,6763000
20120706,10.32,10.36,10.17,10.29,2436000
20120710,10.29,10.44,9.96,10.03,5566500
20120711,10.06,10.06,9.88,9.88,5464500
20120712,9.84,10,9.76,9.89,3081000
20120713,9.97,10.07,9.76,9.81,4634000
20120716,9.76,9.89,9.6,9.68,4123000
20120717,9.73,9.9,9.59,9.87,2355500
20120718,9.87,10.11,9.69,10.07,4280000
20120719,10.07,10.32,9.99,10.27,4182000
20120720,10.12,10.18,9.96,10.03,4241500
20120723,9.87,10.15,9.71,10.05,3934500
20120724,10.05,10.09,9.9,9.91,3528500
20120725,9.96,10.03,9.8,9.9,2961500
20120726,9.99,10.48,9.99,10.41,3759000
20120727,10.47,11.39,10.42,11.04,9693500
20120730,10.99,11.29,10.87,11.22,4130000
20120731,11.16,11.21,11.06,11.2,3711500
20120801,11.2,11.55,10.95,11.33,5833500
20120802,11.27,11.4,10.73,10.84,6297500
20120803,11.14,11.43,11.02,11.37,4569500
20120806,11.39,11.88,11.26,11.7,4604500
20120807,11.71,11.84,11.21,11.33,3895000
20120808,11.37,11.96,11.15,11.93,7623000
20120809,11.84,11.88,11.44,11.51,5383000
20120810,11.29,12.06,11.28,11.96,8234500
20120813,11.9,12.21,11.66,12.17,3599000
20120814,12.11,12.24,11.78,11.79,4948000
20120815,11.69,12.02,11.63,11.85,5545500
20120816,11.88,12.38,11.88,12.24,4774500
20120817,12.25,12.36,11.88,11.97,4423000
20120820,11.98,12.18,11.89,12.02,2780000
20120821,12.15,12.34,11.99,12.07,3371000
20120822,11.97,12.54,11.95,12.37,5665500
20120823,12.06,12.47,12.04,12.12,5452000
20120824,11.86,12.01,11.73,11.89,5992500
20120827,11.88,12.08,11.85,12,3963000
20120828,12.01,12.29,11.92,12.26,4019500
20120829,12.23,12.39,12.13,12.35,5379500
20120830,12.32,12.38,12.24,12.24,2739000
20120831,12.31,12.37,12.14,12.23,4617500
20120903,12.29,12.37,12.06,12.19,1929000
20120904,12.22,12.34,11.97,12.06,3466500
20120905,12.08,12.54,12.07,12.51,3635000
20120906,12.52,12.77,12.45,12.77,4092500
20120910,12.84,12.88,12.5,12.5,3223000
20120911,12.51,12.68,12.43,12.64,3322000
20120912,12.71,12.85,12.58,12.75,4627000
20120913,12.85,13.17,12.75,13.03,6215500
20120914,12.98,13.33,12.86,13.26,5194500
20120917,13.26,13.64,13.13,13.2,6444000
20120918,13.15,13.34,13,13.11,2855000
20120919,13.18,13.28,12.93,13.04,2508500
20120920,12.94,13.14,12.89,13,2620000
20120921,12.97,13.32,12.96,13.19,3586000
20120924,13.12,13.41,13.04,13.11,3218000
20120925,13.17,13.23,12.81,12.9,5379000
20120926,12.45,12.6,12.18,12.36,9738000
20120927,12.38,12.76,12.28,12.64,10004500
20120928,12.57,12.6,12.27,12.44,7664000
20121001,12.36,12.8,12.36,12.77,6705000
20121002,12.81,13.15,12.72,13.13,6917000
20121003,13.23,13.33,12.92,13.15,6620000
20121004,13.11,13.32,13.01,13.09,4019000
20121005,13.08,13.5,13.03,13.45,5935000
20121008,13.4,13.68,13.34,13.62,4483500
20121009,13.7,13.98,13.57,13.66,7560000
20121010,13.64,14.08,13.51,13.92,5285500
20121011,14.06,14.31,13.86,13.99,5590500
20121015,14.06,14.26,13.96,14.19,5368000
20121016,14.27,14.27,14.03,14.19,5570500
20121017,14.24,14.24,13.93,14.01,5328500
20121018,14.01,14.14,13.81,14.01,5079500
20121019,13.92,13.99,13.68,13.69,4337500
20121022,13.69,13.91,13.47,13.63,2929000
20121023,13.47,13.66,13.46,13.54,4934000
20121024,13.52,13.63,13.34,13.4,4294000
20121025,13.47,13.61,13.19,13.19,5518500
20121026,13.14,13.29,13.1,13.19,5890000
20121029,13.32,13.39,13.16,13.3,3232000
20121030,13.37,13.44,13.21,13.33,2784500
20121031,13.84,13.86,13.65,13.77,6807000
20121101,13.76,14.1,13.76,14.1,5040500
20121105,13.95,14.08,13.87,14.02,3156500
20121106,14.08,14.18,13.8,14.18,4948500
20121107,14.1,14.17,13.89,14.13,3549000
20121108,14.1,14.52,13.98,14.1,2797500
20121109,13.97,14.15,13.87,14.1,3759000
20121112,14.01,14.21,13.85,14.06,1477500
20121113,13.99,14.08,13.81,13.92,2693500
20121114,13.91,13.99,13.62,13.75,2577000
20121116,13.65,13.75,13.57,13.72,3136500
20121119,13.64,13.75,13.64,13.74,2069000
20121121,13.74,13.8,13.49,13.74,3668000
20121122,13.75,13.79,13.69,13.73,957000
20121123,13.72,13.85,13.62,13.85,1867000
20121126,13.79,13.87,13.54,13.74,2798500
20121127,13.67,14.16,13.67,14.07,3063000
20121128,13.94,14.1,13.65,13.97,4548000
20121129,13.97,14.59,13.97,14.59,5119000
20121130,14.58,14.58,14.09,14.31,4499000
20121203,14.44,14.61,14.13,14.4,3268000
20121204,14.34,14.4,14.19,14.29,4170000
20121205,14.32,14.36,14.19,14.21,2712000
20121206,14.29,14.55,14.14,14.55,5500500
20121207,14.5,14.73,14.39,14.61,2934500
20121210,14.53,14.63,14.33,14.48,1455500
20121211,14.54,14.61,14.29,14.58,2967500
20121212,14.52,14.6,14.39,14.6,4675500
20121213,14.61,14.61,14.26,14.3,4074000
20121214,14.37,14.51,14.3,14.47,3034500
20121217,14.43,14.53,14.32,14.53,3292500
20121218,14.47,14.64,14.37,14.64,3301500
20121219,14.56,14.8,14.56,14.65,2713500
20121220,14.89,14.93,14.57,14.6,3853000
20121221,14.44,14.66,14.34,14.38,2167000
20121226,14.37,14.59,14.29,14.59,2523500
20121227,14.57,14.59,14.46,14.5,1729000
20121228,14.43,14.68,14.43,14.64,1738000
20130102,14.75,14.85,14.62,14.75,3546500
20130103,14.79,14.83,14.69,14.77,1977000
20130104,14.7,14.76,14.5,14.71,3563500
20130107,14.71,14.78,14.5,14.5,2366500
20130108,14.58,14.68,14.38,14.43,2252500
20130109,14.44,14.76,14.33,14.73,2257500
20130110,14.67,14.83,14.44,14.7,5804000
20130111,14.72,14.72,14.56,14.65,3020000
20130114,14.72,14.75,14.54,14.64,1790500
20130115,14.63,14.89,14.12,14.12,7270000
20130116,14.22,14.34,14.06,14.32,3548500
20130117,14.33,14.65,14.33,14.44,2899500
20130118,14.51,14.59,14.3,14.41,3191000
20130121,14.42,14.58,14.32,14.53,970000
20130122,14.53,14.55,14.37,14.44,2085500
20130123,14.33,14.64,14.3,14.64,2292000
20130124,14.64,14.77,14.27,14.37,3587000
20130128,14.37,14.65,14.33,14.55,3191500
20130129,14.51,14.73,14.42,14.73,2329000
20130130,14.61,14.91,14.39,14.78,3471500
20130131,14.68,14.77,14.44,14.63,3965000
20130201,14.7,14.71,14.4,14.4,3027000
20130204,14.42,14.51,14.3,14.3,2584500
20130205,14.41,14.59,14.24,14.26,2955500
20130206,14.37,14.4,14.21,14.3,3273500
20130207,14.31,14.46,14.18,14.44,4722500
20130208,14.46,14.64,14.27,14.41,2490500
20130213,14.5,14.63,14.35,14.43,1621000
20130214,14.34,14.49,14.34,14.41,1883500
20130215,14.48,14.48,13.79,13.79,4153000
20130218,13.83,13.87,13.5,13.69,6422000
20130219,13.7,13.95,13.58,13.84,4665000
20130220,13.82,13.98,13.48,13.69,3758500
20130221,13.69,13.74,13.44,13.48,4098000
20130222,13.49,13.77,13.36,13.64,4120500
20130225,13.66,13.86,13.55,13.62,4407500
20130226,13.64,13.95,13.59,13.89,5951000
20130227,13.89,14.13,13.44,13.82,9157000
20130228,13.7,14.07,13.7,13.83,4806500
20130301,13.7,13.96,13.58,13.95,3260500
20130304,13.85,13.94,13.63,13.76,2637000
20130305,13.8,13.93,13.59,13.63,3165000
20130306,13.83,13.95,13.43,13.95,3826000
20130307,13.95,14.04,13.64,13.64,5392500
20130308,13.7,13.94,13.54,13.82,3597000
20130311,13.82,13.93,13.65,13.71,2519500
20130312,13.71,13.8,13.5,13.5,2131500
20130313,13.54,13.69,13.47,13.49,5150000
20130314,13.59,13.61,13.25,13.38,6729500
20130315,13.44,13.47,13.2,13.21,6324500
20130318,13.2,13.46,13.14,13.28,3825000
20130319,13.29,13.47,13.23,13.38,3492000
20130320,13.29,13.41,13.09,13.1,3969500
20130321,13.16,13.18,12.96,13.03,6608500
20130322,13.01,13.35,12.99,13.23,4315500
20130325,13.23,13.58,13.21,13.3,4949000
20130326,13.3,13.78,13.27,13.78,5743500
20130327,13.62,13.94,13.6,13.94,5558500
20130328,13.91,13.96,13.6,13.9,3505000
20130401,13.8,13.88,13.66,13.69,2702000
20130402,13.76,13.8,13.49,13.49,2520500
20130403,13.42,13.59,13.3,13.49,5211500
20130404,13.49,13.67,13.14,13.18,8816500
20130405,13.18,13.58,13.07,13.48,7248000
20130408,13.42,13.73,13.41,13.69,6421500
20130409,13.6,13.75,13.44,13.48,6461000
20130410,13.59,13.69,13.48,13.57,5953500
20130411,13.56,13.56,13.24,13.38,8504000
20130412,13.31,13.41,13.09,13.13,4073500
20130415,13.13,13.16,12.94,12.94,4046000
20130416,13.01,13.32,12.96,13.25,4383500
20130417,13.08,13.6,13.03,13.22,4807000
20130418,13.16,13.27,13.07,13.14,5794500
20130419,13.29,13.47,13.2,13.42,3129000
20130422,13.34,13.55,13.28,13.47,7569000
20130423,13.47,13.8,13.44,13.77,4458500
20130424,13.65,14.18,13.65,14.03,5495000
20130425,14.03,14.03,13.82,13.89,4729000
20130426,13.83,13.98,13.53,13.84,3079000
20130429,13.75,14.08,13.75,14,2975500
20130430,13.98,14.31,13.82,14.31,4663500
20130502,14.31,14.62,14.03,14.21,4100500
20130503,14.29,14.37,13.9,13.9,4533500
20130506,13.88,14.08,13.85,14,2915000
20130507,14,14.24,13.87,14.08,3549000
20130508,14.13,14.44,14.08,14.18,3086000
20130509,14.51,14.6,14.25,14.42,5907000
20130510,14.34,14.52,14.21,14.38,2432500
20130513,14.32,14.33,14.13,14.15,1787000
20130514,14.13,14.49,14.08,14.25,2537500
20130515,14.23,14.6,14.23,14.6,3989500
20130516,14.51,14.6,14.42,14.51,3645500
20130517,14.5,14.64,14.41,14.64,1815000
20130520,14.61,15.02,14.51,14.94,2838000
20130521,14.91,15.14,14.87,15.02,3981500
20130522,15,15.21,14.98,15.13,4109500
20130523,14.99,15.13,14.84,14.98,3562000
20130524,14.94,15.32,14.91,15.28,4811500
20130527,15.33,15.39,15.06,15.07,1924500
20130528,15.22,15.36,15.12,15.13,4044500
20130529,15,15.07,14.62,14.62,3990000
20130531,14.5,14.73,13.84,13.99,11112000
20130603,14.01,14.19,13.67,13.75,5426000
20130604,13.8,13.86,13.59,13.7,3966500
20130605,13.68,13.82,13.48,13.61,5913500
20130606,13.63,13.73,13.52,13.61,6998500
20130607,13.49,13.67,13.37,13.49,3972000
20130610,13.39,13.51,13.29,13.33,2998500
20130611,13.29,13.32,12.99,13.11,5423000
20130612,13.26,13.32,12.93,13.04,7210000
20130613,13.03,13.09,12.77,13.08,7635500
20130614,13.18,13.37,12.52,12.52,5626000
20130617,12.56,12.89,12.55,12.64,3162500
20130618,12.55,12.73,12.36,12.55,6383000
20130619,12.56,12.64,12.32,12.4,3980000
20130620,12.22,12.86,11.86,12.82,11638000
20130621,12.66,12.96,12.51,12.51,8765500
20130624,12.46,12.61,12.02,12.51,3870000
20130625,12.63,12.63,12.28,12.36,5965500
20130626,12.55,12.71,12.33,12.41,3732000
20130627,12.47,12.64,12.22,12.26,4911500
20130628,12.22,12.22,11.88,12.03,7534000
20130701,11.86,12.3,11.86,12,5564000
20130702,12.04,12.04,11.47,11.47,6484500
20130703,11.32,11.71,11.28,11.41,8803500
20130704,11.49,11.81,11.49,11.58,4581500
20130705,11.56,11.62,11.31,11.51,4280500
20130708,11.43,11.75,11.39,11.54,2236000
20130710,11.63,11.88,11.45,11.59,2750000
20130711,11.71,11.81,11.56,11.64,3182500
20130712,11.64,11.69,11.58,11.63,3544000
20130715,11.56,11.79,11.54,11.63,4941500
20130716,11.72,11.77,11.57,11.6,2246500
20130717,11.7,11.72,11.44,11.47,3879000
20130718,11.42,11.55,11.29,11.48,6979500
20130719,11.46,11.51,11.23,11.28,2001500
20130722,11.3,11.54,11.23,11.54,4536000
20130723,11.62,11.63,11.3,11.33,4699000
20130724,11.35,11.44,11.23,11.29,3962500
20130725,11.23,11.39,11.19,11.28,3382500
20130726,11.23,11.75,11.21,11.66,6436000
20130729,11.61,11.87,11.53,11.72,2521000
20130730,11.76,11.76,11.31,11.39,4160500
20130731,11.32,11.61,11.24,11.36,4751500
20130801,11.41,11.58,11.31,11.51,3718500
20130802,11.48,11.51,11.31,11.4,6068500
20130805,11.4,11.5,11.3,11.44,2869000
20130806,11.44,11.54,11.33,11.42,5023000
20130807,11.4,11.47,11.29,11.42,3278500
20130808,11.5,11.82,11.36,11.66,4555000
20130809,11.78,12.28,11.71,12.12,4045000
20130812,12.22,12.48,11.92,11.92,5868500
20130813,11.92,12.12,11.75,11.85,3541000
20130814,11.92,12.12,11.9,12.03,5964000
20130815,11.85,11.98,11.59,11.85,4615000
20130816,11.76,11.86,11.43,11.45,5379000
20130819,11.43,11.49,10.81,10.89,8961500
20130820,10.85,11,10.64,10.64,6028000
20130821,10.58,10.93,10.49,10.82,5928000
20130822,10.91,11.03,10.69,10.95,4445000
20130823,10.9,11.4,10.79,11.4,5546000
20130826,11.28,11.52,11.12,11.19,2793500
20130827,11.02,11.16,10.79,10.95,6170500
20130828,10.97,11.07,10.76,10.83,4043500
20130829,10.84,10.97,10.77,10.86,2630000
20130830,10.94,10.99,10.69,10.79,5933000
20130902,10.88,11.45,10.88,11.3,5192500
20130903,11.3,11.39,11.01,11.01,4211000
20130904,11.01,11.19,10.96,11.09,4363000
20130905,11.05,11.34,11.05,11.33,4648000
20130906,11.42,11.8,11.38,11.78,6882500
20130909,11.84,12.32,11.79,12.31,8875500
20130910,12.28,12.61,12.08,12.28,8174500
20130911,12.37,12.37,12,12.11,5605500
20130912,12.4,12.5,12.18,12.25,5539000
20130913,12.25,12.57,12.2,12.5,3509000
20130916,12.54,12.96,12.54,12.6,5490500
20130917,12.67,12.83,12.64,12.72,3434000
20130918,12.73,13.42,12.69,13.25,5547500
20130919,13.17,13.29,12.91,12.91,6338000
20130920,13.04,13.04,12.6,12.6,2712500
20130923,12.6,12.96,12.6,12.9,2218500
20130924,12.8,13,12.75,12.79,4309500
20130925,12.88,12.91,12.57,12.64,3205500
20130926,12.65,12.74,12.49,12.53,4247500
20130927,12.59,12.59,12.15,12.15,6793500
20130930,12.17,12.38,11.93,11.97,5727000
20131001,12.05,12.4,12,12.4,3819000
20131002,12.28,12.51,12.21,12.24,3159500
20131003,12.31,12.38,11.83,11.93,3693000
20131004,11.98,12.08,11.77,11.85,2573000
20131007,11.74,12.08,11.74,12.07,3158500
20131008,12.1,12.18,11.85,12.11,2280000
20131009,12.1,12.52,12.09,12.34,3669500
20131010,12.44,12.59,12.36,12.49,6518000
20131011,12.45,12.78,12.32,12.71,3966500
20131014,12.6,13,12.54,12.74,7157000
20131015,12.77,12.85,12.58,12.83,4741000
20131016,12.79,13.24,12.61,12.79,5368500
20131017,12.72,13.08,12.72,12.91,3592500
20131018,12.89,13.1,12.89,13.03,3585500
20131021,13,13.16,13,13.03,3660000
20131022,13,13.19,12.82,13.11,2658000
20131023,13.19,13.19,12.75,12.78,3004500
20131024,12.87,12.96,12.69,12.85,2867000
20131025,12.81,13.13,12.71,13.07,4836500
20131028,13.02,13.18,12.96,13,3465000
20131029,13.06,13.1,12.64,12.77,3313000
20131030,12.84,12.98,12.66,12.92,3191000
20131031,12.86,12.92,12.56,12.71,2580000
20131101,12.77,12.9,12.47,12.62,2752000
20131104,12.56,12.6,12.48,12.55,2120500
20131105,12.57,12.61,12.33,12.33,3189500
20131106,12.31,12.35,11.92,12.08,3089500
20131107,12.06,12.22,11.78,11.87,3764000
20131108,11.8,11.97,11.76,11.76,3358000
20131111,11.75,11.87,11.65,11.68,2507500
20131112,11.7,11.73,11.47,11.51,5437000
20131113,11.44,11.57,11.4,11.45,6760500
20131114,11.52,12.06,11.51,12.05,8447500
20131118,12.05,12.33,11.88,12.33,5074000
20131119,12.22,12.22,11.96,12.06,4512500
20131121,11.87,11.96,11.69,11.95,2353000
20131122,11.88,12.08,11.78,12.08,3738000
20131125,12.05,12.11,11.79,11.83,1990500
20131126,11.78,11.91,11.56,11.72,3189000
20131127,11.7,11.9,11.62,11.8,3072000
20131128,11.97,12.05,11.67,11.83,2139000
20131129,11.86,11.93,11.6,11.77,1825500
20131202,11.72,11.92,11.5,11.51,3682500
20131203,11.49,11.58,11.18,11.21,5326500
20131204,11.31,11.65,11.16,11.3,6114500
20131205,11.38,11.84,11.34,11.77,6330500
20131206,11.85,12.05,11.65,11.96,4613000
20131209,12.03,12.04,11.65,11.73,3279500
20131210,11.76,11.87,11.57,11.68,3478000
20131211,11.73,11.73,11.49,11.49,2914000
20131212,11.46,11.54,11.22,11.33,4713500
20131213,11.33,11.62,11.31,11.4,4063500
20131216,11.4,11.52,11.39,11.52,1952500
20131217,11.52,11.58,11.28,11.34,2475500
20131218,11.39,11.58,11.28,11.39,3662000
20131219,11.48,11.7,11.48,11.7,1710500
20131220,11.66,11.73,11.56,11.58,2907500
20131223,11.62,12.05,11.61,11.97,3775500
20131226,11.94,12.03,11.59,11.69,2703500
20131227,11.7,11.82,11.41,11.47,3173000
20131230,11.46,11.61,11.34,11.51,3109500
20140102,11.51,11.66,11.14,11.14,4905500
20140103,11.15,11.32,11.14,11.28,4763000
20140106,11.21,11.41,11.13,11.13,2768500
20140107,11.23,11.54,11.15,11.35,5309500
20140108,11.29,11.43,11.22,11.33,2260500
20140109,11.27,11.34,10.91,10.96,7370500
20140110,10.87,11.15,10.83,10.83,2932500
20140113,10.86,10.95,10.76,10.84,3577000
20140114,10.76,10.95,10.76,10.82,3867000
20140115,10.9,10.94,10.82,10.87,7848500
20140116,10.91,11.03,10.75,10.8,3927000
20140117,10.81,10.84,10.63,10.68,4009500
20140120,10.68,10.87,10.65,10.82,4226000
20140121,10.9,10.9,10.72,10.87,9570500
20140122,10.95,11.4,10.86,11.4,5869500
20140123,11.3,11.5,11.03,11.04,5510500
20140124,10.93,10.93,10.67,10.8,6157000
20140127,10.85,10.9,10.53,10.61,5973000
20140128,10.75,10.89,10.53,10.57,7046500
20140129,10.54,10.6,10.34,10.38,6370000
20140130,10.33,10.56,10.29,10.45,4679000
20140131,10.34,10.5,10.31,10.46,7111000
20140203,10.46,10.46,10.1,10.19,6930000
20140204,10.2,10.42,10.08,10.25,6406500
20140205,10.2,10.29,10,10.13,7571500
20140206,10.23,10.32,10.06,10.27,5493000
20140207,10.23,10.44,10.23,10.44,4965000
20140210,10.34,10.47,10.27,10.33,2932000
20140211,10.41,10.47,10.16,10.2,9866500
20140212,10.2,10.43,10.15,10.25,2788000
20140213,10.17,10.38,10.07,10.33,2262500
20140214,10.35,10.43,10.23,10.32,2508500
20140217,10.26,10.36,10.08,10.17,3975000
20140218,10.14,10.32,10.08,10.12,5263000
20140219,10.11,10.36,9.98,10.22,4615500
20140220,10.24,10.41,10.09,10.4,5295000
20140221,10.6,10.9,10.45,10.85,7381000
20140224,10.9,10.9,10.61,10.76,3753000
20140225,10.64,10.87,10.64,10.7,2959000
20140226,10.73,11,10.63,10.9,4886500
20140227,10.92,11.21,10.8,11.09,4499000
20140228,11.17,11.17,10.83,10.89,4110500
20140305,10.86,11.17,10.85,10.9,2750000
20140306,10.89,11.18,10.89,11,3793000
20140307,10.99,11.16,10.86,10.92,3074500
20140310,10.85,10.99,10.73,10.81,3381000
20140311,10.87,10.97,10.74,10.9,2903500
20140312,10.8,11.01,10.8,10.94,2290000
20140313,11.04,11.04,10.78,10.88,5018000
20140314,10.85,10.99,10.83,10.91,5843500
20140317,10.98,11.09,10.93,10.99,1701000
20140318,10.96,11.29,10.9,11.23,3549000
20140319,11.25,11.35,11.09,11.26,2603000
20140320,11.17,11.44,11.14,11.31,3150500
20140321,11.2,11.57,11.2,11.37,3006500
20140324,11.45,11.62,11.39,11.56,2836000
20140325,11.56,11.69,11.45,11.5,1896000
20140326,11.59,11.63,11.3,11.35,2688500
20140327,11.37,11.79,11.35,11.77,4716000
20140328,11.84,12.05,11.77,11.88,3563000
20140331,12,12.26,11.92,12.15,3686000
20140401,12.12,12.19,11.9,12.02,3044500
20140402,12.02,12.28,11.93,12.16,3324000
20140403,12.07,12.21,12.05,12.09,3238500
20140404,12.2,12.28,12.04,12.15,3436500
20140407,12.27,12.46,12.2,12.42,4416000
20140408,12.49,12.63,12.15,12.2,4983500
20140409,12.16,12.39,11.98,12.29,4042000
20140410,12.21,12.37,12.14,12.25,4668500
20140411,12.25,12.31,12.08,12.18,2864500
20140414,12.26,12.27,11.97,12.01,2078000
20140415,11.99,12.09,11.73,11.87,2684500
20140416,11.87,12.06,11.75,12.06,4024000
20140417,12.06,12.24,11.92,12.22,2222000
20140422,12.33,12.33,12.07,12.32,2355000
20140423,12.26,12.29,12.06,12.12,2065500
20140424,12.12,12.26,11.94,12.07,2445000
20140425,11.97,12.06,11.8,12,4241500
20140428,11.93,12.06,11.79,11.98,2158000
20140429,12.04,12.45,12.04,12.35,5067500
20140430,12.52,12.79,12.36,12.57,7894500
20140502,12.55,13.02,12.51,12.97,5073500
20140505,12.98,13.08,12.69,12.73,1976000
20140506,12.73,12.83,12.57,12.75,5213500
20140507,12.6,12.73,12.51,12.65,2205500
20140508,12.61,12.89,12.53,12.75,2760000
20140509,12.84,12.84,12.55,12.61,2060000
20140512,12.65,13.06,12.6,13,5957500
20140513,12.93,13.09,12.84,13.03,3335000
20140514,13.03,13.17,13.01,13.17,2471000
20140515,13.1,13.2,13.04,13.16,2443000
20140516,13.2,13.38,13.11,13.16,6775000
20140519,13.09,13.2,12.98,13.07,2164000
20140520,13.1,13.17,13.03,13.03,5316000
20140521,13.1,13.16,12.87,12.94,2825000
20140522,12.87,13.1,12.76,12.84,2065000
20140523,12.84,12.9,12.63,12.69,2330000
20140526,12.71,13.01,12.7,12.9,1383500
20140527,12.94,12.94,12.58,12.65,2591500
20140528,12.65,13.05,12.58,13.01,5136500
20140529,13.13,13.2,12.98,13.13,3105000
20140530,13.03,13.21,12.9,12.98,4001500
20140602,12.96,13.02,12.8,12.8,4179500
20140603,12.74,12.9,12.74,12.83,3294500
20140604,12.83,12.89,12.71,12.81,1540500
20140605,12.88,13.02,12.83,12.94,2452000
20140606,13.03,13.29,12.96,13.23,3871000
20140609,13.22,13.46,13.17,13.43,5079500
20140610,13.42,13.45,13.27,13.39,4139500
20140611,13.5,13.61,13.32,13.36,2795000
20140613,13.29,13.43,13.19,13.27,2610500
20140616,13.23,13.57,13.11,13.57,3561000
20140617,13.57,13.87,13.48,13.87,3214500
20140618,13.9,14.02,13.69,14,6268000
20140620,13.96,14.01,13.7,14,3344000
20140623,14,14.03,13.87,13.93,1207500
20140624,14,14.12,13.87,14.12,3401500
20140625,14.02,14.15,13.99,14.02,5992500
20140626,14.1,14.15,13.96,13.98,4033000
20140627,13.93,14.05,13.7,13.71,3525500
20140630,13.74,13.77,13.56,13.6,4368000
20140701,13.68,13.81,13.51,13.58,3079500
20140702,13.5,13.52,13.19,13.32,4704500
20140703,13.26,13.54,13.08,13.54,3080500
20140704,13.54,13.69,13.54,13.65,831500
20140707,13.56,13.7,13.52,13.67,1568500
20140708,13.59,13.78,13.58,13.75,2301000
20140710,13.81,13.92,13.76,13.83,2958000
20140711,13.83,13.96,13.77,13.9,1944000
20140714,13.94,14.13,13.94,14.02,3181500
20140715,14.02,14.16,13.99,14.12,2965500
20140716,14.12,14.2,13.88,14.01,3570500
20140717,14,14.09,13.84,13.88,2180500
20140718,14.08,14.09,13.84,13.95,4458500
20140721,13.98,14.13,13.94,14.11,4810500
20140722,14.11,14.21,14.03,14.07,4467500
20140723,14.12,14.26,13.74,13.78,4941500
20140724,13.78,13.86,13.6,13.63,3700000
20140725,13.54,13.83,13.54,13.74,3807000
20140728,13.8,14.04,13.63,14.04,2075500
20140729,14.04,14.11,13.61,13.67,2027000
20140730,13.62,13.68,13.44,13.56,1901500
20140731,13.44,13.5,13.12,13.15,3369500
20140801,13.15,13.34,12.99,13.32,3829500
20140804,13.48,13.86,13.41,13.76,5041000
20140805,13.74,13.79,13.39,13.47,2257000
20140806,13.39,13.8,13.31,13.62,3999000
20140807,13.62,13.69,13.43,13.52,4283500
20140808,13.37,13.53,13.31,13.39,3601500
20140811,13.44,13.67,13.36,13.61,2953500
20140812,13.53,13.62,13.39,13.47,1055500
20140813,13.55,13.71,13.21,13.44,3482000
20140814,13.41,13.51,13.31,13.37,1685500
20140815,13.44,13.53,13.21,13.4,2055500
20140818,13.44,13.53,13.38,13.41,3668000
20140819,13.32,13.57,13.29,13.57,4608000
20140820,13.58,13.62,13.45,13.53,2950500
20140821,13.53,14.01,13.53,14.01,3136000
20140822,13.96,13.96,13.67,13.88,2173500
20140825,14.01,14.04,13.71,13.94,2141000
20140826,14,14.25,13.94,13.98,1828500
20140827,14.11,14.6,14.05,14.54,3598500
20140828,14.46,14.67,14.44,14.67,4337500
20140829,14.73,14.78,14.58,14.71,3513000
20140901,14.84,14.84,14.46,14.56,1400500
20140902,14.44,14.59,14.26,14.45,2279500
20140903,14.5,14.62,14.41,14.44,2419000
20140904,14.31,14.52,14.31,14.52,2488000
20140905,14.52,14.55,14.32,14.32,2079500
20140908,14.49,14.53,14.06,14.22,3630500
20140909,14.04,14.22,13.83,14.02,2517000
20140910,13.88,14,13.49,13.8,4140500
20140911,13.84,14.01,13.77,13.77,2775000
20140912,13.49,13.74,13.34,13.53,5558500
20140915,13.44,13.54,13.22,13.4,3535500
20140916,13.4,13.84,13.32,13.73,3796500
20140917,13.83,13.91,13.64,13.73,3069000
20140918,13.66,13.8,13.29,13.29,2958500
20140919,13.2,13.51,12.82,13.34,4873500
20140922,13.12,13.25,12.92,13.18,6210500
20140923,12.96,13.36,12.96,13.13,3452500
20140924,12.95,13.84,12.93,13.81,7609500
20140925,13.75,13.86,13.38,13.39,4287500
20140926,13.45,13.94,13.33,13.77,3259500
20140929,13.12,13.64,13.12,13.57,5708000
20140930,13.43,13.71,13.28,13.67,5569000
20141001,13.44,13.45,13.23,13.42,4398500
20141002,13.34,13.41,13.08,13.29,2107500
20141003,13.26,13.83,13.26,13.55,2833500
20141006,13.95,14.44,13.71,13.99,7038000
20141007,14.13,14.41,13.93,14.15,3493500
20141008,14.35,14.38,13.87,14.11,2647000
20141009,14.33,14.48,14.15,14.33,4170500
20141010,14.28,14.29,13.86,13.95,2691000
20141013,14.2,14.56,13.92,14.3,3468000
20141014,14.24,14.6,14.14,14.32,2953500
20141015,14.15,14.37,13.86,14.08,3177500
20141016,13.71,13.81,13.48,13.62,4637500
20141017,13.84,13.96,13.62,13.85,2855000
20141020,13.75,13.82,13.57,13.63,2261500
20141021,13.25,13.51,13,13.1,3493500
20141022,13.08,13.47,12.97,13.18,2668000
20141023,13.08,13.08,12.58,12.75,4032000
20141024,12.84,13.67,12.84,13.35,3493000
20141027,12.6,13.08,12.59,13.05,10264000
20141028,13.26,13.63,13.05,13.58,3427000
20141029,13.37,13.67,13.24,13.5,2871000
20141030,13.82,14.02,13.45,14.02,3246000
20141031,14.04,14.32,13.78,14.27,3229000
20141103,14.17,14.27,13.99,14.17,2366500
20141104,14.1,14.22,13.78,14.15,2006000
20141105,13.96,14.23,13.89,14.04,1683000
20141106,13.95,14.31,13.81,14.08,2403000
20141107,14.08,14.23,13.86,14.14,1588500
20141110,14.2,14.31,13.91,13.91,1285500
20141111,13.86,14.11,13.86,14.01,1660500
20141112,13.92,14.23,13.85,13.98,3252000
20141113,13.89,14.14,13.73,13.85,2202500
20141114,13.67,13.82,13.54,13.79,1866500
20141117,13.71,14,13.54,13.7,1441000
20141118,13.79,13.99,13.69,13.85,3816500
20141119,13.94,14.04,13.6,14,4111000
20141121,13.99,14.71,13.96,14.66,4831500
20141124,14.74,14.9,14.3,14.35,3479000
20141125,14.57,14.65,14.19,14.2,3879500
20141126,14.29,14.58,14.2,14.56,2179000
20141127,14.43,14.83,14.43,14.71,2612500
20141128,14.71,14.81,14.51,14.75,2420500
20141201,14.71,14.71,13.78,14.1,5198000
20141202,14.07,14.41,14,14.33,4238500
20141203,14.43,14.75,14.27,14.75,4055000
20141204,14.81,14.81,14.43,14.43,5549000
20141205,14.39,14.61,14.29,14.57,3718500
20141208,14.54,14.73,14.12,14.14,2282500
20141209,14,14.28,14,14.27,2756500
20141210,14.17,14.61,14.17,14.51,2713500
20141211,14.6,14.6,14.21,14.31,6240000
20141212,14.13,14.25,13.9,14.06,3749500
20141215,14.16,14.23,13.64,13.77,3505500
20141216,13.5,14.01,13.46,13.75,3672500
20141217,13.89,14.54,13.79,14.38,4831000
20141218,14.38,14.64,14.23,14.26,2814500
20141219,14.26,14.63,14.22,14.55,2445500
20141222,14.64,14.72,14.39,14.72,1935500
20141223,14.64,14.82,14.44,14.55,2165500
20141226,14.52,14.79,14.38,14.56,2197000
20141229,14.46,14.8,14.43,14.66,1827500
20141230,14.53,14.78,14.52,14.74,2447500
20150102,14.57,14.66,14.24,14.63,3309500
20150105,14.54,14.54,14.1,14.22,2795500
20150106,14.12,14.52,14.12,14.38,4636500
20150107,14.43,14.76,14.43,14.63,3755000
20150108,14.59,14.74,14.47,14.64,2323500
20150109,14.49,14.6,14.01,14.12,3924000
20150112,13.95,14.39,13.95,14.32,2151000
20150113,14.27,14.44,14.16,14.27,3266000
20150114,14.19,14.38,14.11,14.14,3732500
20150115,14.29,14.47,14.13,14.3,5253000
20150116,14.3,14.45,14.18,14.3,3006000
20150119,14.23,14.38,14.08,14.11,2489000
20150120,14.23,14.23,13.94,14.07,3108000
20150121,14.23,14.27,14.01,14.11,3363000
20150122,14.2,14.3,13.94,13.97,4438000
20150123,13.94,14.11,13.86,13.96,4317000
20150126,13.89,14.04,13.6,14,5156500
20150127,13.86,13.91,13.54,13.8,4497000
20150128,13.8,13.94,13.64,13.87,2504000
20150129,13.82,14.26,13.78,13.87,6301500
20150130,13.78,13.94,13.47,13.58,12203500
20150202,13.68,13.9,13.63,13.82,4017500
20150203,13.92,13.97,13.71,13.89,4342000
20150204,13.95,13.95,13.48,13.85,4276000
20150205,13.79,14.2,13.78,14.07,7295500
20150206,13.96,14.06,13.74,13.87,4108500
20150209,13.67,14.28,13.67,14.28,4952500
20150210,14.17,14.22,13.75,13.75,2802500
20150211,13.71,13.8,13.5,13.6,4403500
20150212,13.74,14.04,13.63,13.87,3596500
20150213,14.64,15.21,14.54,14.93,11495500
20150218,14.84,15.36,14.78,15.09,6788000
20150219,15.03,15.85,15.01,15.61,6353500
20150220,15.55,15.69,15.48,15.56,4159000
20150223,15.51,15.8,15.47,15.55,3720000
20150224,15.64,15.95,15.55,15.89,4018000
20150225,15.71,16.16,15.71,16.09,6400500
20150226,16.16,16.33,16.09,16.13,5365500
20150227,16.1,16.3,15.97,16.2,5423500
20150302,16.15,16.5,16.12,16.45,5332500
20150303,16.38,16.47,16.19,16.4,4366000
20150304,16.19,16.4,15.96,16.06,3915500
20150305,16.11,16.11,15.72,15.9,4117500
20150306,15.96,16.07,15.87,15.95,2319000
20150309,15.99,16.03,15.73,15.76,4357500
20150310,15.52,15.91,15.52,15.54,6148000
20150311,15.5,15.97,15.5,15.84,7088000
20150312,16.23,16.23,15.93,16.09,3868000
20150313,15.75,16.05,15.7,15.88,2873000
20150316,16.03,16.1,15.63,15.93,3055500
20150317,15.93,16.24,15.64,16.23,4915500
20150318,16.17,16.53,15.96,16.5,3075500
20150319,16.46,16.56,16.22,16.37,4052000
20150320,16.5,16.87,16.5,16.7,3895000
20150323,16.7,16.75,16.46,16.58,1654500
20150324,16.58,16.98,16.53,16.58,5343500
20150325,16.72,16.96,16.7,16.84,4641000
20150326,16.66,16.76,16.42,16.65,2566500
20150327,16.54,16.87,16.46,16.87,3706000
20150330,16.95,17.23,16.89,17.21,2957000
20150331,17.18,17.6,17.13,17.53,6610000
20150401,17.65,18.06,17.65,17.88,3770500
20150402,17.88,18.26,17.88,17.96,3169000
20150406,18.17,18.28,18,18.09,2461500
20150407,18.03,18.23,18.03,18.05,2643000
20150408,18.26,18.26,18.03,18.07,2440500
20150409,18.05,18.34,18.03,18.1,2455500
20150410,18.06,18.29,17.94,18.05,1383000
20150413,18.05,18.23,17.95,18.05,1507000
20150414,18.15,18.29,17.95,18.06,2654500
20150415,18.24,18.48,18.06,18.34,3084000
20150416,18.35,18.48,17.92,18.07,2217500
20150417,17.92,18.23,17.74,17.79,3033500
20150420,17.75,17.94,17.6,17.94,2036500
20150422,17.97,18.15,17.84,17.99,3016500
20150423,17.99,18.41,17.94,18.41,2091000
20150424,18.5,18.66,18.37,18.54,2736000
20150427,18.62,18.88,18.34,18.51,3074500
20150428,18.6,18.6,18.39,18.49,4015000
20150429,18.37,18.83,18.3,18.66,7986500
20150430,20.47,20.54,20,20.48,13704000
20150504,20.6,21.29,20.31,20.52,8178500
20150505,20.55,20.64,20.15,20.15,3285000
20150506,20.09,20.52,20.08,20.38,3979000
20150507,20.48,21.39,20.44,21.39,3652000
20150508,21.8,22.71,21.5,22.23,6565000
20150511,22.23,22.23,21.62,21.82,2794500
20150512,21.65,22.32,21.63,22.17,2403500
20150513,22.16,22.41,22.06,22.28,2030500
20150514,22.33,22.44,21.56,21.77,4694500
20150515,21.64,22.31,21.6,22.29,2547500
20150518,22.13,22.42,21.77,22.07,2471500
20150519,21.9,22.05,21.44,21.44,2976500
20150520,21.29,21.61,20.96,21.45,3362000
20150521,21.44,21.49,21.2,21.39,2023500
20150522,21.3,21.74,20.89,21.25,2206500
20150525,21.31,21.73,21.06,21.35,1149000
20150526,21.27,21.42,20.79,20.92,2405500
20150527,20.96,21.04,20.69,20.84,3291000
20150528,20.76,20.97,20.67,20.89,3952500
20150529,20.83,21.22,20.63,20.87,3806000
20150601,20.87,21.12,20.53,20.59,3030500
20150602,20.77,21.38,20.45,21.38,2891500
20150603,21.35,21.35,20.95,21.03,7896000
20150605,20.69,21.09,20.69,20.88,2218500
20150608,20.86,21.45,20.82,21.33,2426500
20150609,21.25,21.44,21.16,21.17,5103000
20150610,21.25,21.63,21.18,21.41,3236000
20150611,21.51,21.6,21.21,21.41,2094500
20150612,21.41,21.6,21.24,21.45,2786000
20150615,21.35,21.91,21.26,21.83,1516500
20150616,21.89,21.89,21.49,21.55,5107000
20150617,21.49,21.81,21.37,21.57,2691000
20150618,21.57,21.98,21.57,21.96,1780000
20150619,21.81,21.94,21.58,21.68,4217000
20150622,21.72,21.85,21.58,21.84,1689500
20150623,21.87,21.97,21.59,21.68,3741000
20150624,21.7,21.87,21.54,21.78,1460000
20150625,21.77,22.29,21.6,22.29,3943500
20150626,22.28,22.7,22.2,22.44,3114000
20150629,22.26,22.3,21.83,22.23,2469500
20150630,22.36,22.61,22.03,22.07,3868500
20150701,22.22,22.58,22.13,22.58,2526500
20150702,22.48,23,22.47,23,3906000
20150703,22.91,23.12,22.86,23.04,1434500
20150706,22.92,23.11,22.75,22.8,1950500
20150707,22.73,23.01,22.35,22.35,5508000
20150708,22.26,22.39,21.9,22.03,4413500
20150710,21.91,22.73,21.85,22.59,2848000
20150713,22.66,22.75,22.46,22.6,1755500
20150714,22.46,22.67,22.26,22.26,2208000
20150715,22.24,22.72,22.23,22.42,2222500
20150716,22.58,22.64,22.09,22.39,2109500
20150717,22.45,22.63,22.19,22.19,1405000
20150720,22.19,22.4,21.85,21.95,1923500
20150721,21.99,22.15,21.66,21.78,5187000
20150722,21.48,21.86,21.48,21.68,3214000
20150723,21.57,21.66,20.91,21.14,6165500
20150724,21.14,21.14,20.67,20.9,3456500
20150727,20.7,20.89,20.21,20.58,3557500
20150728,20.57,21.47,20.57,21.05,4264000
20150729,21.01,21.48,20.97,21.05,2101000
20150730,21.08,21.59,20.98,21.59,3036000
20150731,22.19,22.19,21.1,21.27,4900500
20150803,21.06,21.18,20.24,20.34,4771500
20150804,20.31,20.65,19.87,20.57,6366000
20150805,20.59,21.16,20.52,20.52,4550000
20150806,20.41,20.5,19.64,20.2,6386000
20150807,20.1,20.19,19.59,19.78,3644500
20150810,19.78,19.9,19.59,19.66,2563000
20150811,19.61,19.72,19.21,19.53,5261000
20150812,19.49,19.58,18.95,19.09,5954000
20150813,19.1,19.23,18.94,19.14,3231500
20150814,19.07,19.4,19.07,19.28,4415000
20150817,19.57,19.65,19.14,19.65,8028000
20150818,19.58,20.33,19.54,20.33,6491500
20150819,20.18,20.18,19.84,19.99,6529000
20150820,19.92,20.13,19.62,19.93,3531000
20150821,19.73,19.77,19.24,19.24,3464500
20150824,18.02,19.18,18.02,18.7,4992000
20150825,18.84,19.07,18.58,18.94,5204000
20150826,19.02,19.58,18.9,19.53,3369500
20150827,19.55,20.1,19.55,20.02,7722500
20150828,19.97,20.02,19.53,19.72,3339000
20150831,19.48,19.6,18.87,19.24,4998500
20150901,18.7,18.84,18.53,18.71,6287500
20150902,18.92,19,18.24,18.26,4720500
20150903,18.37,18.79,18.09,18.77,4953500
20150904,18.5,18.83,18.17,18.18,4244000
20150908,18.57,18.67,17.94,17.97,3248000
20150909,18.26,18.92,17.88,18.02,6596000
20150910,17.54,18.51,17.54,18.51,4377500
20150911,18.51,18.61,18.18,18.57,1684500
20150914,18.74,19.36,18.51,19.27,2978500
20150915,19.38,19.51,18.66,19.04,3792000
20150916,19.08,19.81,19.08,19.76,5468500
20150917,19.64,20.3,19.47,19.63,6112000
20150918,19.34,19.7,18.91,18.91,7744500
20150921,18.88,19.49,18.84,19.16,2970000
20150922,18.9,19.1,18.34,18.78,4115500
20150923,18.83,19.09,18.36,18.5,3132500
20150924,18.3,18.84,17.92,18.23,2454700
20150925,18.26,18.76,18.06,18.37,2426300
20150928,18.36,18.53,17.7,17.91,2533600
20150929,17.85,18.26,17.73,17.99,2174900
20150930,18.5,18.65,17.88,18,5939300
20151001,18.08,18.44,17.58,18.15,2636500
20151002,18.07,19.13,18.03,18.97,6112100
20151005,19.32,19.47,18.66,18.74,2641000
20151006,18.68,19.16,18.61,19.08,3817300
20151007,19.42,19.71,18.9,19.57,5053200
20151008,19.46,19.99,19.3,19.56,3764100
20151009,19.86,20.09,18.95,19.11,4116000
20151013,18.98,19.34,18.43,18.74,2629800
20151014,18.56,19.27,18.56,18.59,6821200
20151015,18.69,19.23,18.54,19.08,4183500
20151016,19.08,19.94,18.79,19.66,4129500
20151019,19.78,19.99,19.32,19.99,2263600
20151020,20.11,20.34,19.33,19.62,3415800
20151021,19.48,19.65,19.07,19.37,7973100
20151022,19.47,20.05,19.25,19.86,3075000
20151023,20.06,20.12,18.53,18.72,7638200
20151026,18.86,18.87,18.3,18.35,6559500
20151027,18.35,18.69,18.2,18.69,5199400
20151028,18.67,19.21,18,18.25,3718400
20151029,18,18.28,17.76,17.8,2333600
20151030,17.86,18.1,17.58,18.1,3028900
20151103,18.1,18.66,17.87,18.39,4052800
20151104,18.45,19.18,18.45,18.71,3776400
20151105,18.71,18.93,18.45,18.6,2099000
20151106,18.49,18.82,17.73,18.28,2294300
20151109,18.19,18.36,17.61,17.7,2041000
20151110,17.61,18.3,17.04,18.17,4736500
20151111,18.18,19.17,18.06,18.88,3516200
20151112,18.88,19.45,18.67,18.84,2124300
20151113,18.6,18.98,18.49,18.8,2135700
20151116,18.81,18.93,18.4,18.58,4089600
20151117,18.79,19.35,18.61,19,2546600
20151118,19.13,19.22,18.73,19.12,3030600
20151119,19.2,19.6,19.11,19.31,3694300
20151123,19.6,19.81,19.28,19.42,1848100
20151124,19.32,19.68,19.02,19.43,3123600
20151125,19.18,19.44,18.44,18.6,6046900
20151126,18.6,18.83,18.33,18.4,3830300
20151127,18.3,18.62,17.67,17.86,2475800
20151130,17.71,17.94,17.12,17.12,15732600
20151201,17.13,17.35,16.7,17.12,9833400
20151202,17.01,17.36,16.54,16.61,13391600
20151203,17.22,17.84,17.13,17.58,6717700
20151204,17.57,17.61,16.73,17.12,4515300
20151207,17.22,17.82,17.22,17.53,3257200
20151208,17.53,17.73,16.88,17.13,2671500
20151209,17.47,18.2,17.22,18.05,5437000
20151210,18.31,18.41,17.44,17.54,3468200
20151211,17.52,17.86,17.17,17.63,4066600
20151214,17.31,17.5,17.13,17.41,2039300
20151215,17.41,17.48,16.98,17.12,2392000
20151216,16.87,17.47,16.74,17.12,4600500
20151217,17.55,17.79,17.29,17.48,2932300
20151218,17.1,17.3,16.74,17.18,3458000
20151221,17.12,17.36,16.97,16.97,2795600
20151222,17.08,17.16,16.53,16.53,4039000
20151223,16.77,16.95,16.67,16.67,1670500
20151228,16.68,16.95,16.61,16.64,2570300
20151229,16.72,17.33,16.72,17.01,2247400
20151230,17.09,17.27,16.55,16.77,2498800
20160104,16.44,16.74,15.84,15.84,7405300
20160105,16.04,17.15,16.04,16.97,7187800
20160106,16.68,17.4,16.67,16.87,3419000
20160107,16.66,16.82,16.29,16.6,4808500
20160108,16.67,16.87,16.24,16.56,2339300
20160111,16.58,16.73,16.04,16.09,4145600
20160112,16.34,16.71,16.16,16.46,2329500
20160113,16.62,16.95,16.36,16.52,2530500
20160114,16.61,16.61,15.99,16.41,2867200
20160115,16.01,16.32,15.74,16.27,3701100
20160118,16.12,16.22,15.73,15.75,5002000
20160119,16.17,16.22,15.89,16.12,3929700
20160120,15.84,16.12,15.64,16.09,3241400
20160121,15.98,16.23,15.7,16.23,3109500
20160122,16.36,16.58,16.23,16.38,2508300
20160126,16.27,16.37,15.9,15.96,2378700
20160127,16.04,16.76,15.91,16.62,3126600
20160128,16.77,16.91,16.24,16.62,1966600
20160129,16.81,17.58,16.71,17.4,4185600
20160201,17.16,18,17.01,17.71,2616400
20160202,17.28,17.83,16.78,17.23,4444700
20160203,17.43,18.38,16.85,17.74,3598600
20160204,18.19,18.26,17.46,17.46,3365000
20160205,16.95,17.02,16.39,16.48,11611800
20160210,16.48,16.54,15.81,15.94,2587300
20160211,15.78,16.05,15.55,15.71,4495600
20160212,15.95,16.11,15.64,15.89,2642600
20160215,16.09,16.28,15.87,16.04,1852100
20160216,16.06,16.76,16.06,16.38,2723300
20160217,16.55,17.4,16.46,16.9,4905600
20160218,16.73,17.34,16.59,17.08,2312000
20160219,16.79,17.6,16.68,17.16,1921500
20160222,17.91,18.05,17.47,17.65,2739700
20160223,17.43,17.97,16.94,17.16,2344300
20160224,16.71,17.09,16.59,17.09,2132400
20160225,16.97,17.49,16.91,17.41,2245700
20160226,17.65,17.95,16.88,17.03,1548300
20160229,17.34,17.99,17.15,17.65,5336300
20160301,18.01,18.36,17.69,18.17,5605100
20160302,18.28,19.23,18.05,18.75,5432500
20160303,19.03,19.75,19.01,19.12,8067300
20160304,19.52,20.35,19.29,20,7327400
20160307,20.11,20.46,19.44,20.37,6901300
20160308,20.36,20.77,20.19,20.4,7080400
20160309,20.74,21.22,20.11,20.59,3988200
20160310,20.76,21.08,20.21,20.86,4198200
20160311,20.73,20.99,19.94,20.35,4231600
20160314,20.47,21.09,20.2,20.48,3321100
20160315,20.44,20.44,19.57,20.27,2703500
20160316,19.91,20.85,19.91,20.51,7239400
20160317,21.56,21.82,21.3,21.63,8438200
20160318,21.99,22.4,21.18,21.23,5759000
20160321,21.11,21.85,21.1,21.52,3190300
20160322,21.34,22.17,21.17,21.91,2519700
20160323,21.51,21.94,21.09,21.38,3455600
20160324,20.9,21.65,20.51,21.14,1693800
20160328,21.64,21.68,21.32,21.48,2069000
20160329,21.41,21.82,21.08,21.15,3296300
20160330,21.27,21.82,21.06,21.53,4338100
20160331,21.24,21.6,20.38,20.45,4541000
20160401,20.12,21.29,20.12,20.85,2838400
20160404,20.66,20.8,20.04,20.25,1779900
20160405,19.92,20.55,19.75,20.13,2819700
20160406,19.77,20.04,19.43,19.49,5459100
20160407,19.82,20.34,19.66,20.05,3632400
20160408,20.85,21.12,20.32,20.85,4433700
20160411,21.14,21.22,20.06,20.08,2767600
20160412,20.44,20.77,19.85,20.57,3300900
20160413,21.19,21.93,21.05,21.4,3819400
20160414,21.4,22.17,21.2,21.31,3749000
20160415,21.68,21.86,21.07,21.39,3800800
20160418,21.16,21.54,20.8,21.05,3094600
20160419,21.08,21.36,20.56,21.01,6497600
20160420,20.76,20.98,20.26,20.5,2305500
20160422,20.4,20.72,19.51,19.54,6627100
20160425,19.54,19.7,19.08,19.3,4272100
20160426,18.7,19.75,18.65,19.64,6666300
20160427,19.86,20.76,19.65,20.38,3888800
20160428,20.16,21.06,20.03,20.63,4988100
20160429,20.63,20.84,20.38,20.61,2747700
20160502,20.47,21.04,20.12,20.91,1846000
20160503,20.81,21.13,20.56,20.84,3845200
20160504,20.74,21.13,20.42,21.07,4583900
20160505,21.07,21.09,20.63,20.63,1617100
20160506,20.6,20.69,20.03,20.39,2665000
20160509,20.35,20.56,19.67,20.35,2623300
20160510,20.65,21.37,20.44,21.1,5572300
20160511,21.56,21.64,20.72,21.14,3431100
20160512,21.55,22.21,21.2,22.03,4840100
20160513,22,22.23,21.58,22.1,3740000
20160516,21.78,22.19,21.47,22.08,2725600
20160517,22.22,22.22,21.38,21.68,2549200
20160518,21.3,21.79,21.16,21.4,3288900
20160519,21.05,21.5,20.77,21.07,4331800
20160520,20.87,21.62,20.8,21.38,2677300
20160523,20.84,21.38,20.82,21.33,2016200
20160524,21.31,21.64,21.07,21.24,1501600
20160525,21.23,21.32,20.52,20.54,3306500
20160527,20.33,20.76,19.99,20.4,3406300
20160530,20.51,20.7,20.18,20.34,952800
20160531,20.29,20.79,20.16,20.74,3671200
20160601,20.74,21.21,20.5,21.09,2888100
20160602,21.07,21.77,21.01,21.73,2230900
20160603,21.81,22.05,21.4,21.88,2067100
20160606,21.98,22.39,21.64,22.03,2974200
20160607,21.89,22.33,21.75,22.33,2336800
20160608,22.41,22.97,22.17,22.48,4320300
20160609,22.36,22.71,22.18,22.44,3369000
20160610,22.33,22.43,21.96,22.12,1625800
20160613,21.83,22.22,21.73,22.08,2456800
20160614,22.1,22.15,21.3,21.69,3122600
20160615,21.83,22.25,21.39,22.01,3752700
20160616,21.83,22.56,21.49,22.27,1957700
20160617,22.33,22.85,22.27,22.75,3336500
20160620,22.95,23.36,22.38,22.9,4242600
20160621,22.82,23.67,22.7,23.57,3061900
20160622,23.57,23.57,22.53,22.95,5602800
20160623,23.09,23.5,22.49,23.37,4222200
20160624,22.66,23.13,22.43,22.85,3486000
20160627,22.6,22.9,22.35,22.4,2378100
20160628,22.68,22.92,22.5,22.65,2744200
20160629,22.95,23.47,22.95,23.2,2510500
20160630,23.13,23.84,23.08,23.56,3662400
20160701,23.77,23.99,23.32,23.92,3525500
20160704,23.88,24.68,23.83,24.35,1467900
20160705,24.22,24.57,23.98,24.12,4737000
20160706,24.11,24.25,23.74,24.1,3124700
20160707,24.22,24.43,23.99,24.32,2501200
20160708,24.45,25.53,24.39,25.36,4347400
20160711,25.65,25.96,25.39,25.86,3927900
20160712,26,26.24,25.74,25.96,5269800
20160713,25.76,25.98,25.57,25.86,2428100
20160714,26.12,26.12,25.48,25.66,6893600
20160715,25.71,25.98,25.39,25.91,2605300
20160718,26.04,26.58,25.69,26.42,1893700
20160719,26.42,26.61,26.16,26.36,2270900
20160720,26.31,26.98,26.31,26.63,1759200
20160721,26.45,26.7,26.09,26.41,1344800
20160722,26.22,26.96,26.22,26.86,1742200
20160725,26.71,26.85,25.81,25.91,3563000
20160726,26.75,26.75,25.83,25.92,4149800
20160727,25.95,27.14,25.95,26.51,4291700
20160728,26.28,26.87,26.28,26.87,1577100
20160729,26.87,27.5,26.87,27.12,2835200
20160801,27.34,27.55,27.06,27.32,2222600
20160802,27.01,27.25,26.66,26.96,1662800
20160803,26.66,27.03,26.36,26.64,2460900
20160804,26.96,27.27,26.64,27.06,2134700
20160805,27.06,27.27,26.75,26.9,1413300
20160808,26.9,27.08,26.68,26.76,769800
20160809,26.62,27,26.52,26.85,1565200
20160810,27.06,27.07,26.38,26.53,1221400
20160811,26.45,26.94,26.16,26.86,2640700
20160812,26.95,27.12,26.71,26.87,1952600
20160815,27.06,27.24,26.72,26.96,2527300
20160816,26.73,27.01,26.47,26.64,2147800
20160817,26.46,26.74,25.46,26.26,6395600
20160818,26.26,26.43,25.56,25.63,2697900
20160819,25.46,25.89,25.34,25.52,2067100
20160822,25.28,25.99,25.23,25.46,2033700
20160823,25.6,25.6,24.42,24.42,5478700
20160824,24.42,25.02,24.34,24.72,3540600
20160825,24.84,25.78,24.82,25.51,2699400
20160826,25.46,25.62,24.54,25.17,2367700
20160829,25.17,25.76,24.74,25.55,1442500
20160830,25.39,25.68,25.1,25.36,6019400
20160831,25.36,25.59,24.77,25.49,4146500
20160901,25.3,25.47,24.87,25.01,3694200
20160902,25.27,25.73,24.94,25.73,1994400
20160905,25.76,25.86,25.35,25.6,758200
20160906,25.81,26.17,25.48,26.06,2042800
20160908,26.12,26.35,25.52,25.76,3823600
20160909,25.28,25.47,24.87,24.87,2599400
20160912,24.86,25.07,24.51,25.07,1800300
20160913,24.56,24.99,23.99,24.48,2093400
20160914,24.48,24.7,24.17,24.56,1542900
20160915,24.57,24.86,24.34,24.72,1364500
20160916,24.72,24.72,23.9,24.49,2835300
20160919,24.69,25.05,24.49,24.65,1741300
20160920,24.87,24.99,24.55,24.99,1054500
20160921,24.93,24.95,24.23,24.73,4479900
20160922,25.17,25.3,24.95,25.09,4514800
20160923,25.35,25.56,24.84,25.09,1847400
20160926,24.97,25.11,24.57,24.79,1021500
20160927,25.01,25.22,24.7,25.22,2067700
20160928,25.28,25.72,24.79,25.43,1820600
20160929,25.25,25.53,24.62,24.62,2100100
20160930,24.82,25.09,24.4,24.4,3984100
20161003,24.5,25.13,24.36,24.9,3763300
20161004,25.13,25.23,23.6,24.19,6870700
20161005,24.31,24.96,24.25,24.87,3119200
20161006,24.7,24.98,24.43,24.93,2218300
20161007,24.98,25.52,24.92,25.52,4117400
20161010,25.61,25.72,25.33,25.72,3130200
20161011,25.71,25.78,25.23,25.43,3924600
20161013,25.43,25.9,25.13,25.9,8051400
20161014,25.93,26.47,25.72,26.22,4367000
20161017,26.31,26.79,26.16,26.52,3125300
20161018,26.53,27.42,26.31,26.93,5413300
20161019,26.92,27.07,26.44,26.88,2037700
20161020,26.47,27.17,26.36,26.92,2143000
20161021,26.73,27.17,26.53,26.82,2175900
20161024,26.82,27.12,26.62,26.82,1594700
20161025,26.28,27.21,26.07,26.83,5777400
20161026,26.85,27.12,26.26,26.67,4606800
20161027,26.62,26.96,26.22,26.32,3184200
20161028,26.07,26.65,26.07,26.42,1507000
20161031,26.6,26.99,26.32,26.92,2856600
20161101,26.87,26.92,25.99,26.12,2341600
20161103,26.12,26.24,24.95,24.95,4539400
20161104,24.98,25.2,24.1,24.22,7162800
20161107,24.44,25.32,24.31,25.02,3055100
20161108,25.13,25.26,24.57,24.82,1968100
20161109,24.32,24.73,23.95,24.43,2022400
20161110,24.21,24.43,22.99,23.23,5142100
20161111,22.93,23.67,22.43,22.71,7176200
20161114,22.43,23.6,22.21,23.16,4338800
20161116,23.18,23.65,22.85,23.43,2760300
20161117,23.43,23.47,22.69,22.77,7312900
20161118,22.93,23.1,22.51,22.73,2450100
20161121,22.71,23,22.29,22.86,2555600
20161122,23.2,23.55,22.86,22.86,2271700
20161123,22.72,22.86,22.3,22.38,2837300
20161124,22.53,22.91,22.46,22.78,2007000
20161125,22.32,22.76,22.3,22.68,1562200
20161128,22.53,23.36,22.35,23.36,2716300
20161129,23.36,23.39,22.35,22.35,2901900
20161130,22.81,23.13,22.08,22.41,2595300
20161201,22.07,22.33,21.31,21.62,7799200
20161202,21.28,21.91,20.98,21.74,3432400
20161205,21.93,21.93,21.27,21.63,2748200
20161206,21.32,22.14,21.12,21.71,4711200
20161207,21.98,22.43,21.68,22.25,3651600
20161208,22.53,22.53,22,22.28,2752400
20161209,22.39,22.69,21.93,22.47,3213700
20161212,22.13,22.43,21.74,22.16,1788500
20161213,22.1,22.79,21.94,22.73,4028200
20161214,22.57,22.87,22.51,22.63,3651500
20161215,22.66,22.66,22.07,22.45,2880400
20161216,22.66,22.92,22.44,22.66,2941000
20161219,22.86,22.98,22.45,22.56,2244300
20161220,22.78,22.82,21.82,21.88,3605300
20161221,21.89,22.14,21.53,21.56,5078700
20161222,21.53,21.69,21.11,21.35,2040800
20161223,21.35,22,21.35,21.51,1698000
20161226,21.6,21.91,21.52,21.8,562000
20161227,22.07,22.6,21.7,22.6,3137600
20161228,22.6,23.3,22.4,23.24,2253600
20161229,23.24,23.33,22.78,23.17,1764100
20170102,22.9,23.19,22.81,23.14,554600
20170103,23.3,24,22.94,23.85,2440100
20170104,23.95,24.19,23.39,23.64,2190000
