<DTYYYYMMDD>,<OPEN>,<HIGH>,<LOW>,<CLOSE>,<VOL>
20100601,9.32,9.45,9.22,9.25,2945400
20100602,9.29,9.61,9.24,9.52,2416700
20100604,9.3,9.45,9.17,9.29,1329000
20100607,9.25,9.57,9.25,9.45,1529800
20100608,9.5,9.65,9.38,9.65,1322300
20100609,9.67,9.77,9.45,9.45,1694500
20100610,9.65,9.89,9.65,9.86,2191800
20100611,9.85,10.01,9.7,9.86,2065000
20100614,9.94,10.14,9.85,9.93,2309300
20100615,10.01,10.2,9.83,10.07,1579800
20100616,10.02,10.19,9.78,10.01,2404600
20100617,9.94,10.38,9.94,10.38,3374100
20100618,10.4,10.43,10.01,10.01,3208600
20100621,10.15,10.34,10.11,10.29,2498100
20100622,10.25,10.54,10.19,10.46,2320500
20100623,10.52,10.81,10.26,10.81,3168200
20100624,10.72,10.82,10.49,10.58,2221700
20100625,10.54,10.91,10.54,10.86,1963500
20100628,10.79,10.97,10.62,10.62,1264300
20100629,10.42,10.62,10.18,10.3,3809300
20100630,10.42,10.84,10.18,10.18,3097500
20100701,10.26,10.46,9.97,10.35,3585200
20100702,10.42,10.87,10.19,10.72,2227400
20100705,10.64,10.91,10.54,10.54,670800
20100706,10.71,11.15,10.67,11.14,3795400
20100707,11.17,11.26,10.97,11,3202100
20100708,11.13,11.17,10.73,10.98,2345100
20100712,11.11,11.27,10.78,10.91,2202600
20100713,11.03,11.26,10.98,11.26,3011300
20100714,11.14,11.82,11.07,11.62,3712100
20100715,11.78,12.21,11.56,11.66,6098600
20100716,11.46,11.94,11.43,11.67,3219700
20100719,11.78,12.14,11.74,12.11,3191200
20100720,11.86,11.93,11.53,11.67,4130600
20100721,11.76,11.85,11.56,11.7,1805500
20100722,12.01,12.09,11.88,12.08,3016200
20100723,11.99,12.08,11.82,12.02,3026600
20100726,12.01,12.4,11.96,12.36,1986900
20100727,12.41,12.63,12.36,12.55,1905000
20100728,12.52,12.52,12.28,12.34,2444300
20100729,12.55,12.57,12.22,12.3,1568500
20100730,12.1,12.92,12.06,12.64,1945800
20100802,12.78,13.17,12.69,13.05,1551500
20100803,13.04,13.06,12.47,12.51,3385400
20100804,12.58,12.69,12.18,12.5,3315100
20100805,12.34,12.54,12.23,12.27,1857200
20100806,12.22,12.33,12,12.22,2502200
20100809,12.39,12.39,11.99,12.14,2240700
20100810,12.16,12.38,11.78,11.79,4254300
20100811,11.7,11.9,11.39,11.51,3899600
20100812,11.39,11.55,11.23,11.3,2761900
20100813,11.28,11.65,11.28,11.43,3934100
20100816,11.54,11.7,11.44,11.52,1900600
20100817,11.65,11.92,11.63,11.84,3861400
20100818,11.92,12.02,11.7,11.86,3367200
20100819,11.88,12.11,11.83,11.94,3793400
20100820,11.89,12.28,11.86,12.1,2282500
20100823,12.19,12.48,12.09,12.09,2594600
20100824,11.85,12.26,11.54,12.24,2056700
20100825,12.06,12.18,11.82,11.98,1681300
20100826,12.06,12.1,11.39,11.48,2333500
20100827,11.51,11.79,11.16,11.7,3637500
20100830,11.54,11.76,11.39,11.39,877500
20100831,11.31,11.88,11.31,11.74,2690000
20100901,11.85,12.36,11.85,12.32,2686800
20100902,12.38,12.38,12.12,12.31,1061600
20100903,12.34,12.39,11.88,12.02,1985900
20100906,12.06,12.08,11.82,12.01,466900
20100908,11.92,12.32,11.91,12.15,1697700
20100909,12.23,12.5,12.17,12.39,1419000
20100910,12.42,12.58,12.34,12.44,1395000
20100913,12.58,13.14,12.5,13.13,3477700
20100914,13.13,13.34,13.13,13.28,3309500
20100915,13.09,13.59,13.05,13.34,1914900
20100916,13.34,13.45,12.96,13.1,1354800
20100917,13,13.18,12.72,12.92,1372800
20100920,13,13.38,12.99,13.28,2025400
20100921,13.34,13.34,13.1,13.2,2068700
20100922,13.09,14.02,13.09,13.96,2871400
20100923,13.78,14.33,13.71,13.85,3943100
20100924,13.94,14.26,13.47,13.48,3412000
20100927,13.62,13.62,13.17,13.22,3234200
20100928,13.33,13.42,13.09,13.3,2211000
20100929,13.3,13.41,12.83,12.83,2753100
20100930,12.93,13.1,12.68,12.87,3755400
20101001,13.14,13.42,13.06,13.42,3788700
20101004,13.42,13.63,13.35,13.38,1689000
20101005,13.55,13.78,13.43,13.71,3746800
20101006,13.75,13.88,13.46,13.46,3743700
20101007,13.46,13.55,12.93,13.3,4038600
20101008,13.22,13.49,13.22,13.38,4495000
20101011,13.44,13.7,13.38,13.62,1555500
20101013,13.82,14.59,13.74,14.5,5707500
20101014,14.66,14.97,14.62,14.66,6421700
20101015,14.42,14.55,14.23,14.42,4289500
20101018,14.33,14.47,14.2,14.2,2782200
20101019,13.87,14.01,13.51,13.65,4843600
20101020,13.57,13.97,13.57,13.62,3377300
20101021,13.73,13.74,12.92,13.45,3885300
20101022,13.62,13.65,13,13.3,2427000
20101025,13.41,13.48,13.08,13.37,3033900
20101026,13.21,13.5,13.02,13.26,2773400
20101027,13.26,13.43,13.16,13.26,2586900
20101028,13.43,13.46,13.24,13.28,3186700
20101029,13.38,13.41,13.21,13.3,6545000
20101101,13.46,13.61,13.16,13.16,2518600
20101103,13.21,13.62,13.21,13.55,4361800
20101104,13.73,13.86,13.62,13.7,2815100
20101105,13.76,13.81,13.63,13.75,1866900
20101108,13.7,13.7,13.25,13.28,2649700
20101109,13.46,13.46,12.68,12.74,3474900
20101110,12.69,12.69,12.05,12.38,7505700
20101111,12.68,13.25,12.67,13.22,7484100
20101112,13.04,13.04,12.74,12.74,3381700
20101116,12.58,12.93,12.27,12.73,2945400
20101117,12.79,13.41,12.79,13.37,3653200
20101118,13.62,13.86,13.57,13.73,3233300
20101119,13.62,13.85,13.43,13.82,3345300
20101122,13.74,14,13.41,13.74,2251000
20101123,13.22,13.37,12.92,13.01,3208000
20101124,13.19,13.74,13.19,13.41,2552400
20101125,13.54,13.82,13.37,13.56,1556500
20101126,13.22,13.66,13.19,13.3,3473500
20101129,13.24,13.56,12.96,13.37,2451100
20101130,13.25,13.86,13.07,13.58,4757300
20101201,13.86,14.1,13.82,14.06,2491800
20101202,14.1,14.41,13.58,13.7,4869000
20101203,13.82,13.98,13.43,13.57,4192100
20101206,13.48,13.9,13.4,13.62,2945400
20101207,13.77,13.78,13.45,13.46,3987200
20101208,13.46,13.52,12.8,13.03,3398400
20101209,13.07,13.25,12.56,12.58,3754300
20101210,12.72,12.94,12.6,12.7,3324000
20101213,12.88,13.37,12.86,13.34,2807300
20101214,13.35,13.39,13.01,13.12,15628700
20101215,13.05,13.05,12.16,12.28,13352000
20101216,12.38,12.38,11.35,11.37,21507400
20101217,11.45,12.01,11.4,12.01,9160500
20101220,11.95,12,11.51,11.53,7199500
20101221,11.78,12.13,11.71,12.1,5258700
20101222,12.13,12.16,11.8,12.16,2626000
20101223,12.17,12.32,11.97,12.26,2157800
20101227,12.03,12.36,11.88,12.24,1595200
20101228,12.29,12.57,12.26,12.46,2116500
20101229,12.46,12.86,12.46,12.86,4775100
20101230,12.87,13.04,12.63,12.63,3976400
20110103,12.95,13.1,12.85,13.06,2023600
20110104,13.11,13.21,12.76,12.99,3779300
20110105,12.83,13.32,12.79,13.32,3367600
20110106,13.32,13.54,13.01,13.39,5207400
20110107,13.34,13.54,13.21,13.39,4983600
20110110,13.16,13.35,13.04,13.19,1985600
20110111,13.25,13.34,13.08,13.16,3821700
20110112,13.26,13.42,13.19,13.29,3817500
20110113,13.4,13.45,13.04,13.16,2712100
20110114,13.04,13.12,12.9,12.95,1595600
20110117,12.8,13.37,12.74,13.15,2719200
20110118,13.25,13.38,13.12,13.13,2158300
20110119,13.16,13.26,12.66,12.7,3481400
20110120,12.81,12.93,12.57,12.57,2582200
20110121,12.74,12.74,12.33,12.42,2267200
20110124,12.47,12.47,12.29,12.34,2991800
20110126,12.42,12.57,11.66,11.77,4674700
20110127,11.85,12.02,11.23,11.38,7926400
20110128,11.44,11.69,11.1,11.41,4891200
20110131,11.45,11.65,11.12,11.41,3115200
20110201,11.6,12.17,11.51,12.17,10764500
20110202,12.1,12.35,11.33,11.57,9745000
20110203,11.63,11.85,11.41,11.69,4404900
20110204,11.69,11.7,11,11.09,6515600
20110207,11.26,11.3,10.78,11.04,2995500
20110208,10.96,11.29,10.88,11.12,8981700
20110209,11.03,11.13,10.53,10.69,7437900
20110210,10.62,10.81,10.39,10.39,4576300
20110211,10.45,10.87,10.44,10.84,10341000
20110214,10.84,11.16,10.72,11.02,5855400
20110215,11,11.27,10.94,11.08,6636300
20110216,11.19,11.22,10.91,10.97,5003800
20110217,11.05,11.05,10.67,10.69,5242200
20110218,10.66,11.2,10.62,11.17,5213800
20110221,11.06,11.07,10.84,10.92,2791800
20110222,10.76,10.8,10.51,10.53,5069900
20110223,10.62,10.83,10.45,10.7,4660300
20110224,10.64,11.17,10.52,11.13,5568600
20110225,11.25,11.41,11.1,11.29,6253000
20110228,11.41,11.45,10.46,10.69,14519200
20110301,10.68,10.75,10.46,10.5,9532200
20110302,10.49,10.84,10.41,10.82,4866700
20110303,10.86,11,10.71,10.8,3726600
20110304,10.8,10.88,10.7,10.84,2683900
20110309,10.7,10.83,10.41,10.41,3111000
20110310,10.32,10.83,10.28,10.68,3571000
20110311,10.68,11,10.45,10.9,3275000
20110314,10.76,10.9,10.53,10.9,2461600
20110315,10.58,11.03,10.49,10.95,4642100
20110316,11.03,11.44,10.93,11.21,7511700
20110317,11.38,11.49,11.13,11.13,3190700
20110318,11.26,11.61,11.26,11.45,4234000
20110321,11.62,11.65,11.04,11.05,4264200
20110322,11.12,11.52,10.96,11.49,3555000
20110323,11.39,11.45,11.24,11.41,2993400
20110324,11.08,11.13,10.66,10.66,11013300
20110325,10.62,10.87,10.54,10.69,6141400
20110328,10.69,10.79,10.49,10.55,2806600
20110329,10.6,10.63,10.32,10.35,4608700
20110330,10.42,10.49,10.29,10.42,3644700
20110331,10.47,10.6,10.45,10.57,4718700
20110401,10.63,10.92,10.61,10.92,5034800
20110404,10.92,11.02,10.76,10.87,3506500
20110405,10.83,11.22,10.65,11.17,6490100
20110406,11.19,11.36,10.81,10.84,4059800
20110407,10.94,11.02,10.75,10.92,2855300
20110408,10.95,11.02,10.79,10.96,3654000
20110411,10.98,11.21,10.84,11.02,4371800
20110412,10.92,10.96,10.62,10.72,5635800
20110413,10.88,10.97,10.68,10.88,2563400
20110414,10.84,10.89,10.64,10.64,3080600
20110415,10.7,10.76,10.49,10.64,2611700
20110418,10.6,10.74,10.41,10.64,2374800
20110419,10.74,10.96,10.66,10.95,2493400
20110420,11.06,11.26,10.92,11.15,4386800
20110425,11.04,11.29,10.96,11.09,3021600
20110426,11.05,11.41,11,11.41,2441500
20110427,11.41,11.48,11.25,11.26,2722300
20110428,11.1,11.31,10.8,10.96,2860300
20110429,10.93,11.24,10.85,11,4199400
20110502,11.04,11.35,10.93,11.2,3403000
20110503,11.09,11.22,10.89,11.04,2842700
20110504,11.14,11.21,10.48,10.5,3547500
20110505,10.5,10.7,10.06,10.21,5312500
20110506,10.5,10.87,10.47,10.76,4637800
20110509,10.79,11.24,10.7,11.24,3695100
20110510,11.25,11.81,11.13,11.73,5248100
20110511,11.49,11.72,11.2,11.39,3328900
20110512,11.27,11.87,11.19,11.87,3250800
20110513,11.9,12.38,11.9,12.2,7337800
20110516,12.09,12.46,11.69,11.73,3511900
20110517,11.79,12.01,11.46,12.01,2804000
20110518,12.04,12.19,11.63,11.65,3372500
20110519,11.75,11.92,10.84,10.98,4102800
20110520,11.03,11.59,10.73,11.43,3945200
20110523,11.26,11.73,11.11,11.55,2499100
20110524,11.64,12.02,11.52,12.02,2685700
20110525,11.95,12.38,11.86,12.19,3812500
20110526,12.19,12.25,11.76,11.97,4587000
20110527,12,12.29,11.9,12.02,3170100
20110530,11.98,12.2,11.89,11.89,802500
20110531,12.09,12.24,11.92,11.92,4884200
20110601,11.8,12.08,11.65,11.65,4793500
20110602,11.75,12.03,11.6,12.02,3428900
20110603,11.92,12.57,11.85,12.12,4657100
20110606,12.22,12.29,11.69,11.74,2887900
20110607,11.88,12.3,11.78,12.04,3793700
20110608,11.95,12.12,11.89,12.07,3018000
20110609,12.04,12.56,11.93,12.46,3380500
20110610,12.51,12.51,12.16,12.25,4571900
20110613,12.37,12.38,11.98,12,1835100
20110614,12.17,12.3,11.59,11.59,3525500
20110615,11.52,11.68,11.39,11.48,6823700
20110616,11.49,11.74,11.01,11.06,5737600
20110617,11.25,11.32,10.97,11.25,3548000
20110620,11.12,11.46,11,11.29,1826600
20110621,11.38,11.43,11.08,11.09,3051900
20110622,11.06,11.12,10.66,10.66,4323800
20110624,10.73,10.93,10.71,10.89,2690700
20110627,10.93,11.25,10.85,11.16,3792100
20110628,11.23,11.36,11.11,11.14,4329300
20110629,11.22,11.3,10.89,10.89,3273700
20110630,10.93,10.93,10.61,10.61,2980700
20110701,10.72,11.18,10.57,11.1,4064300
20110704,11.08,11.08,10.89,11.02,1626900
20110705,11.02,11.02,10.59,10.61,4079200
20110706,10.64,10.72,10.34,10.36,3335100
20110707,10.54,10.56,10.03,10.03,6020400
20110708,10.02,10.13,9.68,9.68,6909100
20110711,9.55,9.55,9.23,9.23,4499100
20110712,9.18,9.45,9.07,9.16,5200900
20110713,9.26,9.64,9.15,9.54,7398300
20110714,9.57,9.57,9.03,9.1,5909300
20110715,9.16,9.25,9.06,9.19,5713800
20110718,9.17,9.21,8.97,9.13,5568700
20110719,9.26,9.43,9.01,9.14,5443800
20110720,9.19,9.25,9.04,9.14,5207800
20110721,9.15,9.75,9.15,9.71,9463000
20110722,9.71,10.21,9.63,10.08,8004400
20110725,9.93,10.16,9.75,10.03,3965600
20110726,10.12,10.12,9.62,9.62,3326000
20110727,9.54,9.71,9.32,9.5,4528100
20110728,9.54,9.78,9.18,9.34,4400900
20110729,9.28,9.64,9.12,9.42,3713000
20110801,9.66,9.76,9.16,9.34,3088200
20110802,9.34,9.46,8.84,9,3271800
20110803,9,9.06,8.42,8.78,5288800
20110804,8.56,8.56,7.83,8.12,8561000
20110805,8.23,8.47,7.66,8.41,8359100
20110808,7.78,8.12,7.12,8.07,5501600
20110809,8.12,8.94,7.78,8.85,7948600
20110810,8.52,9.57,8.52,9.03,7198700
20110811,9.34,10.03,9.13,9.56,8040900
20110812,9.56,9.58,9.15,9.47,5510200
20110815,9.48,9.81,9.48,9.71,3198300
20110816,9.48,9.78,9.45,9.71,4021400
20110817,9.75,9.91,9.38,9.91,5014300
20110818,9.51,9.66,9.25,9.25,3478700
20110819,9.23,9.55,9.16,9.46,5643500
20110822,9.62,9.75,9.39,9.56,2249600
20110823,9.59,9.89,9.3,9.85,3750200
20110824,9.71,10.05,9.54,9.83,3847600
20110825,9.81,9.89,9.42,9.42,3375400
20110826,9.35,9.62,9.19,9.49,3491400
20110829,9.59,10.16,9.53,10.16,4103900
20110830,10.07,10.7,9.99,10.58,5199300
20110831,10.71,10.98,10.65,10.98,5705100
20110901,11.65,12.2,11.62,11.62,10825100
20110902,11.3,11.39,10.85,10.98,7017800
20110905,10.77,10.8,10.32,10.48,3154700
20110906,10.1,11.08,10.1,11.08,6424100
20110908,11.3,11.52,11.22,11.35,5535900
20110909,11.1,11.17,10.54,10.56,4186300
20110912,10.27,10.55,10.12,10.37,3791900
20110913,10.48,10.7,10.04,10.07,4348600
20110914,10.21,10.38,9.79,10.06,4494100
20110915,10.16,10.27,9.79,9.93,3524300
20110916,10.03,10.07,9.86,10.02,2438100
20110919,9.76,9.9,9.67,9.69,3090500
20110920,9.75,9.75,9.05,9.1,4677500
20110921,9.23,9.36,8.67,8.71,5931300
20110922,8.15,8.49,8.03,8.19,5929400
20110923,8.43,8.63,8.25,8.6,9114100
20110926,8.76,8.77,8.27,8.48,5009000
20110927,8.69,8.82,8.38,8.43,8096300
20110928,8.44,8.62,8.25,8.26,5285200
20110929,8.35,8.48,8.17,8.39,4676700
20110930,8.25,8.37,7.82,7.89,6328200
20111003,7.78,7.85,7.39,7.45,6445100
20111004,7.35,7.92,7.26,7.92,6398800
20111005,7.86,8.03,7.6,7.95,4267200
20111006,8.12,8.44,7.94,8.39,5298300
20111007,8.51,8.62,7.92,8.27,5282400
20111010,8.41,8.71,8.35,8.66,3417300
20111011,8.53,9.01,8.51,8.93,5141700
20111013,9.06,9.24,8.71,8.89,9792600
20111014,9.01,9.18,8.85,9.12,5370900
20111017,8.93,9.03,8.68,8.8,4988400
20111018,8.79,9.34,8.71,9.15,3911100
20111019,9.32,9.42,9.2,9.38,4368400
20111020,9.38,9.38,9.05,9.22,3708300
20111021,9.35,9.62,9.27,9.39,3528900
20111024,9.47,9.84,9.42,9.63,4283300
20111025,9.51,9.62,9.26,9.3,4196300
20111026,9.46,9.62,9.3,9.54,3671300
20111027,9.95,10.45,9.95,10.32,6487600
20111028,10.24,10.55,9.91,10.55,4720900
20111031,10.31,10.31,9.91,9.91,3509300
20111101,9.3,9.65,9.23,9.65,5809400
20111103,9.91,9.95,9.35,9.35,4805000
20111104,9.38,9.57,9.18,9.46,3593800
20111107,9.45,9.57,9.31,9.38,3191000
20111108,9.46,9.56,9.38,9.46,2981400
20111109,9.28,9.31,8.93,8.93,4725900
20111110,9.1,9.2,9.01,9.05,2632100
20111111,9.25,9.46,9.12,9.46,3030700
20111114,9.32,9.42,9.1,9.12,3026300
20111116,9.01,9.21,8.84,9.1,5201100
20111117,9.09,9.09,8.53,8.66,4513500
20111118,8.73,8.89,8.48,8.68,5878200
20111121,8.48,8.6,8.37,8.5,4071100
20111122,8.48,8.56,8.19,8.24,4954400
20111123,8.12,8.44,8.07,8.26,4206700
20111124,8.44,8.7,8.27,8.64,3762900
20111125,8.44,8.78,8.41,8.69,4039800
20111128,8.84,9.16,8.82,9.05,4066200
20111129,9.05,9.62,8.92,9.41,7829200
20111130,9.66,9.91,9.52,9.54,7843700
20111201,9.91,10.07,9.74,10.07,6830400
20111202,10.2,10.32,9.95,10.2,8702600
20111205,10.28,10.56,10.28,10.44,5214600
20111206,10.31,10.54,9.87,10.52,5685800
20111207,10.39,10.49,9.99,9.99,4398300
20111208,10.12,10.26,9.52,9.52,5019900
20111209,9.71,9.91,9.51,9.85,4538300
20111212,9.77,9.8,9.43,9.66,3673800
20111213,9.85,10.06,9.7,9.74,4881600
20111214,9.74,9.8,9.47,9.47,5404500
20111215,9.66,9.75,9.51,9.58,2658400
20111216,9.71,9.82,9.59,9.72,3531200
20111219,9.74,9.81,9.12,9.36,5440700
20111220,9.42,9.58,8.94,9.29,6891000
20111221,9.19,9.34,8.94,9.01,3224400
20111222,9.06,9.14,8.86,8.87,5783800
20111223,8.92,9,8.62,8.8,4356500
20111226,8.84,9.07,8.83,8.94,1489500
20111227,8.91,9.16,8.91,9.13,3282900
20111228,9.16,9.17,8.8,8.8,3409400
20111229,8.88,9.09,8.75,8.76,6906000
20120102,8.8,9.34,8.8,9.33,5517700
20120103,9.36,9.89,9.36,9.82,6531300
20120104,9.72,9.98,9.53,9.98,5217600
20120105,9.76,9.87,9.54,9.58,4187900
20120106,9.68,9.79,9.43,9.53,2713100
20120109,9.68,9.91,9.56,9.75,6362500
20120110,9.98,10.28,9.89,10.25,8120300
20120111,10.21,10.55,10.15,10.48,6670800
20120112,10.49,10.62,10.36,10.46,9404200
20120113,10.35,10.35,9.8,9.85,8217200
20120116,9.84,10.13,9.84,10.01,3474900
20120117,10.24,10.46,10.16,10.43,5855400
20120118,10.47,10.66,10.21,10.66,5116800
20120119,10.79,11.27,10.73,11.17,8946900
20120120,11.07,11.46,10.98,11.4,5475300
20120123,11.31,11.47,11.07,11.35,5351200
20120124,11.33,11.34,10.93,11.02,7588400
20120126,11.36,11.79,11.31,11.6,7662400
20120127,11.63,11.89,11.43,11.57,5432300
20120130,11.31,11.44,11.03,11.17,5925500
20120131,11.3,11.34,10.95,11.02,5466100
20120201,11.2,11.39,11.16,11.28,7977800
20120202,11.23,11.53,11.06,11.53,4981100
20120203,11.39,11.82,11.39,11.7,6260500
20120206,11.69,11.95,11.61,11.87,4982100
20120207,11.66,11.83,11.5,11.62,5218700
20120208,11.69,11.76,11.3,11.37,4635700
20120209,11.34,11.54,10.89,11.07,6454100
20120210,10.68,11.26,10.68,11.07,5551600
20120213,11.39,11.75,11.32,11.66,4402300
20120214,11.63,11.89,11.52,11.79,4650600
20120215,11.98,12.31,11.97,12.14,5413300
20120216,11.97,12.69,11.93,12.55,7374000
20120217,12.4,12.46,11.64,11.83,14171900
20120222,11.79,11.89,11.28,11.63,6757100
20120223,11.58,11.76,11.45,11.64,5100900
20120224,11.67,11.85,11.3,11.39,3935800
20120227,11.3,11.33,10.95,11.15,4687500
20120228,11.18,11.51,11.17,11.39,4532300
20120229,11.54,11.57,11.07,11.34,5454800
20120301,11.45,11.67,11.34,11.57,3753900
20120302,11.66,12.2,11.61,11.88,5445600
20120305,11.8,12.11,11.75,11.99,4345400
20120306,11.79,11.85,11.36,11.59,5099800
20120307,11.79,12.21,11.76,12.14,7555800
20120308,12.14,12.45,12.02,12.13,15351200
20120309,12.22,12.26,11.78,11.88,6450800
20120312,11.74,11.88,11.65,11.75,4805600
20120313,11.84,12.15,11.72,12.11,4931600
20120314,12.08,12.33,11.77,11.88,3916900
20120315,11.68,11.79,11.39,11.73,6093800
20120316,11.86,11.93,11.64,11.77,4054700
20120319,11.71,11.78,11.39,11.43,6651600
20120320,11.3,11.77,11.17,11.76,4421800
20120321,11.79,11.88,11.51,11.62,3519100
20120322,11.47,11.71,11.13,11.37,6721000
20120323,11.36,11.61,11.27,11.3,3741800
20120326,11.43,11.51,11.3,11.39,3063100
20120327,11.25,11.48,10.81,10.81,9013700
20120328,10.8,11.02,10.77,10.93,6203800
20120329,10.81,10.89,10.6,10.8,3556900
20120330,10.9,11.02,10.46,10.61,5392800
20120402,10.51,10.51,10.09,10.16,9342700
20120403,10.2,10.48,10.16,10.39,5811800
20120404,10.3,10.96,10.18,10.8,5742400
20120405,10.8,11.3,10.74,11.2,5204500
20120409,10.97,11.24,10.7,11.1,4154100
20120410,11.09,11.09,10.5,10.71,5649000
20120411,10.85,10.91,10.39,10.4,3573400
20120412,10.57,10.8,10.4,10.64,3821800
20120413,10.49,10.59,10.28,10.31,3590000
20120416,10.44,10.75,10.02,10.64,4550400
20120417,10.86,11.18,10.77,11.18,3576900
20120418,10.94,11.02,10.49,10.61,10409800
20120419,10.61,10.79,10.28,10.28,4950200
20120420,10.41,10.52,10.07,10.07,4191400
20120423,9.89,9.89,9.53,9.64,5503700
20120424,9.67,9.83,9.54,9.66,3976600
20120425,9.8,9.83,9.43,9.58,4984200
20120426,9.44,9.78,9.44,9.72,4647100
20120427,9.83,9.84,9.31,9.31,3627900
20120430,9.35,9.35,9.05,9.08,3454500
20120502,9.16,9.58,9.11,9.54,6453000
20120503,9.59,10.19,9.44,10.07,6386500
20120504,10.21,10.46,9.91,10.07,9677400
20120507,10.02,10.19,9.66,10.12,3867600
20120508,9.91,10.36,9.8,10.23,4554100
20120509,9.99,10.07,9.67,9.72,5473700
20120510,9.82,9.99,9.5,9.57,4761700
20120511,9.42,9.84,9.32,9.62,4188700
20120514,9.42,9.44,9.09,9.09,4378300
20120515,8.47,8.62,7.64,7.72,20669100
20120516,7.96,8.14,7.37,7.9,24561000
20120517,8.01,8.23,7.8,8.03,11528500
20120518,8.19,8.52,7.98,8.4,10803800
20120521,8.49,8.76,8.29,8.76,3992500
20120522,8.62,8.64,8.02,8.18,7218700
20120523,8.13,8.38,7.54,8.13,7772900
20120524,8.18,8.25,7.67,8.13,7807300
20120525,8,8.56,7.95,8.11,8313800
20120528,8.31,8.51,8.3,8.31,2656600
20120529,8.31,8.39,7.93,7.96,4421400
20120530,7.76,7.88,7.42,7.49,10394300
20120531,7.58,7.62,7.09,7.38,8922600
20120601,6.97,7.2,6.88,7.08,6761200
20120604,7.15,7.43,7,7.03,6992800
20120605,7.1,7.14,6.66,6.72,6701400
20120606,6.8,7.09,6.8,7,7735300
20120608,6.94,7.27,6.94,7.27,7533500
20120611,7.42,7.48,7.08,7.13,5395600
20120612,7.09,7.21,6.91,7.07,7064000
20120613,6.92,7.43,6.92,7.24,8147200
20120614,7.32,7.61,7.19,7.45,6044800
20120615,7.5,7.77,7.36,7.75,7866200
20120618,7.65,7.94,7.65,7.76,7281800
20120619,7.78,7.99,7.69,7.78,4714100
20120620,7.78,8,7.71,7.8,4990600
20120621,7.76,7.84,7.64,7.67,3892600
20120622,7.68,8.07,7.55,7.96,4860100
20120625,7.83,7.89,7.58,7.64,3425500
20120626,7.55,7.73,7.42,7.49,2742800
20120627,7.45,7.58,7.28,7.33,3208600
20120628,7.31,7.65,7.28,7.46,3430600
20120629,7.73,8.07,7.72,7.92,6904500
20120702,7.96,8.23,7.83,8.16,4081900
20120703,8.22,8.65,8.21,8.56,9308700
20120704,8.52,8.77,8.36,8.55,3504000
20120705,8.64,8.67,8.29,8.42,5184300
20120706,8.2,8.59,8.18,8.58,6232600
20120710,8.68,9.01,8.53,8.68,8247500
20120711,8.68,8.7,8.3,8.49,8364200
20120712,8.26,8.45,8.13,8.33,7931500
20120713,8.52,8.73,8.37,8.59,5599000
20120716,8.6,8.69,8.3,8.37,3609900
20120717,8.49,8.81,8.39,8.81,6936700
20120718,8.7,9.03,8.67,8.99,4634800
20120719,9.08,9.45,9.06,9.39,5277100
20120720,9.31,9.31,8.74,8.79,6234800
20120723,8.39,8.59,7.94,8.43,5946900
20120724,8.46,8.64,8.35,8.45,3392700
20120725,8.66,8.68,8.39,8.52,6131000
20120726,8.7,8.94,8.63,8.86,3685500
20120727,9.04,9.83,9,9.29,9422500
20120730,9.33,9.83,9.29,9.83,4196100
20120731,9.92,10.08,9.5,9.5,4640500
20120801,9.16,9.44,8.87,9.13,14148500
20120802,8.87,9.21,8.18,8.6,10004500
20120803,8.7,9.15,8.7,9.13,11188900
20120806,9.25,9.67,9.18,9.4,6969700
20120807,9.51,9.83,9.01,9.19,6317600
20120808,9.16,9.62,9.05,9.62,6989800
20120809,9.5,9.95,9.39,9.55,5008300
20120810,9.46,9.88,9.45,9.73,5936500
20120813,9.74,9.84,9.47,9.59,3870600
20120814,9.5,9.96,9.5,9.62,5963100
20120815,9.62,9.72,9.38,9.63,7686000
20120816,9.84,10.28,9.64,10.16,8209900
20120817,10.26,10.38,10.03,10.24,3929200
20120820,10.31,10.31,9.8,10.13,4508800
20120821,10.3,10.3,9.6,9.74,6829700
20120822,9.69,9.93,9.44,9.75,5917800
20120823,9.71,9.75,9.3,9.67,7321400
20120824,9.62,9.95,9.55,9.7,4426900
20120827,9.71,9.93,9.6,9.87,3684300
20120828,9.88,10.09,9.79,9.88,4439000
20120829,9.99,10,9.56,9.88,4889400
20120830,9.8,10.01,9.72,9.92,3615900
20120831,10.04,10.09,9.64,10.03,7737200
20120903,10.05,10.12,9.9,9.97,2201300
20120904,9.85,10.01,9.62,9.73,4677600
20120905,9.82,9.87,9.36,9.45,4683300
20120906,9.57,10.01,9.57,9.97,5010500
20120910,10.07,10.13,9.65,9.68,5194700
20120911,9.66,9.71,9.18,9.47,7657600
20120912,9.6,9.78,9.47,9.7,4931000
20120913,9.64,10.31,9.54,10.24,6264100
20120914,10.23,10.65,10.08,10.14,9006500
20120917,10.17,10.34,9.68,9.79,4318700
20120918,9.72,9.91,9.55,9.73,3975700
20120919,9.79,10.1,9.68,10.02,4245300
20120920,9.96,10.11,9.85,10.04,4361700
20120921,10.13,10.28,10.06,10.06,4039500
20120924,10.01,10.36,10.01,10.23,3884300
20120925,10.49,10.94,10.44,10.71,10355100
20120926,10.73,10.81,10.34,10.49,4238200
20120927,10.55,10.6,10.21,10.56,4569800
20120928,10.57,10.57,10.18,10.33,5377800
20121001,10.38,10.74,10.26,10.53,4824200
20121002,10.6,10.75,10.43,10.51,3534600
20121003,10.57,10.66,10.32,10.49,3815100
20121004,10.51,10.59,10.07,10.43,5889800
20121005,10.83,10.86,10.55,10.72,8933400
20121008,10.64,10.64,10.33,10.49,4680300
20121009,10.49,10.61,10.16,10.32,5178900
20121010,10.38,10.56,10.22,10.52,2835100
20121011,10.6,10.6,10.42,10.54,4362100
20121015,10.6,10.78,10.38,10.66,2723200
20121016,10.67,10.82,10.55,10.6,3579500
20121017,10.61,10.84,10.56,10.73,7560100
20121018,10.57,10.57,10.19,10.39,6843500
20121019,10.32,10.48,10.21,10.29,2424700
20121022,9.88,10.08,9.85,9.97,5570300
20121023,9.8,9.93,9.57,9.65,4485600
20121024,9.65,9.73,9.44,9.5,3189800
20121025,9.54,9.63,9.27,9.39,5120000
20121026,9.32,9.34,8.99,9.03,3550300
20121029,8.94,9.16,8.86,9.04,1820400
20121030,9.08,9.2,8.87,8.99,1726600
20121031,9.03,9.1,8.77,8.77,3572800
20121101,8.81,9.09,8.79,9.03,3297500
20121105,8.97,9.07,8.87,9.07,2647300
20121106,9.14,9.37,9.11,9.36,3213600
20121107,9.25,9.37,9.17,9.37,3927900
20121108,9.37,9.45,8.91,8.97,3688800
20121109,8.93,9.37,8.9,9.07,5126500
20121112,9.09,9.16,8.81,8.81,3116800
20121113,8.77,9.28,8.61,9.28,4858400
20121114,9.28,9.28,8.73,8.76,4356100
20121116,8.64,8.78,8.36,8.36,4194600
20121119,8.52,8.89,8.41,8.89,2636800
20121121,9.01,9.03,8.7,8.78,2430800
20121122,8.89,9.14,8.87,9.03,2129000
20121123,9.05,9.34,8.95,9.34,2386000
20121126,9.2,9.32,9.03,9.1,2294600
20121127,9.1,9.31,8.82,8.82,3233700
20121128,8.87,8.99,8.72,8.89,3211600
20121129,9.11,9.28,8.94,9.28,3097000
20121130,9.37,9.83,9.37,9.63,6390400
20121203,9.63,10.28,9.63,10.03,5573100
20121204,10.08,10.6,9.84,9.92,11435500
20121205,10.01,10.28,9.74,9.87,6400400
20121206,9.93,10.22,9.82,10.14,4226300
20121207,10.06,10.5,10.05,10.34,4636800
20121210,10.39,10.49,10.2,10.37,2467700
20121211,10.42,10.43,9.95,10.01,5511400
20121212,10,10.03,9.67,9.75,4841400
20121213,9.78,9.83,9.58,9.68,3958900
20121214,9.74,9.93,9.62,9.71,3233900
20121217,9.65,9.91,9.65,9.8,1489700
20121218,9.85,10.03,9.8,9.96,3245800
20121219,10.05,10.13,9.91,9.99,2482100
20121220,9.87,10.14,9.87,10.14,2114500
20121221,9.92,10.08,9.92,10.06,2082200
20121226,9.97,10.17,9.92,10.14,1196600
20121227,10.14,10.18,9.88,10.01,1820800
20121228,9.97,10.2,9.88,10.2,2122100
20130102,10.01,10.09,9.72,9.92,10066400
20130103,9.91,10.1,9.88,10.09,4226100
20130104,10.03,10.04,9.81,9.91,4797000
20130107,9.91,9.91,9.58,9.72,3850200
20130108,9.65,9.84,9.43,9.5,3112200
20130109,9.55,9.79,9.39,9.63,2741700
20130110,9.58,9.82,9.58,9.71,6090000
20130111,9.68,9.74,9.49,9.5,4268600
20130114,9.54,9.71,9.29,9.67,5333900
20130115,9.64,9.74,9.47,9.56,3189500
20130116,9.45,9.74,9.33,9.74,3885900
20130117,9.69,9.85,9.62,9.8,4451700
20130118,9.71,9.71,9.43,9.47,7306300
20130121,9.59,9.62,9.42,9.54,2844300
20130122,9.6,9.62,9.47,9.54,4083100
20130123,9.52,9.63,9.45,9.63,5376000
20130124,9.62,9.68,9.2,9.28,7130400
20130128,9.27,9.49,9.23,9.26,4097900
20130129,9.24,9.49,9.22,9.46,4816800
20130130,9.38,9.73,9.3,9.58,9130100
20130131,9.62,9.72,9.44,9.71,6768500
20130201,9.76,9.9,9.66,9.77,8857700
20130204,9.73,10.01,9.67,9.91,8197100
20130205,9.91,9.97,9.72,9.92,5613200
20130206,9.92,10.15,9.75,9.82,8241800
20130207,9.82,9.91,9.52,9.71,6590700
20130208,9.8,9.8,9.46,9.71,5869700
20130213,9.82,9.9,9.57,9.68,4727200
20130214,9.68,9.88,9.59,9.86,2840700
20130215,9.85,10.01,9.74,9.91,6134100
20130218,9.91,9.97,9.64,9.75,2794800
20130219,9.75,10.02,9.74,9.93,3332700
20130220,10.01,10.14,9.85,10.09,5242100
20130221,9.97,10.04,9.89,9.99,5024900
20130222,10.01,10.44,9.92,10.17,5304100
20130225,10.35,10.35,9.92,10.07,3408100
20130226,10.05,10.33,9.83,10.14,4521600
20130227,10.24,10.81,10.11,10.81,4677700
20130228,10.65,10.95,10.56,10.82,4501000
20130301,10.57,11.07,10.51,10.59,5107500
20130304,10.48,10.65,10.42,10.46,3973600
20130305,10.52,10.6,9.8,9.8,4750100
20130306,9.97,10.04,9.59,10.03,4122400
20130307,10.08,10.14,9.64,9.74,5517700
20130308,9.65,9.78,9.36,9.36,4848800
20130311,9.37,9.62,9.25,9.62,2810100
20130312,9.53,10.05,9.5,10.05,4063300
20130313,9.92,10.01,9.57,9.69,4082800
20130314,9.81,9.83,9,9.08,5033900
20130315,8.51,8.64,8.27,8.35,15518100
20130318,8.41,8.64,8.28,8.64,5721600
20130319,8.64,8.73,8.11,8.16,5545900
20130320,8.16,8.24,7.71,7.72,8165300
20130321,7.75,7.82,7.53,7.55,9808200
20130322,7.63,7.68,7.41,7.41,6599600
20130325,7.4,7.5,7.23,7.36,3592800
20130326,7.41,7.48,7.24,7.41,7035700
20130327,7.45,7.48,7.23,7.23,5381600
20130328,7.15,7.28,7.02,7.14,7140900
20130401,7.13,7.25,7.03,7.14,2513300
20130402,7.18,7.41,7.04,7.22,9871700
20130403,7.29,7.41,7.18,7.4,9216800
20130404,7.41,7.78,7.33,7.75,7139000
20130405,7.66,8.06,7.54,7.94,3936400
20130408,7.92,8.01,7.63,7.99,2775000
20130409,7.95,8.2,7.72,7.74,4378000
20130410,7.84,8.48,7.78,8.33,4810200
20130411,8.33,8.33,8.01,8.06,3134700
20130412,8.07,8.13,7.78,7.88,3036800
20130415,7.72,7.83,7.38,7.48,3061300
20130416,7.61,7.73,7.45,7.56,3101900
20130417,7.38,7.72,7.36,7.41,5997900
20130418,7.45,7.45,7.15,7.28,3980700
20130419,7.73,7.84,7.56,7.63,4760000
20130422,7.59,7.69,7.45,7.5,2998700
20130423,7.48,7.64,7.46,7.47,2856700
20130424,7.47,7.59,7.38,7.45,2091700
20130425,7.45,7.55,7.2,7.25,5339100
20130426,7.26,7.43,7.14,7.21,3842600
20130429,7.38,7.38,7.17,7.2,4556400
20130430,7.22,7.49,7.16,7.32,4372600
20130502,7.4,7.43,7.09,7.18,3899000
20130503,7.25,7.32,6.92,7.04,7008600
20130506,7.04,7.09,6.87,6.97,6967700
20130507,6.97,7.28,6.97,7.21,4141000
20130508,7.29,7.32,7.12,7.25,3724400
20130509,7.27,7.32,6.97,6.98,2655900
20130510,6.98,7.03,6.82,6.84,4319700
20130513,6.81,6.97,6.8,6.82,3555200
20130514,6.68,6.73,6.36,6.36,12193300
20130515,6.36,6.36,5.82,5.94,15144500
20130516,6.12,6.21,5.98,6.17,6457100
20130517,6.28,6.32,6.08,6.15,3506300
20130520,6.18,6.25,6.12,6.15,5354100
20130521,6.26,6.37,6.1,6.37,4569700
20130522,6.4,6.53,6.28,6.36,7739100
20130523,6.19,6.53,6.15,6.53,5140300
20130524,6.44,6.92,6.43,6.92,4555200
20130527,6.87,6.96,6.7,6.72,2549000
20130528,6.83,6.86,6.33,6.39,4291000
20130529,6.32,6.41,6.18,6.25,3319700
20130531,6.22,6.28,5.62,5.88,9871300
20130603,5.97,6.03,5.79,6.03,5350700
20130604,5.98,6.06,5.84,5.94,3349100
20130605,5.84,6.03,5.71,5.72,4667700
20130606,5.72,5.77,5.62,5.75,5432200
20130607,5.58,5.72,5.36,5.41,6175500
20130610,5.35,5.56,5.32,5.48,4148400
20130611,5.39,5.57,5.23,5.52,4477000
20130612,5.65,5.76,5.42,5.58,8607900
20130613,5.64,6.26,5.61,6.26,8451900
20130614,6.17,6.21,6.07,6.15,5112800
20130617,6.18,6.45,6.06,6.17,6388400
20130618,6.15,6.17,5.86,6,4325200
20130619,6.09,6.24,5.71,5.76,5602100
20130620,5.64,5.93,5.44,5.91,8136800
20130621,5.79,5.93,5.5,5.71,8704100
20130624,5.62,5.87,5.55,5.81,4205800
20130625,5.92,5.98,5.77,5.95,2272400
20130626,5.98,6.22,5.98,6.04,2602100
20130627,6.12,6.19,6,6.15,3166000
20130628,6.04,6.16,5.7,5.72,6857400
20130701,5.77,5.83,5.64,5.83,3358600
20130702,5.72,5.82,5.44,5.71,5686100
20130703,5.58,5.77,5.33,5.41,4328000
20130704,5.49,5.65,5.46,5.57,3525000
20130705,5.48,5.66,5.38,5.48,7547900
20130708,5.48,5.59,5.37,5.45,2979400
20130710,5.5,5.55,5.29,5.4,3754000
20130711,5.51,5.78,5.42,5.71,3873000
20130712,5.6,5.74,5.39,5.39,3147700
20130715,5.41,5.79,5.4,5.75,4339400
20130716,5.88,6.09,5.87,5.96,9332900
20130717,6.02,6.17,5.99,6.17,4563400
20130718,6.05,6.37,6.05,6.15,4511200
20130719,6.18,6.24,6.02,6.18,1956700
20130722,6.18,6.57,6.17,6.45,4466200
20130723,6.5,6.62,6.3,6.3,3927300
20130724,6.29,6.32,6.05,6.06,4869000
20130725,5.98,6.3,5.96,6.17,3138000
20130726,6.12,6.28,5.99,6.17,1625700
20130729,6.1,6.24,6.05,6.12,1688900
20130730,6.16,6.21,5.86,5.86,2859000
20130731,5.79,5.95,5.67,5.74,3011200
20130801,5.79,6.1,5.76,6.05,3826500
20130802,6.06,6.16,5.83,5.83,3491900
20130805,5.86,5.97,5.73,5.93,2320100
20130806,5.88,5.96,5.67,5.78,4085900
20130807,5.71,6.04,5.71,5.98,4422600
20130808,5.98,6.49,5.98,6.37,6902300
20130809,6.48,6.8,6.34,6.68,6184500
20130812,6.75,7.08,6.54,6.59,6835800
20130813,6.68,6.76,6.43,6.47,5422300
20130814,6.46,6.69,6.37,6.48,12408700
20130815,6.44,7.04,6.43,6.93,8639700
20130816,6.95,7.06,6.75,6.95,7777700
20130819,6.88,7.37,6.86,7.34,5244600
20130820,7.34,7.52,7.21,7.21,6121100
20130821,7.11,7.43,7.03,7.1,4499100
20130822,7.27,7.52,7.12,7.46,3856700
20130823,7.43,7.79,7.3,7.57,4371200
20130826,7.57,7.66,7.3,7.3,3029300
20130827,7.15,7.27,6.82,6.95,4908900
20130828,6.97,7.3,6.9,7.21,4697800
20130829,7.3,7.42,7.19,7.27,3948100
20130830,7.31,7.47,7.12,7.37,13818600
20130902,7.43,7.94,7.42,7.75,4322800
20130903,7.71,7.89,7.51,7.75,4822100
20130904,7.72,7.83,7.61,7.74,3887000
20130905,7.72,7.78,7.57,7.78,3589800
20130906,7.86,8.34,7.74,8.28,5678500
20130909,8.32,8.86,8.22,8.85,6894800
20130910,8.93,8.94,8.58,8.58,4324800
20130911,8.61,8.62,8.15,8.15,6212200
20130912,8.19,8.5,8.19,8.35,3562600
20130913,8.29,8.73,8.27,8.43,3607200
20130916,8.5,8.63,8.25,8.32,2738700
20130917,8.38,8.63,8.29,8.47,5307500
20130918,8.5,8.98,8.37,8.73,5281100
20130919,8.76,8.88,8.29,8.29,6790900
20130920,8.29,8.39,7.68,7.74,10772800
20130923,7.83,7.97,7.4,7.85,6466400
20130924,7.88,8.2,7.75,8.05,4052200
20130925,8.03,8.25,7.93,8.14,4387900
20130926,8.11,8.27,8.06,8.15,3119500
20130927,8.16,8.36,8.11,8.14,3220500
20130930,8.04,8.09,7.93,8.06,3089100
20131001,8.17,8.35,8.1,8.1,2492600
20131002,8.07,8.36,8.07,8.32,2005100
20131003,8.34,8.43,8.1,8.25,3067800
20131004,8.23,8.4,8.14,8.24,2118000
20131007,8.23,8.58,8.21,8.37,2847300
20131008,8.39,8.6,8.38,8.49,2383700
20131009,8.57,8.83,8.57,8.83,3107400
20131010,8.85,9.01,8.73,8.81,3750300
20131011,8.85,8.86,8.64,8.73,1604500
20131014,8.7,9.27,8.65,9.23,3816500
20131015,9.19,9.35,9.11,9.2,3793500
20131016,9.21,9.68,9.19,9.29,5744300
20131017,9.2,9.22,8.76,8.83,4416000
20131018,9.01,9.12,8.46,8.56,3554600
20131021,8.65,8.84,8.52,8.76,2355600
20131022,8.78,9.31,8.72,9.03,3471000
20131023,9.04,9.08,8.85,8.85,2335200
20131024,8.86,9.05,8.57,8.76,3563200
20131025,8.81,8.81,8.62,8.67,1947700
20131028,8.73,9.14,8.67,9.09,3410600
20131029,9.02,9.18,8.84,8.93,3363900
20131030,9,9.12,8.67,8.77,2713300
20131031,8.76,8.89,8.5,8.56,3651500
20131101,8.63,8.68,8.3,8.32,3327700
20131104,8.37,8.43,8.16,8.28,1482600
20131105,8.33,8.33,7.91,7.95,3265900
20131106,7.96,8.09,7.53,7.74,3893200
20131107,7.69,8.08,7.55,7.79,5617500
20131108,7.72,7.84,7.37,7.61,4732400
20131111,7.62,8.05,7.57,7.88,3905000
20131112,7.96,8.13,7.6,7.73,6169400
20131113,7.67,8.04,7.55,7.96,3691600
20131114,8.05,8.4,8.05,8.33,4899200
20131118,8.34,8.78,8.34,8.67,5568300
20131119,8.61,8.65,8.3,8.4,5851200
20131121,8.22,8.27,8.07,8.13,3443300
20131122,8.03,8.45,8,8.28,3312200
20131125,8.34,8.34,7.99,8.25,4910000
20131126,8.19,8.35,8.14,8.27,5946200
20131127,8.34,8.35,7.98,7.98,9501900
20131128,8.14,8.27,7.81,7.92,2067700
20131129,7.96,8.27,7.96,8.19,4453700
20131202,8.11,8.25,8.04,8.19,4397900
20131203,8.05,8.15,7.83,7.83,3850900
20131204,7.89,7.96,7.65,7.69,3438700
20131205,7.76,7.8,7.45,7.78,3251900
20131206,7.89,8.04,7.59,7.92,5306100
20131209,7.88,7.98,7.8,7.88,1740300
20131210,7.85,7.92,7.72,7.84,1484000
20131211,7.84,7.9,7.64,7.64,1977900
20131212,7.68,7.94,7.65,7.9,2658100
20131213,7.9,7.95,7.72,7.72,2940200
20131216,7.8,7.8,7.53,7.53,3188800
20131217,7.52,7.78,7.52,7.74,2820300
20131218,7.74,7.89,7.57,7.65,7292500
20131219,7.73,7.84,7.53,7.75,3281100
20131220,7.74,7.85,7.68,7.83,2749500
20131223,7.95,7.95,7.65,7.68,2667100
20131226,7.65,7.79,7.55,7.61,1952100
20131227,7.65,7.67,7.48,7.48,2810000
20131230,7.5,7.57,7.46,7.46,3749400
20140102,7.5,7.52,6.92,6.95,4777100
20140103,6.99,7.49,6.9,7.49,12128200
20140106,7.47,7.48,7.34,7.38,8495100
20140107,7.37,7.43,7.12,7.17,5094400
20140108,7.2,7.21,7.06,7.15,2653100
20140109,7.08,7.28,6.99,7.03,3133700
20140110,7.03,7.32,7.03,7.21,2872800
20140113,7.21,7.53,7.19,7.53,4601500
20140114,7.57,7.79,7.53,7.56,3901300
20140115,7.57,7.83,7.53,7.74,3373100
20140116,7.8,7.88,7.57,7.58,2758200
20140117,7.57,7.64,7.42,7.55,2951400
20140120,7.52,7.69,7.4,7.43,1877300
20140121,7.63,7.65,7.3,7.37,3301500
20140122,7.38,7.98,7.38,7.95,5813200
20140123,7.88,8.11,7.8,7.8,3757100
20140124,7.79,7.92,7.53,7.75,2997400
20140127,7.75,7.83,7.57,7.64,2923500
20140128,7.72,7.82,7.61,7.73,3937800
20140129,7.7,7.75,7.5,7.5,2556600
20140130,7.52,7.58,7.38,7.42,3112000
20140131,7.35,7.42,7.25,7.3,3172500
20140203,7.26,7.26,7.04,7.15,3315800
20140204,7.16,7.18,7.03,7.08,5082200
20140205,7.03,7.35,7.03,7.35,14883800
20140206,7.38,7.65,7.26,7.63,4089600
20140207,7.57,7.76,7.49,7.58,3948800
20140210,7.5,7.65,7.46,7.48,2651600
20140211,7.55,7.79,7.46,7.64,3647100
20140212,7.71,7.71,7.5,7.55,3120800
20140213,7.54,7.61,7.22,7.61,3400700
20140214,7.68,7.75,7.5,7.55,2734000
20140217,7.55,7.64,7.3,7.38,624500
20140218,7.42,7.42,6.79,6.86,3275300
20140219,6.95,7.36,6.88,7.12,4154200
20140220,7.09,7.25,6.95,7.16,2518700
20140221,7.13,7.46,7.13,7.33,2391900
20140224,7.33,7.37,7.03,7.11,3018600
20140225,7.02,7.09,6.86,6.96,3274000
20140226,6.96,7.1,6.88,6.9,1786000
20140227,6.98,7.24,6.91,7.18,1899700
20140228,7.19,7.33,7.03,7.19,4754800
20140305,7.15,7.22,6.96,7.06,2371100
20140306,7.12,7.57,7.11,7.43,4542000
20140307,7.34,7.57,7.3,7.33,5005000
20140310,7.26,7.38,7.05,7.05,3455300
20140311,7.13,7.41,7.08,7.23,7245700
20140312,7.19,7.42,7.12,7.39,3071400
20140313,7.43,7.45,7.25,7.43,3593900
20140314,6.9,6.95,6.41,6.5,17032700
20140317,6.52,6.56,6.09,6.15,6154100
20140318,6.32,6.37,6.16,6.37,9504200
20140319,6.32,6.45,6.21,6.24,5041600
20140320,6.2,6.44,6.15,6.39,5162200
20140321,6.29,6.61,6.29,6.41,4101200
20140324,6.5,6.55,6.41,6.49,3460000
20140325,6.56,6.65,6.41,6.53,3626600
20140326,6.65,6.86,6.6,6.77,5701800
20140327,6.76,7.11,6.74,7.01,5251200
20140328,7.08,7.23,7.02,7.02,3708800
20140331,7.05,7.19,6.93,7.16,2754100
20140401,7.16,7.18,7.03,7.05,2693700
20140402,7.04,7.43,6.99,7.19,4770400
20140403,7.17,7.21,6.88,6.9,4520900
20140404,6.96,7.18,6.89,6.9,6815400
20140407,6.99,7.01,6.88,6.88,6210400
20140408,6.96,7.07,6.92,6.92,4809900
20140409,6.86,6.9,6.64,6.72,3924200
20140410,6.71,6.74,6.55,6.55,3576400
20140411,6.53,6.71,6.51,6.55,3951800
20140414,6.51,6.66,6.46,6.54,6095400
20140415,6.49,6.61,6.43,6.44,3774700
20140416,6.51,6.7,6.44,6.64,3187100
20140417,6.64,6.68,6.49,6.5,3843700
20140422,6.5,6.63,6.46,6.51,2246900
20140423,6.62,6.67,6.28,6.28,4906100
20140424,6.32,6.43,6.25,6.37,5261100
20140425,6.29,6.37,6.26,6.28,2219000
20140428,6.28,6.28,6.14,6.14,2642100
20140429,6.2,6.4,6.18,6.36,3119600
20140430,6.37,6.37,6.24,6.25,4237700
20140502,6.13,6.38,6.12,6.28,10468000
20140505,6.27,6.48,6.26,6.34,3991400
20140506,6.34,6.42,6.27,6.27,5059000
20140507,6.27,6.38,6.26,6.34,2848300
20140508,6.34,6.39,6.27,6.27,2763100
20140509,6.41,6.41,6.24,6.28,3235900
20140512,6.34,6.39,6.29,6.36,2224000
20140513,6.36,6.39,6.23,6.23,3065300
20140514,6.26,6.29,6.22,6.23,2855600
20140515,6.12,6.23,6,6.23,14379900
20140516,6.35,6.37,6.03,6.1,7554000
20140519,6.04,6.17,6.04,6.13,3565200
20140520,6.11,6.16,6.01,6.1,6587600
20140521,6.1,6.15,6.01,6.01,6276500
20140522,5.97,6.1,5.97,6.1,6636100
20140523,6.1,6.12,6.03,6.07,2969700
20140526,6.16,6.33,6.15,6.27,3016800
20140527,6.28,6.41,6.19,6.24,5635100
20140528,6.28,6.62,6.28,6.51,6521400
20140529,6.42,6.58,6.36,6.56,5974500
20140530,6.47,6.59,6.1,6.35,39690600
20140602,6.37,6.56,6.35,6.53,4883400
20140603,6.65,6.75,6.5,6.72,8305600
20140604,6.7,6.79,6.61,6.74,3037700
20140605,6.74,6.9,6.7,6.89,4100000
20140606,6.97,7.16,6.76,6.9,5335500
20140609,6.89,7.12,6.78,7.08,2262900
20140610,7.07,7.16,7,7.16,6606300
20140611,7.21,7.28,7.11,7.21,2972200
20140613,7.13,7.15,7.01,7.12,2563800
20140616,7.07,7.1,6.89,6.99,3716500
20140617,6.99,6.99,6.81,6.9,1902300
20140618,6.89,6.93,6.82,6.83,3034000
20140620,6.77,6.84,6.71,6.84,1958100
20140623,6.81,6.87,6.65,6.66,2111900
20140624,6.67,6.79,6.62,6.75,4819200
20140625,6.73,6.86,6.66,6.78,2178800
20140626,6.79,6.96,6.68,6.86,2496400
20140627,6.88,6.9,6.78,6.78,841500
20140630,6.8,6.9,6.75,6.9,2192400
20140701,6.95,7.04,6.92,7.02,2103600
20140702,7.08,7.08,6.84,6.87,2767800
20140703,6.9,7.02,6.84,6.86,1848700
20140704,6.88,6.88,6.67,6.78,1269700
20140707,6.73,6.81,6.7,6.73,1101000
20140708,6.73,6.75,6.69,6.72,1110300
20140710,6.75,6.87,6.74,6.79,2711600
20140711,6.79,6.79,6.65,6.72,2420000
20140714,6.73,6.75,6.52,6.59,2875000
20140715,6.55,6.6,6.47,6.55,2724000
20140716,6.53,6.62,6.46,6.48,1602100
20140717,6.45,6.53,6.41,6.5,3224200
20140718,6.74,7.05,6.7,7.05,5202500
20140721,7.04,7.05,6.84,6.96,2726300
20140722,6.98,7.26,6.89,7.26,2460400
20140723,7.16,7.23,7.02,7.22,2093800
20140724,7.21,7.29,7.12,7.21,4242300
20140725,7.16,7.28,7.12,7.27,2081300
20140728,7.29,7.29,7.07,7.21,2384800
20140729,7.21,7.21,6.9,6.99,2124400
20140730,7.02,7.02,6.8,6.84,1848800
20140731,6.78,6.78,6.62,6.73,1582500
20140801,6.74,6.88,6.64,6.75,2463000
20140804,6.76,6.87,6.74,6.85,1518100
20140805,6.82,7.11,6.75,7.03,3706500
20140806,7.04,7.09,6.83,6.84,1715200
20140807,6.85,7.02,6.82,6.84,1585600
20140808,6.78,6.87,6.76,6.85,1051300
20140811,6.89,7.11,6.85,7.06,1860100
20140812,7.05,7.09,6.82,6.82,1568000
20140813,6.85,6.96,6.77,6.9,2338600
20140814,6.87,6.91,6.71,6.75,1995800
20140815,6.96,7.24,6.95,7.23,3064600
20140818,7.27,7.35,7.15,7.35,2908100
20140819,7.29,7.47,7.2,7.47,4268400
20140820,7.46,7.64,7.31,7.58,3792800
20140821,7.58,7.62,7.42,7.52,5375000
20140822,7.48,7.66,7.34,7.57,3679300
20140825,7.65,7.79,7.51,7.72,2869400
20140826,7.74,8.07,7.68,7.98,4332900
20140827,8.02,8.33,7.98,8.26,3901300
20140828,8.2,8.5,8.13,8.36,3875000
20140829,8.37,8.48,8.32,8.43,4012800
20140901,8.5,8.72,8.46,8.63,1560900
20140902,8.57,8.87,8.49,8.75,2836900
20140903,8.75,9.11,8.53,8.63,3930700
20140904,8.65,8.84,8.5,8.67,3284700
20140905,8.73,8.74,8.55,8.64,1891800
20140908,8.75,8.77,8.09,8.11,4220600
20140909,8,8.25,7.91,8.1,2937900
20140910,8.07,8.12,7.65,7.76,2888400
20140911,7.77,8.12,7.6,8.05,3236800
20140912,7.9,8.01,7.67,7.86,4035500
20140915,7.87,8.12,7.73,8.11,1910900
20140916,8.1,8.3,7.92,7.94,2903300
20140917,7.98,8.12,7.87,7.94,2795900
20140918,8.06,8.23,7.73,7.73,2648400
20140919,7.76,7.92,7.65,7.7,2326100
20140922,7.66,7.72,7.4,7.56,2012400
20140923,7.51,7.69,7.4,7.47,1579200
20140924,7.43,7.43,7.16,7.34,5103100
20140925,7.28,7.52,7.27,7.28,1931900
20140926,7.34,7.64,7.3,7.64,1508200
20140929,7.33,7.39,7.13,7.2,3344600
20140930,7.23,7.59,7.02,7.59,4479400
20141001,7.52,7.57,7.14,7.27,3084900
20141002,7.31,7.31,6.98,7.27,3407100
20141003,7.31,7.56,7.15,7.54,1785600
20141006,7.76,8.15,7.76,7.88,4260900
20141007,7.92,8.04,7.83,7.96,1889500
20141008,8.04,8.11,7.7,7.93,2404500
20141009,8.12,8.12,7.76,7.89,3134000
20141010,7.84,7.88,7.54,7.67,2019900
20141013,7.74,8.01,7.68,7.86,2357700
20141014,7.86,7.86,7.64,7.72,3228400
20141015,7.57,7.61,7.3,7.51,2766900
20141016,7.31,7.58,7.26,7.51,4654300
20141017,7.64,7.65,7.28,7.48,4222700
20141020,7.45,7.5,7.34,7.39,2370100
20141021,7.25,7.27,6.93,7.04,3804600
20141022,7,7.19,6.96,7.02,2446500
20141023,6.94,7.06,6.66,6.66,3135700
20141024,6.66,7.12,6.66,6.76,4195300
20141027,6.56,6.85,6.31,6.84,4025700
20141028,6.84,7.16,6.8,7.12,3150100
20141029,7.13,7.24,6.97,6.98,1699100
20141030,7.02,7.32,6.93,7.19,2348700
20141031,7.21,7.64,7.15,7.58,3405900
20141103,7.57,7.63,7.38,7.52,1559400
20141104,7.52,7.57,7.27,7.51,2101500
20141105,7.38,7.48,7.3,7.3,1381900
20141106,7.25,7.32,7.08,7.1,1784900
20141107,7.11,7.27,6.99,7.21,1246100
20141110,7.28,7.39,7.19,7.21,1223800
20141111,7.15,7.28,7.11,7.16,1006000
20141112,7.1,7.39,7.1,7.26,1959700
20141113,7.33,7.39,6.96,6.96,2060800
20141114,6.9,6.92,6.72,6.91,2444300
20141117,6.92,7.12,6.87,6.98,1068800
20141118,6.97,7.16,6.91,7.12,1488900
20141119,7.12,7.35,7.09,7.35,1529100
20141121,7.35,8.04,7.35,7.87,4897400
20141124,8.09,8.13,7.87,7.97,3012700
20141125,8.04,8.33,8.01,8.16,4357200
20141126,8.23,8.29,7.97,8.09,3728200
20141127,8.1,8.17,7.84,7.95,1578300
20141128,7.86,8,7.73,7.9,2110500
20141201,7.77,7.87,7.53,7.58,3172200
20141202,7.6,7.86,7.52,7.53,3423200
20141203,7.61,7.77,7.58,7.67,1266100
20141204,7.81,7.84,7.54,7.59,1021900
20141205,7.6,7.72,7.55,7.65,1020900
20141208,7.63,7.84,7.53,7.53,1714500
20141209,7.45,7.52,7.31,7.47,2121500
20141210,7.42,7.48,7.26,7.29,3491200
20141211,7.34,7.34,6.98,7.13,1981200
20141212,7.02,7.1,6.78,6.8,3092700
20141215,6.84,6.97,6.47,6.64,2540100
20141216,6.5,6.8,6.39,6.65,3214200
20141217,6.68,6.88,6.53,6.81,2801800
20141218,6.81,6.95,6.65,6.71,1769600
20141219,6.69,6.9,6.67,6.84,2149400
20141222,6.88,7.08,6.78,6.98,1399900
20141223,6.91,7.18,6.91,7.13,1762900
20141226,7.12,7.21,6.92,7.02,916700
20141229,7.02,7.15,6.88,7.04,1180900
20141230,7.11,7.15,6.89,6.93,1405400
20150102,6.9,6.95,6.65,6.68,1679500
20150105,6.68,6.69,6.44,6.56,1898600
20150106,6.56,6.87,6.47,6.68,1676800
20150107,6.79,7.16,6.73,6.96,1547000
20150108,7.01,7.16,6.91,7,1003000
20150109,6.91,6.91,6.65,6.69,1705600
20150112,6.65,6.66,6.48,6.53,1525800
20150113,6.55,6.71,6.49,6.62,1784800
20150114,6.51,6.67,6.38,6.49,1998700
20150115,6.49,6.58,6.34,6.34,1465700
20150116,6.39,6.55,6.31,6.5,1557500
20150119,6.38,6.56,6.21,6.31,768400
20150120,6.42,6.61,6.36,6.52,1653700
20150121,6.5,6.65,6.35,6.57,1440200
20150122,6.71,6.88,6.65,6.67,2545600
20150123,6.6,6.74,6.4,6.56,2129700
20150126,6.56,6.56,6.28,6.44,2028700
20150127,6.31,6.53,6.28,6.4,2860600
20150128,6.37,6.54,6.3,6.38,3205000
20150129,6.41,6.56,6.36,6.48,2622300
20150130,6.37,6.53,6.19,6.39,3557300
20150202,6.44,6.47,6.24,6.47,1402100
20150203,6.55,6.59,6.34,6.45,4555700
20150204,6.48,6.52,6.28,6.46,2040200
20150205,6.37,6.73,6.37,6.65,2617700
20150206,6.58,6.66,6.37,6.51,2372900
20150209,6.48,6.75,6.43,6.69,1686700
20150210,6.61,6.78,6.47,6.54,1777800
20150211,6.43,6.57,6.33,6.35,1792600
20150212,6.41,6.63,6.4,6.45,2166600
20150213,6.45,6.74,6.45,6.65,1725400
20150218,6.54,7.02,6.54,6.73,2006200
20150219,6.66,7.02,6.66,6.86,949400
20150220,6.91,6.94,6.69,6.75,1536900
20150223,6.7,6.8,6.48,6.53,2160100
20150224,6.53,6.59,6.41,6.5,2362600
20150225,6.47,6.47,6.34,6.42,3516400
20150226,6.41,6.67,6.41,6.57,2147000
20150227,6.59,6.69,6.28,6.28,3919500
20150302,6.28,6.56,6.26,6.53,2645000
20150303,6.52,6.6,6.42,6.56,2385800
20150304,6.45,6.51,6.15,6.19,3296800
20150305,6.25,6.27,5.93,6.09,4406700
20150306,6.2,6.42,6.16,6.37,4045300
20150309,6.24,6.26,6.04,6.24,2735700
20150310,6.12,6.42,6.08,6.33,2732200
20150311,6.28,6.46,6.27,6.42,3204400
20150312,6.47,6.6,6.33,6.42,3950400
20150313,6.45,6.45,6.21,6.41,3390200
20150316,6.4,6.53,6.28,6.5,3313400
20150317,6.52,6.84,6.4,6.75,4795300
20150318,6.81,7.02,6.7,6.92,3413300
20150319,6.92,7.24,6.88,6.95,8037100
20150320,7.07,7.29,6.96,7.29,12260100
20150323,7.26,7.39,7.17,7.28,2481400
20150324,7.31,7.43,7.27,7.41,2245200
20150325,7.44,7.49,7.37,7.39,1811800
20150326,7.35,7.47,7.21,7.33,1752700
20150327,7.29,7.37,7.13,7.25,2360700
20150330,7.3,7.42,7.24,7.39,1479400
20150331,7.36,7.58,7.33,7.42,2066100
20150401,7.44,7.69,7.42,7.52,2322600
20150402,7.6,7.8,7.6,7.7,1443800
20150406,7.74,8.15,7.71,7.96,2080300
20150407,8.01,8.11,7.86,7.95,1493100
20150408,7.99,8.15,7.99,8.02,1412600
20150409,8.04,8.31,7.94,8.12,3200000
20150410,8.07,8.09,7.82,7.92,3389900
20150413,7.9,7.98,7.88,7.93,2079900
20150414,7.97,8.1,7.86,7.86,1774200
20150415,7.89,8.07,7.84,7.98,2561400
20150416,7.97,8.03,7.9,7.91,2692300
20150417,7.76,8.09,7.76,8.05,2402900
20150420,8.05,8.12,7.76,7.76,1708700
20150422,7.77,7.84,7.62,7.82,2405800
20150423,7.81,8.19,7.77,8.11,1939500
20150424,8.28,8.28,8.01,8.08,2155100
20150427,8.13,8.16,7.84,7.95,3010600
20150428,7.95,7.98,7.59,7.72,1991200
20150429,7.64,7.7,7.37,7.49,3358500
20150430,7.41,7.65,7.41,7.63,2444200
20150504,7.66,7.8,7.5,7.62,1405500
20150505,7.56,7.8,7.56,7.61,1672800
20150506,7.61,7.78,7.44,7.66,2419500
20150507,7.57,7.66,7.31,7.42,1943900
20150508,7.47,7.75,7.47,7.55,2023600
20150511,7.61,7.69,7.48,7.48,1078100
20150512,7.51,7.68,7.41,7.57,3240000
20150513,7.86,7.87,7.37,7.37,3172500
20150514,7.39,7.6,7.36,7.51,3330600
20150515,7.56,7.99,7.43,7.9,6496400
20150518,7.91,7.97,7.85,7.9,3355700
20150519,7.87,7.95,7.83,7.9,2333800
20150520,7.93,8.05,7.86,7.92,1460900
20150521,7.87,7.88,7.68,7.75,5182400
20150522,7.8,7.8,7.47,7.59,2547400
20150525,7.55,7.69,7.44,7.55,713800
20150526,7.57,7.67,7.45,7.52,1289900
20150527,7.67,7.67,7.54,7.66,1998800
20150528,7.55,7.6,7.45,7.51,1626600
20150529,7.61,7.69,7.35,7.37,2928000
20150601,7.37,7.72,7.34,7.61,2417900
20150602,7.61,7.78,7.53,7.67,1852500
20150603,7.55,7.9,7.55,7.78,2102400
20150605,7.65,7.88,7.61,7.66,1563500
20150608,7.6,7.78,7.56,7.61,6332500
20150609,7.57,7.79,7.43,7.48,2032000
20150610,7.59,7.88,7.54,7.61,2427200
20150611,7.68,7.8,7.56,7.6,2901800
20150612,7.64,7.64,7.42,7.49,2015600
20150615,7.47,7.5,7.28,7.44,2325100
20150616,7.46,7.58,7.4,7.46,1318400
20150617,7.43,7.59,7.35,7.44,2871900
20150618,7.49,7.58,7.36,7.52,1825100
20150619,7.47,7.57,7.44,7.44,2269000
20150622,7.48,7.58,7.45,7.48,3109700
20150623,7.56,7.59,7.42,7.42,1582400
20150624,7.46,7.56,7.42,7.45,1653400
20150625,7.45,7.71,7.29,7.61,5726700
20150626,7.63,7.83,7.63,7.76,3641300
20150629,7.7,7.7,7.43,7.47,3677700
20150630,7.48,7.63,7.46,7.58,2920700
20150701,7.53,7.68,7.41,7.44,2528600
20150702,7.51,7.6,7.45,7.57,2016000
20150703,7.49,7.6,7.47,7.53,503300
20150706,7.51,7.56,7.43,7.51,947400
20150707,7.46,7.56,7.42,7.52,2718100
20150708,7.46,7.72,7.46,7.66,1844300
20150710,7.75,7.81,7.59,7.64,1658600
20150713,7.72,7.76,7.6,7.68,2720700
20150714,7.68,7.75,7.59,7.7,1594600
20150715,7.63,7.91,7.63,7.79,2314800
20150716,7.87,7.95,7.79,7.9,2206400
20150717,7.91,8.1,7.69,7.73,2873100
20150720,7.64,7.79,7.52,7.61,2368600
20150721,7.66,7.69,7.53,7.6,2099500
20150722,7.54,7.75,7.54,7.66,2505400
20150723,7.71,7.71,7.31,7.45,2034300
20150724,7.35,7.45,7.16,7.22,2640300
20150727,7.26,7.4,7.12,7.3,2016700
20150728,7.39,7.46,7.08,7.23,3332200
20150729,7.26,7.42,7.21,7.35,2538600
20150730,7.45,7.52,7.14,7.18,2466000
20150731,7.2,7.57,7.2,7.47,2803000
20150803,7.47,7.49,7.32,7.32,1229600
20150804,7.39,7.46,7.27,7.27,1285500
20150805,7.38,7.38,7.12,7.13,2697600
20150806,7.09,7.3,6.98,7.09,3276800
20150807,7.03,7.15,6.92,6.92,3398600
20150810,6.98,6.98,6.83,6.88,3642400
20150811,6.79,6.86,6.71,6.79,5543300
20150812,6.74,6.83,6.52,6.69,6128400
20150813,6.61,6.7,6.47,6.6,4492900
20150814,6.61,6.72,6.6,6.64,3043500
20150817,6.78,7.12,6.74,6.89,7835100
20150818,6.85,6.93,6.49,6.6,6130500
20150819,6.49,6.62,6.33,6.55,3392000
20150820,6.49,6.67,6.42,6.58,3157600
20150821,6.52,6.57,6.24,6.37,3040600
20150824,5.98,6.32,5.87,6.12,3622000
20150825,6.23,6.43,6.23,6.23,3376400
20150826,6.17,6.45,6.17,6.4,2001100
20150827,6.55,6.77,6.38,6.57,3345800
20150828,6.39,6.54,6.3,6.39,3148900
20150831,6.27,6.32,6.02,6.18,4302200
20150901,6.03,6.15,5.82,5.94,3642800
20150902,5.92,5.96,5.83,5.87,3161800
20150903,5.94,6.19,5.86,6.08,4048000
20150904,6.08,6.14,5.97,6.07,2561500
20150908,6.01,6.3,6.01,6.14,3260300
20150909,6.22,6.4,6.07,6.16,4661800
20150910,5.96,6.11,5.92,5.94,3992400
20150911,5.88,6.25,5.88,6.11,2174400
20150914,6.12,6.34,6.01,6.18,2675500
20150915,6.07,6.67,6.07,6.42,4605000
20150916,6.54,6.88,6.47,6.72,7828600
20150917,6.63,6.76,6.54,6.65,4120100
20150918,6.56,6.6,6.26,6.44,4158100
20150921,6.57,6.57,6.24,6.24,3102800
20150922,6.11,6.31,6.01,6.22,2819800
20150923,6.22,6.28,6.05,6.12,3047300
20150924,5.94,6.36,5.9,6.26,3635700
20150925,6.41,6.41,6.03,6.03,2070800
20150928,5.96,6.1,5.94,6,834700
20150929,6.09,6.13,5.9,6.1,1124900
20150930,6.16,6.26,5.91,5.91,4246700
20151001,5.93,6.21,5.93,6.21,2784900
20151002,6.17,6.42,6.12,6.4,3149200
20151005,6.36,6.71,6.34,6.51,2861400
20151006,6.44,6.73,6.44,6.51,2688300
20151007,6.53,6.86,6.53,6.77,4253400
20151008,6.83,6.83,6.64,6.72,1874700
20151009,6.73,7.05,6.73,6.96,3239000
20151013,6.92,7.14,6.88,6.88,7296900
20151014,6.83,7.01,6.77,6.85,4446600
20151015,6.89,7.03,6.88,7.01,3105900
20151016,7,7.06,6.91,7.04,3240000
20151019,6.99,7.39,6.91,7.31,7602800
20151020,7.27,7.4,7.05,7.19,2763600
20151021,7.12,7.31,7.05,7.2,1197600
20151022,7.25,7.4,7.12,7.16,1423400
20151023,7.25,7.33,7,7.04,1442900
20151026,6.98,7.15,6.94,7.07,817700
20151027,7.07,7.09,6.9,7.01,1067300
20151028,7,7.27,6.91,7.1,1629200
20151029,7.08,7.26,6.97,7.05,2354100
20151030,7.04,7.3,6.97,7.2,2758200
20151103,7.18,7.73,7.16,7.56,2583100
20151104,7.6,7.92,7.59,7.7,2579800
20151105,7.7,7.96,7.7,7.87,1677700
20151106,7.85,7.92,7.6,7.7,2091300
20151109,7.66,8.03,7.63,7.82,1947600
20151110,7.76,7.87,7.64,7.78,1704200
20151111,7.84,8.19,7.84,8.08,2946400
20151112,8.1,8.22,7.94,8.05,1475400
20151113,8,8.35,7.97,8.26,3630100
20151116,8.25,8.44,8.25,8.44,2690700
20151117,8.5,8.88,8.5,8.73,4571700
20151118,8.67,8.86,8.35,8.35,7573100
20151119,8.38,8.65,8.38,8.58,3025500
20151123,8.63,8.71,8.48,8.53,1571500
20151124,8.47,8.58,8.42,8.54,2245700
20151125,8.48,8.53,8.29,8.33,2482800
20151126,8.4,8.58,8.27,8.55,1841900
20151127,8.49,8.66,8.28,8.32,2059500
20151130,8.29,8.34,7.88,8.01,2726800
20151201,8.05,8.54,7.83,8.34,7757800
20151202,8.28,8.48,8.09,8.11,2206500
20151203,8.34,8.62,8.34,8.56,2535200
20151204,8.5,8.62,8.42,8.49,1836800
20151207,8.55,8.77,8.55,8.7,2201600
20151208,8.79,8.83,8.31,8.44,1562800
20151209,8.5,8.7,8.49,8.6,2388800
20151210,8.63,8.63,8.26,8.44,2042700
20151211,8.36,8.67,8.26,8.5,4759400
20151214,8.44,8.63,8.36,8.43,2909100
20151215,8.45,8.62,8.35,8.37,2280900
20151216,8.31,8.41,8.03,8.2,2278400
20151217,8.28,8.71,8.28,8.68,4774300
20151218,8.58,8.62,8.43,8.49,2670500
20151221,8.44,8.59,8.28,8.38,941800
20151222,8.43,8.5,8.23,8.29,831100
20151223,8.35,8.42,8.25,8.34,1283200
20151228,8.34,8.66,8.32,8.58,2134100
20151229,8.63,8.69,8.49,8.49,1276200
20151230,8.49,8.51,8.2,8.42,1610500
20160104,8.31,8.34,8.06,8.08,1767100
20160105,8.17,8.28,8.1,8.24,2549200
20160106,8.16,8.2,7.93,8.04,2765900
20160107,7.98,8.04,7.81,8,3091200
20160108,7.91,8.12,7.91,8.01,1638300
20160111,8.09,8.32,8.02,8.16,2670400
20160112,8.25,8.38,8.22,8.33,2496700
20160113,8.38,8.42,8.09,8.15,2307300
20160114,8.14,8.19,7.94,8.15,3595400
20160115,8.14,8.14,7.85,8.05,2299900
20160118,7.99,8.06,7.9,7.92,1181500
20160119,8.04,8.14,7.88,7.92,1411900
20160120,7.86,7.97,7.79,7.86,4765500
20160121,7.85,8.11,7.8,8.03,4412500
20160122,8.09,8.34,8.09,8.34,4863800
20160126,8.26,8.5,8.18,8.37,4888200
20160127,8.37,8.76,8.36,8.61,4104400
20160128,8.67,8.7,8.43,8.61,3695800
20160129,8.67,8.99,8.58,8.88,6982100
20160201,8.87,8.99,8.75,8.88,2644600
20160202,8.86,8.91,8.7,8.83,3832500
20160203,8.89,9.02,8.74,8.87,4671100
20160204,8.91,8.96,8.83,8.88,2997200
20160205,8.94,8.95,8.8,8.88,1997000
20160210,8.57,8.75,8.57,8.7,1255000
20160211,8.68,8.89,8.49,8.83,2979600
20160212,8.83,8.94,8.56,8.62,1368000
20160215,8.61,8.86,8.61,8.76,876000
20160216,8.69,8.89,8.69,8.78,2903800
20160217,8.84,9,8.71,8.97,3859900
20160218,9.02,9.22,8.97,9.15,5142100
20160219,9.21,9.55,9.03,9.47,6873900
20160222,9.62,9.84,9.62,9.77,5076900
20160223,9.7,10.01,9.53,9.57,5094200
20160224,9.46,10.05,9.36,9.89,7356500
20160225,9.83,10.16,9.72,9.95,4649300
20160226,10.02,10.23,9.82,9.99,2758300
20160229,10.17,10.4,10.06,10.28,5235500
20160301,10.39,10.48,10.32,10.42,4300500
20160302,10.34,10.48,10.08,10.1,5707100
20160303,10.28,10.44,10.03,10.24,6963100
20160304,10.39,10.93,10.37,10.48,6828800
20160307,10.7,10.7,10.24,10.32,3609700
20160308,10.43,10.98,10.38,10.64,6688900
20160309,10.82,10.94,10.66,10.72,5101800
20160310,10.9,11.01,10.57,10.83,4913000
20160311,10.74,10.92,10.71,10.83,4456600
20160314,10.82,11.03,10.27,10.51,4099900
20160315,10.43,10.64,10.24,10.56,6120000
20160316,10.48,11.38,10.48,11.26,6394900
20160317,11.64,11.94,11.43,11.5,4896500
20160318,11.59,11.86,11.53,11.75,4237900
20160321,11.79,12.02,11.53,11.62,2735700
20160322,11.62,11.83,11.5,11.76,3587200
20160323,11.68,12.01,11.55,11.78,4126500
20160324,11.61,11.97,11.41,11.49,4971900
20160328,11.62,11.81,11.43,11.49,2484000
20160329,11.55,11.88,11.49,11.63,3985600
20160330,11.79,12.09,11.52,11.63,3812600
20160331,11.5,11.79,11.17,11.49,3686300
20160401,11.35,11.82,11.35,11.64,3892700
20160404,11.61,11.72,11.37,11.52,3273200
20160405,11.59,11.62,11.26,11.43,3600600
20160406,11.25,11.65,11.19,11.59,5864500
20160407,11.64,11.67,11.34,11.59,4195200
20160408,11.8,11.84,11.54,11.72,4685000
20160411,11.81,11.92,11.48,11.58,4171400
20160412,11.64,11.67,11.4,11.49,2966400
20160413,11.62,11.71,11.52,11.52,2525700
20160414,11.55,11.74,11.52,11.57,2473500
20160415,11.55,11.8,11.53,11.55,1836000
20160418,11.6,11.96,11.55,11.83,3530800
20160419,11.9,12.17,11.83,11.95,3177900
20160420,11.74,11.82,10.89,11.23,6390700
20160422,10.97,11.55,10.96,11.45,4903500
20160425,11.54,11.8,11.4,11.55,3380200
20160426,11.6,12,11.58,11.86,3989300
20160427,11.95,12.23,11.84,11.97,2527800
20160428,12,12.1,11.75,11.92,1627100
20160429,11.99,12.03,11.57,11.66,3517000
20160502,11.6,11.8,11.39,11.58,2184800
20160503,11.39,11.65,11.32,11.4,1744900
20160504,11.39,11.79,11.39,11.68,2780500
20160505,11.78,11.83,11.41,11.49,2101600
20160506,11.45,11.61,11.36,11.45,1389800
20160509,11.36,11.36,10.96,11.14,2056000
20160510,11.24,12.06,11.24,11.93,4389100
20160511,12.02,12.48,11.84,11.84,5600400
20160512,11.88,12.2,11.81,12.15,2340100
20160513,12.18,12.31,11.67,11.78,3525100
20160516,11.72,11.88,11.66,11.67,1182500
20160517,11.79,11.8,11.3,11.42,2133200
20160518,11.22,11.37,10.99,11,4094900
20160519,10.82,11.22,10.78,11.21,3047100
20160520,10.81,11.14,10.36,10.71,7854100
20160523,10.42,10.56,10.06,10.35,7237400
20160524,10.35,10.54,10.29,10.3,4452400
20160525,10.42,10.42,9.81,9.94,4939900
20160527,9.91,10,9.71,9.9,2714900
20160530,9.99,9.99,9.73,9.81,1208100
20160531,9.72,9.88,9.63,9.86,2927500
20160601,10,10.12,9.66,10.09,3873200
20160602,10.14,10.44,10.08,10.29,3048500
20160603,10.3,10.63,10.3,10.52,3461500
20160606,10.63,10.63,10.31,10.53,2291900
20160607,10.44,10.61,10.36,10.47,1661300
20160608,10.58,10.78,10.46,10.66,3212800
20160609,10.66,10.94,10.6,10.67,2347400
20160610,10.56,10.65,10.49,10.56,1770200
20160613,10.41,10.47,10.18,10.25,1807000
20160614,10.15,10.24,9.91,10.03,1970800
20160615,10.07,10.23,9.91,10.11,1392200
20160616,10.05,10.28,9.98,10.19,1473300
20160617,10.3,10.37,10.05,10.06,1754700
20160620,10.24,10.65,10.24,10.5,3186600
20160621,10.53,10.6,10.29,10.6,1825000
20160622,10.7,10.71,10.3,10.42,3510100
20160623,10.54,10.77,10.32,10.64,1694300
20160624,10.36,10.6,10.19,10.36,2070500
20160627,10.31,10.53,10.1,10.15,1764300
20160628,10.37,10.45,10.22,10.33,1949500
20160629,10.48,10.87,10.36,10.7,3071800
20160630,10.65,10.87,10.56,10.81,2239700
20160701,10.97,11.18,10.82,11,4494700
20160704,10.97,11.28,10.97,11.15,1227800
20160705,11.1,11.48,11.05,11.33,2242400
20160706,11.33,11.45,11.2,11.39,1711300
20160707,11.44,11.44,11.02,11.22,2482200
20160708,11.41,11.56,11.34,11.43,2067600
20160711,11.6,11.99,11.51,11.75,2781200
20160712,11.99,11.99,11.49,11.56,1574500
20160713,11.56,11.87,11.53,11.68,2132200
20160714,11.89,11.97,11.68,11.87,1777000
20160715,11.9,12.29,11.87,12.24,3162100
20160718,12.25,12.53,12.09,12.37,1718100
20160719,12.37,12.76,12.37,12.6,7754600
20160720,12.6,12.76,12.5,12.64,2218500
20160721,12.71,12.99,12.59,12.87,2683200
20160722,12.88,13.2,12.87,13.1,2237100
20160725,13,13.23,13,13.09,2529900
20160726,13.03,13.32,13.03,13.15,1591500
20160727,13.08,13.3,13.08,13.22,1052400
20160728,13.28,13.54,13.19,13.54,2574000
20160729,13.38,13.55,13.31,13.55,2258600
20160801,13.46,13.51,13.13,13.45,2365200
20160802,13.33,13.52,13.29,13.48,1194800
20160803,13.38,13.7,13.28,13.6,1393900
20160804,13.7,13.8,13.25,13.35,5871800
20160805,13.48,13.48,13.22,13.35,2421300
20160808,13.29,13.3,12.64,12.8,2136500
20160809,12.8,13,12.78,12.87,1591300
20160810,12.94,12.99,12.41,12.71,2203600
20160811,12.66,12.8,12.51,12.75,2062000
20160812,12.87,12.88,12.27,12.63,2177200
20160815,12.63,12.69,12.15,12.31,2225200
20160816,12.21,12.38,12.09,12.33,2051100
20160817,12.22,12.36,12.07,12.36,1954100
20160818,12.38,12.46,12.07,12.19,1607000
20160819,12.23,12.23,11.81,12.15,2476200
20160822,12.16,12.31,12.03,12.11,1942800
20160823,12.27,12.44,12.1,12.2,1415800
20160824,12.14,12.56,12.07,12.29,2779400
20160825,12.29,12.29,11.96,12.19,2317900
20160826,12.13,12.42,12.03,12.2,2039200
20160829,12.27,12.43,12.14,12.28,972600
20160830,12.31,12.32,12.14,12.25,884900
20160831,12.2,12.61,11.99,12.3,2436300
20160901,12.32,12.35,12.02,12.2,1347000
20160902,12.23,12.29,12.05,12.27,1533300
20160905,12.33,12.33,12.07,12.16,779400
20160906,12.19,12.29,12.07,12.15,1554500
20160908,12.07,12.25,11.97,12.05,2483400
20160909,11.96,11.96,11.38,11.46,3252800
20160912,11.37,11.83,11.3,11.65,2459900
20160913,11.7,11.75,11.47,11.65,1861500
20160914,11.61,11.76,11.53,11.7,1243000
20160915,11.7,11.82,11.61,11.77,993500
20160916,11.71,11.76,11.5,11.74,851300
20160919,11.84,11.91,11.65,11.75,1156600
20160920,11.71,11.85,11.57,11.72,1667000
20160921,11.79,12.13,11.72,11.95,1728900
20160922,12.07,12.14,11.93,11.98,977300
20160923,11.94,12.03,11.63,11.78,1837900
20160926,11.67,11.67,11.37,11.56,2275400
20160927,11.6,11.83,11.51,11.74,1274400
20160928,11.77,12.03,11.77,12.02,1104300
20160929,11.92,12.23,11.84,11.99,1304700
20160930,12.08,12.12,11.86,11.94,2004300
20161003,12.04,12.04,11.78,11.95,1314400
20161004,11.95,12.13,11.73,11.88,1363900
20161005,11.92,12.22,11.92,12.08,2060100
20161006,12.09,12.11,11.93,12.07,977400
20161007,12.14,12.3,12.01,12.18,2819200
20161010,12.24,12.38,12,12.18,1657600
20161011,12.14,12.35,12.14,12.26,2098900
20161013,12.28,12.28,11.81,11.98,2808400
20161014,12.14,12.26,12.03,12.03,1846400
20161017,12.06,12.27,12.04,12.27,3393200
20161018,12.29,12.72,12.05,12.6,3044500
20161019,12.7,12.74,12.43,12.61,1220800
20161020,12.63,12.63,12.35,12.52,1389700
20161021,12.56,12.6,12.31,12.48,2848700
20161024,12.49,12.82,12.48,12.73,1647600
20161025,12.79,12.8,12.35,12.55,2414100
20161026,12.54,12.7,12.38,12.65,1611000
20161027,12.58,12.81,12.56,12.75,1595600
20161028,12.64,12.79,12.33,12.53,1773000
20161031,12.56,12.56,12.23,12.36,2027200
20161101,12.41,12.53,12.01,12.21,2801000
20161103,12.03,12.33,11.7,11.85,3485900
20161104,11.88,12.07,11.73,11.85,1574600
20161107,12,12.34,11.91,12.28,3048800
20161108,12.12,12.62,12.11,12.54,1913100
20161109,11.98,12.53,11.87,12.45,2917800
20161110,12.6,12.6,11.45,12.26,4313600
20161111,11.95,12.27,11.54,11.62,5738500
20161114,11.54,11.7,11.02,11.64,3717800
20161116,11.57,11.92,11.46,11.7,1906000
20161117,11.84,11.94,11.44,11.54,2386400
20161118,11.46,11.52,11.21,11.35,2292700
20161121,11.28,11.65,11.12,11.57,2457000
20161122,11.83,11.86,11.39,11.46,2651900
20161123,11.45,11.55,11.31,11.4,2206200
20161124,11.48,11.61,11.44,11.46,1442800
20161125,11.36,11.46,11.29,11.45,914100
20161128,11.35,11.5,11.32,11.37,1511300
20161129,11.27,11.44,11.22,11.22,1408000
20161130,11.4,11.6,11.28,11.56,3100500
20161201,11.4,11.49,10.9,11,3718500
20161202,10.9,11.06,10.68,10.92,3756900
20161205,10.98,11.08,10.66,10.77,2375600
20161206,10.65,11.04,10.44,10.93,3789400
20161207,11.09,11.1,10.73,10.87,3333000
20161208,11.04,11.04,10.71,10.83,2659500
20161209,10.89,10.93,10.62,10.73,1895800
20161212,10.73,10.94,10.66,10.75,2233600
20161213,10.78,11.17,10.67,11,3000200
20161214,11.02,11.06,10.79,10.9,2223400
20161215,10.92,11,10.73,10.92,1729300
20161216,10.98,11.23,10.83,11.14,4214500
20161219,11.2,11.2,10.86,10.93,5665100
20161220,10.98,10.98,10.57,10.66,2722800
20161221,10.71,10.79,10.61,10.76,1350000
20161222,10.7,10.89,10.68,10.75,1535300
20161223,10.85,10.85,10.56,10.74,1626000
20161226,10.82,10.85,10.72,10.82,545600
20161227,10.92,10.98,10.72,10.81,1323400
20161228,10.89,11.03,10.79,10.95,1146900
20161229,10.91,10.99,10.83,10.94,1426100
20170102,10.83,11.18,10.83,11.05,984100
20170103,11.18,11.42,11.15,11.3,4637800
20170104,11.19,11.34,11.19,11.3,6293700
