<DTYYYYMMDD>,<OPEN>,<HIGH>,<LOW>,<CLOSE>,<VOL>
20100601,29.38,29.98,28.94,29.14,8360700
20100602,28.98,29.77,28.94,29.44,3000800
20100604,29.29,30.41,29.07,29.87,5117900
20100607,29.96,30.58,29.87,30.04,4344000
20100608,30.2,30.58,30.02,30.4,3608700
20100609,30.64,31.35,30.49,30.53,4606000
20100610,31.05,31.33,30.62,30.88,4699400
20100611,30.53,30.81,30.3,30.53,3242300
20100614,30.93,30.93,29.75,29.75,3292400
20100615,29.88,30.04,29.5,29.94,2582600
20100616,29.74,30.66,29.61,30.56,5356000
20100617,30.44,30.73,30.08,30.39,5069800
20100618,30.49,30.49,29.97,30.27,3560100
20100621,30.44,30.84,30.09,30.2,5703100
20100622,30.26,30.36,29.37,29.37,5859600
20100623,29.57,29.76,28.68,28.83,7437000
20100624,28.71,28.71,27.92,27.94,5505000
20100625,27.88,28.59,27.76,28.3,3332100
20100628,28.37,28.55,27.71,27.71,1923400
20100629,27.27,27.59,27.16,27.43,4796500
20100630,27.4,28.11,27.32,27.39,3242400
20100701,27.4,27.69,26.53,26.68,4743000
20100702,26.95,27.02,26.62,26.77,2940700
20100705,26.95,27.05,26.51,26.51,840200
20100706,27.08,27.45,26.9,27.38,3485000
20100707,27.37,27.92,27,27.79,4066400
20100708,27.93,28.1,27.64,28.1,3034500
20100712,28.12,28.25,27.67,27.81,1836400
20100713,27.93,28.01,27.45,27.56,2965800
20100714,27.4,27.78,27.27,27.65,1876900
20100715,27.66,27.66,27.21,27.41,2367300
20100716,27.39,27.39,27.02,27.02,1851200
20100719,27.09,27.31,26.93,27.22,1569500
20100720,27.11,28.23,26.93,28.19,3269000
20100721,28.41,28.46,27.69,27.87,2519600
20100722,28.23,28.51,28.06,28.16,2732400
20100723,28.19,28.26,27.84,28.08,1872600
20100726,28.09,28.32,27.98,28.22,1160900
20100727,28.34,28.44,27.99,28.1,1908500
20100728,28.02,28.22,27.75,27.84,3143200
20100729,27.96,28.03,27.64,27.64,2442800
20100730,27.63,28.31,27.44,28.31,4437900
20100802,28.62,29.26,28.44,29.06,2945800
20100803,28.91,30.06,28.91,29.79,3199800
20100804,30,30.26,29.72,30.14,5675600
20100805,30.04,30.17,29.82,30.06,3347900
20100806,30.01,30.14,29.59,29.81,2733200
20100809,30.01,30.09,29.48,29.48,2008300
20100810,29.24,29.42,28.89,29.26,3618500
20100811,28.9,28.9,28.13,28.14,4400000
20100812,27.86,28.53,27.82,28.19,2993700
20100813,28.18,28.38,28.05,28.24,2523000
20100816,28.05,28.3,27.99,28.18,3080900
20100817,28.35,29,28.28,28.73,4662400
20100818,28.63,28.72,27.88,28.02,5043700
20100819,27.3,27.57,26.92,27,5893200
20100820,26.92,27.17,26.6,26.94,5431500
20100823,27.16,27.16,26.77,26.84,3199100
20100824,26.59,26.99,26.23,26.29,2892500
20100825,26.23,26.48,25.65,26.45,4033300
20100826,26.85,26.9,25.88,25.88,3990600
20100827,26.21,26.63,25.79,26.63,3387600
20100830,26.28,26.45,25.75,25.92,2669300
20100831,25.79,26.31,25.72,26.31,4516300
20100901,26.5,27.79,26.37,27.79,4980500
20100902,27.35,28.63,27.25,27.78,6574700
20100903,28.51,29.18,28.29,29.09,10249100
20100906,29.34,29.65,29.01,29.65,2782700
20100908,28.76,28.94,28.17,28.33,5275300
20100909,28.44,28.48,27.41,27.79,6108500
20100910,27.81,28.06,27.51,27.58,6971800
20100913,27.98,28.36,27.7,28.15,6546700
20100914,28.05,28.2,26.8,26.8,5844200
20100915,25.88,26.72,25.83,26.66,10350400
20100916,26.24,26.76,26.24,26.65,4740300
20100917,26.41,26.85,26.41,26.85,4121200
20100920,26.79,27.56,26.47,27.39,5071600
20100921,27.33,27.49,26.5,26.5,4546500
20100922,25.88,26.55,25.88,26.39,8047000
20100923,26.32,27.74,26.28,26.9,13998200
20100924,26.94,27.03,26.21,26.37,14923300
20100927,26.37,27.08,26.16,26.9,20669100
20100928,27.08,27.1,26.75,26.75,10499700
20100929,26.75,27.52,26.75,27.52,38576000
20100930,27.44,27.81,26.92,27.03,15425100
20101001,27.22,27.44,26.99,27.21,6739600
20101004,27.13,27.48,27.12,27.17,7305500
20101005,27.39,27.45,26.45,27.02,12652400
20101006,26.92,26.93,25.68,25.95,12829400
20101007,26.08,26.08,24.52,25.17,14422700
20101008,24.85,25.79,24.82,25.79,9205000
20101011,25.79,25.92,25.45,25.56,4044900
20101013,25.76,25.76,25.3,25.43,7671500
20101014,25.43,25.92,25.14,25.88,14490600
20101015,25.96,26.04,25.34,25.47,13552900
20101018,25.35,25.58,25.15,25.52,10408000
20101019,25.12,25.28,23.99,24.59,7982800
20101020,24.68,24.78,24.45,24.45,5803300
20101021,24.41,24.56,23.63,23.72,10282400
20101022,24.01,24.21,23.43,23.79,8490800
20101025,23.92,24.32,23.85,24.2,4602100
20101026,24.13,25.51,23.98,25.3,8584300
20101027,25.16,26.24,24.78,25.6,7856300
20101028,25.91,26.1,25.32,25.61,7442300
20101029,25.82,25.88,25.3,25.39,7111800
20101101,25.61,26.05,25.42,25.88,4135600
20101103,26.17,26.35,25.92,26.18,8146700
20101104,26.54,27.02,26.36,26.98,6741900
20101105,26.81,27.1,26.72,26.76,3403600
20101108,26.59,27.09,26.59,27.06,3367000
20101109,27.17,27.31,26.72,26.72,4604700
20101110,26.63,26.84,26.46,26.75,5299700
20101111,26.64,26.7,26.27,26.36,4124600
20101112,26,26.17,25.46,25.48,4223600
20101116,25.46,25.5,24.75,24.98,5893900
20101117,25.02,25.3,24.9,25.1,2889400
20101118,25.55,25.65,25.24,25.49,3741000
20101119,25.41,25.42,24.99,25.42,2952100
20101122,25.33,25.42,24.63,24.66,3616600
20101123,24.39,24.56,24.18,24.42,6064900
20101124,24.58,25.04,24.46,24.91,4823400
20101125,24.94,25.02,24.57,24.57,1527900
20101126,24.27,24.54,24.17,24.33,3515800
20101129,24.22,24.58,24.22,24.57,5712000
20101130,24.52,24.82,24.28,24.46,7569300
20101201,24.8,25.16,24.7,25.16,4278200
20101202,25.33,25.53,25.13,25.21,3658300
20101203,25.21,25.54,25.06,25.54,3218600
20101206,25.54,25.83,25.48,25.66,2496700
20101207,25.98,26.08,25.03,25.03,7134500
20101208,25.03,25.23,24.55,24.74,4838700
20101209,24.79,25.2,24.79,25.1,6047500
20101210,25.2,25.38,25.08,25.31,3956400
20101213,25.46,25.72,25.31,25.63,2518900
20101214,25.45,25.62,25.3,25.46,4162500
20101215,25.21,25.29,24.98,24.98,4861000
20101216,25.11,25.23,24.89,24.99,2676200
20101217,24.92,25.57,24.82,25.57,3043200
20101220,25.63,25.76,25.31,25.31,7020200
20101221,25.56,25.66,25.38,25.42,2999100
20101222,25.38,25.64,25.29,25.64,3232000
20101223,25.38,25.73,25.38,25.68,2009400
20101227,25.55,26.01,25.39,25.86,2410100
20101228,26.11,26.69,26.1,26.64,4822700
20101229,26.68,27.24,26.68,27.09,4042100
20101230,27.35,27.64,27.19,27.49,8609400
20110103,27.64,27.78,27.1,27.27,5064700
20110104,27.27,27.36,26.58,27.05,10066400
20110105,26.82,27.6,26.73,27.56,5502100
20110106,27.49,27.76,27.27,27.4,6889400
20110107,27.35,27.45,26.91,27,5344500
20110110,26.94,27.33,26.77,27.18,5282900
20110111,27.31,27.67,27.22,27.45,6854100
20110112,27.51,28.42,27.51,28.32,8136700
20110113,28.38,28.58,27.45,27.45,6285500
20110114,27.47,27.9,27.18,27.69,3167100
20110117,27.72,27.74,27.42,27.42,4360500
20110118,27.69,27.85,27.45,27.85,6112800
20110119,27.9,27.94,27.12,27.12,4455900
20110120,27.09,27.39,26.7,27.09,5361900
20110121,27.18,27.36,26.82,26.88,4923700
20110124,27.09,27.16,26.57,27,4394900
20110126,26.99,27.3,26.48,26.55,5191100
20110127,26.64,26.94,26.45,26.64,4813400
20110128,26.64,26.83,26.06,26.41,4915300
20110131,26.59,27.08,26.37,27.04,7851600
20110201,27.18,27.67,27.06,27.62,7136600
20110202,27.63,28.25,27.47,27.9,10226100
20110203,27.87,28.44,27.85,28.36,8695200
20110204,28.21,28.48,27.88,27.9,5859200
20110207,28.08,28.19,27.45,27.45,4156400
20110208,27.36,27.72,27.01,27.01,7507900
20110209,27.04,27.13,26.2,26.2,4280700
20110210,26.18,26.96,26.18,26.47,4516200
20110211,26.64,26.97,26.43,26.61,3686600
20110214,26.64,27.33,26.52,27.15,3692600
20110215,26.96,28.01,26.82,27.56,7426800
20110216,27.98,28.08,27.58,27.81,4515700
20110217,27.9,27.99,27.5,27.58,2372500
20110218,27.51,27.98,27.51,27.84,3217100
20110221,27.85,28.11,27.72,27.85,1812900
20110222,27.97,28.74,27.94,28.38,11655100
20110223,28.57,29.96,28.44,29.7,16428800
20110224,30.29,30.52,29.08,29.16,11331000
20110225,29.25,29.61,28.8,29.57,7541700
20110228,29.33,29.5,28.79,29.34,8036800
20110301,29.26,29.61,28.81,28.93,5225000
20110302,29.16,29.97,28.84,29.88,7569000
20110303,29.87,30.01,29.45,29.84,4305900
20110304,29.82,30.33,29.7,30.28,7467400
20110309,29.88,30.14,29.47,29.52,3543900
20110310,29.45,29.45,28.63,28.89,8281500
20110311,28.79,29.4,28.38,28.99,6340300
20110314,28.88,29.28,28.57,29.2,2867400
20110315,28.48,29.1,28.29,28.91,6059900
20110316,28.91,29.37,28.36,28.62,7826800
20110317,28.98,29.16,28.73,28.99,4268800
20110318,29.17,29.19,28.71,28.77,6506900
20110321,29.2,29.34,28.81,29.02,4544600
20110322,29.03,29.78,29.02,29.47,6870900
20110323,29.29,29.89,29.29,29.83,4348200
20110324,29.84,30.04,29.48,29.61,3194400
20110325,29.63,29.96,29.48,29.84,3057500
20110328,29.75,30,29.38,29.38,2385400
20110329,29.56,29.71,29.29,29.31,3308900
20110330,29.49,29.66,29.24,29.31,3884700
20110331,29.38,29.61,29.3,29.49,4192000
20110401,29.55,29.92,29.49,29.92,4066100
20110404,30.02,30.02,29.52,29.66,3100500
20110405,29.61,29.61,29.11,29.23,5157300
20110406,29.29,29.3,28.92,29,3149900
20110407,28.92,29,28.4,28.62,4716000
20110408,28.85,28.93,28.31,28.45,3964900
20110411,28.62,28.84,27.88,28.05,3840500
20110412,27.74,27.93,26.94,27.05,7304600
20110413,27.23,27.25,26.35,26.49,6744500
20110414,26.4,26.69,26.06,26.06,5774000
20110415,26.24,26.86,26.18,26.8,7765700
20110418,26.35,26.6,25.73,25.73,5723200
20110419,26.06,26.39,25.88,26.01,4808700
20110420,26.55,26.65,26.13,26.65,5021100
20110425,26.63,26.77,26.39,26.54,2128900
20110426,26.54,26.74,26.26,26.54,3892300
20110427,26.47,26.58,25.93,26.16,4594500
20110428,25.9,26.06,25.67,25.99,8739600
20110429,26.02,26.23,25.8,26.23,3671900
20110502,26.24,26.35,26.02,26.05,3811700
20110503,26.07,26.24,25.84,25.84,6734400
20110504,26.08,26.14,25.61,25.71,4575400
20110505,25.46,25.74,24.72,25.01,6821600
20110506,25.38,25.42,24.72,24.72,4295100
20110509,24.88,25.36,24.8,25.15,4366500
20110510,25.33,25.42,25.03,25.18,3923800
20110511,25.05,25.23,24.71,24.71,6211400
20110512,24.24,24.69,24.18,24.48,5492700
20110513,24.51,24.61,24.15,24.15,5552500
20110516,24.14,25.16,24.01,24.72,6531100
20110517,24.7,25.21,24.5,25.11,5110300
20110518,25.16,25.42,24.74,24.74,5396800
20110519,24.98,24.98,24.29,24.3,4711300
20110520,24.38,24.82,24.18,24.7,2514100
20110523,24.25,24.51,24.06,24.42,3736900
20110524,24.69,24.9,24.44,24.52,3437900
20110525,24.52,24.93,24.38,24.62,2771800
20110526,24.67,24.89,24.5,24.87,3681500
20110527,25.02,25.16,24.78,24.96,2591500
20110530,25.16,25.16,24.68,24.68,637500
20110531,24.96,25.04,24.41,24.54,5981700
20110601,24.54,24.65,24.26,24.52,7250100
20110602,24.53,24.53,24.1,24.31,7028400
20110603,24.15,24.58,24.09,24.09,5049300
20110606,24.24,24.3,23.46,23.57,5354900
20110607,23.67,23.72,23.26,23.34,5798400
20110608,23.26,23.78,23.23,23.6,5895500
20110609,23.61,24.26,23.53,24.02,3898400
20110610,24.02,24.19,23.8,23.97,5387700
20110613,23.98,24.1,23.54,23.54,3034500
20110614,23.67,24.01,23.67,23.92,6323700
20110615,23.57,23.92,23.53,23.61,5537900
20110616,23.6,24.09,23.44,23.66,4263000
20110617,23.96,23.96,23.44,23.48,5109000
20110620,23.42,23.74,23.22,23.33,6513200
20110621,23.42,23.58,23.28,23.55,3723500
20110622,23.47,23.98,23.46,23.52,5333300
20110624,23.34,23.51,23.03,23.05,5102500
20110627,23.08,23.42,22.97,23.26,4028000
20110628,23.31,23.65,23.28,23.65,4240800
20110629,23.74,23.78,23.4,23.55,2724800
20110630,23.87,24.01,23.7,24.01,4743000
20110701,23.92,24.12,23.73,24.06,5451100
20110704,24.11,24.11,23.93,24.01,1136600
20110705,23.98,24.2,23.75,23.79,2730000
20110706,23.69,23.9,23.46,23.75,4382300
20110707,23.97,24.05,23.8,23.85,3012300
20110708,23.7,24.03,23.63,23.72,3559400
20110711,23.5,23.6,23.26,23.33,3051200
20110712,23.28,23.55,23.14,23.33,2805000
20110713,23.49,23.68,23.33,23.6,4788200
20110714,23.49,23.65,23.02,23.14,4577000
20110715,23.16,23.34,23.06,23.22,7440500
20110718,23.06,23.27,22.98,23.05,3488100
20110719,23.17,23.28,22.8,22.88,4272600
20110720,22.97,23.09,22.69,22.69,3185700
20110721,22.83,23.41,22.73,23.28,4692500
20110722,23.34,23.57,23.22,23.33,3842700
20110725,23.31,24.01,23.3,23.84,6666400
20110726,23.88,24.29,23.88,24.13,6568900
20110727,24.04,24.3,23.87,24.1,5725000
20110728,24.26,24.26,23.84,23.84,4804800
20110729,23.61,23.97,23.55,23.83,4097400
20110801,24.07,24.2,23.8,23.92,4909600
20110802,23.83,24.08,23.42,23.42,3994300
20110803,23.52,23.85,22.77,22.77,6439900
20110804,22.4,22.75,21.18,21.18,14565100
20110805,21.39,21.58,20.36,20.77,13560500
20110808,19.92,20.13,18.44,19.13,11239200
20110809,19.24,20.19,19.12,19.66,11746400
20110810,19.38,20.38,19.29,20.19,10226000
20110811,20.41,20.97,19.83,20.84,9827800
20110812,21.09,21.09,20.57,20.7,6823600
20110815,21,21.48,20.87,21.48,4869600
20110816,21.11,21.27,20.88,21.22,7235700
20110817,21.23,21.34,20.9,21.3,6744300
20110818,20.81,20.97,20.06,20.47,10553300
20110819,20.14,20.6,19.96,20.13,9389200
20110822,20.31,20.49,19.74,19.8,6110600
20110823,20,20.44,19.7,20.37,6415400
20110824,20.28,20.65,20.11,20.47,8340900
20110825,20.44,20.56,19.96,20.1,4954900
20110826,19.96,20.28,19.75,20.11,4732700
20110829,20.33,20.93,20.33,20.84,4214400
20110830,20.69,21.01,20.57,20.84,6210800
20110831,21.06,21.18,20.71,21.16,6961200
20110901,21.37,21.66,21.16,21.36,7055900
20110902,21.15,21.29,20.22,20.72,8643400
20110905,20.3,20.4,20.11,20.24,2205700
20110906,19.95,20.85,19.89,20.75,6675700
20110908,21.11,21.2,20.82,21.02,4222300
20110909,20.8,20.97,20.28,20.31,3470300
20110912,20.15,20.57,19.91,20.52,4111300
20110913,20.64,20.74,20.36,20.56,3764800
20110914,20.64,21.13,20.43,20.84,4076000
20110915,20.84,21.13,20.79,20.86,3939300
20110916,20.84,21.01,20.72,20.84,3108900
20110919,20.42,21.14,20.42,21.12,3683700
20110920,21.07,21.44,20.88,20.88,3419100
20110921,21.05,21.45,20.91,20.91,5438200
20110922,20.29,20.53,19.54,19.73,8006900
20110923,19.66,20,19.35,19.36,5244000
20110926,19.54,20.03,19.18,20.02,3886300
20110927,20.28,20.4,19.77,19.78,2889000
20110928,20,20.01,19.55,19.55,4599400
20110929,19.77,19.87,19.46,19.46,5027500
20110930,19.36,19.56,19.08,19.27,6697400
20111003,19.14,19.22,18.49,18.49,5822200
20111004,18.15,18.57,17.92,18.57,6578300
20111005,18.56,18.67,18.02,18.25,6891200
20111006,18.53,19.27,18.37,18.98,8615300
20111007,19.21,19.21,18.22,18.35,5845500
20111010,18.58,19.05,18.42,19.05,4929800
20111011,18.98,19.27,18.68,19.18,5627100
20111013,19.6,19.66,18.99,19.4,6258200
20111014,19.5,19.74,19.33,19.74,2658400
20111017,19.48,19.76,18.92,19.31,5764200
20111018,19.19,19.55,18.98,19.47,4809300
20111019,19.53,19.54,19.13,19.31,4581800
20111020,19.31,19.31,18.57,18.86,6557600
20111021,18.93,19.47,18.92,19.36,4520300
20111024,19.42,19.91,19.34,19.82,5325000
20111025,19.69,20.17,19.56,20,5638000
20111026,20.14,20.3,19.84,20.12,4509100
20111027,20.74,21.34,20.59,21.02,7718700
20111028,20.97,21.46,20.83,21.46,8732100
20111031,21.49,21.82,21.04,21.28,9977100
20111101,20.37,21.13,20.37,20.97,6462900
20111103,21.42,21.88,21.21,21.82,5130400
20111104,21.67,22.12,21.58,22.03,3691900
20111107,21.91,22.81,21.91,22.7,5441700
20111108,22.81,22.91,22.38,22.5,5212200
20111109,22.08,22.17,21.42,21.43,5572200
20111110,21.74,21.92,21.51,21.67,4460000
20111111,21.98,22.24,21.85,21.99,4252900
20111114,22.05,22.35,21.85,22.08,2918100
20111116,22.13,22.56,21.92,22.43,5578700
20111117,22.14,22.48,21.74,21.78,4466400
20111118,22.04,22.14,21.71,21.97,4983100
20111121,21.57,22.02,21.43,21.85,4913300
20111122,21.85,22.13,21.74,21.85,3633800
20111123,21.6,21.86,21.56,21.67,5865100
20111124,21.84,21.97,21.6,21.78,1802000
20111125,21.52,21.86,21.21,21.21,3660500
20111128,21.67,21.96,21.55,21.83,3639400
20111129,21.82,22.29,21.63,21.63,6939400
20111130,22.21,22.59,22.05,22.43,9744800
20111201,22.59,22.96,22.43,22.96,6135900
20111202,23.13,23.2,22.73,22.9,5147500
20111205,23.15,23.61,22.97,23.4,5309100
20111206,23.26,23.68,23.26,23.61,6066300
20111207,23.75,23.75,23.27,23.55,4361700
20111208,23.71,23.71,22.32,22.63,8311200
20111209,22.74,23.21,22.64,23.01,4506700
20111212,22.76,22.86,22.12,22.35,4957000
20111213,22.52,22.8,22.27,22.41,5858100
20111214,22.23,22.38,21.66,21.66,7308200
20111215,21.93,22.31,21.26,21.44,7106400
20111216,21.65,21.65,21.18,21.2,5636300
20111219,21.11,21.52,21.02,21.1,5785500
20111220,21.38,22.07,21.25,22.07,6524100
20111221,21.76,21.9,21.37,21.8,5979800
20111222,21.85,22.28,21.81,22.12,4728700
20111223,22.16,22.35,22.11,22.22,5148400
20111226,22.18,22.27,22.11,22.11,940500
20111227,22.05,22.29,22.02,22.1,3115700
20111228,22.21,22.21,21.19,21.19,3518300
20111229,21.22,21.51,20.83,21.38,7008700
20120102,21.5,21.95,21.14,21.58,3758200
20120103,21.77,22.53,21.77,22.53,5402100
20120104,22.32,22.77,22.1,22.67,4588400
20120105,22.6,22.8,22.28,22.53,7905400
20120106,22.6,22.84,22.42,22.51,3454500
20120109,22.51,22.96,22.46,22.96,3877000
20120110,23.26,23.36,23.08,23.28,5139200
20120111,23.24,23.45,22.99,23.3,4023900
20120112,23.45,23.89,23.15,23.6,9340800
20120113,23.59,23.85,23.39,23.79,8825600
20120116,23.79,24.42,23.67,24.36,2947200
20120117,24.57,24.57,24.18,24.18,11281000
20120118,24.24,24.82,24.14,24.8,7879300
20120119,24.95,25.07,24.68,24.75,6317400
20120120,24.64,24.71,24.33,24.71,4429900
20120123,24.57,26.06,24.45,25.6,10433500
20120124,25.6,26.5,25.46,26.01,8526100
20120126,26.18,26.44,25.5,25.5,7766300
20120127,25.52,25.77,25.15,25.19,4577300
20120130,24.9,25.24,24.85,25.13,4086900
20120131,25.42,25.55,24.9,25.24,6149800
20120201,25.43,25.77,25.26,25.51,6060200
20120202,25.48,25.76,25.06,25.13,8202700
20120203,25.08,25.56,24.98,25.19,6516500
20120206,25.17,25.49,24.95,25.49,3007300
20120207,25.41,26.1,25.23,26.03,4255800
20120208,26.03,26.32,25.74,25.88,4228500
20120209,25.9,26.24,25.57,25.82,5251400
20120210,24.29,24.66,23.65,23.68,15686200
20120213,24.2,24.54,23.78,24.37,6602600
20120214,24.48,24.48,23.16,23.34,8522000
20120215,23.62,23.7,22.76,23.14,10255200
20120216,23.07,23.91,22.9,23.91,7214500
20120217,23.91,24.11,23.54,23.78,8370700
20120222,23.69,23.89,22.93,23.78,4634300
20120223,23.5,23.91,23.48,23.77,6390100
20120224,23.96,24.44,23.91,24.34,5899500
20120227,24.43,24.68,23.84,23.96,9476600
20120228,24.15,24.42,23.99,24.06,7387500
20120229,24.16,24.41,23.88,24.1,7240700
20120301,24.34,24.57,24.08,24.57,5696300
20120302,24.66,24.95,24.47,24.95,5237500
20120305,24.72,24.85,24.05,24.21,6098200
20120306,23.68,23.79,23.09,23.3,6482400
20120307,23.7,23.72,23.28,23.49,3797700
20120308,24,24.09,23.49,23.52,4050300
20120309,23.61,23.8,23.32,23.32,5095200
20120312,23.11,23.45,23.1,23.15,7193400
20120313,23.43,24.06,23.23,24.06,5862900
20120314,24.19,24.54,24.01,24.17,11443900
20120315,23.93,24.33,23.53,23.54,5369400
20120316,23.63,23.68,22.99,23.63,7250100
20120319,23.67,23.93,23.39,23.68,3244000
20120320,23.51,23.6,23.28,23.45,5728800
20120321,23.42,23.61,23.28,23.32,3556000
20120322,23.18,23.31,22.8,22.94,5547900
20120323,23.16,23.29,22.88,23.01,4632200
20120326,23.28,23.61,23.25,23.54,5357800
20120327,23.4,23.56,23.09,23.23,5659300
20120328,23.11,23.13,22.44,22.78,6206000
20120329,22.48,22.8,22.4,22.77,7463800
20120330,22.85,22.93,22.58,22.9,7064300
20120402,22.99,23.19,22.57,22.93,5444200
20120403,22.88,22.89,22.19,22.26,5713600
20120404,21.96,22.04,21.61,21.67,7159100
20120405,21.6,22.01,21.52,21.73,3344100
20120409,21.44,21.51,21.23,21.27,2396700
20120410,21.21,21.49,20.79,20.88,3181500
20120411,21.2,21.24,20.83,21.06,6984100
20120412,21.23,21.74,21.08,21.69,3895200
20120413,21.6,21.69,21.13,21.15,5823600
20120416,21.35,21.58,20.89,21.08,4325700
20120417,21.34,21.34,20.93,21.07,4869600
20120418,21.1,21.57,20.85,21.41,6909000
20120419,21.36,21.53,21.05,21.05,2882100
20120420,21.26,21.44,21.09,21.09,3202500
20120423,20.86,20.95,20.69,20.87,3999100
20120424,20.91,20.99,20.7,20.92,2313600
20120425,21.11,21.18,20.47,20.8,4567400
20120426,20.73,21.07,20.5,21,6068500
20120427,21.19,21.19,20.68,20.83,4258500
20120430,20.8,21.1,20.76,21.1,5973200
20120502,21.18,21.79,21.11,21.73,6945900
20120503,21.75,21.98,20.97,21.05,6473900
20120504,20.98,21.07,19.85,20.17,9448500
20120507,20.21,20.4,19.7,20.26,7382700
20120508,20.21,20.23,19.65,19.88,5117400
20120509,19.65,19.89,19.4,19.77,5981600
20120510,19.85,20.12,19.58,19.58,3407900
20120511,19.4,19.71,19.21,19.21,3803500
20120514,19.03,19.24,18.84,18.85,7555800
20120515,18.97,19.24,18.35,18.35,6757400
20120516,19.18,19.49,18.79,19.01,10178800
20120517,19.18,19.21,18.27,18.27,8336400
20120518,18.46,19.02,18.3,18.82,8937300
20120521,18.99,20.2,18.99,20.2,7815700
20120522,20.07,20.25,19.48,19.54,7388100
20120523,19.51,19.63,18.73,19.05,5507500
20120524,19.15,19.36,18.44,18.55,8129000
20120525,18.56,18.87,18.37,18.39,4562400
20120528,18.74,18.99,18.55,18.56,1923200
20120529,18.89,19.06,18.55,18.71,6373200
20120530,18.42,18.61,18.23,18.28,5092900
20120531,18.34,18.84,18,18.84,8411200
20120601,18.36,18.87,18.25,18.75,4809500
20120604,18.64,19.13,18.56,19.01,4725600
20120605,19.03,19.21,18.64,18.65,5008400
20120606,18.98,19.23,18.84,19.03,6953000
20120608,19.13,19.13,18.54,18.79,9360700
20120611,19,19.11,18.22,18.22,9180600
20120612,18.32,18.48,18.15,18.32,6454300
20120613,18.41,18.72,18.2,18.68,9026800
20120614,18.37,18.51,17.92,17.96,10502200
20120615,18.08,18.22,17.6,18.22,10688600
20120618,18.14,18.7,17.95,18.56,5899900
20120619,18.71,19.78,18.64,19.45,10138300
20120620,19.54,19.97,19.41,19.71,7408000
20120621,19.84,19.89,19.01,19.01,5676600
20120622,19.22,19.34,18.81,19.19,5689800
20120625,18.27,18.5,17.48,17.59,10888900
20120626,17.82,17.88,17.42,17.65,9823300
20120627,17.7,17.87,17.35,17.36,5556800
20120628,17.41,17.73,17.18,17.42,4684900
20120629,17.84,18.05,17.7,17.99,4861500
20120702,17.8,18.13,17.64,18.03,7625500
20120703,18.15,18.83,18.07,18.74,11642400
20120704,18.65,18.94,18.48,18.65,2169800
20120705,18.83,19.51,18.8,19.36,8097900
20120706,19.03,19.17,18.77,18.92,4260100
20120710,18.71,18.84,17.99,18.03,7681800
20120711,18.12,18.46,17.89,18.17,5780100
20120712,17.94,18.35,17.65,18.24,5395200
20120713,19.13,19.38,18.96,19.27,6040000
20120716,19.18,19.46,18.79,18.99,5884100
20120717,19,19.22,18.77,18.93,4080400
20120718,18.81,18.97,18.67,18.94,4257200
20120719,18.94,19.39,18.94,19.29,4497100
20120720,19.04,19.21,18.73,18.8,3833500
20120723,18.55,18.61,18.05,18.51,3464300
20120724,18.61,18.73,18.14,18.37,4064500
20120725,18.57,18.72,18.25,18.61,3373500
20120726,18.89,18.97,18.53,18.8,5626100
20120727,19.04,19.8,18.91,19.8,5393000
20120730,19.67,19.99,19.36,19.99,4635200
20120731,19.89,19.94,19,19.08,6867000
20120801,19.17,19.55,18.68,19.41,8420700
20120802,19.1,19.64,19,19.19,7728200
20120803,19.55,19.96,19.45,19.67,9658700
20120806,18.67,19.97,18.53,19.7,9939800
20120807,19.97,20.43,19.75,19.99,12766500
20120808,20.22,21.13,19.99,21.07,13581300
20120809,20.66,21.05,20.66,20.96,4442200
20120810,20.75,21.11,20.1,20.95,3783400
20120813,20.94,21.2,20.78,20.89,3364600
20120814,21.03,21.32,20.75,20.77,6342600
20120815,20.65,21.13,20.65,20.94,5828700
20120816,21.18,21.46,21.09,21.38,5678300
20120817,21.54,21.58,21.23,21.43,4516000
20120820,21.39,21.59,21.3,21.41,5091400
20120821,21.8,21.8,20.98,21.06,7265800
20120822,20.91,21.35,20.91,21.29,5181400
20120823,21.17,21.35,20.91,21.05,6838400
20120824,20.79,21.22,20.79,20.9,5455200
20120827,20.92,21.13,20.74,21.08,2857800
20120828,20.84,21.19,20.84,20.99,3956500
20120829,20.96,21.22,20.76,20.91,5961800
20120830,20.71,20.9,20.54,20.66,6177700
20120831,20.81,20.92,20.27,20.27,7317500
20120903,20.39,20.58,20.08,20.37,2860800
20120904,20.32,20.42,20.02,20.08,4435300
20120905,20.22,20.41,19.91,20.27,3532900
20120906,20.41,20.88,20.3,20.79,4430200
20120910,21.15,21.26,20.88,20.96,5383800
20120911,20.9,21.53,20.9,21.39,6414000
20120912,21.58,21.81,21.4,21.78,6227900
20120913,21.63,22.77,21.58,22.75,11702100
20120914,22.8,23.73,22.75,23.17,19416200
20120917,23.13,23.77,22.75,23.03,9454500
20120918,23.03,23.22,22.78,22.9,6585200
20120919,22.81,23.07,22.27,22.27,9373900
20120920,22.16,22.8,22.04,22.46,8268900
20120921,22.66,22.83,22.32,22.32,5871700
20120924,22.27,22.57,22.18,22.57,6290900
20120925,22.6,22.77,22.18,22.37,6799900
20120926,22.27,22.49,22.13,22.46,4867100
20120927,22.48,22.66,22.36,22.44,7299500
20120928,22.21,22.36,21.92,22.18,6946900
20121001,22.17,22.55,22.02,22.22,4499800
20121002,22.37,22.47,22.04,22.39,6263000
20121003,22.38,22.5,21.95,22.05,4719500
20121004,21.99,22.3,21.72,22.13,4041200
20121005,22.32,22.37,21.89,21.98,3997500
20121008,21.91,22.23,21.77,22.18,3090600
20121009,22.18,22.29,21.86,21.98,2835900
20121010,21.95,22.12,21.78,21.84,2601100
20121011,21.89,22.32,21.89,22.22,2919600
20121015,22.35,22.54,22.16,22.54,4467300
20121016,22.65,22.81,22.24,22.54,4297600
20121017,22.54,22.59,21.99,22.32,6285700
20121018,22.31,22.38,22.01,22.37,7135700
20121019,22.26,22.39,21.92,21.92,4226500
20121022,21.86,22.2,21.73,21.84,5630700
20121023,21.7,21.73,21.16,21.41,5498300
20121024,21.48,21.53,21.19,21.19,2485500
20121025,21.19,21.73,21.09,21.43,2893400
20121026,21.33,22.06,21.25,21.78,6411300
20121029,21.19,21.24,20.79,21.03,4574900
20121030,21.15,21.3,21.08,21.22,1720900
20121031,21.33,21.4,20.42,20.46,9511400
20121101,20.49,20.71,20.32,20.6,7542300
20121105,20.48,20.94,20.13,20.94,4107300
20121106,21.14,21.41,20.89,21.36,6257600
20121107,21.24,21.33,20.64,20.83,7105900
20121108,20.83,20.99,20.17,20.23,5424400
20121109,20.23,20.68,20.13,20.4,6543200
20121112,20.43,20.47,20,20.05,5668600
20121113,19.91,20.26,19.8,20.09,5613200
20121114,19.88,20.04,19.18,19.41,5661100
20121116,19.18,19.47,18.37,18.67,6718900
20121119,18.99,19.11,18.67,18.8,5731300
20121121,19.05,19.23,18.27,18.27,9515100
20121122,18.41,18.51,17.99,18.32,3174200
20121123,18.2,18.86,18.08,18.86,7738300
20121126,18.67,18.71,18.26,18.43,4713500
20121127,18.43,18.83,18.04,18.15,9843000
20121128,17.95,18.36,17.92,18.27,9110600
20121129,18.56,18.65,18.2,18.59,9787100
20121130,18.48,18.69,18.01,18.18,10440900
20121203,18.28,18.49,18.11,18.49,7841200
20121204,18.43,18.56,18.13,18.23,8703500
20121205,18.25,18.41,18.12,18.36,7956000
20121206,18.27,18.36,18.06,18.12,5411100
20121207,18.17,18.51,18.05,18.51,4994400
20121210,18.41,18.97,18.32,18.97,6514600
20121211,19.07,19.27,18.96,19.26,8303200
20121212,19.19,19.3,18.92,19.09,9348500
20121213,18.87,19.22,18.69,18.81,7236500
20121214,18.82,19.6,18.78,19.56,12655100
20121217,19.37,19.43,19.06,19.24,8233700
20121218,19.21,19.55,19.03,19.41,9384800
20121219,19.57,20.14,19.57,20.11,15241600
20121220,20,20.24,19.75,20.24,11633700
20121221,19.9,19.98,19.53,19.87,10087000
20121226,19.71,19.79,19.21,19.21,5501500
20121227,19.13,19.32,18.47,18.56,10063600
20121228,18.68,18.73,18.42,18.61,15023400
20130102,19.1,19.37,18.87,18.88,10218100
20130103,19.01,19.59,18.88,19.59,7473900
20130104,19.49,19.9,19.42,19.78,15897900
20130107,19.66,19.93,19.26,19.4,10457200
20130108,19.41,19.64,18.79,18.84,10430500
20130109,18.95,19.25,18.81,19.03,11549200
20130110,19.16,19.21,18.88,19.16,7039200
20130111,19.23,19.36,19.02,19.21,5033500
20130114,19.35,19.6,19.09,19.22,5061300
20130115,19.23,19.5,19.11,19.16,5925000
20130116,19.21,19.22,18.96,19.22,4319800
20130117,19.22,19.32,19.09,19.09,4686100
20130118,19.21,19.25,18.94,18.94,4309500
20130121,19.01,19.01,18.69,18.76,3083300
20130122,18.82,19.02,18.28,18.94,6729500
20130123,18.94,19.05,18.84,18.87,4646900
20130124,18.81,19.09,18.78,18.96,4874600
20130128,19.08,19.18,18.59,18.65,6630500
20130129,18.65,18.65,18.15,18.41,5119500
20130130,18.27,18.27,17.43,17.46,16865900
20130131,17.56,17.61,17.16,17.35,10197400
20130201,17.37,17.86,17.37,17.72,5758200
20130204,17.55,17.57,17.13,17.23,13169700
20130205,16.61,16.75,15.64,15.8,53964100
20130206,15.79,15.94,15.51,15.6,12496200
20130207,15.69,15.98,15.21,15.32,17333200
20130208,15.34,15.44,15.08,15.23,13726400
20130213,15.2,15.21,14.99,15.1,9595900
20130214,15.07,15.15,14.89,15.03,8926300
20130215,14.98,15.07,14.82,14.94,7015300
20130218,14.94,15.2,14.85,15.2,4854600
20130219,15.21,15.32,15.11,15.18,13850500
20130220,15.25,15.25,14.67,14.77,10793300
20130221,14.58,14.76,14.27,14.44,12822100
20130222,14.56,14.65,14.13,14.37,11610600
20130225,14.46,14.46,14.14,14.18,12142300
20130226,14.04,14.15,13.8,13.99,12123600
20130227,14.07,14.23,13.78,14.02,9358100
20130228,14.01,14.14,13.77,13.79,13764500
20130301,13.71,14.04,13.59,13.97,10672500
20130304,13.89,14.16,13.54,13.54,10679900
20130305,13.66,13.8,13.46,13.56,8882700
20130306,14.94,15.74,14.76,15.62,46317800
20130307,15.97,16.87,15.89,16.39,32219400
20130308,16.35,16.67,15.71,15.89,11412100
20130311,15.99,16.36,15.55,16.36,9981500
20130312,16.3,16.6,16.04,16.12,9855500
20130313,16.04,16.5,16.04,16.08,11464500
20130314,16.23,16.59,15.98,16.59,13251200
20130315,16.51,16.94,16.34,16.94,15042000
20130318,16.64,16.95,16.46,16.79,10328200
20130319,16.75,16.93,16.32,16.63,10388800
20130320,16.63,16.63,16.29,16.42,9521700
20130321,16.36,16.42,16.13,16.13,6728300
20130322,16.15,16.3,16.09,16.19,4983100
20130325,16.32,16.32,15.97,16.07,4822900
20130326,16.16,16.32,15.97,16.08,4175500
20130327,16.05,16.09,15.87,16.08,5454000
20130328,16.04,16.17,15.84,16.04,4859800
20130401,15.87,15.99,15.78,15.78,4785000
20130402,15.76,15.93,15.38,15.38,6208500
20130403,15.44,15.8,15.42,15.8,9437000
20130404,15.77,15.92,15.42,15.49,11274600
20130405,15.39,15.64,15.27,15.53,5839800
20130408,15.61,15.61,15.17,15.23,4922500
20130409,15.33,16.1,15.23,16.04,9441300
20130410,16.04,16.48,16.04,16.18,7464500
20130411,16.1,16.32,15.71,15.81,8162100
20130412,15.79,15.81,15.25,15.62,7581300
20130415,15.25,15.42,14.89,14.89,9521400
20130416,15.08,15.34,14.98,15.18,9920700
20130417,14.89,15.22,14.55,14.7,13388800
20130418,14.82,15.39,14.67,15.31,7229800
20130419,15.57,15.93,15.46,15.93,9475500
20130422,15.92,16.33,15.7,16.33,10087400
20130423,16.27,17.03,16.14,16.75,12076600
20130424,16.68,17.34,16.63,17.19,16325800
20130425,17.3,17.39,16.99,17.03,17020800
20130426,16.93,17.32,16.89,17.17,6902100
20130429,18.07,18.53,17.99,18.23,19789000
20130430,18.35,18.57,18.07,18.52,13219500
20130502,18.35,18.81,18.24,18.59,9248000
20130503,18.73,18.95,18.35,18.35,6088000
20130506,18.43,18.76,18.29,18.76,9818800
20130507,18.72,18.98,18.57,18.92,7053100
20130508,18.99,19.11,18.5,18.59,6449100
20130509,18.64,18.93,18.5,18.64,7114900
20130510,18.4,18.67,18.22,18.54,4751700
20130513,18.31,18.45,18.07,18.1,7137200
20130514,18.33,18.35,17.89,18.15,6263900
20130515,18.1,18.29,17.92,18.26,5537500
20130516,18.21,18.55,18.05,18.16,7037700
20130517,18.25,18.62,18.24,18.4,7300600
20130520,18.38,18.69,18.1,18.66,2643600
20130521,18.65,18.81,18.35,18.71,4420200
20130522,18.72,18.76,18.02,18.19,9327800
20130523,17.88,18.06,17.69,18.06,7768400
20130524,18.02,18.2,17.82,18.05,11270700
20130527,17.99,18.13,17.91,17.91,1963400
20130528,18.13,18.49,18.08,18.27,9927600
20130529,18.18,18.38,18.06,18.09,7934700
20130531,18.3,18.68,18.12,18.32,12567300
20130603,18.39,18.55,18.2,18.37,8842500
20130604,18.47,18.53,18.1,18.28,6641700
20130605,18.25,18.25,17.43,17.48,10189800
20130606,17.66,17.66,17.34,17.5,7642400
20130607,17.24,17.43,16.97,17.01,12577000
20130610,17.07,17.31,17.02,17.12,6350500
20130611,16.99,16.99,16.45,16.62,8656300
20130612,16.71,16.88,16.11,16.14,9209400
20130613,16.12,16.9,16.05,16.75,9062100
20130614,16.73,16.75,15.96,15.96,6226200
20130617,16.37,16.53,16.08,16.13,16226500
20130618,16.03,16.18,15.83,15.89,11755200
20130619,15.95,16.13,15.4,15.5,15695000
20130620,15.29,15.64,14.97,15.5,24932100
20130621,15.45,15.5,14.76,14.76,17377800
20130624,14.36,14.56,14,14.24,12095200
20130625,14.58,14.68,14.11,14.19,8822400
20130626,14.34,14.58,14.21,14.29,12348100
20130627,14.29,14.51,14.28,14.38,7483700
20130628,14.39,14.46,13.95,14.3,12980600
20130701,14.34,14.5,14.05,14.21,7974500
20130702,14.14,14.42,13.51,13.65,13973900
20130703,13.6,14.37,13.48,13.93,29660700
20130704,14.2,14.33,13.97,14.07,7319200
20130705,13.96,14.04,13.03,13.21,19354300
20130708,13.29,13.37,13.03,13.08,8386600
20130710,13.28,13.62,13.14,13.32,8415100
20130711,13.69,14.39,13.61,14.29,21275800
20130712,14.19,14.63,14.05,14.05,18729200
20130715,14,14.41,14,14.23,7501900
20130716,14.36,14.54,14.14,14.45,6869500
20130717,14.66,15,14.63,14.82,11442900
20130718,14.77,15.27,14.77,14.99,10279100
20130719,15.06,15.24,14.94,14.95,7751200
20130722,15.03,15.49,15.03,15.26,7029200
20130723,15.32,15.64,15.28,15.55,8300000
20130724,15.53,15.8,15.23,15.41,7717400
20130725,15.3,15.67,15.27,15.67,10853700
20130726,15.49,15.81,15.43,15.64,6914400
20130729,15.64,15.71,15.19,15.33,5697400
20130730,15.39,15.43,14.91,14.96,9299300
20130731,14.92,15.1,14.72,14.85,6103000
20130801,15.22,15.69,15.16,15.55,7689300
20130802,15.55,15.77,15.36,15.45,6589900
20130805,15.45,15.64,15.11,15.24,5308800
20130806,15.21,15.23,14.73,14.8,6772600
20130807,14.7,15.05,14.69,14.79,5247300
20130808,14.87,15.4,14.74,15.27,7453700
20130809,15.35,15.64,15.15,15.53,10968400
20130812,15.82,16.11,15.23,15.29,14448600
20130813,15.48,15.58,15.09,15.29,10036600
20130814,15.27,15.76,15.23,15.56,15170900
20130815,15.35,16.7,15.31,16.48,20553300
20130816,16.41,16.78,16.09,16.6,10706300
20130819,16.36,16.59,16.16,16.35,10202200
20130820,16.27,16.38,15.76,15.76,7086400
20130821,15.73,16.31,15.63,15.94,11487000
20130822,16.41,16.96,16.35,16.79,18182900
20130823,16.64,17.1,16.62,16.9,11800200
20130826,16.9,17.08,16.55,16.55,6784000
20130827,16.4,16.53,15.99,16,10795800
20130828,16.03,16.17,15.56,15.61,7736300
20130829,15.7,15.92,15.42,15.42,6032500
20130830,15.51,15.64,15.17,15.42,13520100
20130902,15.82,15.86,15.5,15.59,6665600
20130903,15.44,15.84,15.29,15.35,9914600
20130904,15.23,15.63,15.19,15.6,6884300
20130905,15.59,16.4,15.35,16.12,20611800
20130906,16.4,16.5,16.01,16.27,9382500
20130909,16.31,16.73,16.29,16.7,13812200
20130910,16.68,17.01,16.68,16.9,14947100
20130911,16.79,17.04,16.7,16.87,10046700
20130912,16.7,16.91,16.22,16.28,16384700
20130913,16.28,16.7,16.24,16.58,7149700
20130916,16.85,17,16.61,16.84,5775200
20130917,16.88,16.99,16.69,16.99,7963100
20130918,16.95,17.32,16.46,17.24,11743100
20130919,17.38,17.6,17.03,17.33,11551100
20130920,17.33,17.33,16.86,17.09,9203100
20130923,17.09,17.3,16.92,17.01,7775600
20130924,17.09,17.14,16.76,16.8,7747400
20130925,16.75,16.87,16.56,16.77,6429700
20130926,16.79,16.88,16.67,16.81,9130400
20130927,16.81,17.01,16.66,16.74,6298100
20130930,16.61,17.14,16.38,16.38,17379400
20131001,16.56,16.74,16.39,16.74,7072000
20131002,16.7,16.89,16.64,16.68,3597000
20131003,16.69,16.8,16.51,16.58,7386000
20131004,16.4,16.79,16.23,16.79,9433500
20131007,16.7,16.85,16.6,16.7,5999300
20131008,16.67,16.78,16.2,16.34,9733200
20131009,16.44,16.51,16.12,16.25,6379800
20131010,16.46,16.54,16.23,16.43,6742500
20131011,16.41,16.53,16.22,16.41,5113600
20131014,16.37,16.56,16.22,16.48,5821600
20131015,16.47,16.58,16.34,16.56,9150000
20131016,16.64,16.68,16.27,16.4,11081200
20131017,16.35,16.64,16.35,16.42,6086500
20131018,16.43,16.66,16.18,16.28,7345600
20131021,16.25,17.19,15.97,17.08,11280700
20131022,17.04,17.24,16.79,16.8,7481000
20131023,16.8,17.04,16.5,16.5,6438900
20131024,16.51,16.7,16.27,16.47,4619300
20131025,16.42,16.85,16.35,16.7,19907200
20131028,17.48,18.35,17.25,18.35,26668800
20131029,18.29,18.35,17.87,18.22,12140200
20131030,18.25,18.35,17.63,18.31,26132600
20131031,18.39,19,18.25,18.87,13243600
20131101,18.64,18.84,18.22,18.38,12861000
20131104,18.56,18.83,18.48,18.83,7382000
20131105,18.78,18.98,18.59,18.73,7224000
20131106,18.82,18.93,18.58,18.93,8637700
20131107,18.71,19.11,18.49,18.49,7086100
20131108,18.42,18.61,18.03,18.1,9749200
20131111,18.1,18.64,18.01,18.64,7920000
20131112,18.74,18.74,17.94,17.97,7479200
20131113,17.99,18.5,17.64,18.43,8797800
20131114,18.45,19,18.42,18.93,7070800
20131118,18.96,19.65,18.89,19.64,13548200
20131119,19.59,19.59,18.98,19.35,12863700
20131121,18.64,19.41,18.54,19.32,14761800
20131122,19.06,19.51,19.06,19.14,6785600
20131125,19.2,19.33,18.78,18.78,7844600
20131126,18.38,18.43,17.57,17.57,12728000
20131127,17.75,17.82,17.26,17.6,7580800
20131128,17.6,17.6,17.09,17.12,7797400
20131129,17.42,18.14,17.21,17.69,14351300
20131202,16.3,16.49,15.84,15.85,35505300
20131203,15.93,16.41,15.5,16,23161500
20131204,16.22,16.27,15.84,15.85,10672800
20131205,15.97,16.19,15.86,15.93,10451900
20131206,15.99,16.08,15.49,15.59,11083500
20131209,15.7,15.8,15.5,15.52,6158700
20131210,15.57,15.69,15.52,15.56,4895300
20131211,15.63,15.64,15.12,15.12,6514600
20131212,15.16,15.32,15.07,15.16,6269700
20131213,15.28,15.44,15.15,15.3,7787000
20131216,15.44,15.62,15.24,15.55,7919900
20131217,15.4,15.51,15.03,15.03,8238600
20131218,15.21,15.32,15.04,15.17,9147600
20131219,15.36,15.5,15.1,15.5,5717000
20131220,15.55,15.55,15.13,15.26,10603000
20131223,15.32,15.5,15.17,15.32,6166900
20131226,15.49,15.49,15.19,15.26,7047400
20131227,15.31,15.39,15.15,15.36,5805000
20131230,15.45,15.74,15.36,15.44,4787100
20140102,15.51,15.59,15.19,15.27,9480500
20140103,15.35,15.35,14.81,14.81,16105900
20140106,14.86,15.15,14.66,15.15,9870200
20140107,15.21,15.33,14.68,14.68,9517500
20140108,14.74,14.88,14.68,14.69,6972600
20140109,14.7,14.75,14.23,14.29,9010200
20140110,14.38,14.72,14.24,14.49,8018300
20140113,14.58,14.59,14.16,14.2,9307700
20140114,14.17,14.28,14.1,14.14,7038900
20140115,14.23,14.66,14.14,14.6,9660100
20140116,14.62,14.7,14.19,14.2,12581000
20140117,14.35,14.38,14.07,14.11,8623300
20140120,14.1,14.19,13.75,13.81,4657400
20140121,13.95,14.08,13.76,13.86,6570700
20140122,14.03,14.36,13.82,14.28,7555200
20140123,14.23,14.41,13.95,13.95,7532200
20140124,13.94,13.94,13.48,13.59,10187100
20140127,13.68,13.77,13.44,13.54,10047800
20140128,13.89,13.92,13.52,13.54,8778600
20140129,13.56,13.61,13.21,13.28,14126500
20140130,13.37,13.55,13.11,13.17,7949100
20140131,13.09,13.57,13.01,13.29,13552100
20140203,13.2,13.27,12.65,12.65,24209200
20140204,12.74,12.93,12.59,12.81,9799200
20140205,12.81,13,12.3,12.51,11555000
20140206,12.7,13.02,12.61,12.84,8738200
20140207,12.9,13.15,12.76,13.06,10511700
20140210,13.06,13.27,12.94,13.15,6918100
20140211,13.27,13.66,13.17,13.55,8497100
20140212,13.62,13.68,13.4,13.52,5752800
20140213,13.35,13.39,13.05,13.25,7184700
20140214,13.37,13.37,13.11,13.26,4382400
20140217,13.25,13.29,12.97,13.01,2653400
20140218,13.03,13.22,12.83,12.83,7149600
20140219,12.78,12.94,12.69,12.94,8030500
20140220,12.76,13.08,12.75,12.9,5748500
20140221,12.94,13.03,12.83,12.94,8136300
20140224,12.95,13.27,12.75,13.17,5650300
20140225,13.17,13.36,12.82,12.82,6114900
20140226,12.88,12.88,12.45,12.45,12280800
20140227,12.62,12.88,12.43,12.87,7197700
20140228,12.96,12.98,12.52,12.54,13652700
20140305,12.68,12.71,12.27,12.27,11565100
20140306,12.37,12.69,12.27,12.48,8069700
20140307,12.45,12.73,12.2,12.26,23733300
20140310,12.24,12.32,11.89,12.05,17642800
20140311,12.05,12.17,11.97,12.05,18171000
20140312,11.97,12.39,11.97,12.15,13143000
20140313,12.23,12.33,11.95,11.98,7828000
20140314,12,12.04,11.68,11.68,14935500
20140317,11.78,11.87,11.6,11.6,11139800
20140318,11.68,12.07,11.59,11.94,17110300
20140319,11.92,12.52,11.91,12.36,11670600
20140320,12.31,13.08,12.24,12.97,20068000
20140321,12.48,13.18,12.45,13.03,18239100
20140324,13.21,13.52,12.98,13.46,15353200
20140325,13.42,13.62,13.2,13.57,10121000
20140326,13.64,13.71,13.3,13.3,9102200
20140327,13.4,14.32,13.4,14.31,29149200
20140328,14.29,14.53,14.02,14.49,14363300
20140331,14.58,14.58,14.25,14.44,10683800
20140401,14.44,14.56,14.19,14.53,12729800
20140402,14.52,15.28,14.51,15.12,18854000
20140403,15.17,15.21,14.65,15.05,17900000
20140404,15.2,15.36,14.89,14.9,13715000
20140407,15.15,15.92,15.08,15.85,22368100
20140408,16.08,16.43,15.12,15.4,25038100
20140409,15.4,15.4,14.83,15.23,13775800
20140410,15.15,15.42,15.01,15.17,7114000
20140411,15.06,15.61,14.86,15.61,8276500
20140414,15.7,15.74,15.26,15.36,5535500
20140415,15.21,15.49,14.54,14.83,13817600
20140416,14.94,15.24,14.78,15.08,7989100
20140417,15.25,15.94,14.9,15.63,14296400
20140422,15.55,15.91,15.15,15.24,12911700
20140423,15.23,15.34,15.01,15.22,13685700
20140424,15.43,15.46,15.06,15.29,8589000
20140425,15.1,15.25,14.82,15.12,12523500
20140428,15.01,15.65,14.86,15.65,14106500
20140429,15.75,16.17,15.61,15.75,13158300
20140430,15.61,15.81,15.46,15.63,7591200
20140502,15.58,16.37,15.49,16.22,25725100
20140505,16.38,16.53,16.15,16.4,11051700
20140506,16.29,17.28,16.2,17.05,15062800
20140507,17.01,17.62,16.81,17.4,17292000
20140508,17.39,17.59,16.62,16.82,11383700
20140509,16.82,17.16,16.66,16.66,8693300
20140512,16.89,17.08,16.79,17.08,6286100
20140513,17.07,17.38,16.92,17.04,6932800
20140514,17.08,17.35,16.92,17.33,6374800
20140515,17.17,17.25,16.93,17.03,5067500
20140516,17.07,17.33,16.78,16.9,8744800
20140519,16.9,16.96,16.62,16.83,6345200
20140520,16.73,17.24,16.18,16.24,23357800
20140521,16.34,16.75,16.12,16.46,12870100
20140522,16.55,16.78,16.34,16.56,7058600
20140523,16.53,16.82,16.45,16.6,4464100
20140526,16.7,16.85,16.61,16.78,1700700
20140527,16.93,16.95,16.36,16.41,7820300
20140528,16.41,16.67,16.22,16.55,8618500
20140529,16.58,16.69,16.22,16.23,5381400
20140530,16.1,16.19,15.74,15.74,13952300
20140602,15.86,15.92,15.48,15.66,9706200
20140603,15.65,16.02,15.55,15.96,4451400
20140604,16.01,16.01,15.6,15.75,3883500
20140605,15.8,15.9,15.42,15.48,4850700
20140606,16.5,16.67,16.13,16.67,13448200
20140609,16.61,17.07,16.34,16.9,15616600
20140610,16.9,17.17,16.64,17.17,11796700
20140611,17.63,17.7,17.13,17.67,19781300
20140613,17.5,17.85,17.37,17.85,14609700
20140616,17.81,17.9,17.54,17.63,10424100
20140617,17.55,17.6,17.08,17.29,3869400
20140618,17.35,17.92,17.22,17.92,16134700
20140620,17.6,17.9,17.42,17.56,7709100
20140623,17.55,17.61,17.25,17.25,5032800
20140624,17.15,17.81,16.54,16.79,20632800
20140625,16.22,16.76,16.16,16.23,12223300
20140626,16.38,16.46,15.98,16.2,7789600
20140627,16.16,16.33,16.01,16.05,4514300
20140630,16.08,16.33,15.94,16.24,6214600
20140701,16.26,16.34,15.84,16.05,6094400
20140702,16.02,16.25,15.87,16.09,6851500
20140703,15.96,16.34,15.92,16.34,5982900
20140704,16.3,16.44,16.21,16.33,641600
20140707,16.24,16.3,15.95,16.11,5842700
20140708,16.16,16.2,15.98,16.14,4841700
20140710,16.6,16.99,16.37,16.98,13559000
20140711,16.95,17.11,16.61,17,11091100
20140714,17.22,17.81,17.16,17.66,31715700
20140715,17.7,17.96,17.43,17.75,19554800
20140716,17.85,17.88,17.57,17.85,16281300
20140717,17.7,18.48,17.7,18.18,26716800
20140718,19.3,19.3,18.74,19.17,36059500
20140721,19.11,19.58,18.85,19.47,18910400
20140722,19.45,19.74,19.15,19.48,17494900
20140723,19.15,19.35,18.83,19.01,19334700
20140724,19.15,19.15,18.71,19.01,12631500
20140725,19.1,19.33,18.99,19.24,7612200
20140728,19.3,19.34,18.88,18.96,6732500
20140729,18.95,18.95,18.39,18.43,15398500
20140730,18.54,18.87,18.45,18.68,8008900
20140731,18.4,18.5,17.89,17.99,16956300
20140801,17.95,18.13,17.6,17.82,10660200
20140804,18,18.27,17.72,18.27,6276000
20140805,18.3,18.79,18.08,18.37,12853000
20140806,18.5,19.15,18.32,19.04,18255100
20140807,19.28,19.33,18.53,18.8,13298300
20140808,18.44,18.49,18.06,18.14,11954300
20140811,18.15,18.81,18.02,18.77,11769100
20140812,18.75,18.93,18.36,18.46,8620900
20140813,18.56,18.67,17.41,17.51,46674200
20140814,17.46,17.84,17.27,17.48,14859000
20140815,17.89,18.84,17.82,18.84,19449700
20140818,19.17,19.36,18.65,19.08,13798100
20140819,18.8,19.71,18.8,19.69,10104300
20140820,19.65,20.2,19.52,20.12,15799100
20140821,20.01,20.36,19.84,20.1,11865200
20140822,19.93,20.05,19.54,19.72,8864500
20140825,19.9,20.79,19.89,20.75,10485200
20140826,20.75,21.24,20.55,20.65,17991200
20140827,21.06,21.94,20.74,21.62,30639600
20140828,21.45,21.98,21.35,21.45,19484200
20140829,21.84,22.19,21.3,22.14,27879700
20140901,22.61,23.25,22.48,22.48,8601400
20140902,22.59,23.5,22.05,23.29,28147500
20140903,23.5,23.5,22.34,22.78,22786400
20140904,22,22.76,21.7,21.7,24433200
20140905,21.69,22.23,21.36,21.73,25431100
20140908,22.25,22.5,20.66,20.69,28597900
20140909,20.43,21.17,20.13,20.39,32122400
20140910,20.14,20.45,19.57,19.9,19889800
20140911,20.16,20.57,19.9,20.13,12110900
20140912,19.74,19.94,18.85,19.12,27111100
20140915,19.17,19.56,19.03,19.46,11667500
20140916,19.65,21.17,19.59,20.31,29255000
20140917,21,21.25,20.62,20.86,16208300
20140918,20.65,20.86,20.09,20.21,14922200
20140919,19.86,20.31,19.64,19.85,13471200
20140922,19.3,19.47,18.68,19.4,25438600
20140923,19,19.81,18.88,19.06,14084500
20140924,18.9,19.46,18.76,19.09,10482700
20140925,19.09,19.1,18.78,18.82,7751300
20140926,18.9,20.09,18.82,19.82,8845600
20140929,18.11,18.25,17.61,17.75,39591600
20140930,17.6,17.73,16.87,17.25,33386500
20141001,16.82,17.05,16.39,16.4,38773200
20141002,16.62,16.99,16.15,16.59,21917700
20141003,16.76,17.51,16.44,17.5,19978200
20141006,20.26,20.39,18.9,19.2,62297100
20141007,19.68,20.45,19.37,19.95,46442700
20141008,20.35,20.51,18.74,19.58,31964400
20141009,20.09,20.52,19.92,19.96,28652900
20141010,19.66,19.94,18.87,18.87,25601800
20141013,20,21.04,19.87,20.75,30757300
20141014,20.51,21.15,20.09,20.42,24478300
20141015,19.52,19.7,18.51,19.02,40920100
20141016,18.07,18.49,17.64,17.64,42586400
20141017,18.39,18.53,17.72,18.18,21796300
20141020,17.88,18.04,17.11,17.12,20442300
20141021,15.99,16.73,15.68,16.19,73288200
20141022,16.22,16.74,15.87,16.05,20235300
20141023,15.81,15.9,15.01,15.05,51744800
20141024,15.29,16.26,15.08,15.7,30825900
20141027,13.41,14.26,13.25,13.92,102785296
20141028,14.5,14.57,14.17,14.51,30687300
20141029,14.12,14.25,13.53,13.53,27014800
20141030,14.01,14.16,13.47,13.78,20253100
20141031,13.8,14.65,13.79,14.65,15533500
20141103,14.44,14.46,13.9,14.25,15706400
20141104,14.35,14.39,13.82,14.25,12275900
20141105,14.01,14.17,13.82,13.86,15599900
20141106,13.75,13.75,13.33,13.55,16619600
20141107,13.75,14.17,13.1,13.77,29460700
20141110,13.88,13.88,13.39,13.41,12962000
20141111,13.39,13.49,13.12,13.49,13296700
20141112,13.49,13.97,13.33,13.54,9664500
20141113,13.71,13.86,13.13,13.13,13610300
20141114,12.49,12.9,12.42,12.78,19933100
20141117,12.74,12.82,12.07,12.13,19484700
20141118,12.21,12.44,11.53,11.94,28382800
20141119,11.9,12.55,11.87,12.26,19815700
20141121,12.6,13.69,12.55,13.63,27722100
20141124,14.16,14.5,13.34,13.43,33898000
20141125,13.64,14.15,13.16,13.28,34289800
20141126,13.63,13.64,13.22,13.27,13762700
20141127,13.45,13.8,12.62,12.75,7755800
20141128,12.85,12.88,12.15,12.15,11593700
20141201,12.1,12.1,11.44,11.51,26180000
20141202,11.7,11.85,11.36,11.4,14431500
20141203,11.59,12.05,11.5,12,12944900
20141204,12.1,12.15,11.41,11.43,14570700
20141205,11.54,11.61,11.28,11.45,10488000
20141208,11.45,11.45,10.65,10.72,14722700
20141209,10.39,10.62,10.09,10.55,20044300
20141210,10.49,10.56,10.07,10.11,17333600
20141211,10.1,10.26,9.6,10.04,25694000
20141212,9.87,9.93,9.46,9.46,15006500
20141215,9.49,9.6,8.52,8.52,40989400
20141216,8.05,9.06,8,8.7,35778400
20141217,8.8,9.22,8.66,9.04,37060100
20141218,9.28,9.71,8.91,9.02,30773100
20141219,9.32,9.49,9.15,9.44,19797900
20141222,9.53,9.91,9.31,9.91,14691900
20141223,10,10.55,9.82,10.5,10793600
20141226,10.5,10.5,9.8,9.85,5589900
20141229,9.8,10.11,9.68,9.87,7057600
20141230,9.94,9.96,9.59,9.59,9088900
20150102,9.58,9.67,9,9,12636300
20150105,8.64,8.96,8.25,8.27,22330700
20150106,8.28,8.53,7.78,8.06,27376900
20150107,8.3,8.51,8.08,8.45,32593500
20150108,8.6,9.26,8.52,9.02,37016500
20150109,9.09,9.29,8.78,9.29,20331600
20150112,9.24,9.46,8.66,8.77,22855300
20150113,8.73,9.21,8.73,8.83,20873400
20150114,8.75,8.77,8.43,8.5,17390200
20150115,8.79,9.28,8.64,9.25,26976400
20150116,9.27,9.53,9.14,9.23,20796800
20150119,9.23,9.27,8.83,8.88,8087000
20150120,9.25,9.55,8.77,8.89,17039800
20150121,9.1,9.48,8.94,9.46,12299800
20150122,9.66,10.16,9.6,9.81,25598200
20150123,9.75,9.95,9.46,9.52,11668000
20150126,9.41,9.55,9.21,9.54,12935800
20150127,9.47,9.88,9.14,9.64,17505100
20150128,9.03,9.12,8.46,8.63,30095200
20150129,8.71,8.8,8,8.47,52823200
20150130,8.03,8.17,7.88,8.04,35050200
20150202,8.28,8.57,8.01,8.57,13374400
20150203,8.89,9.79,8.88,9.79,19704500
20150204,10,10.6,9.49,9.9,34404400
20150205,9.76,10.14,9.61,9.66,18797900
20150206,9.69,9.7,8.82,9.03,32707300
20150209,8.87,9.41,8.66,9.2,18607000
20150210,9.07,9.72,8.83,8.83,16245700
20150211,8.95,9.08,8.65,8.85,10842600
20150212,9.17,9.38,9.13,9.37,18812600
20150213,9.45,9.96,9.45,9.78,20597300
20150218,9.88,10.21,9.8,9.95,14834300
20150219,9.89,9.89,9.52,9.64,11326600
20150220,9.68,9.75,9.43,9.54,9083300
20150223,9.49,9.49,9.26,9.38,11276300
20150224,9.48,9.79,9.48,9.74,14925000
20150225,9.04,9.32,8.93,9.3,32068700
20150226,9.32,9.44,9.08,9.2,12411500
20150227,9.25,9.6,9.06,9.48,17121700
20150302,9.36,9.65,9.15,9.28,10943000
20150303,9.45,9.65,9.38,9.51,11650800
20150304,9.3,9.4,9.15,9.15,12227200
20150305,9.25,9.3,9.1,9.21,8675400
20150306,9.15,9.26,9.09,9.09,9947000
20150309,9.05,9.1,8.77,8.79,15421900
20150310,8.66,8.82,8.29,8.32,22319400
20150311,8.42,8.56,8.34,8.47,16283400
20150312,8.69,8.79,8.21,8.28,14718300
20150313,8.09,8.26,7.93,8.15,30792100
20150316,8.3,8.33,7.98,8.25,17064800
20150317,8.2,8.76,8.15,8.71,24019600
20150318,8.7,9.11,8.49,9.09,18953300
20150319,9.05,9.07,8.66,8.69,11285600
20150320,8.89,9.16,8.73,9.16,26015500
20150323,9.17,9.32,9.05,9.22,9729000
20150324,9.17,9.33,9.07,9.24,9582700
20150325,9.3,9.78,9.3,9.72,31057300
20150326,9.81,9.85,9.2,9.23,21276700
20150327,9.2,9.47,9.05,9.22,14157700
20150330,9.38,9.62,9.3,9.59,11107900
20150331,9.55,9.78,9.31,9.58,9414600
20150401,9.8,10.26,9.7,10.08,18844600
20150402,10.06,10.64,10.02,10.6,15418900
20150406,10.72,10.94,10.57,10.58,11119500
20150407,10.6,10.9,10.41,10.83,15377300
20150408,11.05,11.25,10.43,10.56,23740600
20150409,10.63,11.56,10.57,11.54,23409800
20150410,11.41,11.95,11.26,11.83,18813200
20150413,12,12.83,12,12.42,29752700
20150414,12.84,12.9,12.23,12.45,24718800
20150415,12.69,13.45,12.57,13.43,27747800
20150416,13.31,13.42,12.62,13.18,41339400
20150417,12.87,13.5,12.73,13.27,22042400
20150420,13.41,13.64,13.18,13.24,12850600
20150422,13.24,13.51,12.89,13.31,19278000
20150423,12.82,14.21,12.46,14.06,82359600
20150424,14.38,15.03,14.17,14.7,47804200
20150427,14.3,14.57,13.63,13.63,19987000
20150428,13.8,13.86,12.83,13.63,22783000
20150429,13.44,13.88,13.34,13.73,14307300
20150430,13.65,14.32,13.65,14.25,19295600
20150504,14.5,15.11,14.46,15.04,21887000
20150505,14.9,15.92,14.86,15.66,29658400
20150506,15.97,16.26,14.71,14.81,31158000
20150507,14.95,15.25,14.36,14.65,16135100
20150508,15,15.07,14.25,14.5,10785000
20150511,14.54,14.79,14.34,14.67,14094400
20150512,14.66,15.1,14.65,14.7,9876600
20150513,14.76,15.27,14.7,14.92,13745700
20150514,15,15.25,14.67,14.81,15530000
20150515,14.9,15.2,14.58,15.05,16865400
20150518,15.72,15.74,14.39,14.64,19292200
20150519,14.6,14.64,13.63,13.75,21624700
20150520,13.64,14.04,13.49,13.7,13099900
20150521,13.68,14.56,13.68,14.42,15830700
20150522,14.5,14.65,13.87,14.1,14065800
20150525,13.97,13.98,13.65,13.83,6422500
20150526,13.85,13.99,13.35,13.36,13532800
20150527,13.45,13.67,13.25,13.52,13201600
20150528,13.38,13.75,13.3,13.61,9732200
20150529,13.67,13.73,13.25,13.25,18743500
20150601,13.32,13.53,13.13,13.25,9026100
20150602,13.37,13.93,13.37,13.85,16268500
20150603,13.95,14.2,13.72,13.83,16144400
20150605,13.53,13.83,13.35,13.52,11538800
20150608,13.54,13.76,13.43,13.55,8159000
20150609,13.62,14.26,13.62,14.05,20582000
20150610,14.27,14.5,14.06,14.15,12702700
20150611,14.24,14.26,13.99,14.15,14161700
20150612,13.84,14.24,13.84,14.18,9447700
20150615,14.11,14.32,14.06,14.2,9063600
20150616,14.27,14.78,14.11,14.68,20142900
20150617,14.76,14.92,14.46,14.49,14096500
20150618,14.57,14.81,14.5,14.8,9411400
20150619,14.62,14.9,14.46,14.51,17641800
20150622,14.7,14.76,14.44,14.55,9216600
20150623,14.7,14.91,14.35,14.35,24586900
20150624,14.5,14.85,14.5,14.62,16775700
20150625,14.66,14.75,13.95,13.98,16994700
20150626,14.17,14.69,14.06,14.65,11520100
20150629,14.37,15.05,13.95,14.05,20328700
20150630,14.25,14.36,13.92,14.03,12967600
20150701,14.19,14.22,13.39,13.52,17760200
20150702,13.75,13.97,13.53,13.64,12555300
20150703,13.64,13.72,12.89,12.95,7603200
20150706,12.86,13.11,12.59,12.85,18731900
20150707,12.83,13.26,12.08,13.16,24008800
20150708,13.04,13.42,12.75,12.98,12662500
20150710,13.41,13.49,13.21,13.27,8527700
20150713,13.35,13.38,13.01,13.27,7377100
20150714,13.18,13.62,13.05,13.51,8451800
20150715,13.46,13.58,13.12,13.18,13412400
20150716,13.31,13.41,13.19,13.27,6422900
20150717,13.2,13.28,12.61,12.62,14275700
20150720,12.67,12.77,11.83,11.86,13989600
20150721,11.97,12.41,11.68,11.85,15373500
20150722,11.72,11.84,11.35,11.38,13279200
20150723,11.3,11.72,11.16,11.29,18699300
20150724,11.38,11.42,10.83,11.09,15841400
20150727,10.97,11.05,10.42,10.42,18342800
20150728,10.62,11.32,10.57,10.98,22064800
20150729,11.01,11.86,10.94,11.8,18618400
20150730,11.9,12.06,11.28,11.52,12772700
20150731,11.58,11.85,11.39,11.58,15626500
20150803,11.51,11.55,10.85,10.98,22171200
20150804,11.03,11.51,11.03,11.11,12724200
20150805,11.4,11.64,10.97,10.99,12762600
20150806,10.9,11.5,10.69,11.46,26665900
20150807,11.3,11.7,10.6,10.61,22042000
20150810,10.75,11.12,10.46,11.01,15443400
20150811,10.93,10.97,10.49,10.97,13706600
20150812,10.95,11.22,10.81,11.03,18393200
20150813,11.02,11.12,10.58,10.58,9382500
20150814,10.64,10.8,10.35,10.35,8641100
20150817,10.31,10.46,10.2,10.2,12954100
20150818,10.22,10.3,9.83,10.02,15279500
20150819,10.02,10.13,9.6,9.77,17313700
20150820,9.64,10,9.53,9.69,15684800
20150821,9.54,9.59,9.19,9.2,18002200
20150824,8.5,9.18,8.35,8.7,35214700
20150825,9.14,9.33,8.85,8.88,24373400
20150826,9.15,9.22,8.87,9.13,25346900
20150827,9.39,10.2,9.33,10.16,27117400
20150828,9.91,10.84,9.91,10.28,36455600
20150831,10,10.79,9.83,10.62,33515100
20150901,10.18,10.52,9.89,9.95,21464300
20150902,10.18,10.29,9.64,10.2,34848200
20150903,10.33,10.83,10.04,10.24,29797800
20150904,10.1,10.33,9.9,9.9,16365000
20150908,10.17,10.27,9.94,10.05,16837000
20150909,10.2,10.39,9.68,9.68,27930700
20150910,9.15,9.57,9.15,9.31,24671000
20150911,9.2,9.3,8.81,8.81,16706500
20150914,8.84,9,8.57,8.83,16438400
20150915,8.9,9.03,8.64,8.73,12603800
20150916,8.88,9.57,8.84,9.48,18956900
20150917,9.39,9.6,9.22,9.28,19113400
20150918,9.2,9.25,8.8,8.91,19256300
20150921,8.97,9.05,8.62,8.62,8465900
20150922,8.51,8.52,8.16,8.35,10874700
20150923,8.4,8.59,8.06,8.26,20153200
20150924,8.06,8.6,8,8.3,18355700
20150925,8.4,8.61,7.98,8.08,16630300
20150928,8.01,8.05,7.66,7.67,11704500
20150929,7.71,8.17,7.71,7.85,19054900
20150930,8.6,8.62,8.2,8.54,32291900
20151001,8.7,8.86,8.29,8.37,15459100
20151002,8.34,9.38,8.27,9.15,21618200
20151005,9.36,9.77,9.27,9.4,16578000
20151006,9.58,10.13,9.5,9.89,15720500
20151007,10.45,11,10.18,10.4,30079200
20151008,10.44,10.95,10.14,10.75,18527700
20151009,11.08,11.18,10.58,10.71,27241800
20151013,10.23,10.33,9.78,9.84,17802700
20151014,9.76,10,9.5,9.56,29333000
20151015,9.68,9.71,9.23,9.66,13981600
20151016,9.65,9.87,9.43,9.7,11040800
20151019,9.69,9.71,9.43,9.67,11882300
20151020,9.8,10,9.63,9.8,12441100
20151021,9.7,9.79,9.4,9.49,9695400
20151022,9.55,9.91,9.54,9.78,10733600
20151023,10.05,10.05,9.64,9.69,12197500
20151026,9.75,9.88,9.51,9.61,7120300
20151027,9.6,9.63,9.22,9.24,9241600
20151028,9.21,9.72,9.2,9.4,15847200
20151029,9.28,9.8,9.28,9.3,13853300
20151030,9.25,9.53,9.18,9.38,9272800
20151103,9.58,10.56,9.51,10.56,18937900
20151104,10.57,10.8,9.87,9.89,13611100
20151105,9.9,10.1,9.66,9.9,9065200
20151106,9.84,9.94,9.41,9.58,10625000
20151109,9.53,9.74,9.26,9.27,14369800
20151110,9.23,9.34,9.09,9.21,12067500
20151111,9.31,9.52,9.16,9.26,16389800
20151112,9.17,9.31,9.02,9.02,11783900
20151113,8.9,9.1,8.67,8.78,31340900
20151116,8.84,9.4,8.84,9.38,16667600
20151117,9.5,9.64,9.3,9.42,13566800
20151118,9.45,9.8,9.43,9.52,12278000
20151119,9.73,9.73,9.23,9.51,17520700
20151123,9.65,9.87,9.5,9.85,14107000
20151124,9.81,10.58,9.8,10.45,16150900
20151125,10.17,10.28,9.66,9.66,18472700
20151126,9.69,9.88,9.59,9.7,6926100
20151127,9.6,9.69,9.33,9.33,12651300
20151130,9.25,9.71,9.12,9.41,31225900
20151201,9.35,9.56,9.21,9.24,13644400
20151202,9.27,9.47,9.1,9.47,18229600
20151203,9.94,10.3,9.62,9.8,25290200
20151204,9.75,10,9.05,9.13,21870500
20151207,9.21,9.27,8.62,8.64,15058900
20151208,8.65,8.74,8.36,8.54,12357600
20151209,8.9,9.65,8.78,9.46,23067000
20151210,9.3,9.46,9.07,9.2,23015000
20151211,9.02,9.39,8.84,8.85,20255100
20151214,8.79,8.93,8.61,8.77,12276200
20151215,8.89,9.14,8.88,9.1,8228600
20151216,8.99,9.09,8.74,8.95,9712500
20151217,9.2,9.36,8.82,8.82,11420300
20151218,8.51,8.84,8.51,8.66,16262400
20151221,8.67,8.75,8.18,8.31,10087400
20151222,8.41,8.6,8.19,8.54,7498300
20151223,8.74,8.98,8.7,8.88,11095900
20151228,8.87,8.87,8.57,8.61,5461400
20151229,8.71,8.89,8.51,8.57,5183400
20151230,8.57,8.63,8.37,8.57,8649000
20160104,8.31,8.96,8.31,8.67,16912500
20160105,8.73,8.89,8.35,8.45,9146500
20160106,8.22,8.25,8.06,8.06,9908400
20160107,7.72,8.07,7.65,7.83,10777500
20160108,8,8.04,7.68,7.86,10759800
20160111,7.89,7.89,7.52,7.58,8459800
20160112,7.62,7.64,6.83,7,15797700
20160113,7.18,7.28,6.8,6.8,14299300
20160114,6.8,7.28,6.6,7.23,14608000
20160115,6.94,7.04,6.61,6.71,16477400
20160118,6.76,6.77,6.3,6.3,5738000
20160119,6.68,6.68,6.15,6.15,13364200
20160120,5.93,5.99,5.67,5.93,12696100
20160121,5.94,6.47,5.91,6.29,19709900
20160122,6.6,6.76,6.21,6.21,26399700
20160126,6.1,6.24,5.86,5.96,13040400
20160127,5.98,6.79,5.9,6.54,21493300
20160128,6.7,7.36,6.23,6.52,25596800
20160129,6.61,6.97,6.41,6.93,29053400
20160201,6.81,7.04,6.55,6.58,17751700
20160202,6.38,6.55,6.02,6.02,13664300
20160203,6.1,6.32,5.93,6.18,15966400
20160204,6.3,7,6.06,6.67,27837500
20160205,6.61,6.82,6.39,6.39,14089800
20160210,6.04,6.21,6.02,6.12,11824000
20160211,5.89,6.05,5.78,5.91,12812600
20160212,6.17,6.42,6.06,6.31,14200200
20160215,6.52,6.6,6.43,6.43,3822100
20160216,6.44,6.66,6.29,6.29,13644000
20160217,6.41,6.97,6.41,6.78,24782600
20160218,6.8,7.07,6.58,6.6,14730400
20160219,6.53,6.55,6.31,6.38,10001500
20160222,6.71,7.42,6.65,7.41,22126000
20160223,7.26,7.75,7.03,7.08,20439100
20160224,6.83,7.15,6.74,7.03,14172300
20160225,6.96,7.3,6.85,6.98,13320200
20160226,7.24,7.35,6.87,6.89,10907400
20160229,7.15,7.48,7.1,7.35,17867800
20160301,7.59,7.67,7.21,7.57,21920700
20160302,7.47,8.14,7.38,8.1,19386300
20160303,8.3,9.36,8.23,9.11,50863300
20160304,10.5,10.51,9.5,9.98,52918800
20160307,10.2,10.4,9.67,9.91,22803500
20160308,9.9,10.52,9.37,9.65,35828200
20160309,9.96,10.09,9.4,9.56,28823300
20160310,9.83,9.94,9.23,9.81,31324900
20160311,9.8,10.25,9.57,10.09,14230000
20160314,10.16,10.19,9.52,9.54,16260800
20160315,8.99,9.17,8.71,8.91,26930600
20160316,8.91,9.69,8.77,9.6,21796600
20160317,10.52,10.66,10.02,10.44,36440900
20160318,10.55,10.59,9.84,10.3,27325500
20160321,10.19,10.49,10.03,10.25,10319900
20160322,10,10.59,9.85,10.48,21376200
20160323,10.2,10.33,9.86,9.92,13985300
20160324,9.66,10.18,9.36,9.99,14484100
20160328,10.45,10.73,9.99,10.63,12900600
20160329,10.5,10.94,10.23,10.63,14746800
20160330,10.9,11.29,10.63,10.7,20781300
20160331,10.63,10.9,10.48,10.63,15667100
20160401,10.31,10.61,10.12,10.53,13977300
20160404,10.16,10.45,9.52,9.6,15649700
20160405,9.52,10.07,9.39,9.82,14827300
20160406,9.76,10.16,9.71,9.73,14129800
20160407,9.99,10.06,9.73,9.94,7709900
20160408,10.4,10.67,10.38,10.49,17162300
20160411,10.6,10.75,10.36,10.42,20694200
20160412,10.62,11.52,10.55,11.35,16079000
20160413,11.71,12.07,11.39,11.83,21578700
20160414,11.94,12.11,11.31,11.47,15931300
20160415,11.59,12.25,11.29,11.92,15744000
20160418,11.88,12.3,11.09,11.77,15240600
20160419,11.92,12.48,11.8,12.36,13914700
20160420,12.1,12.61,12.03,12.34,22775400
20160422,12.14,13.21,12.14,12.9,17140600
20160425,12.8,13.1,12.23,12.36,8742500
20160426,12.48,12.94,12.39,12.78,9596100
20160427,12.98,13.47,12.91,13.4,19003400
20160428,13.46,13.97,13.28,13.57,13029400
20160429,13.75,13.84,13.11,13.27,11778500
20160502,13.33,13.53,12.84,13.27,7846500
20160503,13.2,13.2,12.69,12.82,8084700
20160504,12.9,13.3,12.8,12.96,9461900
20160505,13.43,13.54,12.35,12.64,8717200
20160506,12.35,13.13,12.27,12.93,6223700
20160509,12.93,12.94,11.64,12.07,14872600
20160510,12.43,12.85,12.27,12.85,8296100
20160511,13.05,13.34,12.56,12.91,8716200
20160512,13.06,13.35,12.6,12.71,8687200
20160513,12.78,12.96,11.91,12.12,12426400
20160516,12.24,12.92,12.24,12.54,7900900
20160517,12.66,12.78,12.23,12.4,9687400
20160518,12.2,12.54,12.01,12.01,11324300
20160519,11.9,11.91,11.12,11.51,9284800
20160520,11.76,12.15,11.33,11.33,11485700
20160523,10.9,11.23,10.84,11.04,10306600
20160524,11.3,11.5,10.92,11.09,9691400
20160525,11.13,11.42,10.99,11.1,10877900
20160527,10.85,11,10.46,10.49,6946500
20160530,10.45,10.92,10.25,10.58,2629500
20160531,10.6,10.95,10.18,10.18,18794200
20160601,10.15,10.52,9.95,10.41,10757600
20160602,10.38,10.75,10.2,10.7,8738800
20160603,10.79,10.99,10.67,10.81,8093200
20160606,10.98,11.04,10.74,10.8,8058600
20160607,10.75,11.28,10.68,11.13,13024500
20160608,11.25,12.13,11.25,12.05,13240200
20160609,11.96,12.02,11.62,11.75,6529300
20160610,11.39,11.53,11.03,11.03,10575400
20160613,10.88,11.13,10.7,10.82,8726400
20160614,10.79,10.99,10.3,10.48,11968400
20160615,10.46,10.99,10.39,10.64,18383100
20160616,10.54,10.77,10.31,10.77,11662000
20160617,11.01,11.5,11.01,11.39,14201100
20160620,11.72,11.97,11.6,11.73,13245800
20160621,11.7,12,11.37,11.94,8925200
20160622,12.01,12.26,11.65,11.65,10125100
20160623,11.92,12.07,11.83,12.05,9379500
20160624,11.2,11.61,11.04,11.43,15350400
20160627,11.43,11.52,10.63,10.8,19676100
20160628,11.23,11.42,11.06,11.25,10549400
20160629,11.48,11.79,11.31,11.57,8984200
20160630,11.45,11.55,11.25,11.51,9790000
20160701,11.55,12.14,11.42,12.06,9525000
20160704,12.11,12.33,11.99,12.02,2082100
20160705,11.72,11.85,11.22,11.34,7303900
20160706,11.15,11.74,11.01,11.69,8476300
20160707,11.91,12.62,11.8,11.97,19067600
20160708,12.23,12.48,12.13,12.3,8386600
20160711,12.5,12.89,12.4,12.89,8889500
20160712,13.15,13.48,13.11,13.29,10909200
20160713,13.06,13.18,12.57,12.99,11502100
20160714,13.35,13.39,12.97,13.32,11239600
20160715,13.35,13.48,13.1,13.22,10865000
20160718,13.15,13.79,13.09,13.66,12330100
20160719,13.71,13.95,13.56,13.83,8431500
20160720,13.81,13.88,13.54,13.65,7552000
20160721,13.58,13.95,13.58,13.8,5599300
20160722,13.85,13.86,13.56,13.75,5319900
20160725,13.98,14.1,13.64,13.76,7802800
20160726,13.68,13.84,13.58,13.74,7976600
20160727,13.86,13.95,13.58,13.6,12239800
20160728,13.48,13.55,13.18,13.34,6329700
20160729,13.57,14.16,13.57,14.01,14199300
20160801,14.04,14.2,13.19,13.19,10760300
20160802,13.19,13.56,12.92,12.97,10321300
20160803,13.05,13.57,12.84,13.55,11287900
20160804,13.55,13.73,13.41,13.57,11050100
20160805,13.66,13.68,13.23,13.26,7564900
20160808,13.38,13.93,13.38,13.75,8082900
20160809,13.75,13.99,13.47,13.68,14866600
20160810,13.79,13.8,13.13,13.16,8052800
20160811,13.2,13.74,13.16,13.68,8557200
20160812,13.6,14.22,13.6,13.91,9579000
20160815,14.02,14.54,13.97,14.52,11954700
20160816,14.63,14.86,14.29,14.66,9264400
20160817,14.54,14.98,14.42,14.91,10703100
20160818,14.99,15.4,14.93,15.18,11278300
20160819,15.07,15.27,14.93,15.06,5345400
20160822,14.9,14.93,14.42,14.47,7983100
20160823,14.56,15.17,14.49,14.93,9491700
20160824,14.75,15.05,14.61,14.64,8017300
20160825,14.7,14.93,14.62,14.85,6816900
20160826,14.94,15.16,14.76,14.96,9543600
20160829,14.95,15.42,14.82,15.19,9668500
20160830,15.35,15.57,15.18,15.18,9018400
20160831,15.3,15.44,14.61,14.74,12802100
20160901,14.79,15.13,14.64,14.87,11303900
20160902,15.15,15.68,15.13,15.63,12569000
20160905,15.82,16.14,15.82,16.08,3560400
20160906,16,16,15.71,16,13714500
20160908,16.05,16.45,15.96,16.39,9254900
20160909,16.05,16.15,15.5,15.5,9018200
20160912,15.44,16.1,15.4,16.03,9542600
20160913,15.69,15.88,14.76,14.81,13380000
20160914,15,15.28,14.77,14.94,9938900
20160915,15.16,15.57,15.02,15.29,9288400
20160916,15.2,15.26,14.89,14.9,12031000
20160919,15.19,15.32,14.84,14.89,5868700
20160920,15.21,15.46,15.02,15.05,11959000
20160921,15.15,15.39,15,15.34,13933200
20160922,15.65,15.76,15.46,15.54,9733400
20160923,15.43,15.5,14.8,14.97,12329600
20160926,14.9,14.96,14.66,14.7,6569600
20160927,14.7,14.72,14.18,14.65,8178900
20160928,14.8,15.41,14.62,15.33,10107000
20160929,15.27,15.49,14.98,15.07,9134300
20160930,15.22,15.45,15.02,15.14,10155000
20161003,15.29,15.65,15.18,15.59,9276000
20161004,15.62,15.75,15.43,15.61,12055000
20161005,15.82,16.27,15.8,16.1,12786000
20161006,16.2,16.89,16.15,16.8,12222800
20161007,16.9,17.11,16.72,16.95,12579500
20161010,17.12,17.63,17.1,17.49,13151500
20161011,17.47,17.5,16.78,17.08,9758200
20161013,17.04,17.59,16.71,17.5,11908100
20161014,17.69,17.92,17.59,17.9,11288300
20161017,17.9,18.41,17.73,18.41,10098400
20161018,18.55,18.95,18.46,18.79,15003800
20161019,19.07,19.24,18.85,18.99,11147000
20161020,18.77,18.96,18.48,18.96,11076700
20161021,19,19.35,18.74,19.32,11443700
20161024,19.52,19.72,19.07,19.38,16685500
20161025,19.47,19.55,18.75,18.97,10268600
20161026,18.8,19.37,18.72,19.21,12865400
20161027,19.22,19.55,19.06,19.25,10520000
20161028,19.11,19.44,19,19.13,10468300
20161031,19.13,19.29,18.34,18.64,13079400
20161101,18.72,18.81,17.71,17.93,12893400
20161103,17.71,18.03,17.17,17.17,11947500
20161104,17.4,17.55,17.03,17.15,11199000
20161107,17.99,18.4,17.76,18.32,9740800
20161108,18.3,18.55,17.85,18.08,6710600
20161109,17.27,18.46,17.06,18.25,25509800
20161110,18.43,18.86,17.14,17.34,18725500
20161111,16.85,17.86,16.05,16.33,33572100
20161114,16,16.37,15.8,16.27,15507300
20161116,16.99,17.16,16.47,16.95,10265700
20161117,17.21,17.42,16.42,16.46,8449200
20161118,16.46,16.68,16.19,16.42,7774100
20161121,16.85,17.27,16.69,17.26,11782700
20161122,17.6,17.72,17.1,17.69,7489300
20161123,17.55,17.99,17.35,17.8,9087400
20161124,17.88,17.97,17.56,17.56,4136200
20161125,17.11,17.72,17.11,17.58,4984600
20161128,17.44,17.83,17.41,17.63,6853900
20161129,17.65,17.65,16.63,16.7,7668400
20161130,17.81,18.6,17.74,18.47,18539400
20161201,18.47,19.14,18.03,18.21,25101300
20161202,17.85,18.71,17.57,18.65,15807800
20161205,18.74,18.92,17.88,18.02,11138000
20161206,18.18,18.66,17.89,18.61,15923400
20161207,18.67,18.76,18.19,18.32,12857100
20161208,18.48,18.52,17.96,18.36,9855800
20161209,18.51,18.67,18.13,18.19,10113300
20161212,18.4,18.73,18.25,18.35,8661700
20161213,18.34,18.57,17.96,18.23,9080900
20161214,18.25,18.35,17.59,17.59,14056800
20161215,17.6,17.69,17.02,17.43,10392100
20161216,17.6,17.63,17.2,17.22,13490300
20161219,17.36,17.39,16.62,16.67,4786700
20161220,16.75,16.95,16.42,16.64,7497700
20161221,16.78,16.86,16.36,16.55,6856700
20161222,16.71,16.74,16.19,16.35,10540400
20161223,16.35,16.73,16.29,16.57,5448100
20161226,16.75,16.83,16.65,16.73,1117400
20161227,16.9,16.96,16.53,16.69,3989900
20161228,16.7,17.1,16.58,16.98,4227600
20161229,17.01,17.11,16.63,16.94,4372300
20170102,16.7,16.79,16.52,16.53,1781200
20170103,16.79,17.81,16.77,17.58,10110500
20170104,17.6,17.76,17.21,17.37,6254000
