<DTYYYYMMDD>,<OPEN>,<HIGH>,<LOW>,<CLOSE>,<VOL>
20100601,15.96,15.96,15.44,15.84,505470
20100602,15.76,16.12,15.71,15.96,393435
20100604,16.26,16.26,15.65,15.65,390600
20100607,15.76,16.51,15.52,15.8,639765
20100608,15.84,16.25,15.84,16.18,583590
20100609,16.26,16.26,15.68,15.71,559860
20100610,15.77,16.41,15.77,15.91,418740
20100611,15.88,16.34,15.88,16.08,267540
20100614,16.26,16.61,16.12,16.31,407610
20100615,16.44,16.74,16.37,16.47,373485
20100616,16.47,16.92,16.38,16.92,527835
20100617,16.84,17.27,16.84,17.27,588630
20100618,17.12,18.2,17.12,17.72,1155840
20100621,17.76,17.88,17.47,17.47,1314705
20100622,17.24,17.85,17.14,17.34,649740
20100623,17.48,17.48,16.94,17.26,637140
20100624,17.15,17.15,16.84,16.99,664860
20100625,16.93,17.93,16.93,17.76,4754295
20100628,17.68,18.09,17.68,18.09,279300
20100629,17.84,18.18,17.35,17.51,765240
20100630,17.89,17.94,17.3,17.47,634620
20100701,17.13,18.29,17.13,18.22,494235
20100702,18.05,18.71,17.8,18.3,621285
20100705,18.05,18.3,17.97,18.14,44625
20100706,18.14,18.64,18.11,18.64,555870
20100707,18.64,19.22,18.3,19.06,764400
20100708,19.06,19.09,18.4,18.78,1073205
20100712,18.81,18.93,18.39,18.82,440370
20100713,19.23,19.46,18.81,19.35,1017975
20100714,19.14,19.81,19,19.69,376845
20100715,19.48,20.01,19.35,19.73,951930
20100716,19.81,19.81,19.35,19.49,231630
20100719,19.49,19.83,19.35,19.56,313425
20100720,19.63,20,19.31,19.67,289695
20100721,19.96,20.23,19.35,19.36,417375
20100722,19.57,20.04,19.46,19.93,731640
20100723,19.93,20.06,19.58,20.06,738360
20100726,19.9,20.63,19.9,20.39,654780
20100727,20.48,21.2,20.48,20.98,1821855
20100728,20.95,21.02,19.84,20.64,901005
20100729,20.84,20.84,20.21,20.69,146685
20100730,20.7,20.73,20.1,20.33,736890
20100802,20.39,20.64,19.9,20.06,807660
20100803,20.13,20.3,19.57,19.81,392595
20100804,19.73,20.48,19.55,20.48,566475
20100805,20.47,20.76,20.05,20.28,246225
20100806,20.21,20.72,20.13,20.6,248430
20100809,20.72,20.76,20.15,20.38,334425
20100810,20.23,20.77,19.85,20.52,358995
20100811,20.2,20.34,20,20.05,280560
20100812,19.89,20.19,19.59,19.64,200550
20100813,19.88,19.88,19.37,19.56,232785
20100816,19.76,19.81,19.44,19.64,206955
20100817,19.8,19.88,19.66,19.73,250635
20100818,19.68,20.12,19.68,20.1,253890
20100819,19.92,21.06,19.92,20.94,625380
20100820,20.76,21.43,20.73,21.19,269535
20100823,21.15,21.43,20.65,20.74,355530
20100824,20.44,20.63,20.12,20.63,204855
20100825,20.35,20.56,19.98,20.14,476700
20100826,19.99,20.06,19.3,19.52,375900
20100827,19.56,20.17,19.25,20.03,298935
20100830,20.07,20.21,19.92,20.08,112875
20100831,20.01,20.59,19.77,20.48,291060
20100901,20.48,21.31,20.28,20.9,513765
20100902,20.73,21.02,20.56,20.85,320355
20100903,21.06,21.31,19.81,19.93,466410
20100906,19.98,20.48,19.65,20.48,270060
20100908,20.38,21.31,20.06,20.68,1885275
20100909,20.69,20.85,20.26,20.64,470400
20100910,20.8,21.23,20.56,20.73,363405
20100913,20.44,22.15,20.44,21.69,295470
20100914,21.53,22.25,21.1,21.72,648480
20100915,21.69,22.15,21.51,21.82,310590
20100916,22.04,22.57,21.57,22.14,402465
20100917,22.14,22.32,21.25,22.05,759570
20100920,22.07,22.22,21.55,22.06,416430
20100921,21.7,22.33,21.67,22.3,599340
20100922,22.16,22.99,22.16,22.57,643335
20100923,22.15,22.99,21.92,22.02,623805
20100924,22.07,22.32,21.35,21.73,538230
20100927,21.85,22.48,21.61,22.27,292005
20100928,22.4,22.78,22.24,22.56,575505
20100929,22.6,23.24,22.23,23.07,710010
20100930,22.99,23.8,22.58,23.78,1030785
20101001,23.45,25.11,23.45,24.62,1368990
20101004,24.45,25.04,24.11,25.03,720930
20101005,24.77,25.54,24.28,24.7,1317540
20101006,24.64,24.69,23.89,24.69,875490
20101007,24.54,24.95,24.04,24.45,1017030
20101008,24.41,26.13,24.14,24.89,980595
20101011,25.46,25.96,25.27,25.7,1024485
20101013,25.54,26.63,25.34,26.11,1371825
20101014,26.11,26.5,25.72,26.13,1028475
20101015,26.13,26.28,25.58,25.75,545055
20101018,25.5,25.57,25.14,25.15,457905
20101019,24.74,25.67,23.87,23.87,871710
20101020,23.99,24.37,23.87,23.87,1350825
20101021,23.89,24.94,23.55,24.94,461580
20101022,24.7,24.95,24.54,24.74,269535
20101025,24.5,24.69,23.47,24.28,412335
20101026,23.87,25.36,23.87,24.95,1481235
20101027,24.79,25.12,24.12,24.12,489090
20101028,24.45,24.7,23.53,23.94,1111740
20101029,23.99,24.53,23.44,23.57,14270445
20101101,23.85,24.17,23.66,23.74,581700
20101103,23.75,24.7,23.72,24.56,1283310
20101104,24.7,24.95,24.25,24.45,671055
20101105,24.61,24.62,23.8,24.19,483525
20101108,24.2,24.49,23.78,24.28,703815
20101109,24.07,24.62,23.51,23.61,680085
20101110,23.28,23.36,22.71,22.71,1366260
20101111,22.69,23.01,22,22.94,887460
20101112,22.53,23.03,22.53,22.94,308805
20101116,23.03,23.03,21.97,23.03,1038450
20101117,22.94,23.03,22.42,23,743925
20101118,23.2,23.7,22.73,23.56,1351455
20101119,23.53,23.68,23.04,23.11,445830
20101122,23.45,23.45,22.22,22.28,491085
20101123,22.18,22.27,21.23,21.75,754950
20101124,22.4,23.11,22.02,22.99,1273440
20101125,23.03,23.3,22.74,23.11,203595
20101126,22.78,23.44,22.61,23.4,341040
20101129,23.35,24.1,23.11,23.93,843360
20101130,24.28,24.28,23.58,23.58,594825
20101201,23.77,24.11,23.47,23.87,808605
20101202,24.1,24.49,23.69,24.28,524580
20101203,24.36,24.43,23.56,23.76,267645
20101206,23.74,23.86,22.99,23.45,419160
20101207,23.52,23.74,22.53,22.53,911295
20101208,22.61,22.94,22.3,22.94,626535
20101209,22.99,23.09,21.86,22.02,1151640
20101210,22.11,22.89,22.09,22.86,462525
20101213,22.85,23.23,22.68,22.78,310800
20101214,22.63,22.77,22.27,22.44,1172955
20101215,22.38,22.38,21.27,21.39,2286165
20101216,21.44,22.09,20.92,20.93,1202565
20101217,21.1,21.39,20.05,20.43,1650180
20101220,20.64,20.81,20.35,20.35,898170
20101221,20.43,21.6,20.43,21.35,1169385
20101222,21.51,21.77,21.2,21.39,921690
20101223,21.39,22.01,21.39,21.94,404775
20101227,21.94,22.06,21.68,21.77,183330
20101228,21.7,21.89,21.45,21.53,1073205
20101229,21.74,22.19,21.27,22.19,309750
20101230,22.15,22.53,21.85,22.53,661500
20110103,22.6,23.11,22.02,23.11,1278480
20110104,23.1,23.11,22.53,22.95,551775
20110105,22.92,23.61,22.71,23.53,851445
20110106,23.54,23.79,23.39,23.7,700875
20110107,23.68,23.68,23.16,23.29,1138410
20110110,23.21,23.24,22.77,23.02,611520
20110111,22.81,23.94,22.81,23.83,1059135
20110112,23.79,23.91,23.7,23.83,505050
20110113,23.82,23.95,23.63,23.71,612255
20110114,23.71,23.91,23.38,23.74,633570
20110117,23.7,23.7,23.07,23.28,660975
20110118,23.29,23.91,23.29,23.87,511770
20110119,23.85,23.9,23.58,23.76,393540
20110120,23.66,23.76,23.14,23.53,590100
20110121,23.53,23.77,22.79,23.03,538440
20110124,23.03,23.32,22.53,23.03,729120
20110126,23.03,23.11,21.71,21.84,1126860
20110127,21.89,22.05,20.63,20.84,1172220
20110128,20.68,21.01,20.12,20.34,1407630
20110131,20.47,21.18,20.31,21.05,1553265
20110201,21.27,22.25,21.15,22,1049475
20110202,22.28,22.41,21.64,21.64,1045485
20110203,21.71,21.84,20.48,20.76,1747095
20110204,20.68,21.32,19.94,20.3,3125010
20110207,20.47,20.51,19.96,20.34,225750
20110208,20.34,20.75,20.11,20.34,926835
20110209,20.5,20.63,19.09,19.33,1575000
20110210,19.21,19.8,18.71,19.5,1044330
20110211,19.57,19.68,19.16,19.67,1046220
20110214,19.61,20.17,19.39,19.91,1575210
20110215,19.99,20.5,19.67,20.42,1873515
20110216,20.42,20.66,20.27,20.42,749070
20110217,20.72,20.92,20.18,20.66,850815
20110218,20.59,21.42,20.41,21.1,1129380
20110221,21.09,21.09,20.52,20.6,193200
20110222,20.6,20.6,19.79,19.98,1043490
20110223,19.98,20.1,18.89,19.08,1655535
20110224,19.13,19.49,18.87,18.87,1350510
20110225,19.17,19.28,18.79,18.98,1344105
20110228,19.15,19.75,18.95,19.75,787710
20110301,19.74,20.09,19.48,19.88,687225
20110302,19.7,19.79,19.18,19.5,1040655
20110303,19.52,20,19.38,19.96,389025
20110304,19.97,20.31,19.36,19.93,1000860
20110309,20.09,20.09,19.37,19.71,880110
20110310,19.58,20.09,19.5,19.82,1490370
20110311,19.84,20.16,19.45,19.96,672000
20110314,20,20,19.41,19.75,480165
20110315,19.66,20.3,19.34,19.86,821940
20110316,19.9,20.3,19.9,19.92,1043070
20110317,20.18,20.18,19.92,20.05,730800
20110318,19.94,20.32,19.94,20,780675
20110321,20.07,20.49,20.07,20.17,484365
20110322,20.33,20.76,20.11,20.76,1311765
20110323,20.58,20.94,20.34,20.47,604275
20110324,20.6,20.71,20.47,20.71,487620
20110325,20.61,20.95,20.42,20.9,684915
20110328,20.9,21.26,20.5,20.72,671475
20110329,20.73,21.43,20.72,21.43,1176735
20110330,21.58,22.19,21.27,21.43,1194480
20110331,21.49,22.02,21.36,22.02,840945
20110401,22.12,22.91,22.12,22.91,1149120
20110404,22.87,23.18,22.47,22.66,679980
20110405,22.61,22.74,22.19,22.32,1273440
20110406,22.26,22.55,22.04,22.48,471975
20110407,22.53,22.9,22.09,22.47,732900
20110408,22.2,22.58,22.1,22.39,760830
20110411,22.33,22.81,22.25,22.74,775215
20110412,22.63,22.69,22.21,22.47,352905
20110413,22.53,22.68,21.51,21.94,775635
20110414,22.24,22.47,21.5,21.82,923370
20110415,21.88,21.94,21.59,21.77,444675
20110418,21.44,21.77,20.97,21.14,864360
20110419,21.42,21.83,21.14,21.83,833700
20110420,21.91,22.56,21.82,22.53,765660
20110425,22.41,22.74,22.09,22.15,468090
20110426,22.2,22.65,21.88,22.58,901635
20110427,22.41,22.91,22.2,22.58,505050
20110428,22.24,22.83,22.15,22.15,725025
20110429,22.39,23.06,22.15,22.74,912765
20110502,22.68,24.11,22.68,23.1,741195
20110503,23.1,23.1,22.16,22.3,575085
20110504,22.37,22.63,22,22,522060
20110505,22.12,22.38,22,22,534345
20110506,22.22,23.27,22.12,23.24,643965
20110509,23.06,23.56,22.85,23.48,504000
20110510,23.42,23.68,23.18,23.44,289905
20110511,23.47,23.56,22.91,23.18,354375
20110512,23.06,23.35,22.84,23.31,807240
20110513,23.18,23.65,23.02,23.48,1325940
20110516,23.2,23.53,23.1,23.27,909615
20110517,23.27,23.6,22.88,22.93,574035
20110518,22.68,22.93,22.24,22.42,681345
20110519,22.51,22.89,21.57,21.57,517020
20110520,21.58,21.58,21.16,21.22,1101555
20110523,21.02,21.07,20.66,20.81,1213170
20110524,20.98,21.72,20.83,21.57,833910
20110525,21.53,22.12,21.46,21.79,1457925
20110526,22.15,22.29,21.71,22.25,475650
20110527,22.29,23.08,22.04,23.01,1726410
20110530,23.13,23.13,22.25,22.29,425670
20110531,22.51,22.63,21.85,22.25,882630
20110601,22.34,22.83,22.03,22.42,2308635
20110602,22.41,22.81,22.27,22.42,1300215
20110603,21.79,22.73,21.7,22.47,1553580
20110606,22.37,22.6,22.26,22.51,959595
20110607,22.56,23.07,22.42,22.94,912870
20110608,23.01,23.69,22.84,22.96,476070
20110609,23.24,23.28,22.87,22.88,498960
20110610,22.67,23.35,22.67,23.35,1040550
20110613,23.37,23.42,22.67,22.97,559230
20110614,23.06,23.69,23.06,23.69,1411620
20110615,23.7,24.32,23.52,23.69,1515675
20110616,23.62,24.01,22.89,22.89,1036245
20110617,23.07,23.07,22.39,22.39,830130
20110620,22.33,22.85,22.28,22.73,829920
20110621,22.84,23.43,22.84,23.27,693420
20110622,23.39,23.39,22.76,22.84,838530
20110624,22.84,23.19,22.42,22.67,615195
20110627,22.66,23.22,22.55,23.18,1528590
20110628,23.24,24.16,23.14,24.03,1132950
20110629,23.83,24.19,23.69,23.69,382305
20110630,23.83,23.84,23.43,23.61,833595
20110701,23.55,24.14,23.39,23.88,840210
20110704,23.75,24.06,23.4,23.7,171675
20110705,23.64,23.78,23.09,23.09,743610
20110706,23.09,23.22,22.81,22.81,536550
20110707,22.96,23.72,22.81,23.36,677460
20110708,23.18,23.3,22.64,22.64,1032675
20110711,22.49,22.55,22.13,22.13,592095
20110712,22.13,22.66,22,22.23,1055250
20110713,22.23,22.72,22.23,22.36,918540
20110714,22.41,22.71,22.04,22.13,1199835
20110715,22.16,22.34,21.45,21.49,710010
20110718,21.37,22.36,21.37,21.96,1206765
20110719,21.8,22.14,21.25,21.25,982170
20110720,21.41,21.44,20.99,21.04,577605
20110721,21.04,22.48,21.04,22.3,1172220
20110722,22.46,22.66,22.09,22.39,643440
20110725,22.62,22.8,22.1,22.14,452025
20110726,22.14,22.53,21.82,22.05,607950
20110727,21.8,22.08,21.03,21.03,600285
20110728,21.07,21.67,20.94,21.37,631155
20110729,21.18,21.53,21.18,21.32,865515
20110801,21.33,21.79,20.65,20.82,916650
20110802,20.82,20.92,20.43,20.51,777840
20110803,20.39,20.56,19.26,19.56,1354500
20110804,19.08,19.31,18.7,19.29,1954890
20110805,19.32,20.09,18.78,19.93,1164345
20110808,18.68,19.28,18.65,18.99,1702680
20110809,18.98,20.5,18.98,19.76,980385
20110810,19.55,20.67,19.09,20.52,579600
20110811,20.48,21.28,20.48,21.07,1141770
20110812,21.29,21.29,20.35,20.35,645435
20110815,21.06,21.16,20.56,20.82,601860
20110816,20.89,21.57,20.24,21.2,904575
20110817,21.03,21.26,20.66,20.99,1028580
20110818,20.69,21.13,20.07,20.6,1086225
20110819,20.14,21.2,20.14,20.44,440265
20110822,20.61,21.2,20.61,20.73,578970
20110823,21.06,21.07,20.66,20.82,568260
20110824,21.04,21.04,20.43,20.56,1440810
20110825,20.6,20.74,19.76,20.18,1888215
20110826,20.12,20.91,20.02,20.6,1091055
20110829,20.92,22.16,20.73,21.79,828555
20110830,21.6,22.98,21.27,22.43,903000
20110831,22.42,23.73,22.42,23.47,1455300
20110901,24.21,25.44,23.81,24.17,2729475
20110902,23.57,24.5,23.16,23.57,668430
20110905,22.89,23.7,22.76,22.98,414960
20110906,22.9,23.91,22.65,23.59,1073835
20110908,24.01,24.81,23.67,24.5,705495
20110909,24.17,24.45,23.52,23.87,765135
20110912,23.16,23.49,22.68,23.11,1606500
20110913,23.41,23.86,22.83,22.85,950460
20110914,22.86,23.27,22.69,22.88,922530
20110915,22.9,23.16,22.51,22.55,1188915
20110916,22.11,23.42,22.11,22.77,2147460
20110919,22.68,23.4,22.49,23.19,834960
20110920,23.19,23.29,22.54,22.8,615720
20110921,22.65,23.11,22.49,22.68,989415
20110922,22.3,22.3,21.2,21.2,1109115
20110923,21.52,21.71,20.84,21.22,2580375
20110926,21.32,22.26,21.14,21.88,1238160
20110927,22.72,22.72,21.92,22.22,794430
20110928,22.31,22.71,21.96,21.97,770280
20110929,22,22.48,21.48,21.58,575085
20110930,21.34,21.46,20.87,21.11,1323840
20111003,20.91,21.53,20.91,20.91,1334550
20111004,20.79,21.23,20.24,20.96,1595685
20111005,20.95,21.52,20.74,21.41,452445
20111006,21.68,22.02,21.59,22.02,1177155
20111007,22.11,22.29,21.44,21.79,995610
20111010,21.78,22.5,21.78,22.22,525735
20111011,22.17,22.88,21.78,22.23,802410
20111013,22.2,23.06,21.53,21.77,1468530
20111014,21.93,22.19,21.63,22.02,781935
20111017,22.03,22.23,21.16,21.38,633465
20111018,21.17,22.1,21.02,21.88,668115
20111019,21.93,22.27,21.18,21.93,758520
20111020,21.81,21.98,21.25,21.76,599235
20111021,21.68,22.44,21.67,22.44,701820
20111024,22.44,22.53,22.01,22.21,558810
20111025,22.21,22.33,21.62,21.68,616245
20111026,21.75,22.02,21.57,21.89,1089060
20111027,22.21,22.61,21.76,22.1,1401330
20111028,22.1,22.53,21.98,22.36,1477035
20111031,22.1,22.19,21.51,22.06,798840
20111101,21.65,21.93,21.25,21.39,765765
20111103,21.44,21.92,21.38,21.41,999705
20111104,21.39,21.59,21.19,21.59,874650
20111107,21.66,21.66,21.04,21.04,761145
20111108,21.07,21.22,20.32,20.66,1825215
20111109,20.64,20.64,20.32,20.4,1622985
20111110,20.4,21.17,20.35,20.79,902475
20111111,21.12,21.54,21,21.37,857955
20111114,21.42,21.7,21.42,21.51,477015
20111116,21.5,22.09,21.47,21.89,1679895
20111117,22.15,22.15,21.64,22.02,1367205
20111118,22.19,22.27,21.41,21.76,759675
20111121,21.57,22.44,21.39,22.04,863835
20111122,21.98,22.14,21.63,21.73,655725
20111123,21.72,21.72,20.5,20.99,760935
20111124,21.2,21.71,21.07,21.59,649110
20111125,21.43,22.08,21.39,21.89,1181775
20111128,22.1,22.33,21.89,22.17,1023540
20111129,22.16,22.44,22.01,22.27,1176315
20111130,22.43,23.29,22.35,23.29,1338855
20111201,23.38,23.86,22.91,23.71,1019445
20111202,24.06,24.53,22.7,22.82,1607865
20111205,22.7,23.88,22.58,23.76,701610
20111206,23.97,23.99,23.36,23.99,349860
20111207,23.74,24.34,23.56,24.04,638295
20111208,24.14,24.15,23.46,23.55,802935
20111209,23.54,23.77,23.18,23.34,725235
20111212,23.26,23.52,22.9,23.25,560700
20111213,23.23,23.53,22.44,22.67,1062495
20111214,22.62,22.7,21.76,21.77,1554525
20111215,22.18,22.53,21.81,22.42,836955
20111216,22.44,22.95,22.29,22.78,817845
20111219,22.74,23.38,22.6,22.78,559545
20111220,22.95,23.41,22.66,22.78,788340
20111221,22.6,22.82,22.27,22.44,602280
20111222,22.44,22.45,22.04,22.1,693210
20111223,22.06,22.27,21.13,22.1,1265145
20111226,21.76,22.4,21.76,22.23,170205
20111227,22.15,22.46,22.15,22.31,362565
20111228,22.35,22.66,22.1,22.42,594090
20111229,22.61,23.12,21.76,21.76,3682140
20120102,21.88,23.02,21.74,22.92,2565780
20120103,22.87,23.87,22.59,23.62,1609020
20120104,23.03,23.07,22.52,22.72,1474410
20120105,22.58,22.75,21.95,22.01,943530
20120106,22.12,22.69,21.91,22.17,653415
20120109,22.17,22.89,22.04,22.69,780045
20120110,22.93,23.24,22.66,22.66,723765
20120111,22.66,22.89,22.08,22.14,624120
20120112,22.29,22.46,22.1,22.25,546525
20120113,22.25,22.36,21.61,21.82,852915
20120116,21.99,22.98,21.87,22.89,776475
20120117,22.82,22.95,22.38,22.68,910035
20120118,22.66,23.34,22.63,23.23,883050
20120119,23.25,23.95,23.19,23.89,782250
20120120,23.86,24.33,23.75,23.91,872655
20120123,23.89,23.89,23.35,23.46,853650
20120124,23.44,23.59,23.13,23.44,559965
20120126,23.58,24.54,23.56,24.02,1503600
20120127,24.31,24.68,23.6,24.13,1424535
20120130,24,24.24,23.67,23.91,1257690
20120131,24.01,25.04,23.96,24.46,2025870
20120201,24.56,25.15,24.56,25.15,2216235
20120202,25.1,25.1,24.37,24.49,1672755
20120203,24.64,25.56,24.58,25.11,1422225
20120206,25.38,26.17,25.16,25.83,1793505
20120207,25.39,26.38,25.28,26.04,707175
20120208,26.04,26.19,25.36,25.38,1689975
20120209,25.49,25.82,25.21,25.52,807135
20120210,25.19,25.97,25.01,25.58,891870
20120213,25.79,25.83,25.08,25.47,662760
20120214,25.48,26.18,25.18,25.92,1681890
20120215,26.42,27.15,26.17,26.64,1894305
20120216,26.63,26.9,26.33,26.76,1054200
20120217,27.02,27.47,26.38,26.81,2027235
20120222,27.03,27.86,26.51,27.45,1308405
20120223,27.45,27.96,26.83,27.5,890610
20120224,27.5,27.96,27.31,27.71,686805
20120227,27.7,27.79,27.18,27.32,876750
20120228,27.33,27.94,27.13,27.58,682605
20120229,27.58,27.9,26.85,27.04,921795
20120301,27.27,28.22,27.11,27.93,1627920
20120302,28.13,28.26,27.75,27.9,476280
20120305,27.9,28.13,27.32,27.49,498540
20120306,27.48,27.48,26.68,26.86,1047060
20120307,26.91,27.28,26.74,27.09,757365
20120308,27.71,29.11,27.46,28.48,2082885
20120309,28.48,29.33,28.48,28.69,1197315
20120312,28.36,28.94,28.1,28.78,1074990
20120313,28.78,29.65,28.13,29.01,1128330
20120314,29.01,29.46,28.57,28.81,580755
20120315,28.5,28.82,28.03,28.4,796320
20120316,28.39,29.47,28.25,29.16,1291290
20120319,29.16,29.45,28.96,29.05,674730
20120320,28.81,29.26,28.33,28.79,1049580
20120321,28.79,29.03,28.5,28.71,736785
20120322,28.32,28.34,27.44,27.68,1794240
20120323,27.47,27.88,27.44,27.6,1324890
20120326,27.61,28.61,27.39,28.41,1857135
20120327,28.42,28.99,28.26,28.71,1187865
20120328,28.71,28.83,28.2,28.68,831180
20120329,28.26,29.26,28.21,28.75,1144185
20120330,28.79,29.05,28.41,28.71,1349985
20120402,28.75,30.02,28.45,29.22,1298745
20120403,29.44,30.41,29.43,29.79,1729665
20120404,29.64,30.2,29.1,29.41,1165815
20120405,29.41,29.45,28.84,29.24,991410
20120409,28.75,29.29,28.58,28.95,729435
20120410,29.04,29.25,28.58,28.97,1142190
20120411,28.97,28.97,27.95,28.38,850290
20120412,28.39,28.39,27.38,27.6,1995630
20120413,27.5,27.5,26.68,27.09,1697745
20120416,27.09,27.61,26.38,27.17,1334760
20120417,27.3,28.84,27.3,28.54,1642620
20120418,28.71,29.46,28.62,29.18,1424325
20120419,29.13,30.08,28.92,29.26,1365210
20120420,29.51,29.84,28.62,28.77,791910
20120423,28.6,29.01,27.95,28.54,770910
20120424,28.23,28.37,27.59,28.03,986580
20120425,28.16,28.5,27.73,28.38,761670
20120426,28.28,28.47,27.44,27.94,1655535
20120427,27.9,28.24,27.37,27.77,2034795
20120430,27.77,28.19,27.64,27.81,727545
20120502,27.97,28.29,27.23,27.82,1911630
20120503,27.81,29.08,27.81,28.38,1980090
20120504,28.27,28.52,26.71,27.46,3077130
20120507,27.25,27.85,26.98,27.45,1254960
20120508,27.37,27.4,26.73,26.94,1395870
20120509,26.6,26.79,26.3,26.47,1818495
20120510,26.56,26.84,26.25,26.47,517860
20120511,26.5,27.17,26.21,26.77,547995
20120514,26.7,26.7,25.88,25.9,1071000
20120515,25.78,26.12,25.39,25.39,1178940
20120516,25.75,26.36,25.21,25.39,1119300
20120517,25.44,25.74,24.8,25.03,1313865
20120518,24.88,26.17,24.88,25.87,1571745
20120521,26.16,27.87,25.74,27.56,1507275
20120522,26.17,26.28,25.45,25.45,4347525
20120523,25.57,25.72,24.11,25.01,2067240
20120524,24.78,25.3,24.31,24.59,1653960
20120525,24.65,25.71,24.39,25.53,1158465
20120528,25.64,25.96,25.21,25.63,440580
20120529,25.81,26.12,25.27,25.55,756105
20120530,25.2,26.52,25.01,26.3,2039940
20120531,26.29,27.45,25.96,27.45,2821140
20120601,27.2,27.79,26.17,26.6,1501080
20120604,26.6,27.77,26.51,27.69,774270
20120605,27.69,28.43,27.37,27.37,911610
20120606,27.38,27.7,26.07,26.32,1706355
20120608,25.91,26.2,25.39,25.81,2156385
20120611,26.12,27.01,25.78,26.85,1412355
20120612,26.77,27.88,26.7,27.66,1053780
20120613,27.63,27.63,26.82,27.11,1725045
20120614,26.84,27.51,26.51,26.6,1681050
20120615,26.64,27.37,26.49,26.49,2085615
20120618,26.42,26.49,25.93,26.3,1086540
20120619,26.51,26.78,25.94,26.55,1379280
20120620,26.54,26.54,25.81,25.92,921795
20120621,25.92,26.12,25.6,25.61,632625
20120622,25.65,26,25.16,25.74,966945
20120625,25.74,26.12,25.42,25.74,340200
20120626,26.04,26.04,25.28,25.52,592305
20120627,25.51,25.84,24.9,25.69,955395
20120628,25.6,25.69,24.62,25.05,933660
20120629,25.75,26.42,25.63,26.04,810285
20120702,25.98,26.91,25.61,26.88,625800
20120703,26.92,27.23,26.32,26.54,876540
20120704,26.54,27.37,26.51,27.05,447615
20120705,27.31,27.46,26.97,27.27,698985
20120706,26.9,27.05,25.76,26.23,813015
20120710,26.47,26.47,25.51,25.56,1067430
20120711,25.62,25.8,24.81,25.12,1134735
20120712,24.69,25.8,24.69,25.55,1091790
20120713,25.8,25.88,24.73,24.86,874230
20120716,24.86,25.2,24.69,25.03,644070
20120717,25.03,26.36,24.89,25.99,835905
20120718,25.86,27.06,25.74,26.08,969990
20120719,26.41,26.86,26.18,26.66,561855
20120720,26.63,27.34,26.34,26.66,736365
20120723,25.89,26.36,25.43,26.23,480375
20120724,26.23,26.98,26.01,26.84,857955
20120725,26.91,27.27,26.46,26.66,482265
20120726,26.93,28.32,26.7,28.3,500430
20120727,28.29,30.46,27.12,29.26,1353660
20120730,29.26,29.45,28.72,29.36,832650
20120731,29.42,29.68,28.43,28.58,806715
20120801,28.74,28.81,27.52,27.52,700140
20120802,27.3,29.18,26.94,28.82,1220520
20120803,29.42,30,29.35,29.8,994140
20120806,30.1,31.05,29.7,30.23,1088745
20120807,30.32,30.54,29.37,29.37,530670
20120808,29.25,29.93,28.81,29.25,729645
20120809,29.24,29.4,28.94,29.4,734475
20120810,29.37,29.81,28.77,29.25,706860
20120813,29.24,29.24,28.62,28.63,1015140
20120814,28.62,29.21,28.37,28.52,1234275
20120815,28.62,28.77,28.2,28.38,1067745
20120816,28.54,29.84,28.34,29.59,1436925
20120817,29.93,30.04,29.34,29.59,883890
20120820,29.59,30.23,28.91,29.98,579495
20120821,29.98,29.98,29.43,29.68,928410
20120822,29.73,30.89,29.3,30.84,1463490
20120823,30.61,31.26,30.23,31.04,1029525
20120824,30.88,31.99,30.53,31.63,650580
20120827,31.64,31.64,30.84,31.4,764715
20120828,31.48,31.61,30.71,30.86,739515
20120829,31.02,31.12,30.23,30.46,2491230
20120830,30.55,30.97,30.44,30.82,1147860
20120831,30.89,31.19,30.54,30.79,1130430
20120903,30.58,31.21,29.93,30.19,519750
20120904,30.18,30.92,29.79,30.16,1207605
20120905,30.32,30.79,29.79,29.92,723765
20120906,29.86,30.71,29.63,30.48,1369305
20120910,30.6,30.97,29.9,30.09,850395
20120911,30.22,30.59,30.06,30.36,910980
20120912,30.72,31.34,30.37,30.99,1485750
20120913,30.83,31.63,30.65,31.28,994560
20120914,31.15,31.74,30.83,31.61,1165920
20120917,31.61,32.39,31.61,32,643230
20120918,31.84,32.2,31.4,31.44,1131795
20120919,30.98,31.26,30.24,30.45,2239965
20120920,30.28,30.75,29.8,30.54,1070580
20120921,30.88,30.95,30.43,30.43,806295
20120924,30.29,30.69,30.28,30.66,1092945
20120925,30.54,30.94,30.38,30.38,954765
20120926,30.37,31.04,29.8,30.35,937335
20120927,30.49,30.87,30.03,30.5,850815
20120928,30.35,30.84,30.21,30.62,1204770
20121001,30.53,31.11,30.35,30.86,869505
20121002,30.74,31.03,30.59,30.7,812070
20121003,30.87,31.03,30.61,31.03,624750
20121004,31,31,29.74,29.74,1046640
20121005,29.75,30.95,29.75,30.51,1279425
20121008,30.37,31.37,30.3,31.27,843150
20121009,31.29,31.55,30.82,31.02,1114575
20121010,31.19,31.32,30.45,30.61,1528905
20121011,30.76,31.2,30.04,30.88,1690080
20121015,30.69,31.12,30.66,30.77,1296960
20121016,30.77,31.03,30.17,30.26,1374555
20121017,30.4,30.4,29.28,29.31,1915620
20121018,29.48,29.95,28.89,29.82,1704570
20121019,29.75,29.9,29.3,29.9,896070
20121022,29.88,30.34,29.52,30.19,403305
20121023,30.02,30.51,29.85,30.19,583170
20121024,30.17,30.27,29.57,29.57,587370
20121025,29.73,29.94,29.32,29.48,839055
20121026,29.48,29.88,29.18,29.72,539490
20121029,29.82,30.05,29.17,29.6,242445
20121030,29.73,30.08,29.32,30.08,349230
20121031,30.08,30.77,29.92,30.69,812385
20121101,30.64,31.46,30.08,31.46,900795
20121105,31.44,31.44,30.43,31.16,719145
20121106,31.2,31.8,30.82,31.55,1634115
20121107,31.72,31.72,31.38,31.53,1129590
20121108,31.66,31.92,30.34,30.34,858795
20121109,30.49,31.28,30.15,30.63,562590
20121112,30.48,30.75,29.71,29.71,819525
20121113,29.74,31.11,29.74,31.11,794850
20121114,31.03,31.11,30.47,30.6,500220
20121116,30.32,31.01,30.2,31.01,957705
20121119,30.84,31.58,30.7,31.46,186795
20121121,31.88,31.88,30.72,31.13,585900
20121122,31.29,31.41,30.57,30.9,231315
20121123,31.03,31.57,30.67,31.02,549780
20121126,30.9,31.31,30.86,30.95,709275
20121127,31.18,31.45,30.87,31.1,626220
20121128,30.76,31.38,30.43,31.25,762090
20121129,31.2,31.45,30.72,31.14,773850
20121130,31.25,31.37,30.52,30.64,1425375
20121203,30.84,31.46,30.38,31.46,675570
20121204,31.51,31.51,30.82,31.2,695310
20121205,31.28,31.37,30.87,30.9,409185
20121206,30.9,31,30.43,30.77,691635
20121207,30.64,31.42,30.64,31.2,818580
20121210,30.95,31.8,30.95,31.67,726390
20121211,31.81,31.81,31.01,31.51,897120
20121212,31.38,31.81,31.09,31.63,1204140
20121213,31.55,32.15,31.3,31.93,940905
20121214,31.94,32.34,31.88,31.88,434280
20121217,31.89,32.28,31.81,32.02,518385
20121218,32.15,32.32,31.62,32.32,520065
20121219,32.3,32.65,31.99,32.58,855225
20121220,32.56,32.67,32.03,32.53,410970
20121221,32.11,32.32,31.95,32.31,496860
20121226,32.33,32.43,32.01,32.2,516705
20121227,32.32,33.01,32.29,32.57,436695
20121228,32.64,32.99,32.32,32.32,545685
20130102,33.17,33.52,32.71,33.3,517545
20130103,33.08,33.59,32.64,33.08,477960
20130104,33.07,33.26,32.48,33.17,496020
20130107,32.88,33.08,32.4,32.47,483525
20130108,32.64,32.78,32.19,32.48,418110
20130109,32.13,32.6,31.92,32,1147335
20130110,31.96,32.47,31.75,31.87,636825
20130111,31.66,32.03,31.18,31.27,1826895
20130114,31.74,31.75,30.75,31.1,1264830
20130115,31.43,31.43,30.77,31.14,1062915
20130116,30.92,31.09,30.54,30.63,1305780
20130117,30.69,31.3,30.61,30.71,1775235
20130118,30.92,31.06,30.34,30.62,1602300
20130121,30.8,31.18,30.71,30.8,433335
20130122,30.92,31.88,30.9,31.8,1580145
20130123,31.95,32.31,31.53,32.17,1085700
20130124,32,32.34,31.3,31.44,1510635
20130128,31.56,32.09,30.88,31.27,1598310
20130129,31.18,31.62,31.11,31.62,1778490
20130130,31.62,31.64,30.92,31.26,756420
20130131,31.23,31.84,31.18,31.62,1120350
20130201,31.82,32.01,31.26,31.53,1434615
20130204,31.69,31.88,31.03,31.87,1050105
20130205,31.95,32.74,31.9,32.64,2265165
20130206,32.64,33.25,32.6,33.25,1566705
20130207,33.16,33.3,32.42,33.08,3736845
20130208,32.84,32.93,32.26,32.39,1264830
20130213,32.48,33.4,32.45,33.13,1647450
20130214,33,33.23,32.56,32.75,1010730
20130215,32.81,32.81,32.13,32.44,2517480
20130218,32.51,32.58,31.88,32.22,734895
20130219,32.38,32.74,31.54,31.75,1075725
20130220,31.63,32.18,31.53,31.53,1168965
20130221,31.32,31.69,31.1,31.18,1395450
20130222,31.35,31.94,30.99,31.79,1333290
20130225,31.66,32.37,31.5,31.84,722925
20130226,31.53,32.69,31.44,32.61,1022280
20130227,32.48,33.19,32.31,32.83,2483040
20130228,32.5,32.92,32.36,32.43,859950
20130301,32.19,32.92,32.08,32.47,855855
20130304,32.49,32.86,32.48,32.74,606795
20130305,32.74,33.47,32.32,32.39,2499630
20130306,32.19,32.38,31.79,32.05,1859970
20130307,32.23,32.71,31.58,31.59,2053905
20130308,31.44,32.15,31.27,31.86,1077930
20130311,31.93,32.31,31.78,32.03,693630
20130312,31.7,32.65,31.67,31.96,1260735
20130313,32.1,32.39,31.84,31.99,686805
20130314,32.35,32.44,31.57,31.79,3298260
20130315,32.15,32.18,31.78,31.78,1216635
20130318,31.86,32.39,31.48,31.92,932925
20130319,31.62,32.26,31.57,31.76,612360
20130320,31.74,31.93,31.31,31.38,691845
20130321,31.59,31.99,31.45,31.51,1352505
20130322,31.75,32.09,31.43,31.68,1071105
20130325,31.71,31.75,31.09,31.16,1035300
20130326,31.11,31.92,31.09,31.59,824775
20130327,31.16,31.84,31.16,31.68,528465
20130328,31.89,31.92,31.22,31.25,917070
20130401,31.16,31.62,30.83,30.99,928515
20130402,31.15,31.16,30.81,30.81,605535
20130403,30.99,31.13,30.47,30.64,605850
20130404,30.51,31,30.38,30.47,621810
20130405,30.68,30.94,30.4,30.73,936180
20130408,30.57,31.1,30.57,30.83,607215
20130409,30.47,30.84,30.39,30.53,1774710
20130410,30.6,30.78,30.05,30.16,1506120
20130411,30.34,30.34,29.1,29.46,2073960
20130412,29.44,29.58,28.78,29.3,1038450
20130415,28.86,29.76,28.74,28.74,1087485
20130416,28.89,29.4,28.8,28.99,1105230
20130417,28.99,29.61,28.42,28.82,2290260
20130418,29.01,29.48,28.72,28.75,843360
20130419,28.78,30.12,28.78,29.98,1467165
20130422,29.73,30.45,29.43,30.04,955290
20130423,29.97,31.07,29.93,30.71,954870
20130424,30.74,31.63,30.66,31.33,1220310
20130425,31.69,31.71,30.45,30.55,781515
20130426,30.62,31.13,30.34,30.47,1054410
20130429,30.81,30.9,30.49,30.7,532455
20130430,30.6,31.04,30.23,30.75,927780
20130502,30.47,30.91,30.33,30.45,2383000
20130503,30.91,30.91,30.15,30.18,1457900
20130506,30.33,30.4,29.88,29.95,1625200
20130507,29.99,30.59,29.96,30.56,3334000
20130508,30.56,30.86,30.4,30.61,3444600
20130509,30.56,30.81,29.83,30.29,1447000
20130510,30.15,30.55,30.01,30.43,1308900
20130513,30.28,30.6,30.28,30.47,1768100
20130514,30.56,30.56,29.9,30.24,1955100
20130515,30.2,30.5,30.1,30.21,1112700
20130516,30.21,30.37,29.95,30.2,5865100
20130517,30.3,30.5,30.2,30.38,525700
20130520,30.24,30.73,29.91,30.7,687900
20130521,30.83,32.01,30.49,31.81,5068100
20130522,31.81,32.73,31.58,32.29,1473500
20130523,32.19,32.48,31.93,31.97,418700
20130524,31.83,32.29,31.36,32.1,517500
20130527,32.1,32.34,31.71,31.74,291600
20130528,32.02,32.12,31.52,31.64,507500
20130529,31.47,31.51,30.77,30.92,702800
20130531,30.81,30.97,29.6,29.94,1631400
20130603,29.8,30.27,29.34,29.7,1349800
20130604,29.84,30.61,29.84,30.57,1448100
20130605,30.67,31.19,29.56,29.56,1129300
20130606,29.5,29.9,29.11,29.74,777500
20130607,29.45,29.83,29.06,29.16,667800
20130610,29.07,29.51,28.69,28.74,634100
20130611,28.68,29.25,28.25,28.29,1696300
20130612,28.64,29.08,28.06,28.3,1149500
20130613,28.29,29.15,28.27,28.89,924800
20130614,29.23,29.24,28.29,28.38,1053000
20130617,28.42,28.79,27.79,27.92,1382600
20130618,27.83,28.31,27.56,27.92,1732900
20130619,27.84,28.69,27.07,27.07,1748200
20130620,26.65,27.33,26.25,27.28,2070900
20130621,26.91,27.34,26.58,27.1,1645400
20130624,27.1,27.46,26.55,27.15,2635600
20130625,27.25,28.3,27.24,28.29,1746700
20130626,28.22,29.68,28.19,28.99,1881300
20130627,29.06,29.62,28.87,29.4,1153100
20130628,29.16,29.53,28.57,28.74,1707500
20130701,28.81,28.81,27.61,27.61,1278100
20130702,27.62,28.23,26.93,27.35,1320400
20130703,27.11,28.2,26.89,27.58,1802900
20130704,27.62,28.71,27.62,28.08,1027000
20130705,27.85,28.02,27.4,27.57,1194300
20130708,27.37,28.54,27.37,28.03,1100700
20130710,28.31,28.94,28.05,28.07,737500
20130711,28.58,29.21,28.58,29.04,750900
20130712,28.81,29.01,28.26,28.26,704700
20130715,28.6,28.99,28.14,28.35,1421300
20130716,28.61,28.8,28.03,28.26,1097500
20130717,28.76,29.22,28.72,28.81,1771700
20130718,28.54,29.6,28.54,29.13,1996900
20130719,29.05,29.35,28.94,29.15,586700
20130722,28.78,29.77,28.78,29.27,1473800
20130723,29.54,29.95,29.33,29.91,861100
20130724,29.88,30.23,29.26,29.26,983300
20130725,29.05,29.92,29.05,29.43,612600
20130726,29.43,29.72,29.22,29.45,711300
20130729,29.3,29.72,29.25,29.59,324100
20130730,29.45,30.08,29.31,29.81,1055800
20130731,29.57,29.96,29.19,29.63,712500
20130801,29.86,30.15,29.22,29.66,519800
20130802,29.64,29.86,28.8,29.04,507400
20130805,28.97,29.51,28.73,29.22,690500
20130806,29.36,29.5,28.99,29.45,1479600
20130807,29.31,29.5,29.31,29.42,614000
20130808,29.35,29.89,29.29,29.83,569700
20130809,29.87,30.56,29.67,30.08,1085400
20130812,30.39,30.8,30.12,30.27,1095900
20130813,30.35,30.58,30.13,30.49,935100
20130814,30.54,30.68,29.6,29.66,1718200
20130815,29.5,29.85,28.9,29.08,1467400
20130816,29.07,29.15,28.53,28.67,1800900
20130819,28.44,29.1,28.33,28.49,851500
20130820,28.49,28.56,27.71,27.81,999000
20130821,27.5,28.5,27.49,28.26,1194700
20130822,28.26,28.61,28.01,28.35,1113400
20130823,28.21,29.39,28.21,29.03,716000
20130826,28.86,29.59,28.79,29.17,702000
20130827,28.86,29.16,27.98,28.1,815000
20130828,28.3,28.7,27.77,27.77,917800
20130829,27.94,29.01,27.77,28.25,1020400
20130830,28.25,28.78,27.99,28.4,1307000
20130902,28.72,29.63,28.58,29.09,736400
20130903,28.91,30.08,28.91,29.26,939600
20130904,29.17,29.35,28.58,29.06,939600
20130905,29.17,29.41,28.65,29,922300
20130906,29.15,29.71,29,29.36,885000
20130909,29.36,30.46,29.36,30.08,1259800
20130910,29.91,30.8,29.82,30.27,1178200
20130911,30.08,30.54,29.53,29.53,1192500
20130912,29.76,30.21,29.56,29.72,771600
20130913,29.72,30.11,29.72,29.86,1317700
20130916,30.1,30.28,29.81,29.88,1109000
20130917,30.12,30.28,29.98,30.13,721000
20130918,29.91,31.48,29.91,30.59,1856800
20130919,30.73,31.15,30.59,30.77,1901800
20130920,30.65,30.99,30.08,30.08,839300
20130923,30.31,30.83,30.14,30.54,893500
20130924,30.37,30.98,30.37,30.72,1501300
20130925,30.67,30.93,30.24,30.69,684900
20130926,30.7,31.01,30.19,30.77,1113400
20130927,30.73,31.05,30.29,30.72,909600
20130930,30.54,30.81,30.08,30.08,891900
20131001,30.24,30.6,29.8,30.22,483300
20131002,30.22,30.77,30.15,30.32,349800
20131003,30.35,30.44,29.8,30.1,768100
20131004,30.1,30.28,29.87,29.93,872300
20131007,29.91,30.69,29.66,30.42,1071000
20131008,30.38,31.03,30.37,30.93,880600
20131009,30.89,32.06,30.67,31.7,1431800
20131010,31.84,31.84,30.8,31.25,1353300
20131011,31.26,32.2,31.25,31.93,960400
20131014,31.86,32.52,31.83,32.25,1267000
20131015,32.49,32.49,31.92,32.11,2031100
20131016,32.65,33.55,32.2,32.98,1791200
20131017,32.64,33.15,32.53,32.78,818500
20131018,32.96,33.07,32.41,32.5,1001200
20131021,32.71,33.27,32.44,32.94,786000
20131022,33.06,33.43,32.7,33.18,867800
20131023,33.18,33.24,32.63,32.66,990400
20131024,32.83,32.87,32.19,32.66,643300
20131025,32.89,33,32.66,32.71,462300
20131028,32.87,33.24,32.67,32.89,2241800
20131029,32.94,33.19,32.62,32.98,768400
20131030,33.13,33.49,32.94,33.16,1084000
20131031,33.15,33.39,32.98,33.35,1407800
20131101,33.69,33.92,32.4,32.4,1427200
20131104,32.6,32.73,32.23,32.36,760800
20131105,32.23,32.54,31.79,32.27,661800
20131106,32.07,32.52,31.5,31.73,844800
20131107,31.52,32.41,31.43,31.43,880800
20131108,31.28,31.6,30.77,31.18,847200
20131111,31.32,31.74,31.05,31.24,483800
20131112,31.22,31.53,30.82,30.91,732100
20131113,30.8,31.31,30.8,30.94,1144300
20131114,30.86,31.99,30.86,31.66,989000
20131118,31.7,32.38,31.7,32.21,1058800
20131119,32.07,32.25,31.3,31.65,1266700
20131121,31.65,32.05,31.41,31.41,622700
20131122,31.35,32.16,31.16,31.77,555000
20131125,31.91,32.27,31.39,32.21,1825400
20131126,32.12,32.21,31.76,32.21,822200
20131127,32.28,32.31,31.65,31.65,764400
20131128,31.81,32.38,31.81,31.88,1976600
20131129,32.04,32.33,31.92,31.92,816600
20131202,31.77,32.43,31.77,32.12,1465000
20131203,31.97,32.11,30.74,30.8,1559600
20131204,30.96,31.55,30.28,30.37,1586300
20131205,30.69,31.27,30.43,30.94,1723400
20131206,31.16,31.7,30.84,31.07,1194900
20131209,30.91,31.59,30.91,31.33,1009200
20131210,31.35,31.38,30.94,30.94,944300
20131211,30.94,31.11,30.5,30.5,572500
20131212,30.67,30.97,30.5,30.69,1415800
20131213,30.86,31.5,30.49,30.49,2019800
20131216,30.52,31.32,30.52,30.85,836300
20131217,31.01,31.04,30.53,30.64,1219800
20131218,30.75,31.29,30.65,31.08,2001200
20131219,30.92,31.43,30.89,30.89,1197000
20131220,30.89,31.53,30.89,30.99,2037700
20131223,31,31.7,31,31.2,1039000
20131226,31.34,31.46,31.18,31.21,686700
20131227,31.3,31.51,31.23,31.31,496100
20131230,31.42,31.83,31.36,31.44,866200
20140102,31.65,31.72,30.81,31.01,1554900
20140103,30.99,31.64,30.99,31.63,1622700
20140106,31.57,31.72,30.84,30.98,1487100
20140107,31.22,31.35,30.68,30.77,856800
20140108,30.9,31.16,30.29,30.87,872700
20140109,30.68,30.87,29.59,29.59,1884200
20140110,29.59,30.29,29.28,29.93,2966500
20140113,29.96,30.28,29.5,29.5,804800
20140114,29.72,29.95,29.37,29.59,881100
20140115,29.83,29.83,29.43,29.55,1108100
20140116,29.64,30.02,29.29,29.5,1144800
20140117,29.5,29.62,29.29,29.5,3868500
20140120,29.32,29.85,29.32,29.36,447000
20140121,29.59,30,29.43,29.63,1500300
20140122,29.66,30.13,29.66,30.02,1646300
20140123,30.03,30.37,29.96,30.02,2628600
20140124,30,30.06,29.21,29.26,2672600
20140127,29.17,29.54,29.07,29.21,1953500
20140128,29.47,29.77,29.4,29.69,1905800
20140129,29.85,29.85,28.95,28.95,1891700
20140130,29.18,29.3,28.85,28.99,3406400
20140131,28.82,29.2,28.69,28.88,2123700
20140203,28.88,29.35,28.31,28.41,4172800
20140204,28.51,28.54,28.11,28.41,1330200
20140205,28.41,28.69,28.32,28.46,2723500
20140206,28.68,28.88,28.29,28.75,2220300
20140207,28.65,29.49,28.65,29.12,1637900
20140210,29.12,30.11,28.98,30.08,2345100
20140211,30.28,31.38,30.04,31.06,2486400
20140212,31.07,31.64,30.82,31.01,1191100
20140213,30.71,30.88,29.78,29.78,1776300
20140214,29.84,30.3,29.55,30.3,4927700
20140217,30.54,30.76,29.52,29.52,307000
20140218,29.52,30.27,29.47,30.07,976200
20140219,30.2,30.2,29.75,30.16,1089600
20140220,29.93,30.29,29.77,30.16,1693700
20140221,30.16,30.58,30.02,30.49,1136000
20140224,30.38,30.85,30.31,30.33,409700
20140225,30.11,30.37,30.11,30.15,1009300
20140226,30.31,30.54,29.71,29.83,942400
20140227,30.27,30.3,29.78,29.95,727300
20140228,30.26,30.39,29.39,29.51,1319400
20140305,29.37,29.75,28.82,29.05,806000
20140306,28.88,29.65,28.88,29.22,2391800
20140307,29.01,29.31,28.54,28.55,2480500
20140310,28.41,29.12,28.41,28.45,965900
20140311,28.65,29.06,28.6,28.74,421000
20140312,28.94,28.94,28.54,28.69,712000
20140313,28.88,28.97,28.7,28.88,774400
20140314,28.97,29.39,28.65,29.36,774600
20140317,29.39,29.72,29.36,29.4,399200
20140318,29.5,29.94,29.36,29.68,719500
20140319,29.88,30.21,29.43,30.11,390600
20140320,29.87,30.34,29.62,30.21,1083200
20140321,30,30.48,29.84,29.86,1017200
20140324,29.98,30.32,29.74,30.3,1008400
20140325,30.16,30.67,30.13,30.24,724300
20140326,30.63,30.91,29.93,29.93,772800
20140327,29.75,31.37,29.75,30.92,3452000
20140328,30.78,31.31,30.7,31.28,1176000
20140331,31.25,31.63,31.08,31.44,1608400
20140401,31.69,31.75,30.45,30.84,875100
20140402,30.84,31.41,30.58,30.88,1734500
20140403,31.21,31.31,30.65,31.22,755500
20140404,31.55,32.14,31.23,31.69,1146200
20140407,32.02,33.07,31.83,32.75,1383100
20140408,33.12,33.91,31.93,32.26,1546100
20140409,32.04,32.44,31.51,31.51,988800
20140410,31.5,31.81,31.34,31.78,546700
20140411,31.71,32.53,31.44,32.26,1922100
20140414,32.21,33.22,32.21,32.7,1171300
20140415,32.35,32.64,31.99,32.03,794000
20140416,32.63,33.15,32.26,32.79,1362300
20140417,32.42,33.66,32.33,33.08,1038400
20140422,32.88,33.61,32.83,33.12,483300
20140423,32.93,33.21,32.77,32.88,626900
20140424,32.88,33.34,32.68,33.31,829800
20140425,33.04,33.18,32.7,32.7,769000
20140428,32.66,32.85,31.98,31.98,901900
20140429,32.05,32.51,31.89,32.17,813700
20140430,31.97,32.56,31.59,31.6,1270700
20140502,31.59,32.71,31.54,31.98,1238700
20140505,32.17,32.74,32.11,32.44,736900
20140506,32.54,32.91,32.26,32.46,613000
20140507,32.25,32.75,32.15,32.15,861000
20140508,32.34,32.99,32.14,32.83,1103600
20140509,33.29,33.39,32.76,33.15,614100
20140512,33.4,34.31,33.01,34.12,779300
20140513,34.26,35.21,34.11,34.97,2244600
20140514,34.97,35.56,34.97,35.26,719200
20140515,35.38,35.41,34.97,35.21,454600
20140516,35.21,35.68,35.21,35.5,848300
20140519,35.5,35.5,34.78,34.84,765400
20140520,35.04,35.18,34.18,34.18,1224800
20140521,34.36,35.14,34.1,34.78,897200
20140522,34.5,35.33,34.5,34.86,448700
20140523,34.89,34.89,34.04,34.04,1339000
20140526,33.97,34.54,33.97,34.2,560100
20140527,34.2,34.53,33.66,33.97,556600
20140528,33.99,34.59,33.99,34.35,556800
20140529,34.71,35.02,34.25,34.25,433600
20140530,34.24,34.56,33.69,33.88,1134400
20140602,33.96,33.96,32.67,33.4,1235600
20140603,33.4,34.15,33.12,33.83,977000
20140604,33.69,34.21,33.69,34.1,569600
20140605,34.31,34.59,34.25,34.3,358300
20140606,35.22,35.37,34.68,34.8,584300
20140609,35,35.49,34.83,35.32,927100
20140610,35.32,35.48,34.85,34.93,1368300
20140611,35.35,35.88,35.21,35.88,770000
20140613,36.06,36.06,34.92,35.02,899900
20140616,35.01,35.78,35.01,35.43,587700
20140617,35.5,35.65,35.31,35.52,192900
20140618,35.75,36.45,35.11,36.26,1302500
20140620,36.01,36.23,35.86,36.07,755100
20140623,36.23,36.23,35.36,35.42,487100
20140624,35.5,35.8,35.35,35.78,1263900
20140625,35.54,35.96,35.29,35.41,704200
20140626,35.63,35.63,35.13,35.22,623100
20140627,35.12,35.4,34.84,34.9,353900
20140630,34.97,35.11,34.54,34.77,672900
20140701,34.8,35.24,34.04,34.2,577900
20140702,34.42,34.94,34.23,34.42,815600
20140703,34.19,35.15,34.19,34.8,609700
20140704,34.8,35.05,34.63,35,134200
20140707,34.8,35,34.55,34.85,372500
20140708,34.75,35.19,34.75,35.08,327400
20140710,35.56,35.56,34.88,35.01,724000
20140711,35.09,35.52,34.91,35.12,364600
20140714,35.36,36.03,35.12,35.89,649500
20140715,35.86,35.86,35.35,35.64,731800
20140716,35.86,36.1,35.54,35.68,659500
20140717,35.65,35.81,34.91,35.09,697900
20140718,35.85,36.05,35.33,35.51,754000
20140721,35.86,36.01,35.49,35.49,789000
20140722,35.55,35.98,35.38,35.71,984900
20140723,35.5,35.89,35.5,35.86,401800
20140724,36.09,36.44,35.85,35.89,508700
20140725,35.69,36.03,35.69,35.81,232600
20140728,36.05,36.24,35.45,35.45,436200
20140729,35.45,35.64,35.31,35.42,966800
20140730,35.68,35.68,34.42,34.9,401800
20140731,34.35,34.86,34.18,34.54,1546000
20140801,34.72,35.09,34.34,34.91,1006300
20140804,34.95,35.37,34.79,34.79,438500
20140805,34.73,35.2,34.51,35,1152700
20140806,35,35.29,34.45,34.74,385200
20140807,34.95,35.25,34.42,34.66,539000
20140808,34.42,35.18,34.18,35.06,2054900
20140811,35.06,35.34,34.89,35.19,1151100
20140812,34.95,35.84,34.94,35.43,852800
20140813,35.7,36.34,35.3,35.76,1243700
20140814,35.55,36.33,35.55,35.81,1919200
20140815,36.12,36.33,35.36,35.79,445700
20140818,36.04,36.33,35.83,36.26,925400
20140819,36.12,36.81,36.05,36.76,843900
20140820,36.92,37.46,36.65,37.29,927000
20140821,37.6,37.76,37.39,37.53,856100
20140822,37.43,37.96,37.05,37.9,847500
20140825,38.06,38.73,37.77,37.95,1014200
20140826,37.78,38.32,37.42,37.89,1504200
20140827,38.19,38.79,37.9,38.58,1068900
20140828,38.35,38.75,37.81,37.9,802700
20140829,38.17,38.42,37.87,38.1,935700
20140901,37.61,38.72,37.32,38.51,544700
20140902,38.75,38.77,37.6,37.78,668700
20140903,37.86,38.2,37.55,37.67,550100
20140904,37.53,37.88,37.32,37.52,769000
20140905,37.78,37.86,37.24,37.24,667600
20140908,37.69,37.72,36.39,36.39,816500
20140909,35.95,36.81,35.26,35.52,1102700
20140910,35.27,36.42,35.09,36.27,836600
20140911,36.53,36.86,36.28,36.38,450900
20140912,35.88,36.03,34.98,34.98,786200
20140915,35.19,35.31,34.45,34.8,1079500
20140916,34.72,36.08,34.72,35.3,1297600
20140917,35.37,36.03,35.02,35.09,1238000
20140918,34.95,35.52,34.47,34.52,843300
20140919,34.31,35.85,34.31,35.53,940500
20140922,35.28,35.32,34.3,34.71,557500
20140923,34.47,35.09,34.21,34.64,761500
20140924,34.4,35.09,34.08,34.9,785600
20140925,34.66,35.13,33.8,33.94,837700
20140926,34.03,35.41,34.03,34.88,781100
20140929,33.76,34.02,33.21,33.46,1046300
20140930,32.97,33.93,32.97,33.93,973400
20141001,33.3,33.68,33.25,33.46,1668000
20141002,33.16,33.73,32.72,33.48,980400
20141003,33.52,33.88,32.89,33.62,873800
20141006,36.21,36.56,35.16,35.67,1115300
20141007,36.11,36.47,35.68,35.92,1011500
20141008,36.31,36.64,35.08,35.92,602600
20141009,36.52,37.17,36.03,36.64,807100
20141010,36.59,36.61,35.37,35.92,762800
20141013,36.79,37.73,36.02,36.83,870500
20141014,36.98,37.35,36.43,36.81,1305700
20141015,36.34,36.79,35.04,35.58,1058000
20141016,34.63,35.28,33.76,34.78,855200
20141017,34.81,35.54,34.47,35.44,960100
20141020,35.19,35.44,34.72,34.96,505200
20141021,34.39,34.53,33.13,33.41,839800
20141022,33.2,34,33.19,33.72,465900
20141023,33.48,33.72,30.96,31.51,1313200
20141024,31.29,33.74,31.09,32.81,2534100
20141027,30.96,34.03,30.65,33.81,3210900
20141028,33.81,34.79,32.94,33.4,2353100
20141029,33.42,33.64,32.94,32.94,1012900
20141030,32.89,33.95,32.89,33.34,937200
20141031,33.35,34.22,33.35,34.22,1888500
20141103,34.2,34.72,33.41,33.91,853000
20141104,34.04,34.68,33.64,33.72,1090300
20141105,33.25,34.1,32.82,32.82,630600
20141106,32.58,33.03,31.9,31.9,671700
20141107,31.9,33.69,31.73,33.25,1396900
20141110,33.48,33.84,32.19,32.19,525100
20141111,31.85,32.75,31.85,32.58,374400
20141112,32.48,32.76,32.16,32.63,517300
20141113,32.47,33.02,32.1,32.1,928100
20141114,31.8,32.37,30.94,31.28,1496600
20141117,31.28,31.95,31.09,31.64,987700
20141118,31.65,32.16,31.37,32.14,1135200
20141119,32.36,33.11,32.21,32.66,1080400
20141121,33.02,35.71,32.8,34.33,2585200
20141124,35.18,35.18,33.67,33.94,889500
20141125,34.47,34.62,33.26,33.26,846700
20141126,33.46,34.02,33.46,34.01,682400
20141127,33.81,34.46,33.27,33.62,475800
20141128,33.32,34.22,33.32,33.53,535100
20141201,33.12,33.6,32.17,32.63,789300
20141202,32.52,33.09,31.91,31.99,688100
20141203,32.39,33.13,32.21,32.88,535600
20141204,32.86,32.95,32.07,32.58,546000
20141205,32.57,33.52,32.45,33.52,609200
20141208,33.17,33.82,32.33,32.33,1132400
20141209,32.44,33.41,32.36,33.11,831200
20141210,32.96,33.71,32.45,32.45,844000
20141211,32.2,32.71,31.45,32.01,661000
20141212,31.8,31.9,31.29,31.37,1092800
20141215,31.52,31.65,29.91,30.65,1384900
20141216,29.87,31.41,29.87,30.7,901300
20141217,30.91,32.11,30.38,31.52,1309300
20141218,31.71,32.76,31.46,32.28,882000
20141219,32.05,34.38,31.75,34.38,1722100
20141222,34.27,34.79,33.1,34.79,846500
20141223,34.41,35.07,33.73,34.3,692200
20141226,34.06,35.11,33.91,34.14,235800
20141229,34.1,35.44,33.63,35.06,465400
20141230,35.44,35.5,33.81,34.21,914500
20150102,33.11,34.61,33.11,33.71,690900
20150105,33.59,33.59,32.06,32.06,963200
20150106,32.14,33.14,31.62,33.02,1244700
20150107,33.22,33.99,32.84,33.64,1043300
20150108,33.78,33.78,32.37,32.73,481700
20150109,32.81,32.95,32.41,32.87,785300
20150112,32.56,33.17,32.28,33.17,834100
20150113,32.89,33.37,32.81,32.97,664400
20150114,32.59,33.83,32.54,33.45,643000
20150115,32.95,33.97,32.88,33.86,881500
20150116,33.71,34.84,33.61,34.55,606200
20150119,34.19,34.28,33.03,33.21,288500
20150120,33.02,34.19,33.02,33.88,403300
20150121,34.16,35.84,33.79,35.61,1076900
20150122,35.8,36.33,35.11,35.72,1019600
20150123,35.23,35.91,34.49,34.77,817300
20150126,34.46,35.03,34.02,35.03,506700
20150127,35.14,35.7,34.01,35.03,1618800
20150128,34.93,34.93,33.9,33.9,465300
20150129,33.34,34.7,33.29,34.38,930100
20150130,33.98,34.55,33.03,33.5,1515200
20150202,33.7,34.23,33.47,33.77,451000
20150203,33.96,34.35,33.5,33.58,668400
20150204,33.59,33.76,32.66,33.09,1498500
20150205,32.81,33.84,32.81,33.59,1188000
20150206,33.05,33.88,33.05,33.88,900800
20150209,33.83,33.98,33.48,33.71,1458000
20150210,33.5,34.09,32.45,32.45,1204800
20150211,32.39,32.61,30.73,31.07,1021400
20150212,31.44,32.18,31.44,31.67,1546300
20150213,31.95,32.73,31.83,32.73,1235800
20150218,32.31,33.47,32.29,32.82,685700
20150219,32.55,33.17,32.54,32.92,290500
20150220,33.07,33.19,32.57,32.97,461000
20150223,32.82,33.35,32.59,32.95,858900
20150224,33.27,33.41,32.71,32.8,646000
20150225,32.78,32.83,32.43,32.71,1106300
20150226,33,34.08,32.8,33.78,832200
20150227,33.78,34.11,33.18,33.59,1038300
20150302,33.51,33.73,33.17,33.48,868600
20150303,33.32,33.6,33.08,33.21,515200
20150304,32.9,33.01,32.2,32.25,710500
20150305,32.25,32.83,32.23,32.63,500200
20150306,32.66,32.72,32.22,32.51,656500
20150309,32.15,32.79,32.15,32.6,882800
20150310,32.06,32.81,31.63,31.63,725400
20150311,31.79,32.42,31.61,32.32,520700
20150312,32.42,32.78,32.04,32.12,805700
20150313,31.86,32.1,31.59,31.85,663400
20150316,32.08,32.34,31.86,32.12,1272900
20150317,32.06,32.91,31.58,32.73,820500
20150318,32.69,34.39,32.56,33.69,1052000
20150319,33.58,34.06,33.18,33.5,624700
20150320,34.07,34.43,33.57,33.74,763800
20150323,33.79,34.01,33.31,33.8,373100
20150324,33.96,34.26,33.63,34.15,782400
20150325,34.34,34.83,34.05,34.07,706300
20150326,33.9,33.91,33.03,33.69,712800
20150327,33.45,33.99,33.19,33.28,625900
20150330,33.44,35.28,33.33,34.78,908200
20150331,34.61,35.47,34.22,34.84,1109500
20150401,35.3,36.21,34.99,35.3,807600
20150402,35.86,36.54,35.6,35.91,559500
20150406,36.37,37.21,36.14,37.06,514800
20150407,37.14,37.25,35.57,35.94,723800
20150408,36.19,37.52,36.19,36.94,840600
20150409,36.59,37.43,36.29,37.31,820700
20150410,37.05,37.89,36.08,37.33,1475400
20150413,37.32,37.45,36.1,36.6,926500
20150414,36.48,37.03,36.16,36.47,1159000
20150415,36.84,37.09,36.37,37.09,1550300
20150416,36.94,37.3,36.49,36.56,929900
20150417,36.37,36.37,35.35,35.51,865700
20150420,35.35,35.72,34.88,35.26,1255300
20150422,35.02,35.82,34.96,35.64,2016100
20150423,35.46,36.56,35.46,36.56,452200
20150424,36.56,36.56,35.32,35.49,1299300
20150427,35.41,35.7,34.37,34.69,723600
20150428,34.9,34.9,33.72,33.92,1667000
20150429,33.49,33.78,33.23,33.33,2255900
20150430,32.91,34.32,32.88,33.79,917000
20150504,34.22,34.22,33.55,34.15,857100
20150505,33.98,34.07,33.53,33.61,1267800
20150506,33.74,33.74,32.86,33.3,1163100
20150507,32.92,33.31,32.73,33.11,738900
20150508,33.39,33.8,32.85,33.8,681300
20150511,33.79,33.79,32.79,32.86,1509300
20150512,32.92,33.69,32.82,33.26,1060800
20150513,32.99,33.76,32.92,33.63,1207500
20150514,33.79,34.17,33.26,34,836900
20150515,33.69,34.17,32.63,33.07,1181200
20150518,33.31,33.53,32.65,32.81,649500
20150519,32.83,32.97,32.01,32.18,1798700
20150520,32.24,32.69,32.09,32.43,618000
20150521,32.27,32.28,31.26,32.24,615900
20150522,32.24,32.37,31.2,31.31,794300
20150525,31.4,32.05,31.12,31.75,369600
20150526,31.7,31.74,30.79,30.97,1574800
20150527,30.99,31.73,30.95,31.34,1066000
20150528,31.15,31.4,30.92,31.11,645000
20150529,31.01,31.12,30.79,30.93,1326700
20150601,30.8,31.17,30.79,31.17,628500
20150602,31.01,31.61,31.01,31.6,871500
20150603,31.64,31.64,31.23,31.56,682600
20150605,31.12,31.64,31,31.37,914900
20150608,31.35,31.45,30.93,31.03,568300
20150609,31.2,31.4,30.82,31.35,576400
20150610,31.34,32.26,31.2,32.04,1509700
20150611,31.96,32.27,31.71,32.06,1198800
20150612,31.84,32.05,31.8,31.98,843700
20150615,31.71,32.01,31.47,31.84,498400
20150616,32.06,32.1,31.51,31.58,524500
20150617,31.48,31.76,31.43,31.43,940900
20150618,31.63,31.93,31.24,31.52,825700
20150619,31.3,31.86,31.09,31.32,729700
20150622,31.52,31.92,30.92,31.08,636100
20150623,31.25,31.41,30.99,31,368100
20150624,31.14,31.14,30.45,30.54,922800
20150625,30.54,30.63,30.21,30.35,848300
20150626,30.5,31.02,29.97,30.11,874000
20150629,30.01,30.25,29.66,30.02,500500
20150630,29.99,30.45,29.59,29.71,1161900
20150701,29.89,30.77,29.8,30.53,662400
20150702,30.6,31.1,30.01,30.01,506600
20150703,29.79,30.08,29.39,29.46,434300
20150706,29.43,29.76,29.05,29.42,316200
20150707,29.23,29.62,29.13,29.36,332700
20150708,29.36,29.36,28.98,29.14,1048000
20150710,29.35,29.53,28.95,28.96,1164000
20150713,29.03,29.25,28.66,28.66,790200
20150714,28.74,29.51,28.74,29.17,678500
20150715,29.34,29.34,28.81,29.16,506500
20150716,29.31,29.86,28.95,29.52,570400
20150717,29.43,29.94,28.81,29.14,971400
20150720,29.14,29.14,28.29,28.84,739700
20150721,29.12,29.13,28.53,28.53,589200
20150722,28.33,29.53,28.04,29.53,848300
20150723,29.33,29.33,26.99,27.48,1266900
20150724,27.78,28.27,27.2,27.58,2282000
20150727,27.36,27.71,26.7,27.3,1142400
20150728,27.3,27.42,26.38,27.1,1449600
20150729,26.92,27.44,26.82,27.21,1086900
20150730,27.4,27.52,26.96,27.1,927200
20150731,27.08,27.8,26.9,27.3,845000
20150803,27.1,27.2,26.29,26.64,1046800
20150804,26.64,26.86,26.27,26.86,678700
20150805,27.2,27.21,26.64,26.92,631000
20150806,26.72,26.72,25.51,25.64,889500
20150807,25.47,25.76,25.29,25.74,1689600
20150810,25.74,26.3,25.49,26.23,1097500
20150811,25.95,26.23,25.74,26.08,626700
20150812,26.08,26.22,25.26,25.38,735500
20150813,25.5,25.61,24.48,25.16,935900
20150814,24.79,25,24.1,24.19,1192600
20150817,24.09,24.68,24.09,24.43,1065100
20150818,24.19,24.53,24,24.22,1831900
20150819,24.07,24.25,23.56,24.01,1103200
20150820,23.85,23.85,23.11,23.16,1128400
20150821,22.9,23.08,22.33,23.03,1479600
20150824,21.66,22.98,20.88,22.83,1468100
20150825,23.02,23.31,22.42,22.42,1052400
20150826,22.58,22.89,22.15,22.72,1061800
20150827,22.74,23.4,22.65,23.23,1059400
20150828,22.92,23.7,22.67,23.31,1488600
20150831,23.15,23.15,21.77,21.77,2254200
20150901,21.52,21.76,20.55,20.83,2913100
20150902,20.9,21.28,20.44,20.5,2021100
20150903,20.66,21.25,20.52,21.17,1106700
20150904,20.76,21.7,20.5,20.88,1587000
20150908,21,21.18,20.75,21.02,1263800
20150909,21.05,21.16,20.52,21.04,1834500
20150910,20.5,20.76,20.1,20.49,3234900
20150911,20.35,20.98,20.15,20.88,2905200
20150914,20.83,21.55,20.71,21.22,1713100
20150915,20.98,21.32,20.6,21.32,1077200
20150916,21.37,22.36,21.32,22.26,2296300
20150917,22.26,23.69,21.71,23.31,1453200
20150918,22.94,23.97,21.74,21.74,1026900
20150921,21.61,22.44,21.52,22.23,645600
20150922,21.81,23.74,21.8,23.7,1435800
20150923,23.81,24.59,22.9,23.74,1036600
20150924,22.82,24.73,22.73,24.33,898300
20150925,24.55,24.58,23.53,23.9,769100
20150928,23.41,24.42,23.04,24.05,1036300
20150929,24.05,24.71,23.32,23.32,962900
20150930,23.68,24.31,23.58,23.74,882800
20151001,24.03,24.17,22.9,23.14,1207600
20151002,23.14,23.97,22.73,23.97,1184800
20151005,24.65,25.09,23.82,24.82,1004200
20151006,24.52,25.29,23.98,24.31,1028700
20151007,24.97,25.17,24.5,24.7,2262500
20151008,24.51,26.16,24.51,25.43,1916500
20151009,25.55,26.33,25.46,25.98,1596800
20151013,25.98,26.34,25.09,25.38,1700500
20151014,25.21,25.58,24.32,24.79,1778500
20151015,24.6,25.57,24.09,24.31,811700
20151016,24.31,24.91,24.05,24.7,1257200
20151019,24.69,25.22,24.18,24.89,733200
20151020,24.9,24.98,24.13,24.4,1011400
20151021,24.39,24.39,23.6,23.82,715400
20151022,23.83,24.52,23.49,23.92,1337200
20151023,25.26,25.5,24.79,24.99,1499100
20151026,24.99,25.46,24.78,25.12,606700
20151027,25.12,25.12,24.38,24.38,760600
20151028,24.38,24.92,23.86,24.92,1104600
20151029,24.55,25.08,24.18,24.18,713600
20151030,24.17,25.38,24.02,25.38,667600
20151103,25.39,26.14,25.39,26.14,1387600
20151104,26.37,27.81,26.37,27.37,1538400
20151105,27.38,28.97,26.86,28.5,1557400
20151106,28.28,28.73,27,28.31,962300
20151109,28.28,28.28,27.46,27.46,987000
20151110,27.32,27.32,25.64,26.37,1087500
20151111,26.36,26.83,25.98,26.62,831900
20151112,26.65,27.32,26.38,26.63,797000
20151113,26.45,27.28,26.16,27.23,731900
20151116,27.33,27.41,26.02,26.5,961200
20151117,26.64,26.82,26.19,26.41,1059600
20151118,26.37,27.62,26.33,26.76,632900
20151119,26.94,27.73,26.94,27.56,609500
20151123,27.72,28.46,27.72,28.13,396000
20151124,27.95,28.07,27.26,27.78,1118300
20151125,27.52,27.54,26.83,27.27,532200
20151126,27.07,27.68,26.91,27.33,647400
20151127,27.14,27.4,26.56,26.85,683300
20151130,26.66,26.85,25.74,25.94,1263000
20151201,26.13,26.13,24.59,24.79,1609900
20151202,24.63,25.61,24.63,25.01,1473500
20151203,25.87,26.16,25.28,25.38,916000
20151204,25.21,25.58,23.65,24.16,1502800
20151207,24.33,25.56,23.82,24.89,789700
20151208,25.07,25.09,23.62,23.62,725300
20151209,23.96,25.26,23.76,24.89,982600
20151210,24.89,24.89,23.78,24.4,523300
20151211,24.23,24.37,23.88,23.91,520800
20151214,23.91,24.21,23.19,24.21,461700
20151215,24.38,24.43,23.78,24.1,554600
20151216,23.94,24.65,23.15,24.22,822900
20151217,24.38,25.29,24.38,24.79,808200
20151218,24.4,24.53,23.63,24.07,1360600
20151221,23.96,24.62,23.54,23.92,841400
20151222,24.03,24.38,23.63,24.27,1111600
20151223,24.43,25.23,24.11,25.09,592200
20151228,25.26,25.27,24.08,24.6,506300
20151229,24.61,25.25,23.77,23.89,602800
20151230,23.99,24.23,23.53,24.23,580600
20160104,23.56,23.72,22.59,22.92,822700
20160105,23.08,23.74,22.9,23.49,581700
20160106,23.32,24.04,23.08,23.7,724600
20160107,23.45,23.57,22.82,23.56,898000
20160108,23.54,23.96,23.33,23.56,762000
20160111,23.67,24.3,23.22,23.6,617100
20160112,23.49,23.56,22.16,22.16,2153200
20160113,22.47,22.57,21.88,22.29,1649200
20160114,22.15,22.86,21.96,22.68,841900
20160115,22.27,22.5,21.63,21.97,2235200
20160118,22.13,22.13,21.37,21.5,484800
20160119,22.12,22.18,21.05,21.4,1221200
20160120,21.25,21.59,20.29,20.73,1052500
20160121,20.58,21.53,20.41,20.42,1291900
20160122,20.43,20.63,20.02,20.11,1004800
20160126,19.89,20.43,19.61,20.19,1786100
20160127,20.19,21.21,20.02,20.77,733700
20160128,20.77,21.43,20.12,20.32,924200
20160129,20.5,21.52,20.36,21.52,1854900
20160201,21.89,22.04,21.29,22.04,1125900
20160202,21.52,22.17,21.43,21.59,1324600
20160203,21.71,21.9,21.17,21.9,707800
20160204,22.17,23.01,21.66,22.08,1958900
20160205,22.26,22.38,21.59,21.59,631000
20160210,21.55,21.57,20.92,21.15,758400
20160211,20.83,21.06,20.51,20.64,553100
20160212,20.47,21.01,20.47,20.66,446600
20160215,21.08,21.61,20.65,20.65,268500
20160216,20.91,21.3,20.61,21.3,1598000
20160217,21.59,21.62,21.19,21.3,2411000
20160218,21.09,21.66,21.09,21.41,658100
20160219,21.07,21.43,20.91,21.01,872500
20160222,21.44,22.78,21.28,22.77,1192100
20160223,22.85,22.92,21.69,21.89,470200
20160224,21.65,22.17,21.12,22.03,447100
20160225,22.03,22.9,21.65,22.86,301400
20160226,22.93,23.82,22.3,22.3,388800
20160229,22.74,23.71,22.38,22.57,988500
20160301,22.92,23.73,22.76,23.44,1338200
20160302,23.59,24.34,23.35,24.23,890000
20160303,24.49,25.75,24.07,24.79,1652100
20160304,24.85,27.87,24.85,26.85,3788600
20160307,27.36,28.17,26.39,27.58,1071100
20160308,27.33,28.47,26.67,27.48,1750300
20160309,27.76,28.41,27.39,27.39,1404000
20160310,27.94,28.3,26.36,27.17,2185300
20160311,27.48,27.6,26.09,26.69,1215000
20160314,26.69,27.7,26.15,26.83,643900
20160315,26.49,26.67,24.91,26.36,1337400
20160316,25.8,26.84,25.67,26.84,1167600
20160317,28.47,28.86,27.61,28.02,2106600
20160318,27.97,29.1,27.8,29.03,2008600
20160321,29.2,29.59,28.66,29.14,1275300
20160322,29.14,29.32,28.49,28.76,795700
20160323,28.43,28.59,28.05,28.2,719300
20160324,27.53,27.78,26.99,26.99,851300
20160328,27.48,27.84,27.14,27.67,892500
20160329,27.81,28.86,27.48,28.76,1056100
20160330,28.76,30.33,28.45,29.56,2414900
20160331,29.23,30.02,29.05,29.17,1598100
20160401,29.08,30.55,29.01,29.89,1200500
20160404,29.65,29.87,28.94,29.58,2133500
20160405,29.31,31.2,29.26,30.92,1346400
20160406,30.53,31.05,30.05,30.87,1129600
20160407,31.11,31.27,30.48,31.07,981500
20160408,31.72,32.06,31.34,31.91,905800
20160411,32.3,32.6,31.23,31.66,1172700
20160412,31.95,32.92,31.41,32.85,1185600
20160413,33.19,34.87,32.44,32.44,1627500
20160414,32.57,33.07,32.27,32.33,962500
20160415,32.62,33.2,32.23,32.71,948000
20160418,32.72,32.78,31.91,32.05,529000
20160419,32.05,33.64,32.05,32.9,734200
20160420,32.54,33.01,32.3,32.6,614000
20160422,31.89,32.71,30.36,30.77,1061700
20160425,30.94,30.94,29.62,30.31,1229500
20160426,31.22,32.93,31.22,32.5,1502900
20160427,32.73,34.82,32.6,33.63,1517700
20160428,33.66,33.88,32.92,33.64,736800
20160429,33.19,34.16,32.55,32.55,1600100
20160502,32.65,34.44,32.39,33.55,1611400
20160503,33.15,34.17,33.15,33.54,719100
20160504,33.65,34.11,32.98,34.03,1653600
20160505,34.4,34.41,33.38,33.45,802100
20160506,33.34,34.8,33.33,34.25,1002100
20160509,34.25,34.68,33.07,34.28,932900
20160510,34.86,35.75,34.86,35.66,801500
20160511,36.11,36.54,35.63,35.63,1043800
20160512,36.16,36.59,35.64,36.26,1320300
20160513,35.87,36.19,35.14,35.99,1157700
20160516,36.1,36.1,34.76,34.76,750600
20160517,34.84,35.31,32.77,32.97,918500
20160518,32.74,33.6,32.36,32.85,1493700
20160519,32.46,33.54,32.46,33.44,894800
20160520,33.56,33.98,33.27,33.44,1440300
20160523,32.92,33.1,32.21,32.84,742800
20160524,33.05,33.61,32.83,33.35,437500
20160525,33.22,33.65,33.05,33.15,616400
20160527,33.07,33.57,32.23,32.25,540800
20160530,32.3,32.56,31.56,32.08,855600
20160531,31.82,33.04,31.82,32.8,1704200
20160601,33.15,33.23,32.08,32.74,857000
20160602,32.78,32.78,32.22,32.61,988900
20160603,32.88,33.44,32.77,33.41,1239600
20160606,33.58,33.88,32.48,33.05,584400
20160607,32.81,33.15,31.72,31.9,1008300
20160608,31.97,33.14,31.88,32.8,4321100
20160609,32.64,33.35,32.37,33.07,2659600
20160610,33.07,33.34,32.76,32.96,793400
20160613,32.46,32.93,32.11,32.83,568900
20160614,32.83,32.83,31.74,31.96,910600
20160615,31.97,32.63,31.25,32.34,1138700
20160616,32.06,33.2,31.74,33.2,510000
20160617,33.16,34.09,33.16,33.64,871400
20160620,34.29,34.67,33.98,34.46,736500
20160621,34.23,36.35,34.18,36.27,1573900
20160622,36.23,36.28,33.87,34.23,1129200
20160623,34.53,35.32,33.96,34.83,804000
20160624,33.44,34.16,33.14,33.97,625200
20160627,33.35,34.47,33.23,33.98,800200
20160628,34.51,34.99,34.27,34.69,1404700
20160629,35.08,35.29,34.07,34.4,910100
20160630,34.09,34.26,33.53,34.04,1627400
20160701,34.05,34.75,34.05,34.48,1060700
20160704,34.58,34.66,33.87,34.36,231500
20160705,34.32,34.32,32.47,32.85,927800
20160706,32.88,33.2,32.44,33.09,851300
20160707,33.43,33.65,32.91,33.4,607300
20160708,33.78,34.6,33.7,34.38,644200
20160711,34.38,34.68,33.92,34.31,426100
20160712,34.68,35.13,34.29,34.78,955000
20160713,34.53,34.93,34.12,34.64,816800
20160714,35.04,35.75,34.7,35.18,1493600
20160715,35.14,35.99,35,35.87,897500
20160718,36.22,36.76,36.22,36.56,1989600
20160719,36.56,36.85,36.02,36.77,1053200
20160720,36.94,37.02,36.19,36.54,923900
20160721,36.77,37,35.63,36.43,497100
20160722,37.55,38.77,37.33,38.45,2921200
20160725,38.37,38.38,37.35,38,1521800
20160726,37.89,38.01,37.46,37.85,935000
20160727,37.76,37.85,37.62,37.8,1732500
20160728,38.26,38.64,36.75,38.64,759500
20160729,38.75,39.93,38.3,39.93,1021000
20160801,39.93,40.21,39.29,40.12,665800
20160802,39.66,39.94,39.07,39.48,953700
20160803,39.21,40.29,38.45,40.25,599600
20160804,40.38,41.32,39.68,40.82,819900
20160805,41.12,42.13,40.77,41.72,922700
20160808,41.64,41.84,41.25,41.55,345800
20160809,41.51,42.53,41.51,42.36,527500
20160810,42.61,42.86,41.89,42.19,413000
20160811,42.03,43.27,41.91,43.1,740400
20160812,42.84,43.52,41.68,41.82,751900
20160815,41.88,42.65,41.87,42.51,607800
20160816,42.51,42.53,41.33,41.62,496300
20160817,41.39,41.81,39.97,41.81,1524700
20160818,42.02,42.2,40.92,41.12,525200
20160819,40.8,41.07,40.2,41.05,567500
20160822,40.58,40.73,40.01,40.09,294200
20160823,40.01,40.74,39.74,39.93,713900
20160824,39.28,40.54,39.28,40.05,514000
20160825,40.25,40.25,39.35,39.39,1154400
20160826,39.69,40.1,38.74,39.29,1085300
20160829,39.1,40.56,39.1,40.11,1182800
20160830,40.13,40.39,39.62,40.32,540800
20160831,40.1,40.49,39.23,39.94,806700
20160901,39.73,40.73,39.52,40.27,661200
20160902,40.73,41.67,40.39,41.67,810400
20160905,41.87,42.31,41.24,41.82,476400
20160906,42.27,42.86,41.35,42.73,1288900
20160908,43.08,43.08,42,42.94,763500
20160909,42.33,42.91,40.59,40.61,1417400
20160912,40.41,40.92,39.99,40.82,590400
20160913,40.14,40.38,39.06,39.84,1519100
20160914,39.47,40.05,38.99,39.27,569000
20160915,39.53,39.67,38.93,39.21,661900
20160916,39.21,39.73,38.68,39.54,826500
20160919,39.64,40.22,39.51,39.91,790700
20160920,40.33,41.03,39.54,40.98,669400
20160921,41.04,41.38,39.22,41.38,1091300
20160922,41.64,41.86,39.9,40.36,1390500
20160923,40.28,40.73,39.53,39.9,742400
20160926,39.44,40.1,39.18,39.72,460400
20160927,39.72,40.21,39.04,39.47,814600
20160928,39.71,40.34,39.19,39.63,685500
20160929,39.78,40.35,39.02,39.33,988700
20160930,39.53,40.12,39.3,39.3,793100
20161003,39.39,40.8,39.27,40.7,647900
20161004,40.81,40.82,40.21,40.67,898200
20161005,40.84,41.2,40.7,41.01,728700
20161006,40.86,41.01,40.31,40.76,633100
20161007,40.96,41.25,39.97,41.25,742200
20161010,41.46,41.59,40.49,40.88,558900
20161011,40.96,41.16,40.57,40.86,792000
20161013,40.66,41.84,40.37,41.36,1696200
20161014,41.81,42.04,40.14,40.57,741200
20161017,40.57,40.68,40.12,40.17,1005700
20161018,40.19,40.76,39.89,40.76,1671600
20161019,40.76,41.93,40.38,41.48,1649300
20161020,41.52,42.36,40.91,42.36,551700
20161021,42.16,42.36,40.28,40.57,1952900
20161024,40.88,41.19,38.8,38.8,1372000
20161025,38.88,40.44,38.88,40.38,1861700
20161026,40.38,40.76,39.5,39.77,1158400
20161027,39.77,40.23,38.87,38.88,1005500
20161028,39.1,39.99,38.93,39.87,1148100
20161031,39.67,39.86,39.05,39.4,1066200
20161101,39.72,39.72,37.38,37.53,1503500
20161103,37.53,37.81,37.06,37.4,1727000
20161104,37.4,38.28,37.21,37.93,860000
20161107,38.33,39.65,37.96,39.65,533600
20161108,39.81,39.87,38.18,38.53,656600
20161109,37.74,38.29,36.39,37.58,777900
20161110,37.63,38.06,34.37,35.9,1768700
20161111,35.1,36.44,33.84,34.98,1776600
20161114,34.5,35.39,33.67,34.75,1725700
20161116,34.33,35.49,33.67,34.91,1381800
20161117,35.42,35.46,33.31,33.47,1544400
20161118,33.11,34.1,33.11,33.41,867500
20161121,33.82,34.89,33.35,34.73,1769900
20161122,35.31,36.66,34.8,36.42,2274800
20161123,36.41,36.53,35.32,36.51,1785700
20161124,36.21,36.49,35.72,35.99,363100
20161125,35.21,35.87,35.04,35.59,550300
20161128,35.45,35.97,35.12,35.55,967200
20161129,35.47,35.57,33.12,33.12,2402200
20161130,33.69,34.78,33.39,34.46,2140400
20161201,34.19,34.19,31.74,32.31,2036400
20161202,31.68,33.19,31.32,32.6,1455100
20161205,32.46,32.7,31.38,31.82,1756300
20161206,33.11,34.48,32.96,34.32,4112100
20161207,34.35,35.8,34.04,35.49,2052800
20161208,35.79,35.8,34.53,35.21,1018800
20161209,35.39,35.86,34.21,34.8,1473800
20161212,34.23,34.23,33.12,33.69,494200
20161213,33.31,34.49,32.7,34.49,1133000
20161214,34.57,34.64,33.54,33.81,1213000
20161215,33.47,33.56,32.31,33.03,1193000
20161216,33.31,33.73,32.81,32.81,962400
20161219,32.82,33.51,32.7,32.98,773400
20161220,33.17,33.25,32.81,33.08,986400
20161221,33.06,33.92,33.06,33.76,545600
20161222,33.37,33.95,33.06,33.64,1072400
20161223,33.98,35.05,33.47,34.49,501300
20161226,34.44,34.63,33.58,33.99,374500
20161227,34.18,34.26,33.32,33.86,592200
20161228,33.7,34.07,32.99,33.1,1210800
20161229,33.16,34.22,32.82,34.22,1072200
20170102,33.9,35.1,33.74,34.94,552700
20170103,35.26,36.45,34.95,36.41,1172500
20170104,36.05,37.13,35.82,36.99,1134000
