<DTYYYYMMDD>,<OPEN>,<HIGH>,<LOW>,<CLOSE>,<VOL>
20100602,74.92,74.92,74.75,74.75,70
20100604,75.93,75.93,75.93,75.93,20
20100609,71.88,71.88,66.65,66.65,200
20100610,72.22,72.22,66.82,67.32,110
20100611,67.49,71.37,67.49,70.19,110
20100614,69.01,69.01,69.01,69.01,10
20100615,67.49,69.18,67.49,67.49,790
20100616,67.49,69.35,66.82,66.82,580
20100617,67.49,67.49,67.49,67.49,100
20100618,67.49,67.49,67.49,67.49,50
20100622,67.49,67.49,67.49,67.49,50
20100623,67.32,67.32,67.32,67.32,40
20100629,65.13,65.13,65.13,65.13,30
20100630,64.12,64.12,64.12,64.12,20
20100705,64.12,64.12,64.12,64.12,30
20100707,67.49,67.49,67.49,67.49,10
20100714,65.64,65.64,65.64,65.64,60
20100715,62.43,62.43,62.43,62.43,200
20100719,64.12,64.12,64.12,64.12,10
20100720,65.8,65.8,65.8,65.8,90
20100721,67.32,67.32,67.32,67.32,70
20100722,70.87,74.24,70.87,70.87,320
20100723,74.92,74.92,67.49,69.18,2230
20100726,67.49,72.05,67.49,68.34,1880
20100727,68,71.54,67.49,71.54,1530
20100728,68.34,71.54,67.49,69.69,1780
20100730,70.87,71.54,68,68,120
20100802,68.34,74.92,68.34,70.36,360
20100804,71.71,71.71,70.36,70.36,50
20100805,70.53,71.71,70.53,71.71,50
20100806,72.55,72.55,72.55,72.55,110
20100810,72.55,74.24,72.55,73.4,720
20100811,69.85,69.85,67.49,69.18,690
20100812,68,68,67.15,67.15,770
20100813,69.01,69.01,68.34,68.84,90
20100816,65.97,65.97,65.97,65.97,200
20100818,65.97,66.48,65.97,65.97,1150
20100820,67.83,67.83,65.97,65.97,20
20100823,65.97,65.97,65.97,65.97,100
20100824,65.97,65.97,62.6,62.6,890
20100831,59.22,62.09,59.22,60.24,60
20100901,62.43,62.43,62.43,62.43,50
20100902,63.27,63.27,63.27,63.27,100
20100903,69.35,69.35,69.35,69.35,20
20100910,66.65,67.15,62.43,66.48,920
20100913,66.48,66.48,66.48,66.48,130
20100920,65.64,65.64,65.64,65.64,10
20100928,59.73,62.43,59.73,62.43,40
20100929,60.91,60.91,60.74,60.74,40
20100930,60.74,60.74,60.74,60.74,10
20101001,61.59,61.59,60.74,60.74,50
20101004,61.08,63.95,60.91,63.95,90
20101005,62.43,66.82,62.43,66.48,250
20101006,66.31,66.48,62.6,62.6,40
20101007,62.94,62.94,62.6,62.6,130
20101008,60.74,61.42,59.9,61.42,210
20101011,62.43,62.43,62.43,62.43,40
20101015,62.43,62.43,62.43,62.43,30
20101019,59.22,59.22,57.7,58.72,480
20101020,59.22,59.22,57.37,57.37,450
20101021,58.04,58.04,55.68,56.35,430
20101022,56.66,56.69,52.47,53.32,163270
20101025,53.99,54.6,50.45,50.62,346970
20101026,50.45,52.17,49.91,51.93,291430
20101027,51.63,52.91,51.33,52.81,239570
20101028,53.18,53.52,52.3,52.98,257600
20101029,53.15,54.67,52.57,54.6,172010
20101101,54.84,57.64,54.03,56.86,240370
20101103,56.86,57.27,55.34,55.51,151960
20101104,56.52,56.52,53.35,53.35,197200
20101105,53.65,54.67,53.45,53.86,149300
20101108,53.99,54.26,52.14,52.14,318290
20101109,52.81,54.13,52.81,53.82,346980
20101110,53.55,55.31,53.32,55,166020
20101111,54.63,54.63,52.68,52.68,127660
20101112,52.44,54.33,52.2,53.65,145200
20101116,54.16,54.16,51.73,52.51,165360
20101117,52.68,52.81,51.23,51.23,202820
20101118,52.14,53.49,51.8,53.28,237600
20101119,52.98,54.16,52.44,54.16,177300
20101122,53.79,54.16,52.44,53.59,119680
20101123,52.64,52.84,51.49,51.63,176390
20101124,52.24,54.53,51.8,54.33,193680
20101125,54.57,55.11,53.69,54.5,63660
20101126,53.65,54.13,53.08,53.18,108770
20101129,52.71,54.33,52.17,53.99,179790
20101130,53.79,56.02,53.05,53.82,348410
20101201,54.94,55.51,53.86,54.5,221320
20101202,54.63,55.07,53.86,55,131570
20101203,54.9,56.42,54.5,55.98,188680
20101206,56.19,57.2,55.51,56.19,153970
20101207,56.52,57,54.5,54.6,134140
20101208,54.5,54.97,52.98,53.15,170680
20101209,52.84,53.65,50.89,51.63,221020
20101210,52.34,52.34,50.58,51.06,231440
20101213,51.76,51.93,50.65,50.72,296930
20101214,50.96,51.36,50.11,50.38,242760
20101215,50.21,50.52,49.5,49.77,322630
20101216,49.77,50.62,49.61,49.61,263820
20101217,49.57,50.75,49.57,49.84,234680
20101220,50.21,50.48,48.66,49.2,150050
20101221,49.64,50.11,49.27,49.4,171790
20101222,49.57,50.38,49.5,49.77,123110
20101223,49.94,50.21,49.3,49.37,85900
20101227,49.37,49.57,48.8,48.8,45770
20101228,49.47,49.77,49.1,49.44,78660
20101229,49.94,51.46,49.47,51.46,79620
20101230,51.6,51.63,50.62,50.62,101810
20110103,51.26,52,50.65,51.46,124390
20110104,51.87,51.93,49.67,51.23,240720
20110105,50.72,52.68,50.62,52.68,132790
20110106,52.64,53.08,51.63,52.64,230100
20110107,52.47,52.84,51.9,52.51,87680
20110110,52.2,53.32,51.8,51.8,133050
20110111,52.03,52.24,51.16,51.63,143070
20110112,52.14,52.78,51.36,51.63,231930
20110113,51.63,51.93,49.71,49.84,243480
20110114,49.84,51.6,49.61,51.46,195480
20110117,51.06,51.63,50.45,51.12,65600
20110118,51.12,51.46,50.55,51.19,128630
20110119,51.29,51.33,50.11,50.28,78630
20110120,50.11,51.26,50.01,50.52,137430
20110121,50.62,51.29,50.62,51.26,169820
20110124,51.09,51.6,50.72,51.6,97140
20110126,52.03,53.22,50.35,50.52,421610
20110127,50.96,51.43,50.01,50.11,167350
20110128,50.45,50.45,47.34,47.72,290630
20110131,47.92,48.76,47.11,47.51,178670
20110201,47.95,48.49,47.38,48.26,220350
20110202,48.26,49.03,47.78,48.15,245460
20110203,48.15,48.22,46.84,47.41,306280
20110204,47.18,47.31,45.59,46.23,253470
20110207,46.57,46.7,45.66,45.86,284740
20110208,45.66,46.57,44.44,44.44,387380
20110209,44.51,44.71,43.16,43.87,387340
20110210,44.07,44.88,43.8,43.87,488740
20110211,44.24,45.76,43.9,45.56,279000
20110214,45.22,48.22,45.22,48.22,366940
20110215,47.65,47.99,45.52,45.59,278400
20110216,45.56,46.7,45.18,46.53,393000
20110217,46.74,46.91,45.72,45.72,191130
20110218,45.52,46.43,45.32,45.79,133350
20110221,45.76,45.76,44.48,44.48,94130
20110222,43.94,45.76,43.9,45.56,227200
20110223,45.56,46.43,44.98,45.62,193260
20110224,45.56,46.57,45.15,46.06,109580
20110225,46.91,46.91,44.98,45.42,119750
20110228,45.99,46.94,45.69,46.53,158500
20110301,46.67,46.84,46.06,46.2,128760
20110302,46.43,47.11,46.26,46.8,239240
20110303,47.04,47.75,46.91,47.41,338760
20110304,47.65,47.65,46.6,47.24,201940
20110309,47.11,49.23,46.77,47.38,248450
20110310,46.97,47.48,46.67,46.91,250470
20110311,46.91,47.48,46.4,46.91,292550
20110314,46.64,47.72,46.57,47.07,159310
20110315,45.76,46.13,45.05,45.56,275530
20110316,46.1,46.23,45.56,45.89,567050
20110317,46.4,47.01,45.86,45.86,195040
20110318,46.23,47.48,46.03,46.57,160670
20110321,47.24,47.38,45.66,45.69,129660
20110322,45.93,46.47,45.89,45.93,87280
20110323,45.76,46.16,45.42,45.56,178810
20110324,45.83,45.89,45.29,45.56,329860
20110325,45.42,46.43,45.42,45.56,148100
20110328,45.56,45.62,44.81,44.88,161280
20110329,45.18,45.83,44.88,45.22,179170
20110330,45.45,45.89,45.35,45.56,117370
20110331,45.86,46.06,45.22,45.22,231050
20110401,45.45,45.83,45.32,45.32,257640
20110404,45.59,45.76,45.32,45.52,199660
20110405,45.42,45.66,44.88,45.05,296680
20110406,44.85,45.29,43.87,43.87,280030
20110407,44.21,45.18,43.87,44.91,233320
20110408,45.15,45.18,44.34,44.78,196420
20110411,44.78,45.39,43.94,43.94,164570
20110412,43.87,43.94,42.55,42.96,284530
20110413,43.23,43.5,42.38,42.96,193590
20110414,42.96,44.54,42.75,44.27,415670
20110415,44.51,45.18,43.26,45.18,211070
20110418,45.05,45.15,43.8,44.04,203710
20110419,44.37,44.44,43.02,43.7,237450
20110420,44.04,44.44,43.16,43.16,171580
20110425,43.23,43.8,42.96,43.4,95910
20110426,43.53,44.34,43.43,44.04,122650
20110427,44.04,44.17,42.96,43.13,144400
20110428,42.62,42.99,42.15,42.52,172430
20110429,42.65,43.9,42.52,43.87,170210
20110502,43.43,44.17,41.51,42.52,272410
20110503,42.25,43.09,41.84,42.62,164510
20110504,43.02,43.09,41.84,41.88,113350
20110505,41.84,42.79,41.34,41.54,124940
20110506,42.3,43.21,41.85,43.04,125540
20110509,42.57,43.76,42.57,43.42,46630
20110510,43.42,43.49,41.58,42.23,250540
20110511,42.3,42.87,41.72,42.7,269580
20110512,42.33,43.38,42.26,42.87,231870
20110513,43.15,43.21,41.72,41.79,187030
20110516,41.65,42.53,41.28,41.75,125510
20110517,42.06,42.26,41.55,41.72,81220
20110518,41.89,42.02,40.53,40.53,117400
20110519,40.77,41.41,39.61,40.77,411910
20110520,40.77,40.9,39.71,39.71,240640
20110523,39.07,40.77,38.97,40.09,196120
20110524,40.22,43.15,40.09,42.47,409940
20110525,41.92,42.77,41.75,42.06,140290
20110526,42.43,43.08,42.13,42.98,185030
20110527,43.11,43.62,42.47,43.45,162440
20110530,43.62,43.89,42.5,43.35,136150
20110531,43.59,44.68,43.35,44.68,246580
20110601,44.61,44.61,42.94,43.66,169610
20110602,43.52,44.78,43.49,44.68,205520
20110603,44.17,45.52,43.89,45.22,212940
20110606,45.49,45.56,44.57,44.68,178940
20110607,45.18,45.35,44.27,45.01,212440
20110608,44.81,45.15,43.66,44,136320
20110609,44.13,44.84,43.83,44.13,163760
20110610,44.2,44.4,42.91,43.66,151050
20110613,43.72,44.37,43.15,43.76,107470
20110614,43.79,44.78,43.42,44.51,132520
20110615,44.17,44.95,43.83,44.2,220410
20110616,44.17,45.18,43.25,44,203120
20110617,44.34,45.01,44.03,44.51,147140
20110620,44.3,45.86,44.17,45.59,177640
20110621,45.86,46.17,44.84,44.88,202770
20110622,44.71,45.46,43.62,43.83,154510
20110624,43.76,44.34,43.32,43.32,125160
20110627,43.66,44.4,43.18,43.86,114510
20110628,44.3,45.35,44.06,45.01,128100
20110629,45.29,45.29,44.34,44.34,117550
20110630,44.57,45.01,44.2,44.61,84790
20110701,44.64,44.84,43.32,43.49,199270
20110704,43.66,43.86,42.7,43.32,121430
20110705,43.49,44.23,42.87,44,179320
20110706,43.86,44.84,43.42,44.44,204600
20110707,44.81,44.84,44,44.17,167230
20110708,43.55,44.23,43.18,44,179940
20110711,43.21,43.76,42.84,43.42,169360
20110712,43.35,43.59,42.06,42.06,183240
20110713,42.3,44.57,42.23,44.03,302460
20110714,44.3,44.3,42.19,42.47,207810
20110715,42.5,42.94,41.14,41.52,148480
20110718,40.87,42.19,40.87,41.82,114400
20110719,42.02,42.64,41.24,41.72,165290
20110720,42.09,42.26,39.99,40.77,269190
20110721,40.5,41.24,40.5,41.04,224390
20110722,41.18,42.87,41.07,41.55,125110
20110725,41.45,41.89,40.67,41.21,107720
20110726,40.97,41.24,39.61,39.71,178490
20110727,39.61,39.61,37.91,38.42,200630
20110728,38.42,38.97,37.71,37.91,145050
20110729,37.37,38.7,37.27,38.05,190770
20110801,38.42,38.76,36.42,37.37,215770
20110802,37.27,37.88,35.87,36.35,242110
20110803,36.18,36.59,35.03,35.33,234860
20110804,35.16,35.16,31.73,33.8,358460
20110805,33.8,35.13,32.55,33.97,223520
20110808,32.27,32.99,30.03,31.25,377660
20110809,31.93,32.78,30.23,31.93,548930
20110810,30.57,32,30.57,30.71,533240
20110811,31.15,31.66,30.74,31.08,434940
20110812,31.12,31.15,29.89,30.23,340440
20110815,30.54,31.25,30.4,30.71,323220
20110816,30.3,30.95,29.35,30.61,378530
20110817,30.74,30.91,29.39,30.4,590610
20110818,29.56,29.66,28.71,29.22,339420
20110819,28.88,29.96,28.57,29.89,263210
20110822,30.57,30.71,28.2,28.2,376040
20110823,28.5,29.11,27.89,28.77,266920
20110824,29.01,29.08,27.96,28.2,235100
20110825,28.06,28.37,27.62,27.72,229230
20110826,27.65,28.81,27.35,28.64,211170
20110829,28.88,29.52,28.88,29.05,191690
20110830,28.94,30.54,28.71,30.37,314060
20110831,30.57,31.56,30.4,31.36,458770
20110901,31.76,33.19,31.46,32.85,409850
20110902,32.21,32.21,30.57,30.57,363890
20110905,30.3,30.54,29.56,30.06,160050
20110906,29.62,31.56,29.62,31.53,274680
20110908,32.31,32.55,31.56,31.56,210640
20110909,31.25,31.53,30.68,31.05,194040
20110912,30.54,30.91,29.32,30.51,344760
20110913,30.74,30.98,30.03,30.37,205670
20110914,30.4,30.68,29.62,30.06,376060
20110915,30.23,30.64,29.59,29.86,285070
20110916,29.66,30.74,29.66,30.74,192090
20110919,30.06,31.05,29.89,30.44,163170
20110920,30.57,30.85,29.76,29.93,181050
20110921,30.17,30.95,29.42,29.62,192510
20110922,28.47,28.84,28.09,28.33,391020
20110923,28.3,29.59,27.92,29.39,254500
20110926,29.79,30.03,28.37,29.79,316080
20110927,30.2,30.4,29.08,29.15,217290
20110928,29.22,29.86,29.05,29.08,235340
20110929,29.42,29.66,28.81,28.81,151630
20110930,28.74,29.08,28.4,28.98,265920
20111003,28.47,28.88,27.72,28.03,330500
20111004,27.89,28.37,26.12,27.21,302590
20111005,27.14,27.35,26.33,27.21,502460
20111006,27.65,27.86,27.11,27.18,230380
20111007,27.52,27.72,25.75,26.12,263370
20111010,26.29,27.79,26.26,27.69,199370
20111011,27.69,28.2,27.21,27.21,167560
20111013,27.45,29.08,27.38,28.88,509910
20111014,28.94,29.45,28.67,29.15,361520
20111017,28.71,29.32,27.35,27.38,228230
20111018,27.28,28.4,26.94,28.06,341300
20111019,28.03,28.2,27.18,27.41,273320
20111020,27.38,27.45,26.57,26.57,234600
20111021,27.01,27.38,26.7,27.18,261320
20111024,27.35,27.86,27.07,27.58,401440
20111025,27.45,27.58,26.74,26.84,247680
20111026,27.11,27.55,26.8,27.45,348850
20111027,27.96,30.23,27.92,29.73,885420
20111028,29.56,29.69,28.91,29.32,411720
20111031,28.94,29.52,28.74,29.05,270820
20111101,28.09,29.45,27.58,28.84,371390
20111103,29.59,29.86,28.43,29.52,557470
20111104,29.49,29.89,29.05,29.83,273710
20111107,29.86,30.37,29.76,30.23,222410
20111108,30.54,30.88,30.4,30.61,453110
20111109,30.13,30.13,28.5,28.71,331630
20111110,29.01,29.05,28.03,28.2,220650
20111111,28.47,29.52,28.33,29.39,221630
20111114,29.52,29.52,28.54,28.74,142880
20111116,28.91,29.32,28.03,29.08,205000
20111117,28.77,28.84,27.04,27.69,290450
20111118,27.89,28.09,27.24,27.65,219460
20111121,27.21,28.03,26.74,27.86,255720
20111122,28.09,28.37,27.55,28.3,210920
20111123,27.92,28.03,26.84,26.97,231570
20111124,27.31,27.48,26.97,27.18,120990
20111125,26.74,28.06,26.5,27.65,157510
20111128,28.06,28.33,27.72,27.86,373900
20111129,27.82,27.96,27.24,27.45,387350
20111130,27.89,29.18,27.72,29.18,664640
20111201,29.18,31.59,28.77,30.47,1021680
20111202,30.74,31.29,30.03,30.74,338740
20111205,30.85,31.19,30.34,30.47,342090
20111206,30.54,30.88,29.59,30.74,291930
20111207,30.61,31.29,30.13,31.05,284420
20111208,31.42,31.59,29.35,30.51,408690
20111209,30.64,31.93,30.44,31.93,283560
20111212,31.73,32.17,30.95,31.46,332210
20111213,31.83,32.1,30.78,31.9,286830
20111214,31.66,32.21,31.02,31.59,564780
20111215,31.93,32.55,31.59,32.1,207580
20111216,32.44,32.78,31.53,31.73,136900
20111219,31.93,31.93,30.4,31.08,216270
20111220,32.1,32.27,31.53,32.14,395010
20111221,31.9,32.1,31.08,31.76,199330
20111222,31.83,31.93,31.05,31.39,146630
20111223,31.53,32.07,31.08,31.76,156720
20111226,32.1,32.24,31.7,32,54930
20111227,32.07,32.65,31.76,32.44,124440
20111228,32.34,32.41,31.15,31.46,121650
20111229,31.66,31.93,31.12,31.59,133000
20120102,31.59,32.14,31.12,31.76,161920
20120103,32.1,32.92,31.93,32.55,176230
20120104,32.65,33.7,32.44,33.46,384600
20120105,33.39,33.8,31.76,31.76,495460
20120106,32,32.27,31.32,32.27,177200
20120109,32.1,32.21,31.46,32,347390
20120110,32.38,32.88,32.38,32.82,192720
20120111,32.82,32.99,32.55,32.68,464810
20120112,33.09,33.09,32.38,32.78,83720
20120113,32.55,32.95,32.1,32.95,123650
20120116,32.92,33.73,32.68,33.73,215090
20120117,34.07,34.48,33.87,34.45,320120
20120118,34.52,34.72,33.9,34.38,179630
20120119,34.62,34.62,33.9,34.31,239060
20120120,34.21,35.06,33.97,34.45,206230
20120123,34.48,34.82,33.73,33.94,143430
20120124,33.9,34.58,33.09,34.31,289020
20120126,34.86,34.96,34.35,34.58,544380
20120127,34.55,34.62,33.67,34.31,491550
20120130,33.77,34.41,33.77,34.11,303530
20120131,34.35,34.48,33.84,34.14,406860
20120201,34.28,35.4,34.21,35.09,324340
20120202,35.33,35.77,34.55,34.86,292730
20120203,34.48,35.64,34.48,35.06,149210
20120206,35.06,35.3,34.58,34.82,137440
20120207,34.99,35.09,34.58,34.69,160030
20120208,34.75,35.3,34.48,35.03,190410
20120209,35.13,35.47,34.55,34.86,124490
20120210,34.52,34.86,33.5,34.35,177740
20120213,34.96,34.96,34.04,34.14,334920
20120214,34.18,35.64,34.04,35.5,319880
20120215,36.01,37.51,36.01,37.27,432140
20120216,37.1,37.37,36.42,37.34,265580
20120217,37.81,37.98,36.86,37.47,117650
20120222,39.48,39.75,36.59,36.79,602910
20120223,37,37,34.69,34.82,717050
20120224,35.09,35.77,34.72,35.33,885450
20120227,35.67,36.15,35.33,35.43,309250
20120228,35.64,35.87,33.7,34.38,307960
20120229,34.58,34.75,33.53,33.8,544750
20120301,34.11,34.48,33.97,34.14,324850
20120302,34.38,34.75,34.21,34.48,232870
20120305,34.45,34.55,33.84,34.21,175160
20120306,33.7,33.7,32.44,33.7,298270
20120307,34.04,34.24,33.46,33.77,217030
20120308,34.31,34.45,32.58,32.92,490510
20120309,32.99,33.73,32.72,33.22,322410
20120312,32.95,33.39,32,32.75,400090
20120313,33.02,33.8,32.88,33.53,477640
20120314,33.87,33.87,33.33,33.6,288450
20120315,33.36,33.7,33.16,33.56,510170
20120316,33.73,33.77,33.29,33.29,232320
20120319,33.29,33.46,33.12,33.19,143500
20120320,32.92,32.95,32.34,32.51,228260
20120321,32.48,32.78,32.1,32.61,229410
20120322,32.48,32.55,32.14,32.27,275350
20120323,32.24,32.38,31.59,31.76,306720
20120326,32.1,32.58,31.8,32.34,242170
20120327,32.31,32.95,32.1,32.27,422570
20120328,32.38,32.38,31.7,32,264620
20120329,31.66,31.97,31.22,31.36,228330
20120330,31.59,31.66,30.64,30.74,236730
20120402,31.19,32.38,31.05,32,310910
20120403,32.41,32.41,31.39,31.53,181060
20120404,31.39,31.7,30.27,30.64,270820
20120405,31.12,31.73,30.74,31.42,163800
20120409,30.98,32.24,30.81,31.8,172440
20120410,31.56,32.24,31.12,31.59,348290
20120411,31.8,32.24,30.91,30.91,182580
20120412,31.12,31.42,30.74,31.15,220160
20120413,30.85,31.22,30.27,30.54,259680
20120416,30.81,31.59,30.54,31.59,386420
20120417,31.9,32.61,31.42,32.27,351720
20120418,32.21,32.75,31.8,32.14,291050
20120419,31.87,32.41,31.66,32.1,100560
20120420,32.17,32.24,31.42,31.76,226470
20120423,31.46,31.46,30.4,30.95,591490
20120424,30.91,30.91,29.93,30.23,466400
20120425,30.51,31.02,30.13,30.17,343120
20120426,29.89,30.23,29.62,29.62,222930
20120427,29.73,29.89,29.18,29.32,304550
20120430,29.47,29.85,29.06,29.78,185530
20120502,29.4,30.74,29.27,30.33,302780
20120503,30.37,30.71,30.13,30.33,352890
20120504,30.26,30.3,29.37,29.99,343120
20120507,30.26,30.57,29.37,30.02,186710
20120508,29.95,29.95,29.06,29.06,228190
20120509,28.89,28.89,28.31,28.58,362790
20120510,28.62,29.2,28.58,28.86,162430
20120511,28.86,30.16,28.48,29.64,570120
20120514,28.89,29.2,28.51,28.86,428510
20120515,28.65,29.4,28.48,28.75,375170
20120516,28.82,29.16,27.83,27.96,567170
20120517,27.93,28.48,26.97,27.11,349230
20120518,27.24,28.13,27.21,27.45,380720
20120521,27.48,27.89,27.38,27.48,244550
20120522,27.45,28.13,27.38,27.93,545550
20120523,27.59,28.24,26.45,28.13,771620
20120524,28,28.2,26.93,27.62,487320
20120525,27.62,28.27,27.28,28,234520
20120528,28.17,29.1,28.07,28.75,184340
20120529,28.99,29.44,27.83,28.99,208430
20120530,28.44,28.75,27.69,28.03,243210
20120531,28,29.13,27.72,28.75,217000
20120601,28.17,28.75,27.62,28.13,214500
20120604,28.1,28.41,27.65,27.69,105840
20120605,27.83,28,26.14,26.93,210760
20120606,26.97,27.69,26.42,27.55,267840
20120608,27.04,28.31,26.97,28.03,297420
20120611,28.2,28.99,27.93,28.89,175120
20120612,28.96,30.02,28.2,29.85,296080
20120613,29.54,31.02,29.51,31.02,467000
20120614,30.88,30.95,30.23,30.54,195240
20120615,30.57,30.78,29.82,30.47,192880
20120618,30.02,31.22,29.47,30.91,254510
20120619,31.22,32.39,30.09,31.7,285610
20120620,31.4,32.32,31.29,32.08,186110
20120621,31.91,31.94,30.26,30.71,280240
20120622,30.67,31.15,30.47,30.85,116100
20120625,30.09,30.23,28.55,30.16,241130
20120626,30.16,30.3,29.2,29.23,241390
20120627,29.1,29.78,28,29.03,232150
20120628,28.82,29.06,28.07,28.58,256250
20120629,29.34,29.85,28.86,29.1,284540
20120702,28.86,31.6,28.65,30.78,439810
20120703,30.91,31.33,30.02,30.64,306020
20120704,30.64,31.46,30.37,31.19,130370
20120705,31.36,31.53,30.4,31.15,147750
20120706,30.74,31.09,29.89,30.43,147930
20120710,30.5,30.57,29.16,29.47,238430
20120711,29.47,30.16,29.23,29.4,149330
20120712,29.37,29.82,29.2,29.71,117700
20120713,30.33,31.4,30.13,30.23,336740
20120716,30.23,30.4,29.16,29.16,253510
20120717,29.64,29.64,28.82,29.54,243840
20120718,29.44,29.85,29.16,29.44,130780
20120719,29.85,30.54,29.64,30.4,362760
20120720,30.23,31.36,29.99,30.81,379590
20120723,30.37,31.26,30.23,30.85,271310
20120724,30.88,31.15,29.71,30.19,187900
20120725,30.54,30.61,29.75,30.13,122880
20120726,30.67,31.19,30.47,30.85,180450
20120727,31.19,33.15,31.02,32.22,406760
20120730,32.01,33.28,31.84,33.08,189780
20120731,33.25,33.69,32.46,32.46,190100
20120801,32.63,33.69,32.42,33.35,222210
20120802,32.97,33.21,32.12,32.73,168770
20120803,33.35,34.45,33.11,34.14,216180
20120806,34.24,35.55,33.83,34.93,314640
20120807,35,35.75,33.73,34.17,268980
20120808,34.14,35.27,34.14,34.76,244680
20120809,34.55,35,33.35,34.62,153870
20120810,34.31,34.86,33.93,34.66,155290
20120813,34.45,35.14,34.11,34.76,172950
20120814,34.69,35.86,33.42,34.11,382080
20120815,34.31,34.62,33.83,34.04,306680
20120816,34.55,34.93,33.83,34.24,242010
20120817,34.35,34.96,33.76,34.69,214910
20120820,34.69,35.58,34.04,34.96,237440
20120821,34.83,34.96,32.73,32.87,546720
20120822,32.94,33.8,32.29,33.8,357210
20120823,33.63,34.17,33.35,34.14,260310
20120824,34.07,34.31,33.35,34,199450
20120827,33.76,33.97,32.8,32.8,149340
20120828,32.97,33.76,32.91,33.35,190250
20120829,33.18,33.35,31.4,31.64,333190
20120830,31.6,31.84,31.02,31.29,216020
20120831,31.5,31.84,30.64,30.64,437400
20120903,30.71,31.53,30.71,30.95,180990
20120904,30.88,31.09,29.95,30.02,232170
20120905,30.33,31.36,30.02,30.95,223820
20120906,30.71,30.95,30.13,30.5,281770
20120910,30.54,30.91,29.16,29.2,376260
20120911,29.3,30.4,28.82,29.82,462510
20120912,30.19,30.26,28.27,28.72,440610
20120913,28.79,29.4,28.68,29.23,515730
20120914,29.58,30.47,29.3,30.19,365870
20120917,30.02,30.81,29.82,29.92,205490
20120918,29.99,30.54,29.95,30.43,184480
20120919,30.61,30.67,29.61,29.85,385890
20120920,29.85,30.16,29.68,29.85,237850
20120921,29.95,30.26,28.92,29.51,417020
20120924,29.68,30.19,29.54,29.99,252330
20120925,30.02,30.43,29.85,30.37,239610
20120926,30.33,30.33,29.47,29.85,416880
20120927,30.02,30.33,29.23,29.34,516140
20120928,29.27,29.27,28.41,28.75,266970
20121001,28.92,29.85,28.75,29.78,265850
20121002,29.82,30.09,29.2,29.75,229780
20121003,29.75,29.89,28.99,29.3,180150
20121004,29.16,29.71,28.86,29.64,192670
20121005,29.64,31.22,29.64,31.22,417000
20121008,31.05,31.36,30.61,31.36,143860
20121009,31.36,31.53,30.37,30.88,148440
20121010,31.02,31.15,30.61,30.85,102470
20121011,31.02,31.33,30.09,30.5,107570
20121015,30.88,32.01,30.88,31.98,309600
20121016,32.15,32.49,31.57,31.57,278530
20121017,31.74,32.25,31.57,32.08,236530
20121018,32.05,32.32,31.7,31.94,182690
20121019,32.01,32.42,31.46,32.42,388250
20121022,32.53,32.56,31.64,31.91,204400
20121023,31.5,32.66,31.5,32.46,250890
20121024,32.46,32.56,31.53,31.53,106570
20121025,31.74,32.39,31.26,31.57,97990
20121026,31.57,31.64,30.47,31.05,182650
20121029,31.09,31.22,30.74,31.22,40830
20121030,31.22,32.49,31.05,32.05,247870
20121031,32.15,32.42,31.43,31.7,108630
20121101,31.67,33.28,31.5,33.28,180560
20121105,32.97,33.25,32.73,33.01,191210
20121106,32.97,33.52,32.6,33.11,234840
20121107,33.08,33.08,32.42,32.42,193900
20121108,32.63,32.87,31.77,32.25,198990
20121109,32.46,32.56,31.09,31.15,208870
20121112,31.26,31.43,30.47,30.57,130740
20121113,30.57,31.26,30.5,30.98,190500
20121114,30.91,31.09,29.47,29.51,246220
20121116,29.3,29.37,28.48,28.51,269260
20121119,29.13,29.44,28.92,29.03,250560
20121121,29.2,29.47,28.65,28.72,347120
20121122,28.86,28.92,27.55,28.62,170410
20121123,28.72,28.99,28.38,28.72,881460
20121126,28.65,28.72,27.86,28.2,208230
20121127,28.31,28.65,27.21,27.45,156810
20121128,27.48,27.59,26.73,27.11,384590
20121129,27.65,27.79,27.21,27.62,306570
20121130,28.03,28.07,26.83,27.04,306080
20121203,27.28,27.79,27.21,27.62,135830
20121204,27.96,27.96,27.31,27.52,279230
20121205,27.69,27.76,26.97,27.35,152110
20121206,27.35,27.59,27.11,27.45,187500
20121207,27.48,27.62,27.31,27.45,142300
20121210,27.41,27.62,27.17,27.38,218890
20121211,27.62,27.89,27.35,27.45,311390
20121212,27.48,27.62,27.35,27.55,613740
20121213,27.55,28.79,27.48,28.79,1622690
20121214,28.99,29.1,28.03,28.31,277080
20121217,28.44,28.55,28.1,28.48,624030
20121218,28.58,29.27,28.38,29.23,700320
20121219,29.27,29.58,28.86,29.44,287460
20121220,29.37,29.37,28.62,28.65,290280
20121221,28.41,28.48,27.55,28.38,192870
20121226,28.24,28.68,28.17,28.44,63550
20121227,28.48,28.68,27.96,28.2,78470
20121228,28.27,28.62,28.24,28.51,222900
20130102,28.79,29.58,28.62,29.51,568420
20130103,29.37,30.37,29.2,30.3,421720
20130104,30.19,30.54,29.68,30.54,400620
20130107,30.33,30.61,29.54,29.71,314200
20130108,29.68,30.26,28.96,30.23,370760
20130109,30.19,30.98,30.13,30.88,918080
20130110,31.22,31.22,30.4,30.54,857280
20130111,30.67,30.67,29.92,30.02,248440
20130114,30.33,30.33,29.61,29.75,291930
20130115,29.89,30.43,29.78,30.19,170650
20130116,30.19,30.54,29.95,30.16,147740
20130117,30.16,30.5,30.02,30.33,138890
20130118,30.47,30.88,30.19,30.67,285390
20130121,30.64,30.64,30.23,30.4,92900
20130122,30.26,30.54,29.92,30.19,131550
20130123,30.16,30.37,29.58,29.99,545170
20130124,29.85,29.95,29.16,29.4,459340
20130128,29.34,29.61,28.99,29.16,291750
20130129,29.23,30.13,28.99,29.85,673760
20130130,29.68,30.47,29.16,30.02,1008980
20130131,30.02,30.43,29.06,29.75,319250
20130201,29.92,30.16,29.75,30.09,271410
20130204,30.09,30.13,29.68,30.02,188460
20130205,30.02,30.16,29.68,30.06,181140
20130206,29.95,30.16,29.71,29.82,959560
20130207,29.99,31.22,29.78,31.05,3160170
20130208,30.98,31.36,30.88,31.02,452710
20130213,31.19,31.22,30.47,30.71,727290
20130214,30.47,31.29,30.23,31.19,913380
20130215,31.26,31.36,30.67,31.36,470610
20130218,31.57,32.18,31.29,31.98,283740
20130219,32.08,32.32,31.57,31.98,454800
20130220,31.84,31.88,31.05,31.5,397700
20130221,31.33,31.67,30.74,31.22,658800
20130222,31.43,31.43,30.85,31.36,337600
20130225,31.67,32.08,31.46,31.74,436340
20130226,31.53,32.36,31.29,32.29,638270
20130227,32.25,32.97,32.22,32.91,521470
20130228,32.94,33.83,32.6,33.63,476680
20130301,33.45,34.24,33.11,34.07,446810
20130304,33.87,34,33.32,33.9,277020
20130305,33.69,34,33.01,33.28,416260
20130306,33.87,34.17,33.32,33.87,463870
20130307,33.97,35.17,33.69,35.1,464680
20130308,34.76,35.65,34.59,35.38,459210
20130311,34.9,35.31,34.21,34.31,603490
20130312,34.24,34.59,34.04,34.48,429340
20130313,34.35,34.9,34.07,34.45,878730
20130314,34.48,34.76,34.24,34.55,398730
20130315,34.66,34.9,34.31,34.42,449340
20130318,34.38,34.59,33.45,34.35,407360
20130319,34.35,34.79,34.28,34.66,292600
20130320,34.62,35.17,34.31,34.52,320410
20130321,34.48,34.83,33.45,33.9,360210
20130322,34.14,34.31,33.21,33.73,251130
20130325,33.97,34,33.45,33.69,218690
20130326,33.56,34.52,33.56,34.31,420710
20130327,33.8,34.66,33.8,34.42,159160
20130328,34.17,34.66,33.87,34.66,221410
20130401,34.42,34.79,34.11,34.28,200260
20130402,34.31,34.55,33.52,33.73,341970
20130403,33.76,34.31,33.52,34.11,245590
20130404,33.97,34.24,33.63,33.8,143730
20130405,33.66,34.42,33.32,34.28,509960
20130408,34.17,34.45,33.83,34.31,190890
20130409,34.31,35.27,34.28,35.27,310240
20130410,35.24,36.23,35.24,35.92,372060
20130411,35.99,36.71,35.58,36.54,327090
20130412,36.34,37.33,36.1,36.82,397040
20130415,36.2,37.13,36.1,36.78,607430
20130416,36.82,37.13,36.44,36.78,416930
20130417,36.37,36.44,35.34,35.68,747090
20130418,35.66,36.39,35,36.14,237640
20130419,36.45,36.49,35.69,36.18,223740
20130422,35.97,36.25,35.42,36.21,126420
20130423,36.21,37.25,36.04,36.45,355570
20130424,36.35,36.63,35.24,35.62,397220
20130425,35.83,36.11,35.24,35.38,192690
20130426,35.28,35.42,34.41,34.97,318380
20130429,35.35,35.56,34.41,34.55,310440
20130430,34.34,35.45,34.21,35.24,316560
20130502,34.79,36.56,34.79,36.25,684010
20130503,36.42,37.25,36.18,36.32,1468940
20130506,36.14,36.45,35.45,35.8,360650
20130507,35.9,36.83,35.69,36.66,197260
20130508,36.83,37.22,36.66,37.18,230770
20130509,37.35,38.18,37.32,37.67,445000
20130510,37.42,37.63,36.94,37.32,243820
20130513,37.11,37.28,36.18,36.8,208790
20130514,36.83,37.39,36.59,36.94,182000
20130515,37.11,37.18,36.66,37.08,288120
20130516,37.08,37.35,36.42,36.8,271190
20130517,36.83,37.32,36.28,36.97,225060
20130520,36.87,37.53,36.56,36.83,189230
20130521,36.94,37.53,36.73,37.18,216170
20130522,37.46,38.63,37.18,38.11,559770
20130523,37.7,38.39,37.28,38.22,482310
20130524,37.87,38.25,37.63,38.05,342190
20130527,38.25,38.5,37.87,38.15,122460
20130528,38.56,38.6,37.94,38.08,243050
20130529,37.73,38.11,36.97,37.35,372400
20130531,37.22,37.42,35.97,36.83,382700
20130603,36.83,37.18,36.25,36.9,211570
20130604,37.28,37.32,36.14,37.32,211880
20130605,36.83,37.46,36.56,37.18,268630
20130606,37.56,38.22,37.22,37.63,500860
20130607,37.28,37.35,36,36.14,526630
20130610,35.97,36,35.11,35.24,452370
20130611,34.93,35.97,34.03,34.93,347100
20130612,35.45,35.73,34.24,35.04,272980
20130613,35.21,36.14,34.62,35.76,245720
20130614,35.76,35.8,34.28,34.45,589080
20130617,34.55,34.76,33.89,34.59,323370
20130618,33.72,33.83,32.23,32.82,518030
20130619,33.03,33.24,30.85,31.82,1162950
20130620,30.95,32.27,30.68,32.27,504910
20130621,31.99,32.72,31.2,31.72,264440
20130624,31.2,31.96,30.54,31.47,199420
20130625,31.96,32.2,31.16,31.92,148990
20130626,32.06,33.34,32.06,32.82,254880
20130627,33.44,33.44,32.68,33.13,386330
20130628,32.75,33,31.99,32.72,294070
20130701,32.44,33.17,32.03,32.48,155530
20130702,32.13,32.79,31.06,31.47,225900
20130703,31.37,32.37,30.82,30.95,230500
20130704,31.4,31.4,30.26,30.44,193550
20130705,30.23,30.61,29.02,30.19,436700
20130708,29.88,30.68,29.88,30.54,652950
20130710,30.92,31.13,29.5,29.85,165240
20130711,30.05,30.44,29.47,30.16,170580
20130712,29.99,30.12,28.98,29.12,265630
20130715,29.29,29.81,29.16,29.81,172190
20130716,30.16,30.37,29.64,29.85,154250
20130717,30.02,30.78,29.88,30.09,176520
20130718,30.02,30.19,29.47,29.92,325760
20130719,29.57,30.33,29.47,29.92,160790
20130722,29.74,30.71,29.74,30.61,213500
20130723,30.68,31.23,30.23,30.44,264130
20130724,30.44,30.47,29.74,30.26,138000
20130725,30.09,30.89,29.85,30.78,148850
20130726,30.5,31.13,30.09,30.85,141520
20130729,30.64,30.75,30.23,30.4,156900
20130730,30.26,30.57,29.81,30.4,221030
20130731,30.09,30.78,29.88,30.5,202490
20130801,30.68,31.96,30.61,31.96,248420
20130802,32.06,32.34,31.37,31.92,239550
20130805,32.06,32.13,31.33,31.58,431650
20130806,31.51,31.68,29.95,30.23,483610
20130807,29.85,30.47,29.26,29.61,252070
20130808,29.64,30.61,29.29,30.4,312050
20130809,30.4,31.27,30.16,31.27,214010
20130812,31.4,31.75,30.37,30.4,244170
20130813,30.78,30.78,29.88,30.37,346370
20130814,31.68,33.55,31.51,33,1541300
20130815,32.75,33,31.78,32.27,461470
20130816,32.34,32.51,31.3,31.54,267970
20130819,31.51,31.61,30.05,30.26,663910
20130820,30.26,30.78,29.4,29.4,269030
20130821,29.33,30.05,29.09,29.57,318640
20130822,29.85,30.89,29.74,30.89,274060
20130823,30.61,31.44,30.4,31.3,197700
20130826,31.09,31.2,30.4,30.68,105190
20130827,30.3,30.37,29.5,29.71,190250
20130828,29.95,30.85,29.57,30.71,151990
20130829,30.78,31.82,30.61,31.3,728470
20130830,31.33,32.34,31.27,31.92,309150
20130902,32.51,33.03,32.03,32.82,219860
20130903,32.75,33.1,31.89,32.79,186920
20130904,32.41,32.61,31.44,32.17,357280
20130905,31.99,32.2,31.4,31.99,411350
20130906,32.41,32.65,31.54,32.27,248150
20130909,32.17,32.61,32.1,32.48,449070
20130910,32.58,32.65,31.96,32.34,335900
20130911,32.3,32.44,31.3,31.68,354420
20130912,31.89,32.1,31.16,31.44,301520
20130913,31.51,31.61,30.92,31.2,224390
20130916,31.33,31.58,30.61,30.92,181850
20130917,30.95,31.37,30.71,31.37,214030
20130918,31.47,32.13,31.2,32.13,241700
20130919,32.03,32.13,31.58,32.13,142250
20130920,32.1,32.3,31.58,31.78,147510
20130923,31.96,32.06,31.02,31.82,161740
20130924,31.99,31.99,31.3,31.75,146600
20130925,31.58,31.92,31.23,31.27,107210
20130926,31.4,31.65,30.89,30.89,146780
20130927,30.95,31.23,30.44,30.57,192830
20130930,30.26,31.2,30.09,30.3,240130
20131001,30.71,31.27,30.47,30.99,157840
20131002,30.78,31.58,30.75,31.58,101990
20131003,31.47,31.65,31.13,31.3,133020
20131004,31.47,31.47,30.99,31.27,260850
20131007,31.09,31.27,30.78,31.13,159410
20131008,31.2,31.23,30.5,30.92,111160
20131009,31.13,31.3,30.78,31.09,151320
20131010,31.3,31.3,29.81,30.16,406020
20131011,30.12,30.3,28.98,29.26,581040
20131014,29.36,29.36,28.39,28.57,697170
20131015,28.57,28.74,28.19,28.71,426870
20131016,28.88,29.81,28.78,29.54,437770
20131017,29.4,29.54,28.67,29.33,366830
20131018,29.43,29.5,28.71,28.78,326320
20131021,28.84,29.5,28.74,29.4,190400
20131022,29.33,29.4,29.09,29.26,208820
20131023,29.22,29.5,29.09,29.19,233350
20131024,29.16,29.47,28.46,28.46,268750
20131025,28.53,28.78,28.05,28.43,205190
20131028,28.5,28.95,28.46,28.46,325510
20131029,28.57,28.74,28.22,28.46,178290
20131030,28.5,28.64,28.29,28.5,188830
20131031,28.19,28.33,27.39,27.74,622770
20131101,28.08,28.22,27.46,27.7,369550
20131104,27.74,28.05,27.63,28.01,163610
20131105,27.94,28.15,27.6,28.05,343570
20131106,27.88,28.39,27.25,27.63,357020
20131107,27.46,27.81,27.11,27.36,351440
20131108,27.46,27.5,26.46,26.84,191290
20131111,26.98,27.08,26.87,27.08,124780
20131112,27.08,27.25,26.18,26.28,346640
20131113,26.42,26.42,25.63,26.08,187290
20131114,26.08,27.05,25.97,27.05,309470
20131118,27.22,27.5,26.87,27.46,223420
20131119,27.18,27.32,26.46,26.8,305840
20131121,26.15,26.7,26.01,26.22,336760
20131122,26.08,26.91,25.94,26.87,248080
20131125,26.77,26.87,26.11,26.49,542250
20131126,26.28,26.63,26.15,26.63,301450
20131127,26.77,26.77,26.25,26.46,200160
20131128,26.56,26.98,26.28,26.87,341730
20131129,26.87,27.05,26.6,26.98,211990
20131202,26.7,27.25,26.28,26.28,411190
20131203,26.01,26.25,25.77,26.01,345490
20131204,26.11,26.39,25.63,25.63,244240
20131205,25.7,25.77,24.97,25.04,417770
20131206,25.25,25.32,24.52,24.9,372920
20131209,24.9,25.21,24.73,25.14,140440
20131210,25.32,25.32,24.83,25.14,92570
20131211,25.14,25.39,24.49,24.49,193150
20131212,24.35,24.38,23.45,24.21,394730
20131213,24.04,24.17,23.21,23.38,407990
20131216,23.48,23.83,23.24,23.69,275400
20131217,23.83,24.11,23.62,23.86,265710
20131218,24,24.52,23.79,23.93,434000
20131219,24.28,24.62,23.83,24.62,255160
20131220,24.66,24.69,24.07,24.52,305210
20131223,24.52,24.83,24.31,24.55,162660
20131226,24.83,24.83,23.79,23.93,218230
20131227,23.83,23.83,22.06,22.06,620620
20131230,22.24,22.69,21.75,22.69,423470
20140102,22.62,22.62,21.48,21.79,665030
20140103,21.79,22.41,21.65,21.96,594660
20140106,21.96,22.03,21.72,21.93,560590
20140107,21.93,22.17,20.92,20.99,304960
20140108,21.1,21.75,20.44,21.61,566300
20140109,22.48,23.69,22.48,23.52,916220
20140110,23.93,24.83,23.76,24.35,933310
20140113,24.62,24.8,23.83,24.21,576620
20140114,24.42,24.42,23.28,23.55,400120
20140115,23.76,24.24,23.24,24.07,236800
20140116,24.07,24.24,23.59,23.69,370510
20140117,23.66,23.72,23.28,23.55,167310
20140120,23.41,23.83,23.03,23.24,170220
20140121,23.45,23.45,22.79,23.34,470790
20140122,23.41,23.66,22.79,23.52,279130
20140123,23.52,23.66,22.72,22.86,272340
20140124,22.69,22.69,21.89,22.48,317540
20140127,22.48,23.03,21.72,22.96,470430
20140128,23.17,23.34,22.86,23.07,193870
20140129,22.86,23.17,22.55,22.96,181300
20140130,22.86,23.07,22.13,22.24,357450
20140131,22.06,22.86,21.93,22.86,633480
20140203,22.62,23.14,22.2,22.38,367140
20140204,22.38,22.41,21.3,22.31,409060
20140205,22.1,22.38,21.27,21.44,259460
20140206,21.51,21.72,21.03,21.1,381240
20140207,20.75,21.1,19.61,19.85,638590
20140210,19.89,20.09,19.19,19.26,314060
20140211,19.64,20.06,18.16,19.33,987210
20140212,19.5,19.5,18.85,19.02,568630
20140213,19.05,19.12,18.4,18.67,1280440
20140214,20.27,22.83,20.2,22.31,2415480
20140217,22.44,22.55,21.13,21.34,625660
20140218,21.16,21.93,20.27,20.27,526610
20140219,20.16,20.75,19.54,20.58,427270
20140220,20.37,22.1,20.09,21.79,493730
20140221,21.82,22.72,21.51,22.55,607460
20140224,25.59,26.49,24.35,24.55,1811910
20140225,24.24,24.24,22.86,22.96,861060
20140226,23.17,23.52,21.2,23.52,1703510
20140227,23.72,24.21,23.28,24.21,509650
20140228,24.24,24.24,23.28,23.34,372910
20140305,23.31,24.45,23.31,24.04,398650
20140306,24.04,24.83,23.9,24.59,374630
20140307,24.35,25.8,24.04,24.52,776970
20140310,24.66,24.66,23.69,23.97,408770
20140311,24.11,24.24,23.03,23.34,291960
20140312,23.21,23.55,22.79,23,283880
20140313,23.14,23.55,23.07,23.48,573270
20140314,24.42,25.07,24.14,24.69,996870
20140317,25.04,25.14,24.35,24.55,235350
20140318,24.59,24.8,24.14,24.55,231780
20140319,24.45,24.69,24.24,24.55,154290
20140320,24.45,25.18,24.31,25.04,186780
20140321,24.9,25.49,24.66,25.14,211760
20140324,25.32,25.49,24.62,24.8,316310
20140325,25.04,25.14,24.31,24.59,268440
20140326,24.73,25,24.35,24.45,180310
20140327,24.45,25.25,24.45,25.21,472570
20140328,25.28,25.49,24.87,25.14,225410
20140331,25.28,26.18,25.21,26.18,280600
20140401,25.94,27.01,25.42,27.01,210360
20140402,27.32,27.63,26.53,27.56,327560
20140403,27.29,27.46,26.28,26.98,236900
20140404,27.32,27.84,26.49,26.77,295570
20140407,27.18,27.22,26.35,26.6,233950
20140408,26.98,27.05,25.7,25.9,282510
20140409,25.87,26.28,25.73,26.08,654410
20140410,26.63,28.12,26.46,27.94,1598750
20140411,28.34,28.83,27.48,28.72,395140
20140414,28.72,29.45,28.48,29.17,356960
20140415,29.07,29.66,27.86,28.03,394510
20140416,29.55,29.59,28.58,28.9,558320
20140417,28.83,29.38,28.51,29,339450
20140422,28.83,29.21,28.27,29.03,271840
20140423,28.93,28.93,28.27,28.79,487460
20140424,28.69,29.38,28.41,29.21,208680
20140425,29.17,30.63,29.07,30.63,422080
20140428,30.69,30.76,30.04,30.69,141650
20140429,30.8,30.97,30.28,30.63,242680
20140430,30.38,30.56,29.62,30.56,218720
20140502,30.35,31.28,30.18,31.25,542940
20140505,31.21,31.42,30.31,30.8,306970
20140506,30.66,30.83,30.38,30.52,248040
20140507,30.24,30.52,29.83,30.35,262860
20140508,30.38,30.45,29.59,29.86,202770
20140509,30.07,30.11,29.28,30,678210
20140512,30.38,30.52,30.18,30.28,203530
20140513,30.24,30.69,30.14,30.28,157930
20140514,30.18,30.42,29.97,30.35,161790
20140515,30.28,30.38,29.83,30.38,188410
20140516,30.28,31.01,30.18,30.8,172190
20140519,30.76,30.76,29.9,29.97,293030
20140520,29.9,30.07,28.65,29.1,231830
20140521,29.24,29.28,28.38,28.83,232240
20140522,28.65,29.31,28.65,29.21,146110
20140523,29.38,29.38,28.83,29.14,80050
20140526,29.1,29.55,28.96,29.24,71140
20140527,29.35,29.35,28.27,28.48,126740
20140528,28.48,29.07,28.48,28.72,155710
20140529,28.69,29.21,28.65,28.86,173780
20140530,28.69,28.86,27.89,28.03,292550
20140602,28.03,28.31,27.34,27.55,206000
20140603,27.16,27.72,26.89,27.72,182390
20140604,27.41,27.93,27.34,27.93,179950
20140605,27.82,28.51,27.65,27.75,138490
20140606,28.51,28.72,28.17,28.62,145240
20140609,28.69,29.24,28.41,29.17,181430
20140610,29.17,29.62,28.96,29.62,185190
20140611,29.93,30.38,29.66,30.07,316870
20140613,30.24,30.24,29.28,29.76,208620
20140616,29.76,30.07,29.45,29.69,99810
20140617,29.9,29.9,28.96,29.76,71330
20140618,29.76,29.83,29.28,29.83,169320
20140620,29.59,29.93,29.1,29.38,145700
20140623,29.38,29.52,29.07,29.1,68530
20140624,29.24,29.76,28.96,29.28,149840
20140625,29.03,29.62,28.55,28.86,135860
20140626,29.03,29.1,28.41,28.93,192260
20140627,29.03,29.38,28.58,28.9,267630
20140630,28.65,29.07,28.45,28.83,216390
20140701,28.72,28.83,27.89,28.17,114430
20140702,28.38,28.38,27.2,27.61,329430
20140703,27.41,27.89,27.16,27.89,127640
20140704,27.96,28.34,27.96,28.34,29870
20140707,28.13,28.13,27.34,27.44,156090
20140708,27.34,27.44,26.99,27.34,80490
20140710,27.68,27.68,27.1,27.41,193500
20140711,27.16,27.55,27.16,27.51,106860
20140714,27.68,28.17,27.68,28.06,197780
20140715,28,28.24,27.82,28,107670
20140716,27.61,27.68,26.47,26.71,384360
20140717,26.37,27.03,26.13,26.96,204180
20140718,27.3,27.86,27.16,27.86,193870
20140721,28,28.24,27.68,28.03,213380
20140722,27.89,29.07,27.79,29,389210
20140723,29,29.62,28.72,29.55,258390
20140724,29.69,30.63,29.66,30.63,296150
20140725,30.63,30.94,29.73,30.21,396650
20140728,30.21,30.28,29.48,30.11,180210
20140729,29.83,30.11,29.31,30,144580
20140730,30.28,30.45,29.52,30.28,144460
20140731,30.87,30.87,29.52,30.11,318640
20140801,30.28,30.31,29.14,30,226060
20140804,30.04,30.83,29.59,30.83,163530
20140805,30.8,30.8,30,30.28,300510
20140806,30.04,30.28,29.28,30,250150
20140807,30.04,30.24,29.69,29.73,429090
20140808,29.48,30,29.48,29.83,115820
20140811,29.93,30.11,29.69,29.93,192690
20140812,29.93,30.04,29.41,29.45,166770
20140813,29.41,29.52,28.45,28.72,271230
20140814,28.58,28.83,28.1,28.38,195760
20140815,28.58,28.9,28.45,28.9,157270
20140818,29,29.1,28.48,28.55,120350
20140819,28.62,28.65,27.86,28.2,237110
20140820,28.2,28.27,27.86,27.86,427490
20140821,27.86,28,27.34,27.68,627780
20140822,27.72,27.89,27.55,27.68,250050
20140825,27.93,28.03,27.41,27.48,155340
20140826,27.55,27.68,27.1,27.37,614370
20140827,27.58,28.79,27.34,28.55,514670
20140828,28.55,29,27.58,27.79,314130
20140829,28.1,28.55,27.93,28.55,732640
20140901,28.79,30.07,28.51,29.9,494540
20140902,29.93,30.8,29.59,30.8,409660
20140903,30.8,31.01,29.97,30.52,437420
20140904,30.31,30.83,29.55,29.83,280290
20140905,29.86,30,29.14,29.31,319280
20140908,29.59,29.59,27.89,28.17,266340
20140909,27.86,28.2,27.27,27.61,633380
20140910,27.44,27.65,26.16,26.47,594460
20140911,26.44,27.03,26.23,26.96,372710
20140912,26.82,26.96,25.26,25.68,503060
20140915,25.57,26.09,25.36,25.99,175790
20140916,25.88,26.51,25.68,26.13,328880
20140917,26.3,26.37,24.57,24.71,591410
20140918,24.67,25.26,24.29,25.26,779680
20140919,25.23,25.47,24.5,24.6,299980
20140922,24.4,24.6,23.53,23.91,225090
20140923,23.81,23.98,22.8,23.5,526350
20140924,23.32,23.81,23.08,23.67,267820
20140925,23.56,23.81,22.8,22.8,329070
20140926,22.8,23.29,22.49,22.94,285070
20140929,22.15,22.77,21.63,22.08,298720
20140930,21.87,22.22,21.66,22.01,265430
20141001,21.7,22.49,21.66,22.04,407590
20141002,22.15,22.15,21.35,21.35,588210
20141003,21.52,22.22,20.87,22.22,516250
20141006,23.53,24.15,21.35,21.9,1292090
20141007,22.04,22.28,21.18,21.94,922370
20141008,22.15,22.8,21.59,22.08,440710
20141009,22.35,22.6,21.49,21.66,500000
20141010,21.52,21.59,20.1,20.31,841860
20141013,20.8,21.59,20.17,21.35,755710
20141014,21.11,21.42,20.45,20.69,759040
20141015,20.55,20.55,19.38,19.65,614290
20141016,19.38,20.24,19.2,20.24,1085790
20141017,20.59,21.25,20.17,20.93,363110
20141020,20.93,21.11,20.07,20.42,529050
20141021,20.07,20.07,19.03,19.27,670180
20141022,19.38,19.38,18.03,18.37,655890
20141023,18.41,18.41,17.54,18.34,997000
20141024,18.65,19.72,18.1,19.72,591820
20141027,18.93,20.66,18.34,20.42,722220
20141028,20.59,22.04,20.31,22.04,630610
20141029,21.87,22.77,21.56,22.22,674690
20141030,22.04,22.6,21.8,22.08,459800
20141031,22.04,23.5,21.59,23.5,773700
20141103,23.29,23.29,22.42,22.77,403300
20141104,22.87,23.01,22.35,22.67,466820
20141105,22.67,23.81,22.67,23.6,316110
20141106,23.81,23.81,22.63,22.91,544270
20141107,22.46,22.73,20.97,22.35,800950
20141110,22.46,22.63,21.83,22.6,405570
20141111,22.39,22.98,22.25,22.46,313610
20141112,22.63,22.63,22.18,22.42,574390
20141113,22.42,22.63,22.28,22.35,312380
20141114,22.18,22.25,21.9,22.11,420610
20141117,22.22,22.32,21.21,21.63,509200
20141118,21.63,21.83,21.35,21.7,441810
20141119,21.83,22.08,21.45,21.7,456880
20141121,21.73,22.91,21.7,22.91,578670
20141124,22.84,23.43,21.66,21.77,586850
20141125,21.77,22.01,20.8,20.8,5191730
20141126,21.07,21.25,20.24,20.52,765850
20141127,20.62,21.38,20.55,21.28,458810
20141128,21.21,21.56,20.87,21.52,644020
20141201,21.25,21.38,20.31,20.42,854270
20141202,20.55,20.76,19.2,19.55,478680
20141203,19.65,19.72,18.96,19.27,648980
20141204,19.34,19.45,18.68,18.68,296840
20141205,18.75,18.82,18.23,18.44,308290
20141208,18.23,18.58,17.3,17.54,1175530
20141209,17.44,18.37,17.13,17.16,450060
20141210,17.23,17.68,16.95,17.34,426300
20141211,17.4,17.58,16.44,17.13,479330
20141212,16.92,17.51,16.85,17.37,519820
20141215,17.44,17.61,16.68,17.13,455390
20141216,16.78,17.4,16.75,17.16,506200
20141217,17.23,17.96,16.99,17.82,478220
20141218,18.03,18.3,16.95,16.95,279680
20141219,17.09,17.27,16.78,17.27,735420
20141222,17.23,17.58,17.16,17.3,186000
20141223,17.27,17.68,17.16,17.37,192640
20141226,17.51,17.51,16.99,16.99,86000
20141229,17.02,17.47,16.89,17.34,140020
20141230,17.44,17.65,17.16,17.51,198070
20150102,17.51,17.58,16.68,16.92,238460
20150105,16.75,16.89,15.64,15.74,1148830
20150106,15.74,15.74,14.98,15.09,417960
20150107,15.15,15.99,15.15,15.57,308700
20150108,15.64,16.09,15.19,15.81,194320
20150109,15.78,15.92,15.22,15.47,1094560
20150112,15.4,15.64,14.88,14.95,152560
20150113,15.02,15.12,14.25,14.46,392040
20150114,14.19,14.36,14.01,14.19,239780
20150115,14.25,14.74,14.05,14.7,379590
20150116,14.77,15.12,14.6,14.91,750390
20150119,14.77,14.88,14.01,14.01,164040
20150120,14.19,14.5,13.7,13.7,507540
20150121,13.84,14.19,13.56,13.98,312270
20150122,14.12,14.32,13.77,13.84,486450
20150123,13.8,14.01,13.63,13.8,230330
20150126,13.56,13.74,13.22,13.42,417000
20150127,13.29,13.77,13.01,13.63,373430
20150128,13.39,13.87,13.22,13.7,258940
20150129,13.7,13.84,13.25,13.67,277920
20150130,13.56,13.63,12.7,13.32,767780
20150202,13.39,13.49,12.73,12.84,352080
20150203,12.94,13.11,12.63,13.08,362000
20150204,13.08,13.18,12.56,12.59,980160
20150205,12.59,15.29,12.56,15.29,1345630
20150206,15.74,16.75,14.29,15.92,1142460
20150209,15.99,16.47,15.05,15.57,710810
20150210,15.5,15.92,15.26,15.5,701610
20150211,16.16,17.65,15.81,17.65,1575480
20150212,17.99,20.62,17.99,19.24,1666530
20150213,19.83,20.14,18.48,18.62,527760
20150218,19,19.2,17.72,18.3,540470
20150219,18.2,18.79,17.85,18.34,370190
20150220,18.34,19.13,18.3,18.62,302820
20150223,18.55,18.96,18.17,18.86,490660
20150224,18.86,19.1,18.51,18.86,347380
20150225,18.68,19.13,18.51,19.13,268950
20150226,19.38,19.83,19.13,19.45,543160
20150227,19.55,19.58,18.96,19.31,490860
20150302,19.17,19.34,18.79,19,283270
20150303,18.89,19.03,18.1,18.34,388840
20150304,17.96,17.99,17.27,17.65,323860
20150305,17.61,17.65,16.5,16.68,667720
20150306,16.44,16.82,15.81,15.88,543670
20150309,15.4,15.64,14.43,14.46,772980
20150310,14.15,15.22,14.08,14.43,620010
20150311,14.46,14.77,14.15,14.43,427740
20150312,14.7,14.77,14.5,14.53,901180
20150313,14.15,14.98,13.98,14.7,389720
20150316,14.88,15.22,14.43,14.88,400050
20150317,15.02,15.57,14.7,15.22,643590
20150318,15.19,16.16,15.09,15.67,415460
20150319,15.71,15.92,15.26,15.6,414110
20150320,15.85,15.95,15.15,15.81,1958570
20150323,15.81,16.16,15.4,15.88,303800
20150324,15.95,15.99,15.33,15.43,920450
20150325,15.5,15.6,15.26,15.43,299970
20150326,15.54,15.67,14.57,14.74,719340
20150327,14.67,14.81,13.98,14.05,489150
20150330,14.15,14.53,14.08,14.19,555230
20150331,14.19,14.25,13.74,13.74,953240
20150401,13.45,14.25,13.35,13.55,698920
20150402,13.75,17.14,13.75,17.14,2629550
20150406,17.53,18.43,17.04,17.33,1497800
20150407,16.74,16.84,15.54,15.74,2336130
20150408,16.04,16.14,15.44,15.54,1789700
20150409,15.34,16.84,15.24,16.24,2200250
20150410,16.24,16.64,16.14,16.64,2905100
20150413,16.74,17.04,16.44,16.94,2739690
20150414,16.94,17.04,16.44,16.94,1715470
20150415,16.94,17.04,16.74,16.74,1696270
20150416,16.84,17.24,16.54,16.94,1689700
20150417,16.94,17.04,16.04,16.74,1678150
20150420,16.74,16.84,15.94,16.24,1351560
20150422,16.34,16.84,16.04,16.44,1076550
20150423,16.54,16.54,14.84,14.84,2712840
20150424,14.94,15.34,14.94,15.04,1032080
20150427,15.24,15.24,13.85,14.05,2506690
20150428,14.15,14.25,13.85,13.95,1214750
20150429,13.85,13.95,12.35,12.65,5732020
20150430,12.75,13.35,12.75,12.95,1978380
20150504,13.35,13.95,13.25,13.55,1857950
20150505,13.55,13.75,13.45,13.65,967970
20150506,13.55,13.65,12.35,12.75,3524510
20150507,12.75,12.95,11.95,12.25,1308080
20150508,12.45,12.55,11.65,12.45,1670320
20150511,12.55,12.65,11.95,12.15,2168390
20150512,12.05,12.55,11.75,12.35,4110060
20150513,12.35,12.45,11.95,11.95,2212750
20150514,11.95,12.95,11.75,12.75,3405780
20150515,12.65,13.65,12.65,13.35,2187470
20150518,13.45,13.85,13.05,13.45,2361490
20150519,13.55,13.55,13.15,13.45,1173640
20150520,13.35,13.45,12.75,12.85,1816090
20150521,12.75,12.85,12.15,12.65,2461090
20150522,12.65,12.95,12.55,12.85,1625550
20150525,12.65,12.75,12.45,12.65,731130
20150526,12.65,12.65,11.95,12.05,3065900
20150527,12.25,13.25,12.05,13.25,3496190
20150528,13.35,13.35,12.65,13.05,2261200
20150529,13.15,13.15,12.55,12.55,2069580
20150601,12.65,13.15,12.15,13.15,1951990
20150602,13.15,14.15,13.05,14.15,2962090
20150603,14.05,14.44,13.55,13.65,2327840
20150605,13.55,13.65,13.15,13.25,1398910
20150608,13.75,14.15,13.35,13.85,3183060
20150609,14.15,14.35,12.75,12.95,5251340
20150610,13.25,13.45,12.75,12.85,2092140
20150611,13.05,13.15,12.55,12.95,1126310
20150612,12.85,13.05,12.65,12.95,933760
20150615,12.85,13.35,12.65,12.85,1724140
20150616,12.85,13.05,12.65,12.65,1031010
20150617,12.75,12.85,12.45,12.75,1513550
20150618,12.85,13.05,12.65,12.95,1155850
20150619,12.85,13.25,12.65,12.65,3070760
20150622,12.75,12.85,12.55,12.75,809120
20150623,12.75,12.85,12.65,12.85,925660
20150624,12.85,13.15,12.65,13.05,1260070
20150625,13.05,13.25,12.75,12.95,1692650
20150626,12.85,13.15,12.55,12.65,1682380
20150629,12.55,12.85,12.45,12.65,1014380
20150630,12.65,12.85,12.55,12.65,909430
20150701,12.75,12.95,12.65,12.95,1091380
20150702,12.85,13.45,12.75,13.35,5216960
20150703,13.25,13.35,13.05,13.25,707660
20150706,13.15,13.45,13.05,13.05,811170
20150707,12.95,13.05,12.35,12.65,1334900
20150708,12.65,12.65,12.05,12.25,1324600
20150710,12.45,12.55,12.25,12.35,881660
20150713,12.45,12.75,12.25,12.45,1283700
20150714,12.55,12.55,12.15,12.35,2136070
20150715,12.25,12.35,12.05,12.35,746780
20150716,12.35,12.55,12.25,12.45,1781450
20150717,12.35,12.45,11.95,12.15,1317480
20150720,12.15,12.15,11.75,11.75,1506490
20150721,11.75,11.85,11.16,11.16,4235780
20150722,11.06,11.16,10.06,10.36,4185000
20150723,10.06,10.26,9.56,9.76,4027540
20150724,9.56,9.66,8.96,9.16,2010660
20150727,9.06,9.66,8.57,9.66,3040660
20150728,9.96,10.06,9.06,9.26,2417590
20150729,9.16,9.36,8.96,9.06,1718970
20150730,9.06,9.56,8.96,9.56,3736330
20150731,9.46,9.56,8.86,9.06,1719070
20150803,8.76,8.94,8.66,8.81,1001800
20150804,8.74,8.96,8.61,8.9,938100
20150805,8.94,9.83,8.92,9.65,1026400
20150806,9.5,9.5,9.07,9.16,491100
20150807,9.01,9.29,8.93,9.02,779500
20150810,9.04,9.13,8.79,8.88,431900
20150811,8.87,8.95,8.52,8.66,782900
20150812,8.63,8.67,8.32,8.47,1368900
20150813,9.16,9.36,8.74,8.77,1785700
20150814,8.77,8.92,8.61,8.8,730200
20150817,8.71,8.95,8.55,8.62,381700
20150818,8.61,9.06,8.38,8.9,1621700
20150819,8.81,8.84,8.42,8.56,1664800
20150820,8.5,8.5,7.96,8.13,1530300
20150821,7.97,7.99,7.62,7.62,1400000
20150824,6.67,7.66,6.63,7.55,2454100
20150825,7.67,7.75,7.19,7.34,1513900
20150826,7.32,7.87,7.32,7.85,2883000
20150827,7.94,8.07,7.71,7.92,668800
20150828,7.76,8.17,7.74,7.99,4838200
20150831,7.82,7.85,7.7,7.85,753000
20150901,7.82,7.89,7.23,7.29,1847000
20150902,7.3,7.47,7.22,7.37,1527600
20150903,7.41,7.92,7.19,7.81,2673300
20150904,7.75,7.75,7.4,7.47,3186100
20150908,7.58,7.73,7.48,7.58,1227600
20150909,7.69,7.7,7.42,7.6,1609900
20150910,7.22,7.39,7.11,7.3,1939500
20150911,7.22,7.66,7.2,7.65,1699400
20150914,7.68,7.96,7.62,7.87,936900
20150915,7.7,7.77,7.47,7.52,8374400
20150916,7.58,8.18,7.53,7.94,1689200
20150917,7.78,7.91,7.73,7.73,755300
20150918,7.65,7.67,7.32,7.37,1602300
20150921,7.35,7.39,6.83,6.84,1066200
20150922,6.82,6.85,6.39,6.57,2077200
20150923,6.62,6.63,6.2,6.23,1623300
20150924,6.19,6.19,5.88,6,3826800
20150925,6.02,6.09,5.65,5.77,4110100
20150928,5.68,5.86,5.56,5.82,4204500
20150929,5.89,6.05,5.75,5.82,1334600
20150930,6.07,6.07,5.82,5.98,1358600
20151001,6.02,6.03,5.81,5.97,756200
20151002,5.98,6.38,5.87,6.27,915100
20151005,6.33,6.46,6.13,6.18,1213600
20151006,6.22,6.42,6.11,6.32,829600
20151007,6.34,6.95,6.33,6.87,2904800
20151008,6.98,7.87,6.85,7.87,4370600
20151009,7.98,8.95,7.23,8.95,34182700
20151013,8.86,8.93,8.22,8.61,2429100
20151014,8.59,8.6,7.84,7.99,3257900
20151015,8.03,8.12,7.3,7.5,1353200
20151016,7.47,7.57,7.13,7.24,998700
20151019,7.22,7.66,7.08,7.43,625600
20151020,7.49,7.97,7.39,7.82,1677700
20151021,7.82,7.85,7.39,7.48,921700
20151022,7.46,7.77,7.28,7.63,933700
20151023,7.83,7.86,7.54,7.67,1075300
20151026,7.61,7.72,7.13,7.13,864300
20151027,7.15,7.45,6.91,7.37,917400
20151028,7.33,7.44,7.11,7.21,580100
20151029,7.25,7.57,7.19,7.37,663600
20151030,7.33,7.63,7.16,7.31,808900
20151103,7.28,8.01,7.27,7.58,732200
20151104,7.77,7.87,7.25,7.25,1381900
20151105,7.29,7.44,7.27,7.34,609300
20151106,7.47,7.57,7.22,7.34,547500
20151109,7.3,7.38,7.2,7.27,886000
20151110,7.32,7.37,7.16,7.2,488800
20151111,7.28,7.33,7.16,7.17,831600
20151112,7.21,7.3,6.93,6.97,1191400
20151113,6.97,7.02,6.83,6.96,844300
20151116,6.97,7.08,6.91,6.91,448200
20151117,6.96,7.09,6.9,7.02,478800
20151118,6.97,7.21,6.87,6.87,412400
20151119,6.92,7.03,6.8,6.92,626900
20151123,6.98,6.99,6.69,6.74,568600
20151124,6.72,6.74,6.45,6.47,772700
20151125,6.45,6.47,6.08,6.16,728500
20151126,6.14,6.15,5.9,6,874600
20151127,6.01,6.02,5.93,5.98,701500
20151130,5.89,5.97,5.82,5.97,1065000
20151201,5.94,6.12,5.86,5.92,692700
20151202,6.02,6.35,5.84,6.12,884400
20151203,6.27,6.36,5.98,6.08,811500
20151204,6.07,6.07,5.73,5.89,623200
20151207,5.94,6.04,5.85,5.95,517200
20151208,5.98,6.05,5.84,5.92,481300
20151209,6,6.36,5.97,6.13,880700
20151210,6.2,6.26,5.9,6.04,801200
20151211,5.99,6.14,5.92,6.04,380200
20151214,5.99,6.07,5.89,5.97,744000
20151215,5.97,6.18,5.93,6.02,1008000
20151216,5.92,6.07,5.92,6.05,728100
20151217,6.08,6.32,6.05,6.09,1113300
20151218,5.93,5.98,5.83,5.97,1619100
20151221,5.97,6.11,5.86,5.97,1905500
20151222,5.98,6.12,5.96,6.02,721100
20151223,6.1,6.26,6.04,6.1,691600
20151228,6.05,6.1,5.96,6.07,361900
20151229,6.01,6.32,6.01,6.32,473200
20151230,6.31,6.4,5.93,6.24,1431400
20160104,6.12,6.18,5.96,5.99,594900
20160105,6,6.08,5.65,5.69,2054500
20160106,5.65,5.76,5.14,5.22,953600
20160107,5.11,5.11,4.55,4.55,962200
20160108,4.6,4.7,4.1,4.3,1253600
20160111,4.3,4.46,4.05,4.1,496900
20160112,4.11,4.38,3.85,3.95,1375500
20160113,3.98,4.09,3.27,3.33,2460300
20160114,3.29,3.33,2.13,2.61,8913900
20160115,2.39,3,2.01,3,16252800
20160118,3.05,3.3,3,3,5901100
20160119,3.11,3.18,2.37,2.44,3998200
20160120,2.3,2.39,2.12,2.2,3721400
20160121,2.18,2.37,2.02,2.02,5010100
20160122,2.08,2.12,1.5,1.5,9438800
20160126,1.42,1.59,1.33,1.5,5828300
20160127,1.55,1.72,1.55,1.67,5735500
20160128,1.76,1.87,1.73,1.77,5315800
20160129,1.8,1.93,1.75,1.89,4437900
20160201,1.9,2,1.84,1.99,2522200
20160202,2,2.07,1.81,1.85,2595700
20160203,1.88,1.94,1.8,1.8,2821500
20160204,1.85,1.94,1.84,1.89,1743800
20160205,1.98,2.45,1.98,2.3,6507800
20160210,2.35,2.35,2.15,2.17,2124500
20160211,2.01,2.24,2.01,2.06,3341400
20160212,2.13,2.19,2.05,2.14,2843200
20160215,2.31,2.33,2.16,2.21,2022600
20160216,2.21,2.33,2.17,2.3,2381300
20160217,2.3,2.41,2.28,2.28,3691400
20160218,2.28,2.31,2.13,2.17,2475600
20160219,2.15,2.21,2.07,2.16,2208100
20160222,2.26,2.3,2.18,2.2,3728900
20160223,2.16,2.21,2.15,2.16,1412100
20160224,2.15,2.29,2.1,2.21,1940100
20160225,2.23,2.28,2.17,2.23,1524200
20160226,2.26,2.47,2.26,2.34,3280200
20160229,2.39,2.72,2.37,2.63,4195100
20160301,2.72,2.9,2.72,2.9,4338500
20160302,3,3.14,2.94,2.99,4142000
20160303,3,3.15,2.66,2.88,4027300
20160304,2.9,3.25,2.9,3.1,3241000
20160307,3.13,3.2,2.96,3.09,1341300
20160308,3.1,3.44,3,3.38,3002900
20160309,3.5,3.97,3.41,3.7,3527900
20160310,3.9,4.02,3.7,3.81,5076100
20160311,3.85,3.95,3.45,3.56,2588300
20160314,3.61,3.69,3.25,3.27,1852400
20160315,3.15,3.15,2.87,2.88,2081900
20160316,2.86,3.22,2.58,3.11,2896500
20160317,3.36,3.63,3.26,3.39,3534300
20160318,3.44,3.62,3.3,3.43,2099900
20160321,3.5,3.52,3.4,3.42,1206000
20160322,3.39,3.49,3.36,3.45,1188500
20160323,3.43,3.5,3.29,3.46,1201200
20160324,3.36,3.42,3.25,3.31,2571000
20160328,3.38,3.4,3.18,3.35,3128100
20160329,3.35,3.92,3.33,3.59,6325500
20160330,3.7,3.8,3.3,3.3,4987000
20160331,3.32,3.51,3.27,3.34,3571700
20160401,3.35,3.48,3.29,3.47,1638800
20160404,3.5,3.64,3.42,3.6,3525500
20160405,3.6,3.6,3.2,3.2,4882400
20160406,3.22,3.32,3.08,3.25,4446700
20160407,3.25,3.27,2.7,2.7,7549500
20160408,3.12,3.25,3.01,3.25,23637100
20160411,3.1,3.43,3.05,3.35,23427900
20160412,3.44,3.66,3.31,3.66,19603000
20160413,3.77,3.89,3.31,3.31,21965600
20160414,3.65,3.9,3.6,3.9,32217700
20160415,4,4.05,3.68,3.75,31791500
20160418,3.75,3.85,3.66,3.74,15730500
20160419,3.81,3.87,3.53,3.87,83223600
20160420,3.83,3.98,3.74,3.9,18038600
20160422,3.81,3.98,3.75,3.95,14701800
20160425,3.97,4.04,3.92,3.95,10931000
20160426,3.99,4.29,3.96,4.27,17923600
20160427,4.34,4.34,4.1,4.31,16932600
20160428,4.32,4.37,4.23,4.27,12305400
20160429,4.28,4.35,4.16,4.28,18669600
20160502,4.28,4.39,4.15,4.39,10780800
20160503,4.38,4.38,4.17,4.29,7238100
20160504,4.24,4.6,4.21,4.52,11150100
20160505,4.56,4.59,4.36,4.45,7862800
20160506,4.38,4.54,4.35,4.5,5519600
20160509,4.47,4.53,4.08,4.4,7655600
20160510,4.51,4.52,4.27,4.45,8112000
20160511,4.5,4.57,4.35,4.4,11192300
20160512,4.56,4.6,4.31,4.4,11139100
20160513,4.4,4.48,4.2,4.48,11385500
20160516,4.49,4.52,4.26,4.28,6441600
20160517,4.3,4.3,3.91,3.99,7940300
20160518,3.94,3.99,3.76,3.85,16995100
20160519,3.8,3.88,3.63,3.83,9786700
20160520,3.9,4.09,3.81,4.06,9376100
20160523,3.94,3.97,3.84,3.92,6127700
20160524,3.99,4.09,3.92,4.07,12067300
20160525,4.15,4.42,4.13,4.37,17512400
20160527,4.38,4.54,4.37,4.48,10428000
20160530,4.48,4.5,4.42,4.5,6096600
20160531,4.49,4.74,4.48,4.74,25524300
20160601,4.85,4.88,4.65,4.75,9076700
20160602,4.74,4.96,4.67,4.92,7151800
20160603,4.92,4.93,4.82,4.93,5805200
20160606,4.94,5.05,4.84,5.05,7218200
20160607,4.99,5.02,4.89,4.93,13860200
20160608,4.9,5.02,4.87,4.87,9810000
20160609,4.87,4.88,4.72,4.77,5769400
20160610,4.7,4.71,4.5,4.5,4507100
20160613,4.46,4.69,4.28,4.46,4924700
20160614,4.49,4.54,4.26,4.46,7202900
20160615,4.53,4.62,4.43,4.58,10081100
20160616,4.59,4.65,4.45,4.53,9888300
20160617,4.6,4.61,4.43,4.43,12210300
20160620,4.47,4.73,4.46,4.67,17296200
20160621,4.7,4.75,4.6,4.74,14409600
20160622,4.75,4.93,4.74,4.8,10492400
20160623,4.84,4.94,4.82,4.91,6079500
20160624,4.64,4.84,4.55,4.78,10707600
20160627,4.78,4.83,4.6,4.7,5435700
20160628,4.84,4.92,4.77,4.87,10871700
20160629,4.94,5.02,4.83,4.94,7471300
20160630,4.95,4.98,4.75,4.9,11440100
20160701,4.93,4.94,4.8,4.85,11010000
20160704,4.97,5.2,4.95,5.2,14043600
20160705,5.17,5.34,5.08,5.26,9114600
20160706,5.26,5.39,5.16,5.31,10985400
20160707,5.37,5.52,5.27,5.38,8823900
20160708,5.46,5.57,5.4,5.54,9180000
20160711,5.59,5.7,5.55,5.63,10435700
20160712,5.64,5.69,5.51,5.51,7284900
20160713,5.54,5.57,5.06,5.35,23112200
20160714,5.37,5.49,5.17,5.4,14055300
20160715,5.38,5.51,5.28,5.4,13162300
20160718,5.46,5.69,5.38,5.69,11114700
20160719,5.69,6.02,5.6,5.99,17078100
20160720,5.92,5.96,5.76,5.9,27057200
20160721,5.89,6.03,5.82,5.88,13987300
20160722,5.9,6.01,5.89,6,8456700
20160725,6.06,6.13,5.95,6.02,16427300
20160726,6.04,6.08,6.02,6.03,10249900
20160727,6.05,6.18,6.01,6.09,18411400
20160728,6.1,6.13,5.89,6.04,8601200
20160729,6.02,6.12,5.9,6.12,10871000
20160801,6.1,6.25,6.07,6.12,10950800
20160802,6.12,6.26,6,6.26,8235200
20160803,6.26,6.48,6.2,6.45,10771400
20160804,6.5,6.6,6.4,6.47,10161000
20160805,6.52,6.7,6.45,6.66,10371500
20160808,6.7,6.7,6.35,6.43,6956100
20160809,6.48,6.6,6.46,6.5,7464300
20160810,6.53,6.57,6.15,6.39,6986300
20160811,6.34,7.14,6.28,7,14704700
20160812,6.98,7.11,6.75,6.85,15577300
20160815,6.97,6.98,6.85,6.88,9260200
20160816,6.88,6.96,6.75,6.8,14210700
20160817,6.8,7.05,6.69,7.04,13385500
20160818,7.06,7.23,6.93,7.12,17825700
20160819,7.17,7.62,7.15,7.57,12430500
20160822,7.64,7.75,7.28,7.3,12812800
20160823,7.5,7.58,7.36,7.45,7195600
20160824,7.45,7.48,7.25,7.3,8013000
20160825,7.37,7.43,7.13,7.22,6693600
20160826,7.27,7.4,7.07,7.2,5465200
20160829,7.21,7.25,6.96,7.19,9087200
20160830,7.22,7.45,7.06,7.08,10829800
20160831,7.19,7.23,6.96,7.2,11044800
20160901,7.2,7.25,7.07,7.1,8129100
20160902,7.15,7.22,7.04,7.21,11703100
20160905,7.23,7.43,7.23,7.29,5830900
20160906,7.29,7.32,7.12,7.29,4218500
20160908,7.3,7.39,7.22,7.3,7337000
20160909,7.29,7.29,6.96,6.96,10224200
20160912,6.78,7.03,6.65,6.92,9252500
20160913,6.9,6.97,6.5,6.67,9293200
20160914,6.73,6.78,6.5,6.62,7436900
20160915,6.62,6.74,6.53,6.66,4726000
20160916,6.65,6.72,6.4,6.6,22759200
20160919,6.67,6.76,6.54,6.58,4617000
20160920,6.4,6.44,5.96,6.26,23064300
20160921,6.29,6.41,6.02,6.18,15899900
20160922,6.27,6.43,6.18,6.28,9929300
20160923,6.29,6.35,6.17,6.29,8116100
20160926,6.2,6.22,6.1,6.16,3585600
20160927,6.17,6.21,6.01,6.17,9305400
20160928,6.15,6.42,6.15,6.31,8893600
20160929,6.31,6.48,6.18,6.22,7054500
20160930,6.2,6.33,6.13,6.32,4498800
20161003,6.31,6.39,6.2,6.29,9088300
20161004,6.27,6.32,6.1,6.18,9055100
20161005,6.21,6.29,6.17,6.17,5364800
20161006,6.18,6.25,6.13,6.18,8758700
20161007,6.21,6.22,6.12,6.19,6905900
20161010,6.19,6.25,6.11,6.14,4177900
20161011,6.3,6.53,6.21,6.52,10910600
20161013,6.55,6.74,6.41,6.52,10476000
20161014,6.58,6.65,6.55,6.58,6248900
20161017,6.58,6.62,6.5,6.56,6895600
20161018,6.57,6.97,6.56,6.86,11188600
20161019,6.9,7.07,6.64,6.65,10464900
20161020,6.63,6.89,6.5,6.85,5814600
20161021,6.83,6.9,6.73,6.77,3882500
20161024,6.81,6.88,6.76,6.83,4935900
20161025,6.86,6.89,6.76,6.83,5551700
20161026,6.83,6.86,6.66,6.73,6349700
20161027,6.73,6.89,6.73,6.84,3943500
20161028,6.84,6.88,6.78,6.85,4079300
20161031,6.88,7.24,6.88,7.14,12803700
20161101,7.2,7.28,6.85,6.9,7639400
20161103,6.77,6.78,6.32,6.36,11986000
20161104,6.37,6.46,6.06,6.1,10464600
20161107,6.28,6.58,6.27,6.55,5251600
20161108,6.55,6.84,6.46,6.76,5423800
20161109,6.2,6.76,6.15,6.72,10345700
20161110,6.8,6.9,6.1,6.1,11773400
20161111,6.09,6.15,5.19,5.51,21105200
20161114,5.44,5.48,5.08,5.25,17504200
20161116,5.3,5.5,5.28,5.46,14688200
20161117,5.68,6,5.68,5.79,16587700
20161118,5.8,5.99,5.57,5.75,7826400
20161121,5.87,5.99,5.76,5.99,6151900
20161122,6.07,6.29,6.03,6.2,9455900
20161123,6.17,6.39,6.05,6.18,7797600
20161124,6.24,6.27,6.11,6.17,2284100
20161125,6.1,6.22,5.98,6.18,3370600
20161128,6.23,6.61,6.23,6.6,10230000
20161129,6.59,6.72,6.2,6.2,7728700
20161130,6.3,6.51,6.17,6.36,11725500
20161201,6.43,6.48,5.81,5.91,11751600
20161202,5.8,5.91,5.56,5.83,8603700
20161205,5.89,6.04,5.75,5.84,4995300
20161206,5.8,5.97,5.71,5.95,4706300
20161207,6.05,6.08,5.84,5.92,5550700
20161208,5.99,6.05,5.82,5.92,5134500
20161209,5.94,6.14,5.87,6.02,5398100
20161212,5.9,5.93,5.65,5.86,8313500
20161213,5.81,5.97,5.72,5.93,7157900
20161214,5.95,5.98,5.71,5.71,5927500
20161215,5.72,5.88,5.7,5.72,6071700
20161216,5.76,6.08,5.76,5.94,10576400
20161219,5.95,6,5.81,5.93,9162700
20161220,5.96,5.98,5.88,5.97,5946500
20161221,6.07,6.12,5.82,5.92,8502200
20161222,5.91,5.96,5.86,5.93,5195800
20161223,5.96,6,5.9,5.92,5312800
20161226,5.96,5.99,5.91,5.99,1825000
20161227,6.01,6.05,5.95,6,5875700
20161228,6,6.27,6,6.15,5959700
20161229,6.16,6.19,6.05,6.14,5038800
20170102,6.14,6.17,6.06,6.11,2054000
20170103,6.13,6.32,6.13,6.18,15058700
20170104,6.17,6.25,6.15,6.18,5369900
