<DTYYYYMMDD>,<OPEN>,<HIGH>,<LOW>,<CLOSE>,<VOL>
20100601,16.96,17.56,16.96,17.31,1281200
20100602,17.4,17.7,17.28,17.67,1168000
20100604,17.21,17.61,17.21,17.61,1477600
20100607,17.62,17.64,17.38,17.48,753600
20100608,17.48,17.57,17.3,17.42,841200
20100609,17.51,17.72,17.5,17.59,1466800
20100610,17.59,17.78,17.54,17.78,1367600
20100611,17.56,17.93,17.51,17.83,590000
20100614,17.83,18.04,17.64,18.02,998800
20100615,17.93,18.04,17.74,18.04,818800
20100616,17.83,18.02,17.71,17.87,1408000
20100617,17.83,17.93,17.62,17.67,1496000
20100618,17.67,17.91,17.53,17.74,883200
20100621,17.83,18.01,17.74,17.96,849200
20100622,17.92,18.17,17.7,18.07,875600
20100623,18.12,18.25,18,18.25,964800
20100624,17.89,18.51,17.85,18.38,1880000
20100625,18.22,18.65,18.19,18.59,1017200
20100628,18.45,18.83,18.45,18.76,678000
20100629,18.44,18.57,18.25,18.42,1882800
20100630,18.27,18.55,18.05,18.33,2288800
20100701,18.19,18.47,17.93,18.25,1995200
20100702,18.19,18.6,18.12,18.46,940400
20100705,18.74,18.77,18.27,18.59,578400
20100706,18.66,18.99,18.34,18.53,1058000
20100707,18.63,18.68,18.26,18.57,1032800
20100708,18.57,18.57,18.35,18.57,819600
20100712,18.46,18.89,18.06,18.67,788800
20100713,18.67,18.84,18.51,18.8,1518000
20100714,18.64,18.65,18.48,18.62,1137600
20100715,18.59,18.74,18.45,18.64,867200
20100716,18.55,18.68,18.44,18.55,1455600
20100719,18.55,18.63,18.46,18.52,956400
20100720,18.32,18.67,18.32,18.67,1750400
20100721,18.61,18.84,18.45,18.45,631200
20100722,18.55,18.89,18.42,18.42,1127600
20100723,18.4,18.52,18.14,18.25,1388000
20100726,18.23,18.7,18.15,18.7,603200
20100727,18.72,18.87,18.52,18.87,1348400
20100728,18.76,18.78,18.53,18.78,2362000
20100729,18.87,18.91,18.63,18.83,510000
20100730,18.68,19.17,18.66,19.12,1115200
20100802,19.32,19.73,19.29,19.54,866800
20100803,19.52,19.7,19.28,19.58,657200
20100804,19.43,20.02,19.38,20.02,1123200
20100805,19.99,19.99,19.6,19.74,646400
20100806,19.74,19.98,19.61,19.7,1077200
20100809,19.63,19.99,19.53,19.77,565600
20100810,19.59,19.72,19.39,19.55,707600
20100811,19.42,19.47,19.16,19.33,588400
20100812,19.3,19.53,19.14,19.31,422400
20100813,19.48,19.74,19.42,19.61,852800
20100816,19.82,20.5,19.51,20.5,800400
20100817,20.5,20.67,20.28,20.48,1620000
20100818,20.55,20.74,20.26,20.73,1293200
20100819,20.72,20.72,20.43,20.67,1462400
20100820,20.54,20.69,20.36,20.66,460400
20100823,20.61,20.83,20.25,20.41,510800
20100824,20.14,20.76,20.14,20.76,909200
20100825,20.65,20.79,20.44,20.65,1123200
20100826,20.56,20.67,20.22,20.37,1100800
20100827,20.37,20.76,20.37,20.65,583200
20100830,20.55,20.75,20.44,20.63,356800
20100831,20.59,20.76,20.46,20.76,1369200
20100901,20.76,20.98,20.38,20.59,1869600
20100902,20.61,20.7,20.14,20.24,945600
20100903,20.5,20.57,20.23,20.23,1079600
20100906,20.43,20.54,20.12,20.25,188000
20100908,20.29,20.29,20.01,20.07,652400
20100909,20.38,20.42,20.13,20.42,1185600
20100910,20.53,20.68,20.31,20.47,1678400
20100913,20.72,20.87,20.63,20.85,2416400
20100914,20.81,20.97,20.76,20.87,894000
20100915,20.9,20.97,20.76,20.95,1019600
20100916,20.87,20.93,20.72,20.87,365200
20100917,20.87,21.28,20.74,21.24,807200
20100920,21.19,21.3,20.96,21.29,672800
20100921,21.28,21.28,20.84,21.26,1330800
20100922,21.25,21.48,21.11,21.46,1050800
20100923,21.36,21.47,21.01,21.18,1256000
20100924,21.26,21.4,21.1,21.3,1021200
20100927,21.38,21.46,21.13,21.29,826400
20100928,21.39,21.46,21.29,21.34,878400
20100929,21.29,21.4,21.15,21.22,964000
20100930,21.22,22.03,21.22,21.9,1880400
20101001,22.1,22.38,21.65,22.06,704800
20101004,22.05,22.2,21.69,22.08,811200
20101005,22.08,22.45,21.93,22.16,1102800
20101006,22.2,22.38,22.06,22.25,1126400
20101007,22.68,22.68,21.85,22.1,1128000
20101008,22.1,22.57,21.93,22.3,472400
20101011,22.43,22.65,22.3,22.57,369600
20101013,22.83,23.24,22.67,22.81,1686400
20101014,22.81,23.23,22.74,22.98,440000
20101015,23.24,23.25,22.29,22.49,722800
20101018,22.49,22.54,22.1,22.27,651600
20101019,22.15,22.27,21.78,21.92,712800
20101020,21.99,22.38,21.74,22.01,1048000
20101021,22.14,23,22.12,22.76,1248800
20101022,23.01,23.01,22.25,22.55,1254800
20101025,22.38,22.65,22.29,22.59,646400
20101026,22.48,22.53,22.1,22.38,2131600
20101027,22.54,22.63,22.25,22.45,345600
20101028,22.78,22.78,22.33,22.69,240000
20101029,22.87,22.87,22.14,22.23,1168000
20101101,22.38,22.63,22.21,22.57,371600
20101103,22.42,23.07,22.3,22.74,775200
20101104,23.07,23.33,22.85,23.33,733200
20101105,23.34,23.34,23.08,23.18,567600
20101108,23.22,23.22,23.01,23.13,634000
20101109,23.13,23.24,22.81,23.04,1350400
20101110,23.01,23.1,22.16,22.6,951600
20101111,22.6,22.62,22.21,22.38,1168400
20101112,22.27,22.51,22.22,22.31,703200
20101116,22.23,22.63,22.01,22.19,1382800
20101117,21.96,22.47,21.84,22.44,503600
20101118,22.45,22.81,22.35,22.81,829200
20101119,22.53,22.89,22.5,22.61,618400
20101122,22.39,22.63,22.1,22.27,600400
20101123,22.16,22.41,21.86,22.02,466000
20101124,21.86,22.32,21.86,22.21,2056000
20101125,22.31,22.46,22.06,22.06,387200
20101126,21.9,22.02,21.73,21.9,341200
20101129,21.8,22.15,21.77,21.9,617200
20101130,21.8,22.12,21.76,21.97,1164400
20101201,22.3,22.48,22.01,22.27,1493600
20101202,22.16,22.37,21.82,21.95,1012000
20101203,22.04,22.21,21.67,22.05,351600
20101206,21.95,22.05,21.84,21.86,640800
20101207,22.05,22.23,21.9,21.95,772000
20101208,21.9,22.05,21.77,21.88,1117200
20101209,21.88,22.31,21.65,22.06,1204800
20101210,21.91,22.29,21.91,22.16,516800
20101213,22.27,22.27,22.05,22.16,320400
20101214,22.07,22.75,21.99,22.57,944800
20101215,22.4,22.68,22.12,22.38,1087600
20101216,22.48,22.91,22.38,22.38,565600
20101217,22.16,22.71,22.07,22.5,604800
20101220,22.59,22.72,22.19,22.27,428000
20101221,22.41,22.48,22.18,22.29,398400
20101222,22.19,22.85,22.18,22.6,979600
20101223,22.7,22.93,22.55,22.91,304400
20101227,22.6,22.81,22.6,22.7,243600
20101228,22.83,22.92,22.59,22.77,376400
20101229,22.76,23.24,22.76,22.91,364800
20101230,23.11,23.5,22.61,22.61,850000
20110103,23.11,23.26,22.92,23.19,773600
20110104,23.19,23.26,22.68,23.08,994000
20110105,23.16,23.69,23.02,23.4,1684000
20110106,23.34,23.65,22.72,22.85,1394000
20110107,22.92,23.25,22.82,23,657200
20110110,23.01,23.01,22.75,22.81,986400
20110111,22.94,23.29,22.69,23.03,589200
20110112,23.03,23.26,22.91,23.09,778800
20110113,23.23,23.3,22.96,23.15,662000
20110114,23.2,23.24,23,23.08,820000
20110117,22.99,23.23,22.82,23.11,234400
20110118,23.17,23.23,22.85,22.95,636800
20110119,23.03,23.08,22.65,22.7,714000
20110120,22.7,22.98,22.67,22.76,796400
20110121,22.64,22.99,22.64,22.78,485200
20110124,22.85,22.97,22.67,22.81,605200
20110126,22.74,23.31,22.74,22.85,1279600
20110127,22.87,23.04,22.76,22.91,1662400
20110128,22.87,22.98,22.62,22.85,938800
20110131,22.85,23.04,22.54,22.63,1408000
20110201,22.63,23.24,22.59,23.23,1014000
20110202,23.09,23.2,22.63,22.81,1139200
20110203,22.63,23.19,22.59,22.76,839200
20110204,22.72,22.94,22.01,22.1,1108000
20110207,22.31,22.4,21.51,21.79,1029600
20110208,21.63,21.95,21.52,21.59,1293600
20110209,21.52,21.76,21,21.12,1037200
20110210,21.11,21.69,20.96,21.54,1352400
20110211,21.41,21.9,21.41,21.62,785600
20110214,21.52,22.11,21.52,22.03,614000
20110215,21.95,21.95,21.62,21.77,426800
20110216,21.75,22.12,21.54,21.89,785200
20110217,22.13,22.38,21.69,22.28,615800
20110218,22.18,22.26,21.95,22.11,645200
20110221,21.95,22.2,21.87,22.03,322600
20110222,21.99,22.46,21.5,22.29,1550400
20110223,22.45,22.9,22.2,22.55,1283400
20110224,22.71,22.84,22.3,22.38,705200
20110225,22.68,22.69,22.25,22.38,1334700
20110228,22.79,22.8,22.38,22.54,1135700
20110301,22.67,22.75,22.34,22.46,1155800
20110302,22.51,22.9,22.41,22.68,863100
20110303,22.65,23.37,22.54,23.09,855400
20110304,22.98,23.6,22.81,23.33,907700
20110309,23.11,23.46,23.03,23.22,608800
20110310,22.94,23.36,22.67,22.77,1102500
20110311,22.73,22.99,22.66,22.81,772200
20110314,22.74,23.11,22.59,22.94,468300
20110315,22.71,22.9,22.31,22.67,1502500
20110316,22.72,22.87,22.45,22.67,941300
20110317,22.93,23.12,22.6,22.67,661800
20110318,22.76,23.02,22.28,22.62,878900
20110321,22.97,23.55,22.68,23.21,983900
20110322,23.11,23.61,22.97,23.41,994200
20110323,23.41,23.59,23.32,23.46,988300
20110324,23.62,23.97,23.45,23.47,672800
20110325,23.65,23.98,23.54,23.63,683600
20110328,23.78,23.85,23.5,23.63,348200
20110329,23.64,24.22,23.52,23.88,914600
20110330,24.12,24.32,23.62,23.77,668300
20110331,23.83,24.15,23.46,23.48,2023700
20110401,23.64,24.12,23.57,23.89,1331300
20110404,24.15,24.26,23.91,24,1005300
20110405,24.22,24.58,23.97,24.34,3064300
20110406,24.54,24.68,24.33,24.4,772100
20110407,24.58,24.59,24,24.56,990600
20110408,24.59,24.78,24.45,24.76,922000
20110411,24.73,24.85,24.39,24.75,1094000
20110412,24.6,24.67,24.33,24.67,906700
20110413,25,25,24.37,24.62,894800
20110414,24.63,25.05,24.36,24.82,4195300
20110415,24.67,24.89,24.41,24.5,1037100
20110418,24.28,24.77,23.47,24.59,1081500
20110419,24.92,24.92,24.3,24.33,770500
20110420,24.71,24.83,24.28,24.41,872100
20110425,24.41,24.82,24.33,24.63,449900
20110426,24.81,25.09,24.45,24.59,909800
20110427,24.59,24.8,24.35,24.63,468600
20110428,24.4,24.53,24.12,24.41,874100
20110429,24.33,24.42,23.8,23.85,1320700
20110502,23.94,24.55,23.86,24.25,956400
20110503,24.25,24.33,24.01,24.14,675000
20110504,24.19,24.31,23.43,23.7,980800
20110505,23.7,24.04,23.39,23.67,1366500
20110506,24.07,24.07,23.72,24.07,1153100
20110509,24.02,24.59,23.72,24.59,1053800
20110510,24.4,24.74,24.32,24.63,1764600
20110511,24.8,24.8,24.1,24.1,650100
20110512,24.02,24.06,23.64,24.02,875100
20110513,24.08,24.08,23.5,23.54,767200
20110516,23.46,24.12,23.28,23.98,837900
20110517,23.98,24.41,23.93,24.23,624400
20110518,24.23,24.72,24.23,24.5,840500
20110519,24.67,24.73,24.08,24.24,481800
20110520,24.36,24.36,24.02,24.23,327900
20110523,24.06,24.15,23.88,23.93,508500
20110524,24.05,24.2,23.87,24.07,731500
20110525,23.87,24.46,23.8,24.32,679200
20110526,24.7,24.7,23.99,24.11,637900
20110527,24.18,24.24,23.93,23.93,686600
20110530,23.93,24.07,23.66,23.77,100100
20110531,23.77,24.19,23.61,24,576800
20110601,23.97,24.01,23.49,23.76,616600
20110602,23.8,23.91,23.49,23.81,879300
20110603,23.8,24.04,23.59,23.59,373200
20110606,23.76,23.76,23.11,23.4,737200
20110607,23.67,23.68,23.11,23.11,823000
20110608,23.03,23.4,22.93,23.11,569700
20110609,23.11,23.38,22.78,23.11,836400
20110610,23.07,23.12,22.75,23.02,644900
20110613,23.2,23.2,22.55,22.68,409600
20110614,22.54,23,22.51,22.73,561400
20110615,22.67,22.75,22.37,22.37,758600
20110616,22.55,22.64,22.15,22.51,835900
20110617,22.54,22.61,22.01,22.46,837800
20110620,22.4,22.64,22.17,22.61,459900
20110621,22.67,23.19,22.54,23.19,1896700
20110622,23.05,23.76,23.01,23.59,1060700
20110624,23.8,23.92,23.23,23.92,993700
20110627,23.96,24.16,23.94,24.07,1091400
20110628,24.03,24.31,24,24.07,1092400
20110629,24.13,24.19,23.73,24.15,570200
20110630,24.28,24.28,23.83,24.02,791000
20110701,24,24.38,23.93,24.32,705800
20110704,24.57,24.77,24.09,24.72,276600
20110705,24.71,24.71,24.22,24.5,418300
20110706,24.43,24.56,24.05,24.43,340200
20110707,24.75,24.75,23.85,24,907300
20110708,23.9,23.97,23.54,23.82,566200
20110711,23.49,23.78,23.46,23.66,560300
20110712,23.54,23.78,23.28,23.67,690400
20110713,23.73,24.02,23.6,23.67,555600
20110714,23.51,23.93,23.51,23.93,1085800
20110715,23.74,24.11,23.27,23.5,524100
20110718,23.4,23.8,23.03,23.28,531200
20110719,23.29,23.56,23.13,23.44,483500
20110720,23.28,23.57,23.12,23.28,266900
20110721,23.29,23.71,23.08,23.32,823000
20110722,23.29,23.45,23.18,23.2,389400
20110725,23.03,23.3,22.79,23.07,747800
20110726,23.07,23.25,22.68,23.25,547400
20110727,23.1,23.36,22.76,23.03,588700
20110728,23.02,23.78,23.02,23.59,690400
20110729,23.24,24.11,23.21,24.07,930800
20110801,23.98,24.33,23.82,23.89,806100
20110802,23.64,24.07,23.25,23.54,472500
20110803,23.4,23.46,22.55,23.11,692600
20110804,22.63,23.2,21.68,22.41,870800
20110805,22.41,22.85,21.6,22.44,678300
20110808,22.11,22.26,20.14,20.45,1210500
20110809,20.42,21.27,20.23,20.98,1157400
20110810,20.68,21.76,20.18,21.54,1286300
20110811,21.55,22.85,21.47,22.47,1299600
20110812,22.27,22.83,21.61,22.54,736900
20110815,22.85,23.41,22.84,23.41,1192600
20110816,23.44,23.54,22.91,23.54,2596300
20110817,23.45,24.25,23.07,24.07,827100
20110818,23.1,23.82,23.08,23.73,1208600
20110819,23.64,24.16,23.33,23.73,1097700
20110822,23.55,24.39,23.55,24.22,795000
20110823,24.66,24.66,24.15,24.3,1710600
20110824,24.18,24.7,23.6,23.86,2076200
20110825,23.8,24.09,23.19,23.49,1125200
20110826,23.42,23.85,23.24,23.51,733500
20110829,23.91,24.17,23.77,24.04,1537100
20110830,23.77,24.22,23.56,24.18,974300
20110831,24.57,24.57,23.93,24.56,1619100
20110901,24.79,25.83,24.79,25.63,2143500
20110902,25.19,25.83,25.06,25.06,2214200
20110905,24.67,24.82,24.18,24.3,564200
20110906,23.78,25.09,23.77,24.83,1202200
20110908,25.06,25.76,24.62,25.76,1276000
20110909,25.46,25.55,24.6,25.19,1063300
20110912,25.25,25.44,24.67,24.95,536100
20110913,24.95,25.45,24.87,25.19,341100
20110914,25.19,25.9,24.98,25.45,699000
20110915,25.46,26.16,25.46,25.72,478100
20110916,25.51,26.05,25.43,25.89,760700
20110919,25.62,26.12,25.48,26.07,717400
20110920,26.23,26.58,25.81,26.07,706600
20110921,26.34,26.88,25.97,25.97,589300
20110922,25.46,25.89,24.42,25.17,1025600
20110923,24.91,25.33,24.83,25.06,771300
20110926,25.14,25.92,24.87,25.54,953100
20110927,25.89,26.32,25.7,26.16,963400
20110928,26.27,26.64,25.96,26.07,733700
20110929,26.5,26.65,26.07,26.22,738000
20110930,25.94,26.69,25.91,26.07,1383200
20111003,25.78,26.47,25.71,25.84,1148800
20111004,25.72,26.51,25.15,26.16,1114000
20111005,26.09,26.77,26.09,26.58,921500
20111006,26.87,27.05,26.58,26.72,1049600
20111007,26.71,27.06,25.79,26.2,790600
20111010,26.34,26.55,26,26.39,840000
20111011,26.36,26.41,26.04,26.34,949100
20111013,26.76,27.73,26.51,27.18,2411000
20111014,27.51,27.94,26.7,27,1024000
20111017,26.91,27.51,26.58,27.49,562300
20111018,27.65,28.28,27.41,28.18,602000
20111019,28.18,28.36,26.94,27.39,1339900
20111020,27.35,27.35,26.65,27.13,702300
20111021,27.17,28.1,27.17,28.02,557800
20111024,28.15,28.56,27.49,27.53,716600
20111025,27.53,27.75,26.95,27.57,614800
20111026,27.89,27.89,26.8,27.39,922600
20111027,28.06,28.06,26.78,27.04,1218300
20111028,26.88,27.49,26.79,27.04,1276900
20111031,27.04,27.29,26.6,27.04,893200
20111101,26.17,27.49,26.17,27.29,581400
20111103,27.49,27.72,27.12,27.71,706400
20111104,27.41,27.75,27.4,27.58,716800
20111107,27.58,28.56,27.58,28.56,1026300
20111108,28.47,28.81,28.02,28.5,969700
20111109,28.28,28.44,27.94,28.03,1113600
20111110,28.94,28.94,27.14,27.4,753300
20111111,27.48,28.15,27.48,28.05,564800
20111114,28.26,28.28,27.65,27.73,329300
20111116,27.53,27.93,27.32,27.8,493800
20111117,27.64,27.96,27.23,27.49,680500
20111118,27.45,27.62,27.06,27.06,588400
20111121,27.22,27.32,26.62,26.73,789100
20111122,27.02,27.12,26.64,26.87,297200
20111123,26.69,27.06,26.44,27,605600
20111124,27.03,27.03,26.25,26.25,304400
20111125,26.34,27.2,26.19,26.66,416800
20111128,26.88,27.49,26.88,27,295800
20111129,27.04,27.62,26.82,26.82,717800
20111130,27.42,28.46,26.82,28.12,1123800
20111201,28.46,28.87,28.37,28.68,580500
20111202,28.73,29.52,27.9,27.99,587700
20111205,28.41,28.54,27.93,28.17,720000
20111206,28.17,28.93,27.99,28.72,667500
20111207,28.47,29.02,28.23,28.72,668700
20111208,28.95,29.28,27.92,28.72,765600
20111209,28.73,28.81,28.15,28.28,598500
20111212,28.28,28.63,27.54,28.15,672500
20111213,28.28,28.28,27.9,28.15,482800
20111214,28.14,28.28,27.4,27.4,1263300
20111215,27.79,27.83,27.26,27.57,726000
20111216,27.41,27.84,27.41,27.62,596800
20111219,27.42,27.66,27.11,27.57,761900
20111220,27.84,27.84,27.56,27.56,907900
20111221,27.35,27.82,27.35,27.71,687200
20111222,27.71,27.82,27.49,27.65,412800
20111223,27.64,28.4,27.64,27.97,359700
20111226,28.18,28.22,27.67,27.67,79200
20111227,27.87,28.55,27.76,28.5,251900
20111228,28.63,28.63,28,28.41,339600
20111229,28.41,28.69,28.19,28.29,529000
20120102,28.33,28.95,28.15,28.29,248900
20120103,28.35,29.6,28.35,29.1,1115400
20120104,29.09,29.87,28.95,29.87,592300
20120105,29.64,30.24,29.08,29.66,754400
20120106,30.18,30.18,29.21,29.42,398400
20120109,29.62,30.09,29.44,29.96,487800
20120110,30.14,30.27,29.21,29.36,561500
20120111,29.36,29.98,29.36,29.78,384700
20120112,29.78,30.54,29.78,30.36,585400
20120113,30.24,30.65,30.13,30.45,371800
20120116,30.45,30.64,30.33,30.5,262600
20120117,30.76,31.2,30.54,31.11,388400
20120118,31.1,31.81,31.01,31.81,793400
20120119,31.81,32.38,31.13,31.46,966700
20120120,31.34,31.4,30.69,30.86,850500
20120123,30.86,31.04,30.28,30.71,432900
20120124,30.4,30.71,30.25,30.44,700100
20120126,30.52,30.83,29.87,30.39,1079100
20120127,30.58,30.58,30.01,30.27,804400
20120130,30.21,30.63,30.17,30.31,852400
20120131,30.54,31.35,30.48,31.24,1706700
20120201,31.24,32.11,31.24,31.95,1062400
20120202,31.83,32.27,31.64,32.08,1354500
20120203,32.07,32.79,31.91,32.17,809200
20120206,32.16,32.28,31.71,31.99,591600
20120207,31.85,32.4,31.49,32.35,465900
20120208,32.27,32.41,31.82,31.82,815000
20120209,31.82,32.26,31.77,32.26,672200
20120210,32.44,32.49,31.59,31.73,789400
20120213,31.89,32.08,31.57,31.68,389100
20120214,31.77,32.14,31.35,31.51,1021400
20120215,31.91,31.91,31.35,31.65,947400
20120216,31.54,32.79,31.12,32.48,1225000
20120217,32.88,33.39,32.54,33.15,566400
20120222,32.9,34.03,32.87,34.03,762900
20120223,33.86,34.64,33.65,33.72,759000
20120224,33.72,34.36,33.66,34.13,438000
20120227,34.48,34.63,33.77,34.24,513200
20120228,34.16,34.79,34.13,34.63,506100
20120229,34.64,35,34.48,34.92,784900
20120301,34.67,35.82,34.67,35.69,1177700
20120302,35.69,36.2,34.79,35.38,1247000
20120305,35.46,35.46,34.46,35.3,889900
20120306,35.05,35.11,34.6,34.74,856100
20120307,34.93,35.42,34.55,35.02,583400
20120308,35.37,35.92,35.37,35.43,777100
20120309,35.56,35.87,35.44,35.65,450400
20120312,35.26,35.78,35.02,35.74,517500
20120313,35.79,36.71,35.52,36.42,685800
20120314,36.54,37.22,36.04,36.45,642800
20120315,36.45,36.45,35.74,36.11,504000
20120316,36.02,36.28,35.77,35.77,528100
20120319,35.78,36.14,35.61,35.73,182000
20120320,35.58,35.91,35.16,35.16,444200
20120321,35.2,36.58,35.2,36.11,1772000
20120322,35.84,36.62,35.74,35.84,954000
20120323,36.1,36.36,35.54,35.92,1146200
20120326,36.25,36.25,35.56,35.92,581000
20120327,35.69,36.27,35.66,36.27,1153300
20120328,36.27,36.53,35.75,36.01,605500
20120329,35.71,36.25,35.69,35.83,804900
20120330,35.71,36.02,35.48,35.83,819500
20120402,35.83,36.2,35.56,36.1,608700
20120403,36.23,36.9,36.01,36.72,633200
20120404,36.71,36.91,36.27,36.33,1729800
20120405,36.24,36.49,35.99,36.28,443000
20120409,35.83,36.19,35.74,35.84,301600
20120410,35.74,36.03,35.51,35.51,547700
20120411,35.89,36.07,35.51,35.83,344500
20120412,35.85,36.58,35.65,36.58,446800
20120413,36.11,36.65,35.83,35.83,649500
20120416,35.95,36.62,35.78,36.19,459900
20120417,36.45,37.31,36.28,36.99,697300
20120418,37.18,38.34,37.02,38.14,1547900
20120419,38.23,38.51,37.9,38.34,468800
20120420,38.48,38.59,37.8,38.38,804900
20120423,37.92,38.57,37.71,38.52,843900
20120424,38.51,38.76,37.35,37.8,743400
20120425,38.07,38.34,37.66,38.2,373400
20120426,38.33,38.33,37.54,38.33,383000
20120427,38.46,38.96,38.35,38.96,585700
20120430,38.95,38.96,38.16,38.78,509500
20120502,38.96,39.41,38.36,39.28,1133700
20120503,39.29,39.75,38.25,38.43,795100
20120504,38.25,38.6,37.17,37.17,1525600
20120507,36.72,37.04,36.46,36.81,1392000
20120508,37.06,37.14,35.84,37.06,1261800
20120509,36.91,37.59,36.6,36.99,1069000
20120510,37.2,37.82,37.2,37.62,922800
20120511,37.55,37.78,37.22,37.44,632100
20120514,37.42,38.47,36.75,37.19,780000
20120515,37.21,37.52,36.67,36.88,947000
20120516,36.9,37.8,36.22,36.22,1062100
20120517,35.94,36.77,35.27,35.27,1027000
20120518,36.17,36.17,34.68,35.46,583600
20120521,35.46,36.9,35.36,36.72,748200
20120522,36.71,37.08,36.31,36.68,736200
20120523,36.71,37.1,35.2,35.69,903300
20120524,35.69,36.04,35.05,35.2,616100
20120525,34.59,35.4,34.59,35.07,763300
20120528,35.82,35.83,35.34,35.74,271400
20120529,35.82,36.44,35.59,36.19,820000
20120530,35.83,36.54,35.4,35.83,621700
20120531,35.83,37.16,35.47,37.16,1212600
20120601,36.89,37.09,36.23,36.95,643000
20120604,36.71,37.17,36.71,36.8,707300
20120605,36.66,37.08,36.66,36.83,438100
20120606,36.83,38.46,36.77,38.31,1284400
20120608,37.66,38.25,37.17,37.17,527000
20120611,37.62,37.98,37.09,37.19,351900
20120612,37.4,39.23,37.35,39.05,741400
20120613,38.29,39.82,38.29,39.41,943500
20120614,39.41,39.81,38.43,38.52,1022500
20120615,38.51,38.84,37.96,38.8,710000
20120618,38.23,39.32,38.19,39.1,779600
20120619,39.29,40.62,38.95,40.62,1289900
20120620,40.62,41.06,39.95,40.39,1065100
20120621,40.41,40.41,39.15,39.31,518300
20120622,39.23,39.49,38.33,38.87,664800
20120625,38.82,39.59,38.35,38.78,486000
20120626,39.22,39.72,38.78,39.46,665500
20120627,39.58,40.4,39.4,40.26,1006100
20120628,40.25,40.38,39.81,40.29,805200
20120629,40.74,40.99,39.92,40.49,686700
20120702,40.22,41.34,39.93,41.34,593800
20120703,41.34,41.59,40.67,41.11,930800
20120704,41.1,41.46,40.33,40.33,335900
20120705,40.67,42,40.67,41.92,871400
20120706,41.58,42.02,41.29,41.92,467400
20120710,41.74,42.01,40.4,40.81,535200
20120711,40.81,41.48,40.22,41.07,650500
20120712,40.84,42.1,40.31,42.05,605700
20120713,42.05,42.73,41.62,42.14,530200
20120716,42.14,42.91,41.76,41.91,569000
20120717,41.91,42.22,41.3,41.7,437300
20120718,41.9,41.9,41.48,41.53,373600
20120719,41.83,41.87,41.53,41.65,565000
20120720,41.37,41.83,41.25,41.37,525900
20120723,41.02,41.27,40.41,41.13,453600
20120724,41.13,41.21,40.5,41.09,391900
20120725,41.5,41.55,40.51,41.2,475700
20120726,41.62,41.62,40.92,41.5,697600
20120727,41.65,43.5,41.47,43.12,1000500
20120730,42.99,43.98,42.49,43.89,622600
20120731,43.98,44.07,42.93,43.26,1100000
20120801,43.49,43.71,41.79,42.32,1093600
20120802,42.37,43.52,42.2,42.95,1697300
20120803,43.47,43.76,43.05,43.26,1159100
20120806,43.69,43.7,42.92,43.26,1436800
20120807,43.31,44.02,41.94,41.94,888900
20120808,42.07,42.89,41.29,41.29,1321700
20120809,41.46,42.15,41.46,41.46,1078400
20120810,41.93,42.23,41.47,41.95,703900
20120813,41.83,42.21,41.53,41.84,490600
20120814,41.73,42.48,41.59,41.63,704100
20120815,41.66,42.25,40.91,41.48,978500
20120816,41.87,42.16,40.43,40.8,1093800
20120817,41.03,41.03,40.11,40.31,823600
20120820,40.31,40.58,39.85,40.12,541200
20120821,40.4,40.61,39.08,39.08,641000
20120822,39.29,40.2,39.08,39.79,528800
20120823,39.76,39.9,39.31,39.72,432300
20120824,39.72,40.67,39.38,40.58,553600
20120827,40.69,41.04,40.3,40.69,390400
20120828,40.87,41.16,40.48,40.49,491300
20120829,40.79,40.81,39.85,40.4,702800
20120830,40,40.44,39.77,40.12,622900
20120831,40.5,40.59,39.31,39.31,1092300
20120903,39.1,41.28,39.1,41.1,738900
20120904,40.77,41.42,40.07,40.79,964100
20120905,41.3,41.4,40.3,40.76,518900
20120906,40.93,41.29,40.45,40.85,713300
20120910,40.98,41.2,39.96,40.76,1118100
20120911,40.67,41.06,40.63,40.76,531600
20120912,40.8,42.33,40.8,41.53,1059800
20120913,41.56,42.33,41.39,41.96,627900
20120914,41.83,42.28,40.76,40.76,1970700
20120917,40.95,41.1,40.59,40.71,1201100
20120918,40.78,41.14,40.56,40.56,678500
20120919,41.66,42.45,41.33,41.66,1990100
20120920,41.67,41.95,41.29,41.29,783500
20120921,41.75,41.92,41.36,41.37,736300
20120924,41.39,41.55,40.91,41.21,1112100
20120925,41.32,41.75,40.94,40.94,866900
20120926,40.57,41.49,40.44,41.41,1652400
20120927,41.28,41.56,40.97,41.13,684300
20120928,41.12,41.66,40.71,41.31,937700
20121001,41.2,41.48,41.12,41.21,1758600
20121002,41.36,41.85,41.17,41.48,1895300
20121003,41.77,41.88,41.23,41.23,471600
20121004,41.25,41.66,41.16,41.52,478000
20121005,41.56,42.21,41.32,41.84,799900
20121008,42.05,42.05,41.4,41.75,415500
20121009,42.12,42.12,41.3,41.3,514500
20121010,41.6,41.96,40.77,40.77,463400
20121011,40.77,41.74,40.66,41.66,699500
20121015,40.66,40.67,38.63,38.67,2502500
20121016,39.04,39.4,37.89,38.18,2320500
20121017,38.19,39.37,38.19,38.91,1541600
20121018,38.95,39.21,37.86,38.4,2276600
20121019,38.77,38.77,37.59,37.59,1174100
20121022,37.98,38.14,37.25,37.65,1186800
20121023,37.68,38.41,37.14,38.18,1924700
20121024,38.27,39.21,38.26,39.21,1687400
20121025,38.77,39.54,38.58,39.04,982900
20121026,39.03,39.03,37.94,38.67,651200
20121029,38.41,39.24,38.41,39.17,366900
20121030,39.24,39.26,38.58,39.26,207500
20121031,39.13,39.54,38.04,38.58,717000
20121101,38.32,39.05,38.31,38.67,782100
20121105,38.22,38.55,38.1,38.4,738900
20121106,38.39,38.95,38.13,38.86,1212700
20121107,38.47,39.32,38.47,39.17,765400
20121108,39.19,40.02,39.19,39.88,1153200
20121109,39.6,39.96,39.54,39.54,772100
20121112,39.84,40.32,39.56,40.3,1027000
20121113,40.27,40.27,39.44,39.71,829400
20121114,39.5,39.82,38.67,39.4,565100
20121116,39.4,39.82,38.73,39.31,567900
20121119,39.48,40.03,39.31,40.03,468400
20121121,39.98,40.12,39.4,39.85,758100
20121122,39.68,40.02,39.58,39.67,125500
20121123,39.58,40.12,39.5,40.12,430100
20121126,39.87,40.89,39.79,40.89,587200
20121127,40.86,41.11,40.05,40.24,649300
20121128,40.25,40.73,39.68,40.73,954300
20121129,40.88,40.94,40.29,40.85,557000
20121130,40.61,40.61,39.85,39.85,1356900
20121203,40.07,40.44,39.44,40.39,936600
20121204,40.31,40.5,39.99,40.12,1033300
20121205,40.4,40.4,39.78,40.12,2012300
20121206,40.55,40.55,39.85,40.26,786900
20121207,40.26,40.4,39.91,40.03,611000
20121210,39.94,40.3,39.68,39.92,938400
20121211,39.84,40.1,39.72,39.85,1214900
20121212,39.78,40.01,39.4,39.67,861300
20121213,39.46,39.81,39.17,39.58,593100
20121214,39.57,39.98,39.12,39.4,993700
20121217,39.54,39.7,39.32,39.49,728000
20121218,39.72,39.95,39.32,39.58,1097700
20121219,39.82,40.62,39.63,40.62,804400
20121220,40.47,40.51,39.81,40.17,489200
20121221,39.94,40.94,39.87,40.94,542800
20121226,40.99,41.01,40.23,40.5,246000
20121227,40.57,41.09,40.37,41.05,508200
20121228,41.12,41.93,40.85,41.93,759300
20130102,42.03,42.05,41.21,41.48,1137600
20130103,41.66,41.79,40.8,41.01,796100
20130104,41.01,42.3,41.01,42.3,1159100
20130107,41.94,42.57,41.94,42.57,598000
20130108,42.4,42.85,42.33,42.75,748000
20130109,42.59,42.81,42.28,42.66,954700
20130110,42.48,42.79,41.84,42.12,570500
20130111,42.26,42.52,42.02,42.02,349700
20130114,42.34,42.34,41.4,41.66,880100
20130115,41.94,42.23,41.48,41.84,855200
20130116,41.98,42.41,41.31,41.66,495000
20130117,41.84,43.09,41.47,41.56,566600
20130118,41.66,41.94,41.07,41.21,725300
20130121,41.31,41.92,41.31,41.62,563000
20130122,41.58,41.87,41.05,41.21,782300
20130123,41.39,42.21,41.07,42.04,820100
20130124,42.16,42.42,40.98,41.21,669100
20130128,41.93,42.47,41.73,42.39,1531100
20130129,42.3,43.71,42.25,43.71,1524400
20130130,43.65,44.45,43.05,44.11,2164900
20130131,43.82,44.4,43.29,43.54,971600
20130201,43.52,44.41,42.77,44.41,1481400
20130204,44.02,44.18,43.44,43.58,1303300
20130205,43.58,43.75,43.22,43.7,878800
20130206,43.25,43.66,42.75,43.66,992100
20130207,43.74,43.97,43.11,43.97,1306400
20130208,43.63,44.73,43.44,44.73,1607000
20130213,44.39,44.92,44.37,44.92,1002400
20130214,44.65,44.92,44.27,44.74,756000
20130215,44.73,45.2,44.52,44.74,1273100
20130218,44.73,45.19,43.61,43.93,669400
20130219,43.97,45.02,43.97,44.74,686200
20130220,44.43,45.79,44.06,45.65,1666700
20130221,46.55,47.92,46.22,47.72,2646700
20130222,47.23,47.71,46.86,47.71,1345100
20130225,47.66,47.73,46.94,47.23,1002200
20130226,47.07,47.07,46.06,46.28,1274500
20130227,46.46,47.15,46.05,46.89,1142200
20130228,47.31,47.31,46.7,47.06,1130900
20130301,47.07,47.68,46.29,46.65,1173900
20130304,46.56,46.89,46.34,46.43,757800
20130305,46.46,47.15,46.46,46.51,1131500
20130306,46.53,47.15,45.96,46.28,1073300
20130307,46.51,46.86,45.15,45.32,1319200
20130308,45.49,46.09,45.34,45.34,756300
20130311,45.39,45.8,44.79,44.91,1534200
20130312,44.9,46.32,44.57,46.24,2883100
20130313,46.15,46.7,45.61,46.24,630100
20130314,46.28,46.45,45.64,45.79,442800
20130315,45.79,46.22,45.33,46.06,759500
20130318,45.63,46.4,45.63,46.4,586200
20130319,46.51,46.51,45.91,46.51,696900
20130320,46.06,46.4,45.89,46.26,678200
20130321,46.25,46.4,45.82,45.87,823200
20130322,45.87,46.11,45.38,45.38,676800
20130325,45.77,46.21,45.19,45.96,714800
20130326,46.24,46.33,45.66,46.33,742600
20130327,46.28,46.61,45.87,46.6,745000
20130328,46.34,47.06,46.26,46.88,1199800
20130401,46.77,47.05,46.53,46.91,481200
20130402,46.93,47.52,46.67,47.29,1594800
20130403,46.88,47.39,46.74,47.25,512600
20130404,47.26,47.26,46.51,46.87,529800
20130405,46.45,46.87,45.7,46.06,818600
20130408,46.22,46.45,45.4,46.24,635200
20130409,46.16,47.22,46.06,46.74,390500
20130410,47.05,47.78,46.61,47.4,530300
20130411,47.2,48.03,46.98,47.21,601100
20130412,46.82,47.53,46.8,47.18,688000
20130415,46.75,47.51,46.24,46.24,1076200
20130416,46.66,47.71,46.6,47.71,782900
20130417,47.15,47.71,46.56,47.62,890500
20130418,47.48,49.45,47.48,49.31,1301100
20130419,49.39,49.45,48.77,49.33,650600
20130422,47.71,48.9,47.71,48.83,2105000
20130423,48.9,50.04,48.26,49.58,888700
20130424,49.23,50.36,49.23,49.83,849900
20130425,49.69,50.05,49.08,49.45,1013700
20130426,49.45,49.46,48.33,48.99,705300
20130429,49.18,49.37,48.57,48.81,994200
20130430,48.62,49.23,48.62,48.91,1693900
20130502,48.94,49.17,48.53,48.62,1535600
20130503,48.97,49.83,48.75,49.26,2925300
20130506,49.28,49.43,48.69,49.08,885400
20130507,49.1,50.13,49.09,49.76,1083100
20130508,49.76,50.16,49.32,49.74,580300
20130509,49.54,50.31,49.33,49.47,524500
20130510,49.42,50.82,49.07,50.46,1310400
20130513,50.37,50.64,49.99,50.09,661500
20130514,49.96,50.64,49.62,50.38,801000
20130515,50.37,51.09,50.19,50.51,1124600
20130516,50.92,50.93,49.65,50.41,1384800
20130517,50.75,51.31,49.91,50.81,537900
20130520,50.81,51.36,50.45,51.19,757200
20130521,51.28,51.41,50.29,50.99,876700
20130522,50.76,50.96,50.29,50.96,1142600
20130523,50.62,50.77,49.9,50.49,1012500
20130524,50.4,50.4,49.16,49.96,980300
20130527,50,50.46,49.96,50.04,166600
20130528,50.01,50.56,49.97,50.06,413400
20130529,49.73,50.55,49.51,49.73,798200
20130531,49.28,49.73,48.65,49.54,1125000
20130603,49.54,49.75,48.66,49.36,510600
20130604,49.52,49.54,48.88,49.31,714400
20130605,49.02,50.34,48.72,49.08,1406700
20130606,49.48,49.48,48.36,48.72,783300
20130607,48.36,48.91,47.59,47.89,878200
20130610,48.07,49.25,47.82,48.31,978500
20130611,47.94,48.44,46.72,47.77,759800
20130612,47.82,48.34,46.94,47.06,1056400
20130613,47.36,47.5,46.35,46.42,1263700
20130614,46.51,47.35,46.25,46.79,949900
20130617,46.97,47.4,46.35,46.62,868500
20130618,46.68,47.31,46.68,47.06,654500
20130619,47.06,47.19,46.25,46.53,1077300
20130620,46.06,47.25,45.33,46.6,1870300
20130621,46.22,46.76,45.57,46.12,991000
20130624,45.64,45.85,44.37,45.17,1004800
20130625,44.87,45.76,44.46,45.37,726300
20130626,45.73,46.96,45.47,46.61,986500
20130627,46.61,48.95,46.61,48.61,1051300
20130628,48.33,49.23,48.12,48.73,1667000
20130701,48.81,49.2,48.29,48.95,623400
20130702,49.18,49.54,48.06,48.06,1381400
20130703,47.8,49.08,47.71,48.07,672900
20130704,48.58,48.9,47.71,47.98,568400
20130705,47.84,48.69,47.3,47.62,841400
20130708,47.51,47.8,47.32,47.71,801900
20130710,48.24,48.65,47.84,48.1,703900
20130711,48.58,49.48,48.06,49.24,1040300
20130712,49.06,49.29,48.68,49.27,651200
20130715,48.85,49.54,48.84,49.31,596700
20130716,49.53,49.65,48.55,48.85,752300
20130717,48.93,49.52,48.8,49.3,546500
20130718,49.08,49.52,48.75,49.42,701600
20130719,49.31,49.49,48.68,49.08,431000
20130722,48.82,49.71,48.82,49.49,932400
20130723,49.54,49.98,49.01,49.67,489300
20130724,49.58,49.84,49.1,49.82,718100
20130725,49.64,49.85,49.27,49.82,522600
20130726,49.75,49.9,49.13,49.84,654000
20130729,49.51,50,49.16,49.63,1018500
20130730,49.87,49.87,49.27,49.47,1111200
20130731,49.22,49.68,49.16,49.68,1202100
20130801,51.1,51.33,49.61,49.82,2764800
20130802,49.81,50.63,49.58,50.46,1108500
20130805,50.46,51.07,50.15,51.05,930100
20130806,51.04,51.09,49.97,50.14,1162500
20130807,50.14,50.38,49.69,49.78,803100
20130808,50.28,50.47,49.03,50.15,970000
20130809,49.99,50.97,49.81,50.65,1118700
20130812,50.72,51.32,49.78,50.38,1370000
20130813,50.17,50.92,50.05,50.29,969400
20130814,50.29,50.88,49.58,49.97,1620600
20130815,49.51,49.59,48.77,49.04,1597500
20130816,49.03,49.39,48.69,48.93,1260200
20130819,48.93,49.31,47.64,47.83,1002500
20130820,47.62,48.53,47.43,47.7,952800
20130821,47.97,49.42,47.97,48.91,1354200
20130822,49.22,49.75,49.04,49.35,811200
20130823,49.35,50.62,49.19,50,933100
20130826,49.89,50.74,49.59,49.59,612100
20130827,49.21,49.86,47.83,48.21,1140800
20130828,48.6,48.6,47.62,48.36,799900
20130829,48.36,49.01,48.2,48.75,683300
20130830,48.63,49.18,47.93,48.2,1998100
20130902,48.66,50.15,48.66,49.87,768000
20130903,49.46,49.77,48.35,48.54,868600
20130904,48.29,49.07,48.24,49.07,536500
20130905,48.77,49.87,48.43,49.55,796700
20130906,49.78,50.54,49.31,50.34,1265600
20130909,50.33,52.14,49.87,51.86,1697400
20130910,51.74,53.54,51.73,52.73,1328300
20130911,52.94,53.16,51.55,51.82,1055800
20130912,52.1,52.34,50.74,50.99,813800
20130913,51.08,52.08,51.04,52.07,563200
20130916,52.47,52.61,51.59,51.85,444900
20130917,52.08,52.46,51.11,51.68,730900
20130918,51.36,52.82,50.87,52.82,1290300
20130919,52.45,53.59,51.97,53.59,1253900
20130920,53.3,53.65,52.06,52.06,1077900
20130923,52.47,52.95,51.94,52.95,604600
20130924,53.28,53.28,52.43,53.09,1326400
20130925,52.79,53.22,51.51,52.05,1304000
20130926,52.04,52.33,51.11,51.55,978100
20130927,51.55,51.85,51.11,51.63,676900
20130930,51.51,51.98,50.3,50.77,1233700
20131001,51.68,53.02,50.77,53.02,1703900
20131002,52.43,53.55,52.41,53.55,1113200
20131003,53.55,53.77,52.47,53.08,1105700
20131004,53.12,53.54,52.81,53.5,791000
20131007,53.34,53.86,53.09,53.64,640500
20131008,53.4,54.01,52.58,53.17,1619800
20131009,53.03,54.13,52.69,53.84,1419800
20131010,54.08,54.13,53.01,53.71,1002500
20131011,53.67,54.42,53.1,54.18,721900
20131014,54.18,55.19,53.71,54.8,878800
20131015,54.74,55,53.85,55,1103600
20131016,54.8,55.34,54.4,54.88,817800
20131017,54.46,55.02,54.16,54.33,505500
20131018,54.38,55.18,54.38,54.92,635400
20131021,54.91,55.97,54.67,55.73,783900
20131022,55.72,56.44,55.38,55.91,855900
20131023,55.72,56.16,55.47,55.77,925600
20131024,55.77,56.24,54.82,55.63,654300
20131025,55.26,55.44,54.5,54.87,1161000
20131028,54.98,55.27,54.42,54.76,1015600
20131029,54.66,55.21,53.97,55.09,506600
20131030,55.21,55.9,54.99,55.53,829800
20131031,55.73,55.86,55.11,55.45,1134500
20131101,55.67,56.35,55.42,55.65,867600
20131104,55.84,55.96,54.71,55.58,741100
20131105,55.63,55.86,54.75,55.15,817800
20131106,55.01,55.19,54.39,55.18,672300
20131107,54.14,55.03,53.21,53.87,1730900
20131108,53.76,53.94,52.55,52.85,1323400
20131111,52.82,54.12,52.17,53.83,684000
20131112,53.78,54.69,53.28,53.88,918000
20131113,53.86,54.12,53.12,53.82,956700
20131114,54.01,55,54,54.3,1148800
20131118,54.34,54.94,54.03,54.51,1234100
20131119,54.56,54.77,54.06,54.42,1016000
20131121,53.87,54.55,53.74,54.33,851300
20131122,54.09,54.49,53.35,53.77,846200
20131125,53.97,54.25,53.24,53.73,925200
20131126,53.5,54.01,53.45,53.61,725000
20131127,53.96,53.96,53.3,53.94,698400
20131128,54.05,54.15,53.33,53.54,459900
20131129,53.76,53.9,53.38,53.9,692300
20131202,53.51,53.51,52.76,52.94,1057900
20131203,52.66,52.87,51.85,52,1202200
20131204,52.47,53.18,51.17,51.5,1623400
20131205,51.47,51.93,50.98,51.55,1329600
20131206,51.83,52.64,51.45,52.09,1147000
20131209,51.91,52.22,51.65,52.09,704200
20131210,51.83,52.32,51.72,52.01,314000
20131211,51.8,51.97,51.08,51.42,711000
20131212,51.37,51.84,51.27,51.53,1030400
20131213,51.81,52.71,50.76,51.06,1176800
20131216,51.28,52.18,50.9,51.79,743400
20131217,51.78,53.04,51.57,52.57,926400
20131218,52.57,52.85,51.28,51.59,1331000
20131219,51.79,52.61,51.47,52.33,593300
20131220,52.14,52.53,51.89,52.36,551500
20131223,52.52,52.71,51.55,51.66,1484600
20131226,51.89,52.34,51.69,51.71,355200
20131227,51.83,52.07,51.13,51.69,672500
20131230,51.78,52.34,51.64,51.96,445800
20140102,51.96,52.27,50.59,50.59,1068700
20140103,50.9,50.9,49.82,50.15,2515700
20140106,49.99,50.14,49.36,49.51,1488800
20140107,49.83,50.23,49.48,49.72,1323200
20140108,49.95,50.61,49.54,50.48,1001100
20140109,50.34,50.48,49.28,49.58,1567800
20140110,49.72,50.21,48.95,50.08,1943100
20140113,50.12,50.29,49.43,49.69,869100
20140114,49.49,50.67,49.33,50.33,958200
20140115,50.8,50.84,49.73,50.08,807000
20140116,50.08,51.2,50.08,50.15,1010600
20140117,50.15,50.49,49.07,49.22,1082400
20140120,49.3,50.09,49.23,49.72,366500
20140121,50.03,50.14,49.47,49.96,1191800
20140122,49.83,50.61,49.61,50.39,990800
20140123,49.99,50.51,49.46,49.59,1256000
20140124,49.44,49.99,48.71,49.02,1855300
20140127,49.23,49.28,48.16,48.16,2094800
20140128,48.39,49.05,48.39,49.04,1075300
20140129,49.05,50.1,49.04,49.66,1669600
20140130,49.42,50.61,49.04,49.51,1336700
20140131,48.94,49.76,48.68,49.5,1214800
20140203,49.83,50.03,47.88,47.98,1132800
20140204,48.29,49.13,48.09,48.7,1486300
20140205,48.43,48.61,46.46,47.32,1717500
20140206,47.28,48.94,47.19,48.94,1627800
20140207,48.78,49.8,48.11,48.25,1467600
20140210,48.12,48.82,47.37,47.65,920600
20140211,48.05,48.9,47.38,48.6,1036700
20140212,48.6,49.1,47.86,48.29,918300
20140213,48.53,48.53,46.99,47.84,692000
20140214,47.94,48.29,47.23,47.91,645700
20140217,47.83,48.76,47.83,48.72,433100
20140218,48.57,48.83,48.02,48.16,1106400
20140219,48.03,49.07,47.93,49.07,1136000
20140220,48.67,48.92,48.25,48.29,1143800
20140221,48.29,49.37,47.85,48.94,932200
20140224,48.92,49.07,48.26,48.91,744800
20140225,48.65,48.69,48.03,48.21,674600
20140226,48.68,49.03,48.2,48.85,927500
20140227,49.19,50.18,48.94,49.9,880100
20140228,49.91,50.46,49.1,49.1,1658700
20140305,49.1,49.1,48.39,48.61,1002300
20140306,48.7,49.38,48.32,49.19,1250600
20140307,48.9,50.18,48.76,48.96,1240100
20140310,48.71,49.29,48.44,48.87,1106800
20140311,49.08,49.38,48.16,48.48,1083300
20140312,48.31,48.72,48.11,48.34,836200
20140313,48.95,48.95,47.65,47.65,1761100
20140314,47.64,47.91,47.08,47.12,1291500
20140317,47.19,48.07,47.12,47.58,765000
20140318,47.8,48.88,47.14,48.88,1433000
20140319,48.63,50.06,48.09,49.57,1304600
20140320,49.12,49.95,48.43,49.52,1266200
20140321,49.04,50.63,49.04,49.92,3397700
20140324,50.42,50.9,49.39,50.13,986800
20140325,50.56,51.1,50.17,50.42,1044600
20140326,50.93,51.35,50,50.27,1071700
20140327,50.65,52.34,50.51,51.31,2419700
20140328,51.81,52.67,50.94,51.52,1600500
20140331,51.72,51.81,50.96,51.7,1122600
20140401,51.78,52.46,51.22,52.4,1151800
20140402,52.4,53.84,52.31,53.38,1773300
20140403,53.47,53.94,51.87,52.16,1993700
20140404,52.72,53.31,51.87,52.35,2058200
20140407,53.1,53.37,52.73,53.15,1506700
20140408,53.33,53.63,52.28,52.53,1914600
20140409,52.25,53.17,51.87,52.91,1199000
20140410,52.86,53.69,52.25,53.07,982900
20140411,52.73,53.85,52.26,53.85,1140300
20140414,53.84,53.85,52.97,53.38,861200
20140415,52.85,53.22,52.09,52.76,705700
20140416,53.18,53.62,52.53,53.62,951800
20140417,53.7,54.12,53.29,53.95,669000
20140422,53.6,53.8,53.13,53.44,964400
20140423,53.18,53.75,52.8,53.05,1160100
20140424,53.03,53.19,51.87,52.82,838400
20140425,52.51,53.06,52.09,52.69,828700
20140428,52.41,52.91,51.98,52.33,734000
20140429,52.46,53.31,52.39,52.72,814500
20140430,52.49,52.9,52.16,52.7,625000
20140502,52.54,53.92,52.38,52.64,1832700
20140505,53.47,54.04,52.71,53.98,1418000
20140506,53.98,55.23,53.69,54.98,1071600
20140507,54.98,55.12,53.94,54.4,951200
20140508,54.5,54.88,53.23,53.66,904900
20140509,53.98,53.98,52.91,53.32,753800
20140512,53.7,54.05,53.39,53.91,707000
20140513,53.65,53.84,53.11,53.74,1098500
20140514,53.62,55.13,53.61,54.6,1022500
20140515,54.82,54.84,53.49,54.02,1251100
20140516,53.84,54.48,52.77,52.82,1356800
20140519,52.9,52.93,50.45,50.84,2196300
20140520,50.86,51.24,49.9,50.27,1358900
20140521,50.31,50.35,49.67,50.35,1967100
20140522,50.44,51.2,50.27,51.07,1105800
20140523,51.12,51.19,50.22,50.72,936500
20140526,51.2,51.22,50.22,50.82,867400
20140527,50.84,51.12,49.73,49.84,1000300
20140528,50.04,50.55,49.47,50.09,901500
20140529,50.15,50.65,49.69,50.65,661400
20140530,50.2,51.02,50.2,50.7,3458200
20140602,51.17,51.17,49.76,50.51,1177000
20140603,50.23,50.93,50.07,50.93,911500
20140604,50.64,50.83,50.04,50.36,863400
20140605,50.38,50.73,49.57,49.65,848600
20140606,50.54,51.31,49.67,50.2,1624900
20140609,50.18,51.49,50.09,51.18,1029200
20140610,51.21,51.59,50.41,50.75,1233000
20140611,51.36,51.58,50.19,50.19,1544900
20140613,50.54,50.67,49.57,49.63,1275100
20140616,49.68,50.18,49.24,49.6,950600
20140617,49.56,49.8,49.29,49.75,816600
20140618,49.76,50.8,49.29,50.8,1432600
20140620,50.28,50.94,50.02,50.88,750200
20140623,50.57,50.93,50.09,50.93,599900
20140624,50.92,51.5,50.76,50.84,1173200
20140625,50.8,50.89,49.86,50.28,755600
20140626,50.55,50.73,49.71,49.8,922200
20140627,49.77,49.99,49.4,49.83,682200
20140630,49.9,50.04,49.05,49.52,1242900
20140701,49.33,49.33,48.32,48.77,1250300
20140702,48.57,48.77,48.01,48.11,1100400
20140703,48,48.58,47.93,48.39,1268400
20140704,48.32,49.36,48.15,49.33,317500
20140707,48.96,49.02,48.49,48.82,1213000
20140708,48.72,48.99,48.29,48.68,578400
20140710,48.95,49.07,48.51,49.07,1139300
20140711,49.07,49.51,48.8,49.28,673000
20140714,49.77,50.18,49.48,49.9,1179700
20140715,49.9,50.46,49.65,50.46,806300
20140716,50.64,50.78,49.37,49.66,889800
20140717,49.55,49.96,48.74,49.43,733800
20140718,50.45,50.83,49.57,49.57,1388000
20140721,49.71,50.88,49.53,50.88,940100
20140722,50.88,51.73,50.84,51.29,974600
20140723,50.88,51.2,50.15,50.27,786900
20140724,50.28,51.09,50.03,51.03,1103400
20140725,50.73,51.01,50.41,50.84,601500
20140728,51.19,51.19,50.27,50.97,690900
20140729,50.96,50.96,49.83,50.48,577400
20140730,50.81,50.82,49.51,49.61,670900
20140731,49.29,49.61,48.56,49.19,1114600
20140801,49.36,49.37,48.13,48.35,1157800
20140804,48.41,49.18,47.97,49.18,887300
20140805,49.03,49.25,48.11,48.11,1257600
20140806,48.12,48.65,47.97,48.4,1473600
20140807,48.93,50.32,48.93,49.57,2346500
20140808,49.56,49.91,48.68,49.76,1737100
20140811,50.27,51.07,49.55,50.84,3150400
20140812,50.51,52.04,50.51,51.74,1643500
20140813,52.1,52.12,51.11,51.59,1656100
20140814,51.49,52.26,51.33,52.26,1234700
20140815,52.81,53.18,52.15,53.18,1136100
20140818,53.32,53.89,52.66,53.27,985600
20140819,53.16,54.03,53.03,54.03,1191600
20140820,54.02,54.37,53.73,54.01,1436900
20140821,54.01,54.37,53.56,54.21,879000
20140822,53.91,54.48,53.64,54.01,887400
20140825,54.56,55.11,54.17,55.08,983100
20140826,55.14,55.46,53.99,54.27,1617500
20140827,54.7,54.7,53.8,53.8,1858800
20140828,53.47,54.32,53.1,53.36,1564200
20140829,53.86,55.05,53.58,55.03,2661700
20140901,55.6,55.68,52.67,53.47,1163800
20140902,53.68,53.99,52.77,53.26,977800
20140903,53.41,54.37,53.41,54.14,1474800
20140904,53.52,54.61,53.52,54.37,1449000
20140905,54.58,54.84,54,54.37,864800
20140908,55.04,55.04,53.35,53.41,1449300
20140909,52.65,53.97,52.56,53.41,1032100
20140910,53.05,53.34,52.41,53.34,1007100
20140911,53.81,54.14,52.95,53.65,848900
20140912,52.66,52.81,51.53,51.98,1669800
20140915,51.98,52.49,51.28,52.03,1333900
20140916,52.03,53.87,52.03,52.99,1239800
20140917,53.24,53.38,52.25,52.25,1320400
20140918,51.78,52.43,50.94,51.51,1232200
20140919,51.23,52.15,50.96,51.57,1223400
20140922,50.56,51.26,50.03,50.81,1026000
20140923,50.46,50.79,49.57,50.22,1410900
20140924,49.93,51.21,49.45,50.72,1141700
20140925,50.19,50.64,49.67,49.86,1112500
20140926,49.98,51.27,49.53,50.92,996000
20140929,49.79,49.97,49.11,49.6,1170500
20140930,49.14,49.69,48.64,49.42,2092600
20141001,48.79,49.03,47.68,47.93,1985800
20141002,47.77,48.15,46.52,47.49,2049900
20141003,47.77,48.27,47.1,48.27,1045700
20141006,50.55,51.95,49.73,51.04,2855800
20141007,51.8,52.35,49.67,49.95,1603200
20141008,50.73,50.8,49.23,50.28,1232400
20141009,51.25,51.61,49.62,49.97,1006200
20141010,48.91,49.8,48.45,48.84,801900
20141013,50.01,50.49,49.07,49.6,1184200
20141014,49.42,50.17,48.93,49.12,1180800
20141015,48.31,49.04,46.85,47.69,2114200
20141016,46.78,47.98,46.41,47.23,2220400
20141017,48.17,49.43,47.55,49.41,1578200
20141020,49.33,49.33,47.7,48.16,853900
20141021,46.84,47.68,46.26,46.56,1941900
20141022,46.85,47.59,46.45,47.57,1156500
20141023,46.62,46.89,45.36,46.07,1984400
20141024,46.06,48.55,45.26,47.28,1671800
20141027,45.4,47.24,43.59,46.74,3762700
20141028,46.76,49.3,46.76,49.07,1887000
20141029,48.35,48.71,47.42,47.42,1389600
20141030,47.95,48.93,47.62,48.81,1075900
20141031,49.12,51.55,48.45,51.55,1782400
20141103,51.24,51.24,49.12,50.27,1351300
20141104,50.02,51.21,49.19,50.41,1621200
20141105,49.88,51.05,49.28,50.87,1529400
20141106,50.84,50.84,48.17,48.61,2069400
20141107,48.85,49.12,47.77,49.02,1289600
20141110,49.41,49.96,48.93,49.3,1481500
20141111,48.79,49.79,48.55,49.41,1174800
20141112,48.87,51.01,48.87,50.22,1585700
20141113,49.88,50.91,49.42,49.6,1522700
20141114,49.32,49.79,48.72,49.53,1306900
20141117,49.53,50.13,48.95,49.69,846300
20141118,49.7,50.84,49.45,50.76,939700
20141119,50.43,52.36,50.16,51.51,1579600
20141121,51.81,53.53,51.73,53.41,2233200
20141124,54.21,54.27,51.51,51.51,1795900
20141125,51.93,52.92,51.57,52.33,1437000
20141126,52.46,52.67,51.34,51.77,1100600
20141127,51.67,52.92,51.18,51.82,683300
20141128,51.83,52.73,51.73,52.51,933100
20141201,51.78,51.92,48.8,49.6,2180900
20141202,49.6,50.08,48.75,49.12,960400
20141203,49.03,50.53,49.03,49.92,983400
20141204,50.35,50.35,48.38,48.92,813600
20141205,48.64,49.33,48,49.31,1040400
20141208,49.1,49.26,47.21,47.96,935900
20141209,47.74,48.34,46.97,48.3,1040000
20141210,48.09,48.2,47,47.43,1449400
20141211,47.49,48.3,47.08,48.26,1294000
20141212,47.7,48.22,46.38,46.97,1713100
20141215,47.45,47.45,45.11,47.11,1466600
20141216,45.74,47.73,45.4,46.83,1931900
20141217,46.35,49.14,46.35,48.53,2481400
20141218,48.91,48.91,47.81,48.07,813100
20141219,47.88,48.62,47.88,48.33,1045100
20141222,48.36,49.6,47.88,49.5,887000
20141223,49.27,50,48.68,49.88,1281500
20141226,49.6,49.9,48.5,49.03,977600
20141229,48.89,50.56,48.67,50.02,902300
20141230,49.97,49.97,49.02,49.07,1360900
20150102,48.74,49.01,47.84,48.32,1309500
20150105,47.36,47.93,47.02,47.13,1430400
20150106,47.05,47.54,46.62,46.83,2007300
20150107,47.45,49.12,47.26,48.07,2092100
20150108,48.43,48.8,47.48,47.92,843500
20150109,47.5,47.78,46.65,47.21,1327000
20150112,46.76,47.21,46.29,46.74,929600
20150113,46.84,47.52,46.39,46.97,942700
20150114,46.92,47.58,46.59,46.97,824500
20150115,47.25,48.06,47.15,47.26,1286200
20150116,47.39,49,47.06,48.31,999300
20150119,47.94,48.43,46.79,47.62,777000
20150120,48.26,48.57,47.88,48.24,1088800
20150121,48.64,50.39,48.31,49.65,1576000
20150122,50.37,51.32,49.14,50.08,1248800
20150123,50.08,50.7,49.81,50.46,999600
20150126,49.7,50.45,49.4,49.99,888000
20150127,49.53,50.34,48.31,50.08,1351100
20150128,49.38,50.13,48.47,49.7,1290400
20150129,49.65,50.54,49.04,50.54,1159700
20150130,49.34,50.55,49.34,50.55,1748400
20150202,50.56,52.07,50.19,51.86,1244600
20150203,52.27,52.56,51.28,51.98,1593900
20150204,51.95,52.67,51.11,52.08,2429300
20150205,51.55,52.96,51.55,52.96,1502100
20150206,53.32,53.59,52.08,53.59,2154400
20150209,53.41,55.03,52.55,54.11,2053900
20150210,53.53,53.87,53.16,53.32,1729500
20150211,53.23,53.39,52.01,53.02,1179700
20150212,53.39,54.61,53.18,54.28,1929800
20150213,54.67,55.32,54.14,55.23,1866600
20150218,55.22,56.11,54.76,55.26,1726600
20150219,55.32,55.41,54.37,55.14,1353900
20150220,55.23,55.7,54.08,54.37,1559900
20150223,53.74,55.53,53.74,54.84,959400
20150224,54.98,55.73,54.27,55.65,1411300
20150225,55.3,56.28,54.29,55.88,1445700
20150226,57.13,57.21,54.85,56.75,2058300
20150227,56.42,58.18,55.95,56.83,1781500
20150302,56.35,56.7,55.72,56.4,992900
20150303,56.33,57.32,56.29,57.32,1488400
20150304,56.85,56.85,55.56,56.13,1428400
20150305,56.63,56.78,55.76,56.5,1594300
20150306,56.46,56.98,56,56.38,2231000
20150309,56.8,56.8,55.24,55.51,1649800
20150310,55.03,55.45,54.4,54.74,1576400
20150311,54.65,55.22,54.55,55.12,2234500
20150312,56,56.68,55.61,56.46,2291700
20150313,55.13,56.1,54.98,56.1,1600700
20150316,56.38,57.06,56.26,57,2081300
20150317,56.96,58.48,56.6,57.87,1840600
20150318,57.64,59.66,57.37,59.09,2517000
20150319,59.26,59.41,58.41,59.04,3353000
20150320,59.67,60.26,59.29,60.15,3433400
20150323,60.26,60.44,58.94,59.81,1666300
20150324,59.89,60.38,58.85,59.81,2180100
20150325,60.15,60.74,59.76,60.74,3420200
20150326,60.07,60.32,59.42,59.87,1895400
20150327,59.53,60.44,59.46,60.11,2630300
20150330,60.62,61.94,60.48,61.94,1512800
20150331,61.98,62.69,61.27,62.59,2331000
20150401,63.14,64.17,62.77,64.17,1780100
20150402,64.17,64.69,62.24,63.49,2029700
20150406,63.54,64.42,62.37,64.25,1130700
20150407,64.3,64.35,63.02,63.48,1406700
20150408,64.11,64.47,63.13,63.98,1198300
20150409,63.59,64.53,63.57,63.85,1535100
20150410,63.67,64.07,63.43,63.59,1736600
20150413,62.97,64.1,62.91,64.1,1269000
20150414,64.3,64.41,63.49,64.26,1470000
20150415,64.64,65.36,64.2,65.02,1977800
20150416,64.81,65.14,64.06,64.42,1594700
20150417,63.52,64.01,63.1,63.43,1882800
20150420,63.43,64.17,62.91,63.5,1681500
20150422,63.73,64.49,63.5,64.42,1798400
20150423,64.1,65.75,63.91,65.65,1998600
20150424,65.65,65.99,64.67,65.99,1138500
20150427,66.13,66.27,64.65,64.93,1340700
20150428,65.25,65.64,64.17,64.59,1732500
20150429,63.88,65.42,63.59,65.42,1802900
20150430,64.76,66.95,64.73,66.95,2665500
20150504,67.1,68.73,66.8,67.63,1643300
20150505,67.13,67.94,66.99,67.46,1340200
20150506,67.27,68.47,67.11,68.47,1478200
20150507,70.67,70.81,67.49,68.4,1543800
20150508,68.52,70.31,67.75,69.15,3611300
20150511,69.15,70.08,68.26,68.89,1672200
20150512,68.84,69.56,68.4,69.23,1618000
20150513,68.98,69.56,68,69.23,1498800
20150514,69.31,69.96,68.93,69.79,2843000
20150515,69.46,71.3,69.46,71.3,2538100
20150518,71.08,71.8,70.22,70.25,1579600
20150519,70.26,70.44,69.13,69.61,1204000
20150520,69.8,70.08,68.84,69.61,1240200
20150521,69.42,70.68,69.19,70.68,826300
20150522,70.56,70.58,68.75,69.81,1496100
20150525,69.81,69.81,68.37,69.27,703600
20150526,68.77,69.03,67.88,68.55,1276500
20150527,68.55,68.73,66.65,67.81,1522300
20150528,67.2,67.72,66.99,67.41,1265600
20150529,67.08,68.01,66.23,66.27,2383400
20150601,66.46,67.2,66.05,67.2,863300
20150602,67.27,67.96,66.99,67.88,1026000
20150603,67.5,68.21,66.69,67.29,890600
20150605,66.39,67.6,66.21,67.06,972000
20150608,67.07,67.58,66.38,66.64,1003100
20150609,66.37,66.61,65.38,66.35,1876200
20150610,67.08,67.57,65.72,66.02,1978200
20150611,66.23,66.72,65.53,66.14,1122100
20150612,65.7,66.14,65.01,65.94,749300
20150615,65.52,66.24,64.71,65.94,912800
20150616,66.23,66.72,65.88,66.23,1295600
20150617,66.03,66.78,65.49,66.33,1203600
20150618,66.62,67,65.97,66.66,1721900
20150619,66.09,66.8,65.84,65.98,1120200
20150622,66.15,66.58,65.4,65.51,994000
20150623,65.91,66.12,65.22,65.22,761300
20150624,65.45,65.73,64.55,64.69,1041400
20150625,64.69,64.97,63.95,64.49,1892900
20150626,64.81,65.11,63.77,64.1,1402500
20150629,63.34,64.11,62.64,63.59,737900
20150630,63.51,64.09,63.06,63.43,1480900
20150701,63.34,63.91,61.8,62.9,1798400
20150702,63.3,63.61,62.64,63.61,1219900
20150703,63.17,63.59,62.53,63.53,492700
20150706,62.79,63.72,62.42,63.72,1878400
20150707,63.24,63.7,62.21,63.54,1300800
20150708,63.47,63.81,62.77,62.95,1309600
20150710,63.27,64.64,62.99,64.47,1494100
20150713,65,65.22,64.01,64.84,833500
20150714,64.52,65.55,64.19,65.42,680300
20150715,65.29,66.05,64.85,66.05,1637100
20150716,66.62,66.73,65.04,65.64,936100
20150717,65.95,66.03,64.53,64.95,768600
20150720,64.94,65.57,64.4,64.82,639900
20150721,64.8,65.79,64.69,65.32,812300
20150722,64.64,66.01,64.54,66.01,1255700
20150723,66.14,66.32,64.51,65.15,1318700
20150724,65.62,65.62,64.08,65.17,903400
20150727,64.69,65.16,63.89,64.4,1698400
20150728,64.72,65.4,63.91,64.36,1649600
20150729,63.77,65.75,63.77,65.75,1030700
20150730,65.59,66.66,65.07,66.66,1272000
20150731,66.42,68.7,66.41,67.84,1993500
20150803,67.29,68.58,66.7,67.07,982200
20150804,66.86,68.18,66.83,68.03,1222900
20150805,69.02,69.04,68,68.44,766600
20150806,67.96,68.97,66.76,67.17,1169600
20150807,66.83,66.9,63.28,64.2,1813200
20150810,64.66,65.27,63.91,64.6,1361500
20150811,64.39,64.39,63.12,64.11,1578600
20150812,63.77,65.55,63.12,64.97,2179300
20150813,65.05,65.31,64.23,64.63,1273300
20150814,64.96,65.28,63.81,64.2,878100
20150817,63.94,64.61,63.34,63.78,838800
20150818,63.41,63.61,62.49,62.58,4610600
20150819,61.95,62.44,61.21,62.34,1280000
20150820,61.36,61.97,61.06,61.73,1381300
20150821,61.55,61.59,59.68,60.09,1763100
20150824,57.16,59.88,56.67,58.34,2496200
20150825,60.28,60.28,58.63,58.82,1397000
20150826,59.32,60.97,59.06,60.97,2659600
20150827,61.59,63.2,61.34,62.86,1996300
20150828,62.44,62.73,61.21,62.52,1537800
20150831,61.47,62.53,60.23,62.02,2445500
20150901,60.32,61.82,60.13,61.35,2562500
20150902,61.35,62.42,61.33,62.42,1570100
20150903,62.83,63.93,62.36,63.43,2097100
20150904,63.06,63.48,62.24,63.46,1948200
20150908,63.27,64.16,62.62,63.4,1280000
20150909,63.84,64.55,62.18,62.24,1575800
20150910,61.07,62.51,61.03,62.39,1211600
20150911,62.43,63.09,61.83,62.62,1426900
20150914,62.84,64.88,62.53,64.63,1569700
20150915,64.29,64.47,63.49,64.33,918000
20150916,64.95,65.74,64.33,65.61,1421200
20150917,64.74,66.87,64.47,65.64,1419100
20150918,64.98,65.42,64.1,64.29,1509000
20150921,64,64.72,63.71,64.32,873200
20150922,63.68,64.87,63.09,64.77,1106400
20150923,64.72,64.98,63.12,63.12,1163600
20150924,61.66,63,61.46,62.64,1558200
20150925,63.27,63.71,62.41,62.63,1297200
20150928,62.07,63.12,61.66,62.3,1342900
20150929,62.3,62.73,61.54,61.8,2338500
20150930,63.2,65.27,62.53,65.27,1796500
20151001,65.92,66.37,64.51,65.91,2059300
20151002,65.93,67.64,65.02,67.64,1563800
20151005,68.68,68.74,66.74,67.42,1761100
20151006,66.94,68.03,66.63,67.18,1377300
20151007,67.63,68.36,66.06,67.27,1952000
20151008,67.42,68.29,66.93,67.14,1345800
20151009,68.15,68.15,66.85,67.24,1221300
20151013,67.31,67.62,65.71,66.44,1866700
20151014,66,67.47,65.12,65.72,3865200
20151015,66.33,66.42,64.56,64.98,1770300
20151016,64.98,66.84,64.57,66.4,1377500
20151019,66.4,66.93,65.24,66.93,929800
20151020,66.69,67.23,66.06,67.18,1018800
20151021,67.12,67.42,66.45,67.42,1456000
20151022,67.51,68.4,67.13,68.29,1279600
20151023,68.35,69.33,67.71,67.96,1532700
20151026,67.7,68.5,67.45,67.62,1107800
20151027,67.62,68.2,67.05,68.07,1143000
20151028,67.54,67.87,65.93,66.35,1991800
20151029,65.12,66.78,65.12,65.51,982900
20151030,65.19,66.34,64.86,65.47,1529800
20151103,66.03,68.05,66.03,67.85,2653700
20151104,68.1,69.67,67,67.74,1621800
20151105,67.73,68.88,66.35,66.78,1512300
20151106,66.47,66.77,64.33,65.57,3451300
20151109,65.46,66.46,65.07,65.81,1035200
20151110,65.35,65.65,64.39,65.58,1216900
20151111,65.51,67.12,65.29,66.74,1990800
20151112,66.55,67.42,65.75,66.21,1845000
20151113,65.75,66.3,64.9,65.99,1588600
20151116,65.97,66.81,65.71,66.54,1273400
20151117,67.12,67.42,66.46,66.71,1305300
20151118,66.74,67.52,66.43,67.22,1586500
20151119,67.62,67.94,66.82,67.42,1241000
20151123,67.85,68.01,66.35,66.45,1352300
20151124,65.99,66.44,65.26,66.33,1704400
20151125,65.27,65.5,63.52,64.1,2025000
20151126,63.78,65.66,63.78,65.63,1118500
20151127,65.1,65.16,63.06,63.51,1516000
20151130,62.71,63.83,61.29,61.29,4284300
20151201,61.83,62.38,61.39,62.38,2199600
20151202,61.95,63.26,61.6,62.14,2251800
20151203,64.28,64.28,62.67,63.84,1550900
20151204,63.47,63.5,61.43,62.57,1660300
20151207,62.57,63.14,61.5,61.51,1621000
20151208,61.51,61.91,60.78,61.21,1181800
20151209,62.04,63.8,61.95,63.51,2035800
20151210,63.96,64.68,61.17,62.63,1887300
20151211,61.76,63.3,61.6,62.17,1216400
20151214,61.8,61.99,60.75,60.79,1009300
20151215,61.12,61.54,60.71,61.03,2012000
20151216,60.6,61.26,59.77,61.21,1209500
20151217,62.41,63.56,60.8,61.13,1561400
20151218,60.14,61.07,59.46,60.68,1724900
20151221,60.69,61.8,60.34,60.64,1353800
20151222,60.96,61.33,60.02,60.38,1569600
20151223,60.84,61.7,60.44,61.7,790000
20151228,61.55,61.8,60.82,61.68,657800
20151229,62.05,62.42,60.36,60.63,894300
20151230,60.33,60.67,59.07,59.07,1778700
20160104,57.49,58.48,55.91,56.18,2064700
20160105,56.52,57.65,56.18,57.47,1340200
20160106,56.36,57.63,56.25,57.06,1002300
20160107,56.04,56.28,54.77,54.77,1568600
20160108,54.99,56.27,54.77,55.64,2061100
20160111,55.69,56.71,54.1,54.18,1465900
20160112,53.94,55.2,53.44,54.56,1431600
20160113,54.94,55.36,53.34,53.75,1476500
20160114,54.23,54.88,53.55,54.88,1323300
20160115,54.08,54.52,52.61,54.52,2084300
20160118,54.59,54.59,52.75,53.1,1231700
20160119,54.3,54.38,52.89,53.45,1631300
20160120,52.79,53.84,52.13,53.52,1829600
20160121,52.99,54.26,52.6,53.88,1562900
20160122,54.11,56,53.63,55.97,2135500
20160126,55.49,55.49,52.88,54.09,1549500
20160127,54.18,55.95,53.49,55.86,1644700
20160128,56.42,57.17,54.73,56.32,1346100
20160129,56.73,58.52,56.1,58.02,2409400
20160201,57.61,58.02,56,57.14,1703800
20160202,56.24,56.74,55.47,55.47,1029200
20160203,56.08,56.65,55.4,56.17,1600100
20160204,56.87,57.95,56.4,56.96,1380800
20160205,57.16,57.65,56.09,56.48,1306400
20160210,56.3,56.53,55.59,56.36,767200
20160211,55.72,56.18,54.63,55.68,940600
20160212,55.91,57.15,55.75,57.15,1448500
20160215,57.55,58.5,56.69,57.01,846000
20160216,56.96,58.02,56.67,57.75,1149600
20160217,57.81,59.36,57.77,58.72,1751200
20160218,60.9,60.9,59.62,60.48,1809500
20160219,60.35,60.35,59.11,59.45,1015600
20160222,60.77,61.32,59.81,60.81,1322800
20160223,60.25,61.26,60,60.52,1482800
20160224,59.38,60.9,58.72,60.89,1077400
20160225,60.77,61.37,59.68,60.97,1044100
20160226,61.48,62.14,60.5,60.92,1166500
20160229,61.74,62.47,61.08,62.21,2025900
20160301,62.54,64.05,62.16,63.35,1275500
20160302,63.35,64.31,62.99,64.08,1728700
20160303,64.79,65.31,63.69,64.67,1701700
20160304,65.73,66.41,64.63,65.96,3449600
20160307,66.69,66.69,64.88,65.77,1841600
20160308,65.81,66.48,64.66,65.2,2877600
20160309,65.85,66.15,65,65.12,1471200
20160310,65.9,66.11,64.51,66.11,2127300
20160311,65.82,66.44,64.95,66.09,2344900
20160314,65.82,66.61,64.05,65.24,996800
20160315,64.67,65.52,63.88,65.52,1399700
20160316,65.51,66.18,64.81,65.67,1282300
20160317,68.08,69.27,66.52,68.65,2714800
20160318,69.27,69.34,66.32,67.5,2148900
20160321,67.97,68.62,67.45,67.75,1658000
20160322,67.81,68.37,67.2,68.22,1245200
20160323,68.29,69.02,67.78,68.96,1241800
20160324,68.87,69.08,67.89,69.01,829600
20160328,69.32,69.58,68.62,69.07,818700
20160329,69.41,70.34,69.06,70.18,1288300
20160330,70.67,71.4,69.97,70.28,1266100
20160331,69.93,70.18,68.47,69.08,1974400
20160401,68.57,69.01,67.95,68.8,1094100
20160404,68.29,68.51,66.44,67.35,1100600
20160405,67.26,68.83,66.81,68.38,1535700
20160406,67.49,69.25,67.35,69.08,1712600
20160407,69.29,70.27,68.82,69.8,1262500
20160408,70.28,71.71,70.27,70.87,1862700
20160411,71.23,71.53,69.81,69.98,1554600
20160412,70.31,71.56,70.3,70.92,1365300
20160413,71.56,72.37,71.24,71.24,1427100
20160414,71.42,72.1,71.1,71.27,1079200
20160415,71.36,72.26,71.27,72.16,1140100
20160418,71.09,72.97,70.76,72.96,1477000
20160419,73.25,73.4,72.62,72.67,1382000
20160420,72.75,72.75,70.68,71.49,1377700
20160422,71.25,73.25,70.87,72.95,2193400
20160425,72.72,72.81,71.72,72.36,771600
20160426,72.4,72.7,70.98,71.4,1152500
20160427,72.03,72.27,70.77,71.77,1753700
20160428,71.86,72.93,71.58,72.35,1191400
20160429,72.85,72.93,71.17,71.68,1217200
20160502,71.49,72.04,70.2,70.95,1229700
20160503,70.69,71.37,70.09,70.67,741500
20160504,70.97,71.47,70.27,71.47,645800
20160505,72.01,72.02,70.9,71.14,541700
20160506,71.13,71.94,70.49,70.9,661600
20160509,70.97,71.22,69.64,70.97,745600
20160510,71.55,72.03,70.89,72.03,1442100
20160511,73.25,73.25,71.31,72.06,1168500
20160512,72.82,72.82,70.39,72.01,1293300
20160513,72.36,72.36,69,70.28,1661300
20160516,70.05,71.06,69.62,70.82,648500
20160517,70.97,71.58,69.57,70.57,956300
20160518,70.26,70.52,68.36,68.82,1534900
20160519,68.73,69.55,67.98,69.24,966800
20160520,69.93,71,69.04,69.58,1381900
20160523,69.13,69.94,68.38,69.88,1227800
20160524,70.21,70.23,69.33,69.84,946000
20160525,70.16,70.86,69.62,69.62,695000
20160527,70.08,70.28,69.04,69.85,772200
20160530,69.56,69.79,68.72,69.48,305500
20160531,69.26,69.26,67.55,67.55,1642900
20160601,67.9,68.16,66.93,67.77,1083700
20160602,67.51,68.66,67.51,68.54,1820000
20160603,69.07,69.18,68.4,68.6,893500
20160606,68.94,69.17,67.91,68.2,667300
20160607,68,68.27,66.86,67.31,1230000
20160608,67.64,68.23,66.57,66.57,1351500
20160609,66.51,66.95,65.72,66.32,1006600
20160610,66,66.24,64.99,65.28,1110700
20160613,68.52,68.95,67.35,68.48,2187900
20160614,68.4,68.94,66.86,67.41,1870300
20160615,67.24,69.23,66.99,69.13,2918000
20160616,69.19,69.66,67.83,69.66,1633900
20160617,70.28,70.45,69.06,70.08,1675200
20160620,70.98,71.48,70.33,71.1,1224700
20160621,71.27,72.77,70.64,72.64,1362400
20160622,72.28,72.63,70.29,70.29,1143800
20160623,71.11,72.13,70.22,71.86,1306900
20160624,71.16,71.16,69.59,70.67,1201200
20160627,70.87,70.87,68.64,69.35,1474400
20160628,70.18,70.57,68.65,69.38,1346200
20160629,70.17,70.47,69.57,70.19,2366000
20160630,69.9,70.39,68.92,70.39,1599100
20160701,70.85,71.09,68.46,69,2083400
20160704,69.63,69.63,68.3,68.35,1013700
20160705,68.3,68.77,67.6,68.68,1701700
20160706,68.58,68.88,67.84,68.46,592100
20160707,68.77,69.78,68.13,69.01,1734100
20160708,69.36,70.18,68.87,70.03,907900
20160711,70.61,70.7,69.89,70.58,935900
20160712,71.12,71.12,69.93,70.72,1032900
20160713,70.65,70.65,68.22,69.19,1731800
20160714,69.81,71.01,69.49,70.41,1830200
20160715,70.51,70.92,69.54,70.55,1100200
20160718,70.67,71.52,69.8,71.51,1046700
20160719,71.27,71.96,70.92,71.96,1032700
20160720,72.24,72.43,71.32,72.32,946600
20160721,72.26,72.48,71.56,72.09,780400
20160722,72.06,72.9,71.85,72.45,855300
20160725,72.3,72.3,71.22,72.06,658400
20160726,72.19,72.23,71.15,71.66,1642200
20160727,71.96,72.8,71.4,72.57,920700
20160728,72.26,73.2,71.17,73.02,819700
20160729,72.63,73.29,71.47,73.29,1521400
20160801,73.31,73.31,71.44,71.58,797100
20160802,71.05,71.76,69.85,71.25,893600
20160803,71.03,71.53,70.1,70.23,1120100
20160804,70.6,71.99,70.6,70.97,2133600
20160805,71.37,72.26,71,72.2,1236300
20160808,72.2,73.25,71.45,73.25,948600
20160809,73.73,74.11,72.42,72.67,988600
20160810,73.24,73.24,70.96,71.63,1557300
20160811,73.22,74.52,72.74,74.43,1874700
20160812,74.91,75.23,73.38,74.65,1098800
20160815,74.97,76.7,74.15,76.17,1224200
20160816,76.24,77.48,75.15,77.46,1637300
20160817,77.63,78.24,76.21,78.25,1546300
20160818,78.35,78.65,76.9,77.26,884200
20160819,77.44,77.44,76.24,77.11,411200
20160822,76.59,76.71,75.09,75.65,700800
20160823,76.11,76.69,75.54,75.54,874600
20160824,75.7,76.1,74.78,74.84,1093800
20160825,75,75.73,74.14,74.32,1410000
20160826,74.79,75.3,73.45,74.2,1546300
20160829,74.69,75.86,73.57,75.4,1783400
20160830,75.59,76.17,74.72,75,781200
20160831,75.2,75.39,73.87,74.43,1470000
20160901,74.74,74.75,72.12,72.2,2947700
20160902,72.87,73.53,72.25,72.8,1725900
20160905,73.39,73.39,71.78,72.84,758800
20160906,73.03,73.18,72.48,73.12,1491800
20160908,73.35,74,72.72,73.9,1386900
20160909,73.5,73.51,70.72,71.24,1210900
20160912,70.51,71.8,70.51,71.8,632200
20160913,71.08,71.49,69.77,71,1147400
20160914,71.41,71.42,70.3,70.67,715000
20160915,70.99,71.46,70.57,71.05,604800
20160916,71.2,71.23,69.85,69.85,1337800
20160919,70.2,71.19,70.2,70.8,648800
20160920,71.35,72.35,70.64,71.46,933900
20160921,71.99,72,69.87,70.69,1491000
20160922,71.2,71.67,70.1,70.1,1868300
20160923,70.62,71.25,70.3,70.71,1041600
20160926,70.31,70.55,69.95,70.55,632100
20160927,70.87,70.87,69.77,70.67,828500
20160928,70.67,71.41,69.8,71.02,817200
20160929,71.15,71.43,70.39,70.67,624700
20160930,70.93,72.1,70.51,71.06,1241400
20161003,71.06,72.1,70.99,71.59,904800
20161004,71.6,71.91,70.62,71.72,863900
20161005,72.12,72.69,71.88,72.09,684500
20161006,72.33,72.61,71.69,72.41,797200
20161007,72.61,73.04,71.75,73,1144200
20161010,73.25,73.3,72.48,73.15,848700
20161011,73.13,73.13,71.25,71.5,1154900
20161013,71.4,72.08,71.15,72.01,1973800
20161014,72.49,72.75,70.93,71.4,3746100
20161017,72.14,72.95,71.42,72.95,3632800
20161018,73.26,73.75,72.46,73.4,2290300
20161019,73.45,73.79,72.11,72.41,910500
20161020,72.4,72.48,70.71,72.41,893700
20161021,72,73,71.62,72.5,1714900
20161024,72.59,72.81,71.88,72.3,877300
20161025,72.45,72.75,71.57,72.75,736600
20161026,72.79,72.87,71.52,72.75,1030600
20161027,72.69,73.28,72.35,72.52,856700
20161028,72.51,72.94,71.97,72.6,681500
20161031,72.46,72.77,71.66,72.33,972500
20161101,72.33,72.33,70,70.36,1301200
20161103,69.99,70.4,69.59,70,1199400
20161104,70.11,70.32,69.32,69.4,1249300
20161107,70.15,70.29,69.8,70,1201500
20161108,70.1,70.47,69.65,70.1,727800
20161109,69.24,69.25,67.46,68.05,1987100
20161110,68.51,68.51,65.62,66.4,2054800
20161111,65.3,68,63.64,65.4,2737300
20161114,65.5,66.12,64.22,65.62,2117000
20161116,66,68.74,65.82,68.46,2253500
20161117,69.35,69.4,66.15,68,2089300
20161118,68.68,69.9,67.63,69.21,1699700
20161121,69.85,70.65,69.07,69.1,1866500
20161122,69.81,71,69.17,70.24,1379100
20161123,70.39,70.4,68.36,69.83,819500
20161124,69.83,70.83,68.58,70,619900
20161125,69.68,71.34,69.17,71.15,1065100
20161128,71.23,71.35,70.01,70.9,764300
20161129,70.49,70.59,69,69.55,2684000
20161130,70,70.01,68.5,69.1,1584200
20161201,68.87,69.37,66.8,68.1,2101500
20161202,67.22,68.6,65.75,68.3,1469700
20161205,67.7,69,67.48,67.65,1257200
20161206,67.79,68.07,66.32,67.9,1292900
20161207,68.23,68.47,67.21,67.31,1142300
20161208,67.35,67.77,65.8,66,1673500
20161209,66.33,66.38,64.86,65.8,2856400
20161212,65.21,65.7,64.63,65.31,1203500
20161213,64.52,67,64.2,66.74,1464200
20161214,66.51,66.86,65.43,65.61,1494400
20161215,65.52,65.52,63.7,65.19,1290900
20161216,65.4,66.98,65.32,66.3,1264600
20161219,66.09,66.35,65.33,65.5,918100
20161220,65.61,65.88,64.53,65.81,1014600
20161221,65.98,66.5,64.88,65.42,1416900
20161222,65.38,66.49,64.9,65.98,1020800
20161223,66.14,66.33,65.32,65.9,746200
20161226,65.88,66.49,65.36,66,280100
20161227,66.45,66.45,65.54,66.36,565000
20161228,66.29,67.39,65.55,67.24,847400
20161229,67.24,69.3,66.6,68.45,967100
20170102,67.43,68.28,66.68,67.9,383800
20170103,67.85,69.18,67.85,69,1254600
20170104,68.53,69.07,67.61,67.9,1131700
