<DTYYYYMMDD>,<OPEN>,<HIGH>,<LOW>,<CLOSE>,<VOL>
20100601,36.32,36.96,36.3,36.39,3587400
20100602,36.3,37.49,36.3,37.16,2078600
20100604,36.06,36.28,34.9,35.4,4768500
20100607,35.5,35.63,34.23,34.29,2832900
20100608,34.59,35.04,34.14,34.66,1960900
20100609,35.07,35.85,34.78,34.78,3271400
20100610,35.26,35.87,35.26,35.42,2595300
20100611,35.26,36.06,35.04,35.85,1917400
20100614,36.41,36.71,35.72,35.87,2529300
20100615,36.16,36.61,35.94,36.38,1905500
20100616,36.19,36.96,35.89,35.93,4213600
20100617,36.18,36.23,34.96,35.3,2759800
20100618,35.39,35.48,34.74,34.96,3562300
20100621,36.08,36.51,35.93,36.06,3209000
20100622,36.16,36.42,35.71,35.71,3258100
20100623,36.02,36.15,35.54,36.14,2161700
20100624,35.98,36.08,35.26,35.33,2461700
20100625,35.48,35.89,35.11,35.77,2003600
20100628,35.71,36.03,34.99,35.1,2372200
20100629,34.04,34.14,33.1,33.4,4002500
20100630,33.34,33.54,32.36,32.47,3217400
20100701,32.44,32.74,31.87,32.61,3237100
20100702,32.74,32.96,31.99,32.45,2986200
20100705,32.43,32.61,31.61,31.99,1315100
20100706,32.88,32.99,31.93,32.39,3854600
20100707,32.36,33.19,32.06,33.17,2440200
20100708,33.46,34.04,32.77,33.28,2510400
20100712,33.47,33.55,32.54,32.79,2001500
20100713,33.18,33.21,32.63,32.85,2181500
20100714,32.99,32.99,32.45,32.86,1665000
20100715,32.8,32.8,32.21,32.6,2183500
20100716,32.36,32.48,31.87,31.87,2713700
20100719,32.13,32.77,32.06,32.77,1670100
20100720,32.69,34.69,32.62,34.62,6193400
20100721,34.97,35.71,34.6,34.82,3999400
20100722,35.38,36,35.3,35.56,2916800
20100723,35.7,36.08,35.12,35.83,1910800
20100726,35.88,36.29,35.67,35.85,1479800
20100727,36.15,36.29,35.41,35.71,2521400
20100728,35.59,36.34,35.56,36.34,2589100
20100729,36.45,36.67,35.9,36,3996000
20100730,35.82,36.59,35.63,36.12,3436400
20100802,36.45,37.71,36.45,37.59,3750800
20100803,37.53,37.92,37.12,37.54,2259300
20100804,37.85,37.91,37.05,37.51,2676400
20100805,37.42,37.76,37.3,37.68,1577200
20100806,37.39,37.83,37.34,37.63,1603300
20100809,37.8,38.05,37.58,37.72,1363500
20100810,37.23,37.42,36.77,37.19,2632100
20100811,36.56,36.61,35.94,35.94,2712000
20100812,35.59,36.35,35.55,36.24,2206700
20100813,36.21,36.75,36.17,36.3,2056900
20100816,36.29,37.03,36.29,36.78,1701600
20100817,37.1,37.31,36.67,37.2,2574400
20100818,37.25,37.54,36.86,37.45,3112700
20100819,37.36,37.86,37.05,37.08,2324500
20100820,37.18,37.19,36.42,36.63,2762100
20100823,36.84,36.86,35.49,35.58,3855000
20100824,35.06,35.25,34.66,34.81,2612400
20100825,34.66,34.81,34.08,34.5,3619300
20100826,34.66,35.11,34.02,34.11,2688000
20100827,34.52,35.3,34.2,35.3,3217800
20100830,35.22,35.22,34.29,34.37,2222900
20100831,34.37,34.98,34.34,34.87,2696400
20100901,35.36,36.64,35.26,36.49,3302400
20100902,36.49,36.52,35.95,36.14,1865300
20100903,36.78,36.78,35.97,36,2355800
20100906,36.35,36.35,35.44,35.71,668200
20100908,35.33,35.46,34.92,35.1,1794900
20100909,35.31,35.56,35.07,35.19,1704500
20100910,35.22,35.26,34.64,34.86,1692500
20100913,35.41,35.93,35.27,35.85,2101100
20100914,35.85,36.12,35.39,35.56,2848700
20100915,35.53,35.77,35.16,35.77,2847100
20100916,35.7,35.7,35.34,35.53,2819600
20100917,35.52,35.61,35.06,35.06,2577500
20100920,35.33,35.78,35.02,35.78,2419100
20100921,35.82,36.16,35.42,35.89,3159500
20100922,35.59,37.05,35.59,36.54,4531000
20100923,36.26,37.23,36.26,36.55,4919300
20100924,37.42,37.86,37.31,37.81,5616300
20100927,37.86,38.83,37.74,38.5,3151100
20100928,38.61,38.96,38.12,38.8,2966300
20100929,38.57,38.91,38.46,38.82,3570600
20100930,38.98,39.2,38.53,38.91,3965500
20101001,39.14,39.37,38.82,39.28,3685100
20101004,38.99,39.31,38.87,39.31,2912400
20101005,39.5,39.95,39.17,39.81,2919600
20101006,39.84,40.24,39.65,39.92,3969600
20101007,40.13,40.14,39.52,39.78,4498600
20101008,39.72,40.09,39.52,39.65,3228800
20101011,39.72,40.02,39.52,39.87,1392000
20101013,39.99,40.11,39.83,39.84,4192100
20101014,39.86,40.56,39.8,39.98,3316700
20101015,40.39,40.51,39.69,40.1,2104800
20101018,40.04,41.12,40.03,40.97,2406100
20101019,40.22,40.74,39.76,39.99,3312800
20101020,40.14,41.33,40.14,41.18,3346400
20101021,41.36,41.54,40.09,40.51,4176700
20101022,40.59,40.78,39.75,40.55,4016300
20101025,40.8,41.21,40.63,40.89,3291400
20101026,40.84,41.67,40.36,41.49,3250800
20101027,40.97,41.56,40.6,41.08,4706900
20101028,41.79,41.81,40.28,40.29,4600500
20101029,40.33,40.68,40.04,40.29,4216500
20101101,40.59,41.19,40.29,41.19,3023200
20101103,41.31,41.33,40.45,40.74,3970700
20101104,41.18,42,40.95,41.78,3326000
20101105,41.72,42.28,41.42,41.87,3241700
20101108,41.58,42.49,41.58,42.17,2264000
20101109,42.39,42.99,42.02,42.02,3115400
20101110,41.77,42.22,41.29,41.94,2558600
20101111,41.93,42.38,41.65,42.12,2349000
20101112,41.34,42.47,40.98,41.34,2718900
20101116,41.11,41.15,40.05,40.51,3617400
20101117,40.66,40.91,40.27,40.45,1991200
20101118,41,41.58,40.82,41.52,2741200
20101119,41.09,41.84,40.9,41.68,3227300
20101122,41.3,41.84,41.23,41.57,2938500
20101123,41.09,41.21,40.38,40.51,3550200
20101124,40.92,41.71,40.78,41.54,2139800
20101125,41.49,41.75,41.28,41.28,859700
20101126,40.97,41.14,40.63,40.66,2194000
20101129,40.54,40.97,40.19,40.75,3615500
20101130,40.66,41.04,40.24,40.26,4567500
20101201,40.99,41.72,40.87,41.57,2670900
20101202,41.68,42.39,41.5,42.02,2704000
20101203,41.98,42.61,41.87,42.54,2396900
20101206,42.54,42.87,42.51,42.73,1445000
20101207,43.15,43.32,42.63,42.63,2037600
20101208,42.42,42.58,41.69,41.69,3076600
20101209,41.77,42.39,41.77,42.15,2353500
20101210,42.45,42.7,42.16,42.67,2137900
20101213,42.9,43.92,42.84,43.74,2873100
20101214,43.57,43.93,43.27,43.36,2008800
20101215,43.13,43.26,42.69,42.69,2557800
20101216,42.84,43.15,42.53,42.66,2255300
20101217,42.75,42.92,42.4,42.77,2958000
20101220,43.05,43.07,42.47,42.47,2233300
20101221,42.73,43.26,42.69,42.99,2573900
20101222,42.96,43.02,42.61,42.87,1769400
20101223,42.9,43.03,42.72,42.73,1462500
20101227,42.66,42.66,41.51,41.51,3117100
20101228,41.66,41.72,41,41.15,2410500
20101229,41.34,41.64,41.18,41.43,2686100
20101230,41.65,42.1,41.43,41.59,3518200
20110103,42.32,43.21,42.12,42.82,5107800
20110104,43.22,43.79,43.21,43.71,4104200
20110105,43.38,44.55,43.37,44.5,3288400
20110106,44.46,44.75,43.93,43.93,2986900
20110107,44,44.12,43.24,43.6,2775200
20110110,43.32,43.93,43.18,43.51,2833200
20110111,43.93,44.35,43.86,43.97,2793300
20110112,44.4,45.25,44.35,45.19,4895100
20110113,45.22,45.66,44.87,44.87,3285100
20110114,44.72,45.23,44.52,45.07,2793000
20110117,44.96,45.7,44.77,45.47,1496400
20110118,45.69,46.26,45.4,46.04,2545400
20110119,46.1,46.2,45.04,45.04,2695300
20110120,44.84,45.04,43.85,44.28,4423200
20110121,44.77,45.15,44.3,44.59,1920200
20110124,44.74,45.19,44.36,44.89,1766900
20110126,44.7,45.04,44.53,44.85,2714300
20110127,45.02,45.05,44.27,44.4,2259200
20110128,44.32,44.33,42.6,43.13,3728400
20110131,43.25,43.55,42.97,43.13,2203800
20110201,43.64,44.37,43.41,44.2,2211800
20110202,44.2,44.59,43.17,43.38,2477800
20110203,43.19,43.69,42.89,43.28,1993200
20110204,43.2,43.55,42.24,42.58,2382500
20110207,43.04,43.23,42.37,42.89,2316600
20110208,42.64,42.99,42.34,42.55,2976600
20110209,42.27,42.7,41.22,41.26,2174500
20110210,41.12,42.23,41.12,41.8,3693000
20110211,41.87,42.67,41.65,42.66,3476200
20110214,42.66,43.75,42.66,43.49,2407700
20110215,43.35,43.75,43.07,43.35,2428800
20110216,43.38,43.97,43.26,43.76,2907400
20110217,43.97,44.05,43.43,43.82,2943400
20110218,43.59,43.85,43.17,43.38,2280800
20110221,43.18,43.18,42.36,42.39,775600
20110222,42.26,42.76,41.45,41.55,4495400
20110223,41.73,42.41,41.26,42.32,3257100
20110224,42.31,42.7,41.65,41.95,3534000
20110225,43,43.15,42.08,42.09,2695700
20110228,42.27,42.58,42.08,42.55,2654000
20110301,42.58,42.7,41.65,41.74,2473100
20110302,41.56,42.5,41.43,42.45,2390000
20110303,42.77,42.87,42.52,42.77,2093400
20110304,42.58,42.72,41.75,42.05,2749100
20110309,40.87,41.56,40.44,40.52,2628100
20110310,40.02,40.02,39.09,39.37,5862700
20110311,39.23,39.99,38.9,39.92,3897300
20110314,39.61,40.05,39.21,40.05,2864600
20110315,38.7,39.49,38.34,39.33,4634700
20110316,39.64,39.66,38.24,38.35,4272000
20110317,38.96,39.56,38.77,39.44,5078400
20110318,39.72,40.26,39.64,39.96,3065600
20110321,40.54,40.65,39.98,40.05,2107800
20110322,39.93,39.96,39.33,39.82,3153800
20110323,39.82,40.57,39.82,40.42,2787900
20110324,40.54,40.54,39.6,39.94,3479100
20110325,40.05,40.31,39.42,39.95,2177900
20110328,39.61,40.16,39.54,39.68,1970600
20110329,39.79,40.73,39.73,40.5,2643500
20110330,40.26,40.69,39.86,39.98,4862100
20110331,40.05,40.44,39.48,40.32,3926800
20110401,40.24,40.62,39.9,40.06,1916100
20110404,40.39,40.92,39.77,40.92,4200400
20110405,40.61,41.41,40.61,41.11,4676300
20110406,41.25,41.34,40.37,40.47,4522200
20110407,40.47,40.53,39.82,40.13,3407100
20110408,40.34,40.34,39.77,40.05,2722200
20110411,40.26,40.48,39.91,40.1,2679500
20110412,39.69,39.76,39.12,39.3,2915400
20110413,39.56,39.59,38.62,38.73,3692100
20110414,38.78,39.35,38.64,39.22,3970000
20110415,39.39,39.44,38.81,39.12,2343500
20110418,38.89,38.97,38.25,38.73,2222100
20110419,38.95,39.17,38.7,39.08,2737800
20110420,39.87,39.87,39.55,39.79,2879700
20110425,39.81,40.18,39.39,40.18,3007700
20110426,40.14,40.26,39.94,40.21,3452100
20110427,40.15,40.22,39.31,39.69,3603700
20110428,39.35,39.72,39.21,39.39,3962500
20110429,39.46,39.79,39,39.61,3882300
20110502,39.63,39.73,38.8,39.17,4291100
20110503,39,39,38.17,38.28,2769300
20110504,38.44,38.47,37.5,37.56,5822700
20110505,37.36,38.21,37.29,38.04,5286700
20110506,38.34,38.51,37.76,38.05,3748600
20110509,38.09,38.34,37.73,38.2,2737700
20110510,38.31,38.43,37.95,38.11,2484900
20110511,37.95,38.01,36.89,36.98,3430400
20110512,36.69,37.37,36.26,37.05,2975600
20110513,36.87,37.15,36.24,36.45,2396900
20110516,36.17,37.02,36.1,36.3,3115000
20110517,36.22,36.76,36,36.68,1990100
20110518,36.8,37.2,36.64,36.79,2928600
20110519,37.23,37.51,37.05,37.12,2825600
20110520,37.34,37.63,36.9,37.28,4131100
20110523,36.6,37.24,36.56,37.24,1939900
20110524,37.4,37.71,37.3,37.6,1943700
20110525,37.52,37.86,37.43,37.69,2141900
20110526,37.47,38.28,37.47,38.28,2815000
20110527,38.44,38.77,38.28,38.51,3257200
20110530,38.85,38.85,38.31,38.34,673300
20110531,38.77,38.77,38.06,38.43,4042700
20110601,38.24,38.51,37.91,38.06,3218300
20110602,38.08,38.31,37.68,38.12,4069400
20110603,37.85,38.12,37.6,37.8,5049500
20110606,37.8,37.87,37.36,37.51,2078700
20110607,37.78,37.85,37.36,37.44,3341700
20110608,37.16,37.47,37.11,37.47,2188500
20110609,37.51,37.92,37.32,37.89,1943900
20110610,37.79,37.79,37.27,37.47,2065800
20110613,37.39,37.46,36.68,36.77,3338500
20110614,36.98,37.08,36.67,36.95,4334000
20110615,36.61,36.71,36.29,36.71,4116700
20110616,36.71,36.82,35.97,36.3,3235900
20110617,36.51,36.56,35.85,36.11,3107600
20110620,35.92,36.77,35.92,36.67,2337400
20110621,36.82,37.27,36.82,37.01,2845800
20110622,36.86,37.51,36.78,37.13,3192600
20110624,37.24,37.47,37.11,37.38,2098200
20110627,37.25,37.43,36.93,37.11,3447500
20110628,37.24,37.56,37.17,37.56,2681200
20110629,37.69,37.75,37.36,37.58,3372200
20110630,37.66,37.93,37.58,37.85,3518500
20110701,38.35,39.55,38.29,39.53,6465100
20110704,39.39,40.13,39.27,40.04,1438300
20110705,39.81,39.88,39.16,39.23,3852200
20110706,39.03,39.26,38.79,39.1,2059700
20110707,39.45,39.62,39.32,39.35,3439100
20110708,39.04,39.25,38.89,39.08,3487300
20110711,38.81,38.81,38.51,38.74,2995200
20110712,38.6,39.16,38.44,38.77,2341400
20110713,39.04,39.48,39.01,39.26,2919200
20110714,39.16,39.38,38.47,38.72,3964600
20110715,38.73,38.83,38.44,38.7,3286700
20110718,38.57,39.03,38.45,38.81,2993600
20110719,39,39.2,38.65,38.9,2604500
20110720,39.08,39.16,38.71,38.9,3916000
20110721,38.89,39.39,38.76,39.01,3384800
20110722,38.96,39.29,38.92,39.13,4026700
20110725,38.98,39.32,38.88,39.1,3084000
20110726,39.15,39.39,38.78,39.06,2978600
20110727,38.93,39.13,38.66,38.77,4454700
20110728,38.9,39.21,38.8,39.12,4635200
20110729,38.66,38.77,38.1,38.38,9079000
20110801,38.63,38.83,38.08,38.39,4592400
20110802,38.32,38.54,37.58,37.59,3544500
20110803,37.37,37.55,35.52,36.6,6207100
20110804,35.56,35.69,34.24,34.49,8555300
20110805,34.56,35.12,32.65,33.65,8377500
20110808,31.89,32.23,30.25,30.44,8566500
20110809,31.14,32.29,30.8,32,9314700
20110810,31.81,32.43,31.35,32.03,5815000
20110811,32.5,33.58,32.09,33.42,5550000
20110812,33.63,33.8,33.02,33.28,4951300
20110815,33.68,34.1,33.53,33.89,3739000
20110816,33.51,33.78,33.17,33.66,4973600
20110817,33.61,34.25,33.55,34.23,5192200
20110818,32.27,32.67,31.9,32.51,6494100
20110819,32.04,32.79,31.81,32.04,7407900
20110822,32.56,32.68,31.94,31.99,4024100
20110823,32.04,33.05,31.88,33.05,5473000
20110824,33.02,33.32,32.59,33.27,3621800
20110825,33.26,33.36,32.58,32.9,5012100
20110826,32.66,33.68,32.19,33.45,3930900
20110829,33.79,34.34,33.78,34.3,7141300
20110830,33.99,34.6,33.95,34.38,3673800
20110831,34.66,35.06,34.38,35.01,5086600
20110901,35.16,35.42,34.85,35.22,6437600
20110902,35.01,35.01,34.31,34.7,3528300
20110905,34.03,34.29,33.73,33.91,1319500
20110906,33.55,34.98,33.37,34.87,4851100
20110908,35.46,35.91,35.32,35.63,4389000
20110909,35.34,35.47,34.7,35.09,3799400
20110912,34.46,35.35,34.26,35.29,2930300
20110913,35.41,35.79,35.18,35.56,2857600
20110914,35.78,36.3,35.16,35.99,3910700
20110915,36.08,36.68,36.04,36.38,3918500
20110916,36.6,36.73,36.24,36.57,2511400
20110919,36.25,37.07,36.18,37.07,3635600
20110920,36.94,38.17,36.94,37.45,3266200
20110921,37.82,37.85,36.69,36.82,7707600
20110922,35.48,35.77,34.44,34.87,7102300
20110923,34.72,34.99,34.12,34.62,7604000
20110926,34.85,34.99,33.61,34.16,4999500
20110927,35.26,35.28,34.48,34.56,4349700
20110928,34.66,35.11,34.35,34.37,3545700
20110929,34.7,34.92,33.63,34.16,4571500
20110930,33.68,33.91,33.05,33.33,5480100
20111003,32.78,33.21,32.27,32.33,4785400
20111004,31.97,32.18,31.16,32.04,7162400
20111005,32.16,32.73,31.92,32.7,4382800
20111006,33.49,33.6,32.95,33.17,4857300
20111007,33.48,33.54,32.16,32.2,3035000
20111010,32.62,33.27,32.35,33.21,4205000
20111011,33.13,33.74,32.99,33.7,3529100
20111013,33.91,34.38,33.43,34.34,4098800
20111014,34.38,34.54,34.08,34.4,4985300
20111017,34.19,34.19,32.81,33.11,4539200
20111018,32.7,33.35,32.2,33.24,4671300
20111019,33.12,33.15,31.2,32.12,7476500
20111020,32.03,32.03,31.28,31.72,5132500
20111021,32.05,32.59,31.92,32.44,3772300
20111024,33.08,34.51,32.96,34.36,6188400
20111025,33.92,34.35,33.64,33.94,4831300
20111026,34.35,35.07,34.06,34.91,4548400
20111027,36,36.47,35.75,35.85,8997000
20111028,35.51,35.91,35.34,35.68,3825900
20111031,35.03,35.12,34.51,34.97,3772700
20111101,33.55,34.64,33.55,34.64,6758300
20111103,35,35.95,34.93,35.75,6813600
20111104,35.53,36.6,35.52,36.48,4541300
20111107,36.4,37.03,36.31,36.8,3116700
20111108,37.16,37.2,36.25,36.57,2702800
20111109,36.12,36.32,35.79,35.97,3414200
20111110,36.21,36.56,35.75,35.75,2312000
20111111,36.25,36.62,36.11,36.34,2123400
20111114,36.16,36.43,36.07,36.16,1355900
20111116,36.23,36.96,36.17,36.47,3221400
20111117,36.24,36.55,35.39,35.48,4125000
20111118,35.68,35.83,34.86,35.36,2168600
20111121,34.76,35.45,34.59,35.15,13514500
20111122,35.27,35.51,34.72,34.84,4000300
20111123,34.27,34.5,33.69,33.92,3863200
20111124,34.23,34.28,33.6,33.96,1066800
20111125,33.62,34.05,32.89,33.19,3842300
20111128,33.99,34.07,33.51,33.51,2965500
20111129,33.68,33.8,32.93,33.04,3773000
20111130,33.12,34.06,32.82,33.32,7656300
20111201,33.83,33.94,33.04,33.52,5247900
20111202,33.91,34.23,33.6,33.94,3410600
20111205,34.31,34.78,34.13,34.56,2885400
20111206,34.41,34.68,34.19,34.52,3128200
20111207,34.39,34.44,33.02,33.02,6661000
20111208,33.13,33.3,32.13,32.34,4383900
20111209,32.57,33,32.26,32.99,2899800
20111212,32.8,32.8,32.06,32.43,3128000
20111213,32.68,32.86,32.23,32.39,3212200
20111214,32.28,32.33,31.73,31.87,4381400
20111215,31.95,32.17,31.2,31.36,4448600
20111216,31.6,31.75,31.1,31.36,4400700
20111219,31.32,31.55,30.87,30.87,2868600
20111220,31.16,32,30.84,32,4073200
20111221,31.75,32.11,31.3,32.11,3477000
20111222,32.16,32.66,32.01,32.56,2525200
20111223,32.73,32.97,32.61,32.76,2130800
20111226,32.8,32.84,32.51,32.51,512600
20111227,32.43,32.9,32.32,32.72,4241200
20111228,32.8,32.8,31.67,31.78,3871800
20111229,31.98,32.08,31.56,31.56,3496200
20120102,31.82,32.77,31.82,32.72,2108100
20120103,32.92,34.33,32.92,34.18,5811100
20120104,33.75,34.51,33.62,34.41,2511600
20120105,34.01,34.21,33.31,33.49,2954200
20120106,33.84,33.84,32.87,33.2,2336500
20120109,33.44,33.44,32.84,33.16,1966600
20120110,33.83,33.88,33.12,33.12,3148800
20120111,33.12,33.49,32.83,33.37,3035800
20120112,33.73,33.76,32.76,33.03,5649100
20120113,33.03,33.03,31.91,32.36,8747800
20120116,32.27,32.72,32.19,32.57,3563300
20120117,33.55,34.28,33.29,34.23,6387500
20120118,34.21,34.68,34.04,34.48,5823400
20120119,34.78,34.8,34.11,34.39,4651200
20120120,34.39,34.54,34.11,34.34,2897700
20120123,34.27,34.61,34.04,34.09,4549800
20120124,34.1,34.5,33.63,34.41,5995700
20120126,34.72,35.32,34.23,34.23,5410800
20120127,34.51,34.68,34.23,34.43,2692300
20120130,34.09,34.83,33.81,34.79,4178400
20120131,35.15,35.76,35.03,35.76,6726400
20120201,36,36.68,35.9,36.48,6302700
20120202,36.27,36.67,36.14,36.46,3365000
20120203,36.19,37.04,36.07,36.7,3871800
20120206,36.54,36.76,36.4,36.68,1830800
20120207,36.53,36.75,36.11,36.67,3108400
20120208,36.67,36.89,36.28,36.42,3128600
20120209,36.3,36.61,35.79,36.08,3440300
20120210,35.53,35.76,35.16,35.47,4683400
20120213,35.84,36.36,35.71,36.36,2724100
20120214,36.14,36.16,35.23,35.4,5126300
20120215,35.78,35.84,34.59,34.78,4900300
20120216,34.29,35.21,34.16,34.91,4600700
20120217,35.04,35.16,34.01,34.35,5705400
20120222,34.53,34.64,34.23,34.4,2123100
20120223,34.14,35.2,34.14,35.09,4148200
20120224,35.35,35.59,35.2,35.27,3598800
20120227,35.17,35.2,34.7,34.9,2964000
20120228,34.96,35.32,34.63,35.27,3158500
20120229,35.6,35.8,34.84,34.84,6980800
20120301,35.02,35.48,34.9,35.24,2644500
20120302,35.3,35.65,35.12,35.56,3089900
20120305,35.25,35.28,34.23,34.52,4268900
20120306,33.51,33.59,32.57,32.85,8037500
20120307,32.96,32.96,32.13,32.8,7283600
20120308,33.51,33.52,32.65,32.92,4298200
20120309,32.91,33.38,32.72,32.89,5072500
20120312,32.56,33.11,32.35,32.5,4916700
20120313,32.8,34.2,32.72,34.16,5393100
20120314,34.01,34.4,33.42,33.84,3123700
20120315,33.88,34.46,33.88,34.16,1941300
20120316,34.4,34.47,34.08,34.38,2776800
20120319,34.24,34.66,34.2,34.62,1812000
20120320,33.84,34.09,33.46,34.09,3526100
20120321,33.92,34.17,33.68,33.96,2270800
20120322,33.56,33.65,32.99,33.26,4018600
20120323,33.23,33.51,33.11,33.24,2429700
20120326,33.54,33.72,33.39,33.69,2115900
20120327,33.95,34.24,33.82,33.93,3862000
20120328,33.83,33.95,33.22,33.28,2775300
20120329,33.19,33.76,32.88,33.73,5333300
20120330,34.01,34.32,33.79,34.32,5240500
20120402,34.39,35.55,34.27,35.21,5340200
20120403,35.14,35.4,34.21,34.42,4525300
20120404,33.84,34.06,33.59,33.74,2726300
20120405,33.64,34.07,33.28,33.65,3798500
20120409,33.21,33.4,32.94,33.3,3871100
20120410,33.13,33.23,32.51,32.99,3599400
20120411,33.36,33.52,32.86,32.99,4812500
20120412,33.45,35.19,33.43,35.09,9942500
20120413,34.72,35.31,34.4,35.04,5848500
20120416,35.33,35.33,34.33,34.58,4320500
20120417,34.82,35.54,34.59,35.32,5456000
20120418,35.26,36.1,35.12,35.68,6652600
20120419,35.49,35.88,35.39,35.42,4666000
20120420,35.68,35.87,35.14,35.33,2893900
20120423,34.57,35.1,34.41,35.1,3462100
20120424,34.86,35.31,34.85,35.19,2838600
20120425,35.51,35.51,34.5,34.68,4621400
20120426,33.41,35.46,33.41,35.19,7178400
20120427,35.27,35.49,34.38,34.96,5353100
20120430,34.95,35.02,34.4,34.94,3390400
20120502,34.78,35.43,34.66,35.43,6610900
20120503,35.51,35.68,34.78,35.07,5795600
20120504,34.69,34.73,33.64,34.06,8073300
20120507,33.64,34.14,33.63,34.04,2809000
20120508,33.91,33.93,32.68,33.13,6257600
20120509,32.72,33.5,32.51,33.05,5041900
20120510,33.67,33.81,32.95,33.06,3746700
20120511,32.68,33.17,32.07,32.07,4479000
20120514,31.49,31.92,31.45,31.54,3992200
20120515,31.62,32.13,31.19,31.3,5331400
20120516,31.69,31.94,30.29,30.43,6961000
20120517,30.6,30.76,29.31,29.39,7175900
20120518,29.81,30.33,29.21,30.08,6675500
20120521,30.42,31.19,30.27,31.04,4289300
20120522,30.89,31.29,30.44,30.66,4912300
20120523,30.66,30.9,29.95,30.9,7227900
20120524,31.03,31.29,30.33,30.55,5836900
20120525,30.3,30.76,29.75,29.98,4774000
20120528,30.1,30.58,30,30.25,1314600
20120529,30.41,31.18,30.24,30.76,6357800
20120530,30.17,30.67,29.94,30.58,4095600
20120531,30.75,30.94,29.94,30.83,8685800
20120601,30.03,30.8,30.03,30.35,3463800
20120604,30.31,30.43,29.83,30.28,4086700
20120605,30.35,30.55,29.91,30.26,3822100
20120606,30.35,31.19,30.35,31.13,4278900
20120608,31.18,31.48,31.06,31.45,4112300
20120611,31.67,31.96,30.96,31.05,3991800
20120612,31.13,31.78,31.08,31.78,3295300
20120613,31.74,32.07,31.44,31.82,4046600
20120614,31.52,31.94,31.37,31.9,2552900
20120615,31.99,33.04,31.75,32.41,13680600
20120618,32.31,32.89,32.13,32.68,4274000
20120619,32.81,33.84,32.67,33.47,6787500
20120620,33.43,34.09,33.28,33.57,4497800
20120621,33.47,33.6,32.58,32.64,3146900
20120622,32.81,33.04,32.27,32.57,3531300
20120625,31.82,32.17,31.72,31.95,3344100
20120626,32.09,33.02,31.98,32.68,6069500
20120627,32.81,33.04,32.34,32.55,3783700
20120628,32.46,32.81,31.54,32.17,6356300
20120629,32.83,33.11,32.56,32.91,5273300
20120702,32.81,33,32.48,33,2379100
20120703,33,33.96,32.95,33.63,13850800
20120704,33.63,33.83,33.32,33.83,944900
20120705,34.03,34.37,33.73,34.26,4461000
20120706,33.85,34.32,33.13,33.45,5951400
20120710,33.28,33.63,32.38,32.48,5894500
20120711,32.7,32.84,32.15,32.45,3738300
20120712,31.98,32.45,31.58,32.31,4761000
20120713,32.58,33.15,32.49,33,3391600
20120716,32.72,32.95,32.34,32.48,2199600
20120717,32.54,33.22,32.04,32.36,1978300
20120718,32.36,32.54,31.7,32.4,4634100
20120719,32.13,32.66,31.94,32.44,3030100
20120720,32.15,32.19,31.54,31.65,4804700
20120723,30.96,31.26,30.3,30.9,4255500
20120724,30.71,30.78,29.33,29.39,8143500
20120725,29.61,29.72,28.63,29.24,4280400
20120726,28.87,29.63,28.17,29.6,10951500
20120727,30.02,30.8,29.62,30.8,12480200
20120730,30.76,30.78,30.16,30.77,3193500
20120731,30.96,31.08,30.37,30.47,4094800
20120801,30.58,30.86,30.03,30.67,3973200
20120802,29.98,30.68,29.86,30.14,3190100
20120803,30.75,30.75,30.4,30.59,3509300
20120806,30.51,31.2,30.35,30.92,2749100
20120807,30.89,31.29,30.71,30.87,3252800
20120808,30.8,31.31,30.71,31.11,4781900
20120809,30.95,31.65,30.95,31.41,5808900
20120810,31.21,31.76,30.99,31.64,5287200
20120813,31.7,31.95,31.42,31.67,2988300
20120814,31.46,31.69,30.21,30.39,5199500
20120815,30.28,30.52,29.71,29.77,6305300
20120816,30.18,30.26,29.67,30.18,4798800
20120817,30.25,30.34,29.24,29.24,5103900
20120820,29.5,29.95,28.93,29.82,4141800
20120821,30.19,30.48,29.43,29.6,5515000
20120822,29.53,29.82,29.2,29.61,2916100
20120823,29.3,29.38,28.43,28.46,3510300
20120824,28.36,28.43,27.71,28.32,4789500
20120827,28.28,28.33,27.71,27.88,2627400
20120828,27.61,28.07,27.6,27.82,3087600
20120829,27.86,27.86,26.61,26.99,5996400
20120830,26.84,27,26.66,26.9,3394500
20120831,27.31,27.7,27.11,27.7,7156000
20120903,27.79,27.79,27.3,27.52,1990900
20120904,27.38,27.39,26.42,26.61,4332300
20120905,26.82,27.22,26.63,27.06,3580500
20120906,27.3,28.31,27.23,28.31,4850100
20120910,29.98,30.25,29.3,29.35,12770200
20120911,29.49,30.31,29.49,30.18,8227200
20120912,30.34,30.8,29.8,30.58,7138400
20120913,30.48,31.78,30.04,31.35,8944900
20120914,31.58,32.63,31.14,31.7,11968000
20120917,31.72,32.71,31.61,32.04,7145200
20120918,32.23,32.6,31.94,32.44,5637800
20120919,32.36,32.75,31.9,32.07,4574800
20120920,31.63,32,31.31,31.8,6034000
20120921,31.91,32.23,30.85,30.85,4103300
20120924,30.84,31.19,30.47,31.07,5800000
20120925,30.95,31.16,30.06,30.2,4529800
20120926,30.17,30.52,29.65,30.3,3363900
20120927,30.67,30.71,30.12,30.25,3444900
20120928,30.03,30.09,29.57,29.93,4985800
20121001,29.99,30.64,29.73,29.8,3476400
20121002,30.1,30.36,29.48,29.68,3520500
20121003,29.71,29.96,29.12,29.28,3039900
20121004,29.32,30.06,28.83,29.61,6405100
20121005,30.12,30.3,29.41,29.45,3359000
20121008,29.32,30.48,29.14,30.43,4615100
20121009,30.81,31.1,30.58,30.59,4770300
20121010,30.81,30.92,30.17,30.26,4013800
20121011,30.54,30.85,30.4,30.67,4979700
20121015,30.49,30.81,30.25,30.67,3151700
20121016,30.84,32.05,30.84,31.26,12085300
20121017,31.74,32.29,31.55,31.81,5311200
20121018,31.35,31.93,31.32,31.66,5805900
20121019,31.47,31.66,30.97,30.98,3696900
20121022,31.01,31.41,30.82,30.98,3342300
20121023,30.65,30.76,29.98,30.11,3788800
20121024,30.26,30.43,29.81,29.9,3426800
20121025,31.14,31.68,30.91,31.58,5355900
20121026,31.24,31.78,31.19,31.35,2827800
20121029,31.32,31.55,31.03,31.55,2059200
20121030,31.49,31.94,31.49,31.7,1524100
20121031,31.66,31.94,31.35,31.7,6695900
20121101,31.72,32.53,31.63,32.5,5986000
20121105,31.94,32.41,31.91,32.21,3483400
20121106,32.39,32.69,32.1,32.36,4644600
20121107,32.32,32.5,31.63,32.02,7627600
20121108,32.33,32.34,31.21,31.3,7125500
20121109,31.39,31.74,31.09,31.58,3665400
20121112,31.49,31.8,31.08,31.32,3142100
20121113,31.07,31.67,30.75,31.54,5554800
20121114,31.31,31.55,30.7,30.97,4609100
20121116,30.62,30.68,29.98,30.03,7060200
20121119,30.48,30.85,30.31,30.43,3765100
20121121,30.76,30.91,30.25,30.86,8160100
20121122,31,31.03,30.69,30.72,1225700
20121123,30.71,31.26,30.64,31.25,2836000
20121126,31.24,31.28,30.69,30.99,3600400
20121127,31.21,31.47,30.88,30.88,4924100
20121128,30.39,30.99,30.28,30.36,6280400
20121129,30.81,31.74,30.77,31.71,4628200
20121130,31.58,31.83,31.12,31.83,4973700
20121203,31.77,31.98,31.16,31.64,5178400
20121204,31.87,31.87,31.07,31.07,5001400
20121205,31.53,31.69,31.21,31.58,5251600
20121206,31.52,31.7,31.24,31.36,2463600
20121207,31.63,32.02,31.52,31.73,3255700
20121210,31.41,32.29,31.41,32.29,3267100
20121211,32.45,33.01,32.2,33.01,3597700
20121212,33.01,33.66,32.91,33.35,6355000
20121213,33.02,33.64,32.85,33.54,4283000
20121214,33.79,34.88,33.74,34.88,4361800
20121217,34.87,35.55,34.78,35.55,3296100
20121218,35.74,36.4,35.62,36.25,5741600
20121219,36.23,36.87,35.35,35.6,4820000
20121220,35.4,35.81,35.1,35.77,2559600
20121221,34.94,35.47,34.88,35.46,3016600
20121226,35.01,36.05,35,35.7,1415700
20121227,35.4,36.06,35.35,35.69,2081800
20121228,35.69,35.95,35.5,35.79,2474000
20130102,36.4,37.89,36.4,37.33,4051600
20130103,36.82,37.31,36.7,36.7,4114500
20130104,36.69,36.7,35.65,36,5639400
20130107,36,36.3,35.24,35.42,3028400
20130108,35.36,35.75,35.1,35.14,2628300
20130109,35.31,35.6,35.01,35.3,2286200
20130110,35.39,35.73,35.35,35.67,2977100
20130111,35.34,35.57,34.65,34.94,2993000
20130114,35.22,35.29,34.73,35.07,4076900
20130115,34.79,35.11,34.54,34.84,2570800
20130116,34.9,34.9,34.12,34.62,2950800
20130117,34.38,34.91,34.33,34.69,2802100
20130118,34.78,34.96,34.31,34.38,2493600
20130121,34.45,34.51,34.11,34.35,905500
20130122,34.45,34.83,34.24,34.83,2613100
20130123,34.92,34.99,34.46,34.58,3030800
20130124,34.71,34.84,33.63,33.86,3315900
20130128,33.76,33.81,32.79,32.84,2786800
20130129,33.02,33.31,32.52,33.22,3199600
20130130,33.18,33.22,32.76,32.8,4795800
20130131,32.84,34.12,32.84,34.08,6118300
20130201,34.08,34.8,34.08,34.58,3924300
20130204,34.35,34.51,33.79,34.24,5490000
20130205,34.21,34.93,33.29,33.61,4221200
20130206,33.76,34.21,33.35,33.99,3788200
20130207,33.69,34.21,32.96,33.04,3617500
20130208,33.23,33.39,32.75,33.3,3130400
20130213,33.47,33.47,32.98,33.11,2836700
20130214,33.11,33.11,32.46,32.66,3860900
20130215,32.59,32.74,32.22,32.42,2819200
20130218,32.48,32.48,31.98,32.2,1877600
20130219,32.31,32.75,31.87,31.87,3147800
20130220,31.86,31.91,30.85,30.85,3881400
20130221,30.48,31.07,30.3,31.07,5027700
20130222,31.1,31.29,30.14,30.24,7437700
20130225,30.32,30.67,30.13,30.37,5096100
20130226,30.2,31.11,29.98,30.98,4856800
20130227,31.14,31.32,30.42,31.32,3844000
20130228,30.8,32.3,30.73,32,7819600
20130301,31.33,31.69,31.04,31.11,5637800
20130304,30.69,30.69,29.9,30.17,3620200
20130305,30.47,30.67,30.01,30.01,3950000
20130306,30.39,31.85,30.05,31.66,4038200
20130307,31.91,32.23,31.36,31.64,5138900
20130308,31.35,31.94,30.46,30.76,3784700
20130311,30.89,31.16,30.32,31.04,2558000
20130312,31.04,31.37,30.68,30.72,2339200
20130313,30.69,30.76,29.51,29.51,3125300
20130314,29.73,29.88,28.94,29.63,4622900
20130315,29.72,30.09,29.4,29.4,7225900
20130318,29.16,29.64,28.89,29.64,3142100
20130319,29.09,29.21,28.36,28.43,5137700
20130320,28.64,29.23,28.43,29.08,5170200
20130321,29.01,29.37,28.7,29.32,3986700
20130322,29.41,29.5,29.04,29.38,2361700
20130325,29.46,29.46,28.64,28.99,2883900
20130326,29.2,29.33,28.93,29.16,1992700
20130327,29.13,29.74,28.74,29.74,3071900
20130328,29.58,29.87,29.31,29.54,2989100
20130401,29.47,29.56,28.73,28.73,1960700
20130402,28.95,29,28.09,28.1,5334500
20130403,28.09,29.92,27.99,29.92,6241200
20130404,29.59,29.8,28.86,28.94,4224900
20130405,28.56,29.48,28.31,29.26,4538700
20130408,29.29,29.53,28.85,29.37,6422100
20130409,29.62,30.98,29.62,30.64,7883500
20130410,30.84,31.16,29.5,29.63,8485700
20130411,29.75,29.87,28.69,28.9,5173100
20130412,28.88,30.36,28.22,29.27,6120200
20130415,28.4,28.66,27.48,27.48,4351000
20130416,27.98,28.2,27.67,28.1,5535900
20130417,27.55,28.21,27,28.21,9318200
20130418,28.2,28.49,27.57,27.72,4232100
20130419,28.11,28.28,27.41,27.9,4670600
20130422,27.93,28.3,27.64,28.3,2285700
20130423,28.27,29.15,27.87,29.03,3365600
20130424,29.19,29.87,29.05,29.19,7021900
20130425,30.02,30.38,29.61,29.75,5322900
20130426,29.55,29.72,28.75,28.79,2940300
20130429,29.22,29.61,28.86,29.2,3095700
20130430,29.41,29.77,28.84,29.77,3183500
20130502,29.07,29.42,28.79,29.11,6718200
20130503,29.55,29.98,29.18,29.38,3917500
20130506,29.47,29.82,29.23,29.4,4638200
20130507,29.56,30.29,29.44,30.29,3986600
20130508,30.24,30.69,30.19,30.38,4538300
20130509,30.12,30.78,30.12,30.55,5346900
20130510,30.41,30.59,29.69,29.76,4085900
20130513,29.52,29.69,29.06,29.06,3024600
20130514,29.18,29.2,28.39,28.5,3531800
20130515,28.35,28.46,27.73,27.9,19256600
20130516,27.79,27.91,27.15,27.25,4922700
20130517,27.78,27.87,27.41,27.51,2716800
20130520,27.52,28.59,27.25,28.59,4289700
20130521,28.7,28.91,28.35,28.81,2459500
20130522,28.85,29.15,28.06,28.35,5169100
20130523,27.59,27.82,27.35,27.82,4381800
20130524,27.45,27.67,27.39,27.55,3298600
20130527,27.55,27.79,27.46,27.68,603400
20130528,27.99,27.99,27.2,27.2,3369000
20130529,26.94,27.31,26.83,26.99,5896700
20130531,27.42,27.52,26.37,26.46,7511200
20130603,26.82,27.5,26.76,27.46,4656900
20130604,27.81,27.88,27.06,27.81,5595100
20130605,27.51,27.79,26.79,26.87,3997000
20130606,26.9,27.19,26.46,27.19,5668800
20130607,26.64,27.31,26.63,26.74,4315700
20130610,26.59,26.79,26.36,26.47,7958000
20130611,26.06,26.19,25.81,25.82,5709200
20130612,26.08,26.09,25.28,25.54,6932600
20130613,25.48,26.9,25.47,26.85,5293600
20130614,26.9,27.22,26.13,26.14,4633300
20130617,26.51,26.78,26.33,26.42,3616200
20130618,26.25,27.22,26.1,26.97,3715900
20130619,26.86,27.15,26.66,26.69,5169800
20130620,26.02,27.03,25.78,26.9,8595900
20130621,26.38,26.96,26.25,26.46,10023100
20130624,25.94,26.13,24.87,25.11,5899800
20130625,25.46,25.8,25.2,25.55,3451300
20130626,25.64,25.75,24.63,24.73,3885700
20130627,24.86,25.23,24.72,24.73,4244900
20130628,24.72,25.42,24.53,25.29,9751500
20130701,25.13,25.85,25.13,25.63,3178900
20130702,25.29,25.71,24.49,24.77,6665200
20130703,24.64,25.2,24.35,24.67,4633600
20130704,25.25,25.79,25.25,25.61,2301300
20130705,25.07,25.33,24.24,24.94,4380400
20130708,24.99,25.2,24.48,24.67,3022700
20130710,25.22,25.59,24.91,25.18,5922600
20130711,26.01,26.46,25.94,26.35,5328600
20130712,26.25,26.26,25.87,25.93,2901200
20130715,26.38,26.38,25.95,26.19,2345000
20130716,26.44,27.19,26.33,27.14,4742600
20130717,27.34,27.92,27.29,27.67,7150200
20130718,27.51,28.05,27.41,27.51,4526800
20130719,27.21,27.5,26.69,26.86,3407000
20130722,26.81,27.42,26.78,27.3,3764300
20130723,27.59,27.9,27.41,27.83,2987400
20130724,27.81,28.02,27.45,27.73,3968300
20130725,27.46,28.06,27.42,28.04,6813800
20130726,27.91,28.13,27.56,28.04,3365800
20130729,27.78,28.05,27.59,27.67,4128600
20130730,27.61,27.89,26.99,26.99,6357300
20130731,26.93,27.28,26.88,26.96,3004500
20130801,27.39,27.59,27.18,27.23,3013500
20130802,27.21,27.67,27.03,27.16,3471100
20130805,27.16,27.68,27.12,27.42,2673700
20130806,27.33,27.45,26.91,27.21,5013900
20130807,27.04,28.06,27,27.81,3644500
20130808,28.09,29.11,28.09,28.84,5463300
20130809,29.2,30.58,29.1,30.2,9766900
20130812,30.44,31.18,30.38,30.85,7798500
20130813,31.26,31.45,30.65,30.95,6090400
20130814,30.83,31.53,30.73,31.1,8873300
20130815,30.64,31.75,30.61,31.42,13060100
20130816,31.47,31.89,31.29,31.81,5888400
20130819,31.55,32.04,31.38,31.65,6721200
20130820,31.21,31.51,30.75,30.75,5575500
20130821,30.51,30.97,30.14,30.43,5022500
20130822,31.05,31.65,30.84,31.51,4988300
20130823,31.45,31.66,31.04,31.39,6163600
20130826,31.09,31.68,31.09,31.2,3669900
20130827,30.85,31.13,30.56,30.65,4579900
20130828,30.68,30.79,29.77,30.28,4565300
20130829,30.25,30.41,29.54,29.55,4668900
20130830,29.64,29.92,29.24,29.92,5371200
20130902,30.67,31.04,30.34,30.96,3009300
20130903,30.9,31.2,30.62,31.16,3886500
20130904,30.78,31.29,30.6,31.29,3290800
20130905,31.12,31.44,30.78,31.28,2904600
20130906,31.53,31.64,30.96,31.18,3367300
20130909,31.2,32.33,31.04,32.11,4707500
20130910,32.16,33.3,32.14,32.9,9664400
20130911,32.88,33.24,32.03,32.28,7129500
20130912,32.28,32.37,31.77,32.11,3951700
20130913,32.15,32.15,31.51,31.72,3665000
20130916,31.9,32.1,31.47,31.63,3133300
20130917,31.52,31.76,31.12,31.71,3155300
20130918,31.63,31.88,31.36,31.75,4443900
20130919,32.01,32.01,31.31,31.62,3789400
20130920,31.46,31.6,30.82,31,4911600
20130923,31.08,31.59,30.95,31.3,2418300
20130924,31.37,31.37,30.7,30.81,4377000
20130925,30.81,31.21,30.81,31.07,3388200
20130926,31.12,31.37,30.88,31.29,2143500
20130927,31.1,31.2,30.43,30.56,4673400
20130930,29.99,30.38,29.74,29.95,3991700
20131001,30.2,30.2,29.39,29.99,4047400
20131002,29.77,30.21,29.64,29.99,2311300
20131003,30.03,30.29,29.4,29.59,3928400
20131004,29.66,29.9,29.17,29.9,3925200
20131007,29.63,29.95,29.47,29.63,3629100
20131008,29.64,29.64,29.13,29.21,5262100
20131009,29.44,29.44,28.52,28.85,3579100
20131010,29.06,29.2,28.63,29.07,3656000
20131011,28.94,29.47,28.89,29.35,2236000
20131014,29.11,30.75,28.99,30.72,4882000
20131015,30.7,31.53,30.45,30.97,9481100
20131016,30.86,31.11,30.65,30.8,3543500
20131017,30.51,31.49,30.51,31.17,13674700
20131018,31.41,31.71,30.98,31.19,12632500
20131021,31.47,31.68,31.22,31.58,3359700
20131022,31.55,32.36,31.38,32.04,4087500
20131023,31.78,31.78,31.1,31.29,3724400
20131024,31.29,31.57,31.01,31.29,3496800
20131025,31.16,31.32,30.81,31.31,15370000
20131028,31.33,31.68,31.17,31.52,6575900
20131029,31.78,31.78,31.02,31.37,2751900
20131030,31.55,31.7,31.06,31.26,3246800
20131031,31.37,31.91,31.14,31.91,5552500
20131101,31.97,32.94,31.92,32.94,6015200
20131104,32.84,33.83,32.84,33.83,5160400
20131105,33.97,34.33,33.75,33.77,4536500
20131106,34.1,34.45,33.94,34.34,6145800
20131107,34.47,34.75,33.01,33.23,6861300
20131108,32.94,33.23,32.61,32.8,5732600
20131111,32.8,33.28,32.61,32.98,4376300
20131112,33.03,33.12,31.77,31.95,10050600
20131113,31.51,31.9,30.97,31.72,8964700
20131114,32.02,32.33,31.72,32.03,4309400
20131118,32.27,32.7,32.07,32.36,3577800
20131119,32.19,32.34,31.66,31.78,3922900
20131121,31.27,31.74,31.16,31.26,3241700
20131122,31,31.68,30.97,31.54,3159100
20131125,31.67,31.7,30.84,30.93,3777100
20131126,30.8,30.97,29.94,29.94,4935600
20131127,30.26,30.96,30.08,30.56,6180200
20131128,31.72,31.73,31.22,31.42,2199400
20131129,31.56,32.02,31.39,32.02,3456800
20131202,31.52,31.85,31.28,31.61,4800100
20131203,31.29,31.79,31.22,31.31,3351200
20131204,31.58,31.74,31.31,31.44,2978800
20131205,31.45,32.18,31.45,31.81,3873400
20131206,32.14,32.2,31.68,31.74,3369300
20131209,31.72,32.09,31.66,32.05,2370500
20131210,31.95,32.31,31.56,31.62,2500300
20131211,31.63,31.67,30.97,30.97,2312900
20131212,31.24,31.24,30.59,30.84,4072000
20131213,31.24,31.24,30.46,30.64,3700800
20131216,30.64,30.96,30.59,30.7,2566400
20131217,30.5,31.07,30.47,30.59,3009300
20131218,30.86,30.86,30.48,30.68,5233900
20131219,31.06,31.34,30.72,31.34,2736400
20131220,31.02,31.31,30.57,30.75,4849600
20131223,30.75,30.99,30.59,30.85,1978500
20131226,31.09,31.15,30.82,30.98,2185300
20131227,31.14,31.85,31.03,31.69,4125700
20131230,32.03,32.23,31.7,31.88,2563100
20140102,32.05,32.18,30.86,31.07,4390300
20140103,31.07,31.07,30.18,30.18,9141000
20140106,30.02,30.43,29.81,30.43,4520600
20140107,30.36,30.66,29.56,29.68,4318900
20140108,29.89,30.03,29.7,29.89,2689300
20140109,29.89,29.89,28.7,28.82,5331900
20140110,28.8,29.33,28.72,28.79,4195900
20140113,28.62,28.97,28.45,28.6,4244400
20140114,28.53,28.8,28.32,28.58,4353800
20140115,28.65,29.03,28.41,28.97,4740800
20140116,29.44,29.78,29.09,29.31,4040500
20140117,29.29,29.42,28.89,29,4032000
20140120,28.71,28.96,28.17,28.38,1652600
20140121,28.44,28.47,27.7,27.74,5391400
20140122,27.97,28.57,27.77,28.39,5161000
20140123,27.94,28.39,27.6,27.61,8139700
20140124,27.5,28.03,27.45,27.89,8290500
20140127,27.97,28.08,27.4,27.78,4238600
20140128,28.37,28.62,28.25,28.34,4772600
20140129,28.34,29.97,28.1,29.55,8922600
20140130,29.56,29.8,28.93,29.01,5604700
20140131,28.72,29.6,28.6,29.5,4559200
20140203,29.43,29.46,28.64,28.68,4110000
20140204,29.03,29.41,28.54,29.16,3532700
20140205,29.23,30,29.15,29.9,7054400
20140206,30.35,31.05,30.07,30.58,6212900
20140207,30.6,30.91,30.16,30.39,3895800
20140210,30.29,30.73,29.97,30.03,3848600
20140211,30.35,30.91,29.99,30.79,5512800
20140212,30.93,31.13,30.62,30.76,5853900
20140213,30.57,30.75,30.18,30.64,6414100
20140214,30.8,31.2,30.57,31.1,4724200
20140217,31.21,31.32,30.79,30.79,1369500
20140218,30.93,31.41,30.8,30.86,7515100
20140219,30.84,31.32,30.68,31.17,5316100
20140220,31,31.16,30.8,30.81,5843300
20140221,31.02,31.14,30.71,30.89,3880500
20140224,30.86,30.86,30.05,30.06,3897900
20140225,29.64,29.67,28.91,29.02,3715200
20140226,29.07,29.42,28.72,29.03,4834000
20140227,29.55,29.95,29.15,29.47,3877400
20140228,29.49,29.64,29.07,29.46,7171400
20140305,28.88,29.22,28.35,28.43,3195500
20140306,28.66,28.72,28.33,28.34,5463300
20140307,28.12,28.28,27.17,27.27,5466500
20140310,26.79,26.95,26.33,26.81,7961300
20140311,27.05,27.22,26.31,26.38,5624800
20140312,26.33,27.06,26.16,26.88,5236300
20140313,27,27.28,26.08,26.15,4895900
20140314,26.19,26.48,25.96,26.12,4917300
20140317,26.13,26.82,26.11,26.16,3554500
20140318,26.36,26.76,26.13,26.61,4692400
20140319,26.6,26.97,26.31,26.43,6316100
20140320,26.32,26.89,26.12,26.67,6236800
20140321,26.51,27.47,26.47,27.16,6243800
20140324,27.31,27.47,27.03,27.3,4437800
20140325,27.67,27.86,27.39,27.51,5788600
20140326,27.89,27.95,27.19,27.2,5282100
20140327,27.59,27.84,27.35,27.77,6924600
20140328,27.94,28.13,27.41,27.68,5312800
20140331,27.94,28.56,27.94,28.05,5954700
20140401,28.3,28.42,27.72,27.99,5557800
20140402,27.99,29.47,27.97,29.04,11279600
20140403,28.92,29.51,28.67,29.38,6135300
20140404,29.59,29.77,28.99,28.99,6169700
20140407,29.45,29.84,29.18,29.76,3763900
20140408,30.05,30.74,29.57,29.69,5925900
20140409,29.64,29.87,29.22,29.44,4043600
20140410,29.37,29.54,29.01,29.28,2960400
20140411,29.12,29.43,28.7,29.43,4172600
20140414,29.47,29.67,29.24,29.36,4118100
20140415,29.18,29.6,27.76,28.39,7168900
20140416,28.59,28.83,28.38,28.52,3224200
20140417,28.59,29.28,28.49,29.05,2735900
20140422,28.79,28.79,28.18,28.18,5726300
20140423,28.17,28.27,27.72,27.8,3524800
20140424,27.99,28.59,27.78,28.26,3242400
20140425,28.08,28.17,27.6,27.82,4635200
20140428,27.45,27.53,26.74,27.15,3554100
20140429,27.42,27.49,27.18,27.33,3839800
20140430,26.96,27.23,26.36,26.98,8176700
20140502,27.17,27.89,26.96,27.71,6526300
20140505,27.8,27.94,27.32,27.63,2406700
20140506,27.44,27.92,27.33,27.37,3216400
20140507,27.43,27.75,27.23,27.5,3228200
20140508,27.66,27.71,26.82,27.04,3723400
20140509,27.09,27.23,26.82,26.82,3246200
20140512,27.44,28.17,27.25,28.08,3127000
20140513,28.04,28.38,27.9,28.13,3065200
20140514,28.21,28.89,28.19,28.81,3719000
20140515,28.68,28.84,28.28,28.54,2678800
20140516,28.31,28.32,27.7,27.9,3635200
20140519,27.62,27.62,27.03,27.04,3851500
20140520,27.03,27.21,26.48,26.48,3977800
20140521,26.8,26.97,26.51,26.51,2896700
20140522,26.78,27.36,26.77,26.93,2575400
20140523,27.06,27.15,26.72,26.85,2502600
20140526,27.03,27.32,26.97,27.16,927400
20140527,27.03,27.26,26.7,26.7,3132600
20140528,26.67,26.84,26.48,26.7,3760400
20140529,26.84,26.93,26.48,26.93,1818000
20140530,26.29,26.56,25.96,26.06,6069000
20140602,26.4,26.95,26.29,26.74,3089700
20140603,26.74,26.8,26.32,26.48,1992800
20140604,26.43,26.83,26.39,26.54,2945200
20140605,26.54,26.82,26.38,26.41,2882700
20140606,26.98,27.16,26.74,26.95,6892600
20140609,26.99,27.35,26.94,27.19,5506200
20140610,27.24,27.3,26.69,27.02,5001500
20140611,27.44,27.47,26.9,27.2,3670700
20140613,26.38,26.65,26.14,26.25,4585300
20140616,26.38,26.38,25.89,26.08,3254100
20140617,26.07,26.14,25.93,26.11,2550400
20140618,26.15,26.58,26.09,26.48,5681600
20140620,26.43,26.6,26.15,26.4,2126600
20140623,26.71,26.96,26.53,26.71,2692000
20140624,26.71,26.88,26.28,26.35,3574800
20140625,26.24,26.68,26.13,26.3,1970800
20140626,26.6,27.3,26.6,26.93,3147000
20140627,26.88,27.11,26.61,26.67,1856800
20140630,26.62,26.91,26.44,26.83,2898100
20140701,27.07,27.5,27.07,27.21,2842300
20140702,27.35,28.02,27.28,27.94,6069200
20140703,28.05,28.8,28.05,28.49,5200300
20140704,28.61,28.68,28.45,28.65,708300
20140707,28.45,28.64,28.09,28.27,2539800
20140708,28.4,28.47,28.05,28.27,1739300
20140710,28.28,28.43,28,28.27,4147800
20140711,28.27,28.45,27.9,28.17,2503000
20140714,28.4,28.63,28.27,28.32,4632700
20140715,28.36,28.72,28.36,28.5,3295400
20140716,28.79,29.44,28.79,29.29,5259000
20140717,29.18,29.3,28.85,28.89,3712200
20140718,29.37,29.37,28.82,28.86,4786500
20140721,28.9,29.11,28.66,28.96,3176000
20140722,29.18,29.5,29.18,29.25,3810500
20140723,29.18,29.56,29.11,29.12,2656000
20140724,29.42,29.92,29.36,29.68,3285000
20140725,29.64,29.83,29.6,29.72,1925200
20140728,29.89,30.33,29.89,30.12,5104000
20140729,30.28,30.51,30.12,30.21,3000500
20140730,30.24,30.28,29.5,29.57,4955200
20140731,29.45,30.24,29.39,29.87,4675100
20140801,29.78,29.87,29.05,29.16,3871300
20140804,29.24,29.5,28.95,29.5,3203300
20140805,29.37,29.37,28.96,29.02,3022200
20140806,29.03,29.43,28.95,29.18,2633700
20140807,29.41,29.5,28.94,29,2363200
20140808,28.91,29.28,28.78,29.01,3061800
20140811,29.37,29.65,29.22,29.22,3911100
20140812,29.23,29.41,29.11,29.38,3624600
20140813,29.14,29.2,28.45,28.76,5449200
20140814,28.54,28.68,27.78,28.07,5994000
20140815,28.36,28.54,28.14,28.45,2939800
20140818,28.63,28.72,28.27,28.67,2469300
20140819,28.49,28.94,28.37,28.68,2893000
20140820,28.81,29.28,28.68,29.16,3120100
20140821,29.09,29.33,28.84,28.96,3587400
20140822,28.85,28.86,28.6,28.79,1941000
20140825,28.94,28.94,28.57,28.61,3180100
20140826,28.49,28.8,28.28,28.47,3859400
20140827,28.63,28.65,28.16,28.16,4380300
20140828,27.6,27.74,26.71,26.92,8362000
20140829,27.07,27.21,26.44,26.72,8292000
20140901,27.03,27.07,26.5,26.57,1645800
20140902,26.72,26.89,26.34,26.38,3345900
20140903,26.48,27.07,26.39,26.61,5549300
20140904,26.59,26.67,26.32,26.32,4098400
20140905,26.15,26.32,25.58,25.92,9987000
20140908,25.96,26.02,25.51,25.79,9018400
20140909,25.74,26.51,25.74,26.26,6912900
20140910,26.15,26.4,25.79,26.06,6091900
20140911,26.15,26.2,25.87,26.03,3393700
20140912,25.85,26.38,25.7,26.26,8296100
20140915,26.51,26.83,26.41,26.71,3318900
20140916,26.59,27.14,26.44,26.75,4510400
20140917,27.03,27.07,26.51,26.67,3672100
20140918,26.57,27.08,26.48,26.7,4923600
20140919,26.46,26.68,25.99,25.99,6870700
20140922,25.56,25.56,24.74,25.03,8637500
20140923,25.08,25.43,25.04,25.28,4587500
20140924,25.28,25.74,25.28,25.37,6303500
20140925,25.33,25.33,24.81,25.1,4236400
20140926,25.15,25.29,24.75,24.75,6909600
20140929,24.09,24.77,23.99,24.36,6024500
20140930,24.48,25.21,24.09,24.64,6595800
20141001,24.46,25.25,24.41,24.62,5330000
20141002,24.69,25.55,24.43,25.34,5268100
20141003,25.19,25.38,24.65,24.96,4397600
20141006,25.65,25.82,24.98,25.09,8357800
20141007,25.51,25.54,25.02,25.14,6606600
20141008,25.47,25.5,24.9,25.12,5308800
20141009,25.45,25.45,24.55,24.69,6315700
20141010,24.55,24.69,24.09,24.09,3759700
20141013,24.92,25.81,24.81,25.23,6318400
20141014,25.47,26.37,25.32,25.98,4728800
20141015,25.56,26.04,25.18,25.97,6206500
20141016,25.33,25.52,24.49,25.13,8161300
20141017,25.33,25.69,24.84,25.25,6817000
20141020,25.14,25.26,24.73,25,3525600
20141021,24.77,25.56,24.59,25.39,7346500
20141022,25.39,25.64,25.05,25.39,4046800
20141023,25.05,26.17,24.95,25.85,6845600
20141024,25.51,26.64,25.51,26.04,7047000
20141027,25.31,25.61,24.84,25,13293100
20141028,25.38,25.4,24.6,24.8,7250300
20141029,24.66,24.97,23.49,23.49,10757500
20141030,22.59,22.86,22.29,22.48,5587900
20141031,22.72,23.72,22.59,23.72,5294600
20141103,23.43,23.62,23.06,23.62,6395800
20141104,23.51,23.55,22.58,22.87,4722900
20141105,22.53,23.03,22.25,22.77,5417700
20141106,22.33,22.65,22.11,22.43,5024700
20141107,22.44,23.1,22.44,22.79,3619400
20141110,23.24,23.24,22.1,22.1,2938500
20141111,21.76,21.87,21.13,21.41,5322800
20141112,21.43,21.87,21.34,21.36,7710400
20141113,21.36,21.67,21.3,21.31,4026100
20141114,21.14,21.91,20.93,21.82,6490200
20141117,21.75,21.99,21.58,21.75,3821100
20141118,21.7,21.71,20.88,20.9,6002700
20141119,20.73,21.11,20.56,21.02,8042000
20141121,22,22.86,21.59,22.38,21586000
20141124,22.77,22.89,22.26,22.48,5451000
20141125,22.57,22.73,22.35,22.73,4874900
20141126,22.78,22.81,21.86,21.86,5151500
20141127,22.06,22.52,21.8,21.8,2129700
20141128,22.05,22.43,21.86,22.1,4754200
20141201,21.67,21.85,20.95,21.08,7728900
20141202,21.3,21.57,20.54,20.54,6145800
20141203,20.71,21.06,20.51,20.82,5156800
20141204,20.88,20.88,20.31,20.56,7856700
20141205,20.54,20.91,20.3,20.76,6340100
20141208,20.67,20.74,19.93,20.09,6437100
20141209,19.36,20,19.25,19.64,7290400
20141210,19.58,19.75,18.91,18.91,4695700
20141211,18.9,18.91,18.15,18.37,6276600
20141212,18.28,18.68,17.94,17.94,5595500
20141215,18.07,18.36,17.59,17.73,8698800
20141216,17.39,18.61,17.26,18.35,12351500
20141217,18.54,18.83,18.35,18.7,15000100
20141218,18.97,19,18.45,18.93,9448900
20141219,19.26,20.46,19,20.46,5166100
20141222,20.76,20.88,20.06,20.27,6315200
20141223,20.06,21.15,19.97,21.08,4238500
20141226,21.08,21.26,20.57,20.57,2417400
20141229,20.58,21.11,20.58,20.97,2274100
20141230,21.23,21.45,20.76,20.78,4134300
20150102,20.58,20.82,19.98,20.19,5612900
20150105,19.69,20.04,19.46,19.88,8295300
20150106,20.18,20.99,19.99,20.68,9774000
20150107,21.17,21.64,20.84,21.44,6033900
20150108,21.6,21.7,20.97,21.67,4623300
20150109,21.43,21.68,21.14,21.2,3571100
20150112,20.97,21.49,20.8,21.48,4512700
20150113,21.53,21.94,21.35,21.35,6022900
20150114,20.68,20.87,19.63,19.64,10770100
20150115,19.73,20.17,19.4,19.86,5707000
20150116,19.97,21.08,19.78,20.76,3911000
20150119,20.35,20.57,20.21,20.54,2088400
20150120,20.95,20.95,20.41,20.62,2047600
20150121,20.75,21.13,20.4,20.95,2815600
20150122,21.2,21.69,20.64,20.78,4007100
20150123,20.39,20.49,19.42,19.46,7128900
20150126,18.98,19.08,18.56,18.57,4844000
20150127,18.37,18.54,17.62,18.02,5447200
20150128,17.76,18.35,17.69,17.98,3972900
20150129,18.02,18.22,16.99,17.12,8447200
20150130,16.79,17.72,16.74,17.65,7131500
20150202,17.98,18.8,17.69,18.72,6244700
20150203,19.29,20.13,19.09,19.8,9620100
20150204,19.81,20.08,19.12,19.49,7333200
20150205,19.5,20.08,19.38,19.4,4486300
20150206,19.17,19.57,18.93,19.37,4364200
20150209,19.21,20.74,19.17,20.48,4425200
20150210,20.19,20.5,19.35,19.35,5590700
20150211,19.28,20.09,19.28,20.02,5674300
20150212,20.58,20.75,20.18,20.47,5596600
20150213,20.76,21.53,20.69,21.32,6851900
20150218,21.53,21.82,21.51,21.54,5790600
20150219,21.7,21.7,20.91,20.96,4582500
20150220,21.07,21.54,20.82,21.46,2482200
20150223,20.96,21.13,20.28,20.51,5537800
20150224,20.54,21.14,20.48,20.91,6375200
20150225,20.71,21.12,20.68,21,4706300
20150226,20.75,20.81,19.81,20.16,7328900
20150227,20.25,20.52,20.02,20.16,4924700
20150302,20.07,20.16,19.34,19.5,4530500
20150303,19.65,20.03,19.56,19.72,4368700
20150304,19.43,19.61,19.06,19.34,5950500
20150305,19.33,19.33,18.39,18.5,7099300
20150306,18.45,18.85,18.09,18.58,7272700
20150309,18.43,18.75,18.17,18.54,5316800
20150310,18.15,18.53,18.06,18.12,5689100
20150311,18.15,18.19,17.81,17.89,11122900
20150312,18.14,18.55,17.89,17.89,10300900
20150313,17.64,18.15,17.22,17.91,14047100
20150316,18.09,18.34,17.58,17.93,7563100
20150317,18,18.97,17.99,18.86,8560000
20150318,18.54,18.7,18.15,18.58,9372500
20150319,18.64,18.66,18.17,18.17,3453200
20150320,18.47,19.21,18.11,19.21,10088500
20150323,19.28,19.41,18.86,19.33,4800500
20150324,19.16,19.38,18.41,18.57,5121100
20150325,18.72,18.91,18.29,18.74,4521200
20150326,18.59,18.79,17.95,17.95,6776800
20150327,17.86,17.91,17.24,17.41,5998700
20150330,17.66,17.77,17.29,17.66,4000500
20150331,17.37,17.42,16.91,17.02,4660000
20150401,16.87,16.89,16.48,16.64,10492800
20150402,16.56,17.21,16.29,17.07,6403700
20150406,17.3,17.55,16.96,17.2,4681500
20150407,17.41,18.21,17.33,18.02,11637800
20150408,18.45,18.54,17.67,17.79,6444700
20150409,17.5,17.96,17.25,17.83,7782100
20150410,17.83,17.96,17.47,17.47,3778500
20150413,17.45,17.9,17.11,17.3,4690000
20150414,17.6,18.26,17.6,17.79,6815000
20150415,17.99,18.25,17.65,18.14,8474000
20150416,18,18.26,17.56,17.61,4674500
20150417,17.47,17.67,17.32,17.36,4028500
20150420,17.42,17.67,17.27,17.29,2998200
20150422,17.82,19.07,17.76,18.97,7952200
20150423,18.78,20.72,18.78,20.57,8092800
20150424,21.41,22.97,21.36,22.63,20663500
20150427,22.77,24.2,22.47,22.88,16778800
20150428,23.14,23.54,21.52,21.99,16718500
20150429,21.11,21.33,20.57,20.59,13797800
20150430,20.09,22.2,19.86,22.09,21799200
20150504,23.5,24.17,23.13,24.17,9920300
20150505,24.26,26.44,24.15,26.39,14135800
20150506,26.82,27.2,24.26,24.31,17325100
20150507,24.38,24.77,22.99,23.29,12409400
20150508,23.84,24.09,22.15,22.19,10198700
20150511,22.68,23.35,22.5,22.7,8114400
20150512,22.63,23.01,21.71,21.78,6229100
20150513,21.6,21.83,20.99,21.06,9246300
20150514,21.02,21.5,20.62,20.8,7164900
20150515,20.82,21.11,20.66,20.75,5488400
20150518,20.68,20.97,19.74,19.74,9951100
20150519,19.5,19.73,19.34,19.62,11725800
20150520,19.51,19.97,19.31,19.36,6560600
20150521,19.29,19.99,19.29,19.75,3313600
20150522,19.99,20.18,19.66,19.76,5961500
20150525,19.61,20.34,19.61,20.06,1512600
20150526,20.13,20.65,19.99,20.27,6763200
20150527,20.28,20.49,19.76,20.43,4463000
20150528,20.01,20.24,19.78,20.03,3827200
20150529,19.98,20.18,19.55,19.55,8593400
20150601,19.57,19.88,19.3,19.54,6737200
20150602,19.6,20.87,19.6,20.82,5825900
20150603,20.83,21.01,20.24,20.37,4771500
20150605,19.99,20.47,19.82,20.09,6059100
20150608,20.02,20.14,19.59,19.6,4656400
20150609,19.45,20.11,19.41,19.48,6289800
20150610,20.04,20.82,19.88,20.68,5188100
20150611,20.91,21.18,20.55,20.8,6184700
20150612,20.6,20.78,20.42,20.64,3608400
20150615,20.36,20.51,19.75,19.84,4372800
20150616,19.65,19.68,19.2,19.26,6297400
20150617,19.26,19.34,18.82,18.99,5319800
20150618,19.16,19.89,19.01,19.89,5545400
20150619,19.64,19.85,19.36,19.82,3145800
20150622,19.99,20.02,19.2,19.2,5100900
20150623,19.67,19.67,19.32,19.32,2855000
20150624,19.58,19.68,19.22,19.31,2860700
20150625,19.36,19.39,18.66,18.84,5093500
20150626,18.91,19.14,18.59,19.13,2998200
20150629,18.7,19.01,18.54,18.72,2879400
20150630,18.57,18.72,17.71,17.84,5346300
20150701,17.87,18.15,17.52,17.66,2429200
20150702,17.45,17.9,17.31,17.62,4250400
20150703,17.46,17.63,17.12,17.24,1942500
20150706,17.02,17.24,16.81,17.21,4653300
20150707,17.07,17.6,16.23,17.48,7940000
20150708,16.92,17.38,16.61,16.73,8284000
20150710,17.54,17.6,16.68,16.68,4806000
20150713,16.97,18.06,16.52,18.04,11100400
20150714,17.72,17.76,17.22,17.38,5262000
20150715,17.63,17.74,16.68,16.68,6433400
20150716,16.89,17.25,16.85,17.2,2865700
20150717,17.29,17.3,16.85,17.02,2919400
20150720,16.97,17.47,16.87,16.88,3472900
20150721,16.98,17.58,16.77,17.11,5797200
20150722,16.82,17.03,16.42,16.86,7793300
20150723,16.88,17.48,16.85,16.89,5866900
20150724,16.89,17.11,16.13,16.37,5613100
20150727,16.33,17.11,16,16.34,6222000
20150728,16.74,17.75,16.64,17.64,10641100
20150729,17.94,18.24,17.75,17.89,7373300
20150730,18.63,19.32,16.96,17.02,9972100
20150731,17.09,17.59,16.7,17.43,8483000
20150803,17.37,17.49,16.87,17.15,4242200
20150804,17.47,17.86,17.47,17.65,3889900
20150805,18.19,18.8,18.19,18.54,7720000
20150806,18.29,19.3,18.21,19.09,10316100
20150807,18.97,19.01,17.96,17.96,6610600
20150810,18.09,19.07,17.87,18.87,11625200
20150811,18.38,18.57,17.66,18.14,11477700
20150812,17.94,18.66,17.7,18.45,12435800
20150813,18.53,19.02,17.98,18.02,5992300
20150814,18.04,18.28,17.75,17.75,6519600
20150817,17.65,17.87,17.52,17.56,4277100
20150818,17.6,17.6,16.99,16.99,4392600
20150819,16.97,17.06,16.27,16.42,5190900
20150820,16.49,16.91,16.31,16.74,6094900
20150821,16.53,16.73,16.28,16.28,4976500
20150824,14.76,15.99,14.4,15.02,10704500
20150825,15.74,15.88,14.97,14.97,5986200
20150826,15.34,15.55,14.9,15.5,6596300
20150827,15.8,17.25,15.78,17.25,8352000
20150828,17.02,17.93,16.78,16.88,6207000
20150831,16.6,17.64,16.54,17.47,7681600
20150901,16.88,17.51,16.67,16.67,6385200
20150902,17.08,17.75,16.83,17.66,10593100
20150903,17.73,18.89,17.65,18.26,8803200
20150904,17.89,18.14,17.6,17.79,11929000
20150908,18.5,18.72,18.17,18.46,6503700
20150909,18.92,19.45,18.47,18.59,7710800
20150910,18.24,19.56,18.2,19.45,9651200
20150911,19.73,20.05,18.69,18.97,8178400
20150914,18.84,19.1,18.33,18.67,5681700
20150915,18.63,18.78,18.06,18.14,6052400
20150916,18.35,18.79,18.17,18.57,6510800
20150917,18.41,19.78,18.41,19.01,7176700
20150918,18.98,19.9,18.91,19.42,11201100
20150921,19.51,19.78,19.14,19.44,5204800
20150922,18.97,19.22,18.37,18.98,8150400
20150923,18.98,19.16,18.43,18.43,5322700
20150924,17.89,18.52,17.89,17.99,6058300
20150925,18.2,18.45,17.38,17.48,4415000
20150928,17.26,17.26,16.16,16.18,7550200
20150929,16.38,16.75,16.02,16.07,7689400
20150930,16.54,16.63,15.92,16.17,6656900
20151001,16.39,17.07,16.29,16.79,6025400
20151002,16.66,17.48,16.45,17.38,7094500
20151005,17.65,17.93,17.55,17.69,3560500
20151006,17.89,18.09,17.55,17.86,4547000
20151007,18.82,19.8,18.82,19.65,9643300
20151008,19.57,19.68,19.19,19.56,5874000
20151009,20.02,20.31,19.7,20.27,12004700
20151013,19.47,19.5,18.09,18.12,8791900
20151014,18.24,18.69,18.14,18.24,13340900
20151015,18.39,18.58,17.97,18.5,5299000
20151016,18.76,18.76,18.1,18.32,5286500
20151019,18.31,18.45,17.62,17.71,6627700
20151020,17.81,17.88,17.26,17.52,4101800
20151021,17.51,18.18,17.5,18,3689500
20151022,18.1,18.9,18.07,18.41,7223800
20151023,19.15,19.23,18.25,18.5,8337200
20151026,18.45,18.55,17.74,17.77,5032900
20151027,17.72,17.82,16.86,16.94,7463500
20151028,16.77,16.83,16.31,16.48,9459400
20151029,16.12,16.41,16.05,16.05,5875100
20151030,16.22,16.97,16.21,16.97,6120900
20151103,17.16,17.66,16.75,17.66,7944000
20151104,18.07,18.25,16.98,17.31,7170700
20151105,17.32,17.32,16.55,16.86,5530800
20151106,16.07,16.27,15.51,15.59,10019900
20151109,15.56,15.76,15.28,15.36,2976200
20151110,15.27,15.35,15.05,15.3,4443100
20151111,15.43,15.76,14.98,15.24,3974700
20151112,15.07,15.24,14.92,14.97,5638200
20151113,15.01,15.31,14.92,15.29,3774500
20151116,15.3,15.45,14.91,14.97,4938100
20151117,15.02,15.02,14.41,14.44,4559600
20151118,14.37,14.86,14.27,14.51,5947400
20151119,14.8,14.92,14.42,14.56,3996400
20151123,14.26,14.4,13.99,14.17,5727500
20151124,14.03,14.56,13.81,14.39,4588700
20151125,14.14,14.43,13.99,13.99,5037600
20151126,14.04,14.19,14.02,14.11,3803600
20151127,14.01,14.01,13.23,13.23,5924500
20151130,12.97,13.32,12.53,13.1,13580600
20151201,12.93,13.25,12.52,12.77,6827200
20151202,12.77,12.96,12.18,12.87,9799100
20151203,12.78,13.13,12.67,12.8,7183100
20151204,12.77,12.83,12.09,12.28,6353600
20151207,12.28,12.38,12,12.14,3111800
20151208,11.88,11.88,11.19,11.59,7855300
20151209,11.89,12.35,11.73,12.02,7280600
20151210,12.03,12.61,11.99,12.6,9892200
20151211,12.12,12.35,11.85,12.14,8380400
20151214,12.11,12.48,12.11,12.39,5684100
20151215,12.53,13.05,12.53,12.81,6827500
20151216,12.64,13.4,12.64,13.18,4431700
20151217,13.43,13.53,12.67,12.67,5762700
20151218,12.25,12.89,12.25,12.82,10929300
20151221,13.03,13.29,12.22,12.22,6942100
20151222,12.31,12.56,12.17,12.48,5677800
20151223,13.05,13.5,12.85,13.15,7174800
20151228,12.93,13.1,12.49,12.57,3095800
20151229,12.54,12.74,12.23,12.65,2890100
20151230,12.81,13.07,12.56,12.96,5176200
20160104,12.42,12.91,12.41,12.62,4587900
20160105,12.6,12.77,12.34,12.45,2693500
20160106,12.02,12.04,11.53,11.54,6758900
20160107,11.2,11.31,10.82,10.85,6450400
20160108,11.01,11.19,10.48,10.48,4429400
20160111,10.44,10.7,10.08,10.18,5658100
20160112,10.4,10.4,9.33,9.36,7581600
20160113,9.56,9.8,8.75,8.95,9208300
20160114,9.1,9.68,8.89,9.6,11080500
20160115,9.12,9.46,8.94,9.32,13283400
20160118,9.26,9.66,8.84,8.84,3477600
20160119,9.46,9.57,9.13,9.13,10965000
20160120,8.92,9.26,8.66,9.16,10928000
20160121,9.16,9.75,9.09,9.09,10638200
20160122,9.4,9.7,8.93,8.98,14684700
20160126,8.74,9.01,8.58,8.9,7220500
20160127,8.9,9.58,8.81,9.36,7978500
20160128,9.36,9.86,9.14,9.28,8628400
20160129,9.27,9.77,8.99,9.67,13958500
20160201,9.58,9.69,9.3,9.45,6691400
20160202,9.14,9.26,8.55,8.55,5860700
20160203,8.7,9.13,8.65,8.96,6300800
20160204,9.53,10.54,9.31,10.28,14082200
20160205,10.23,10.73,10.07,10.17,9259100
20160210,9.95,10.36,9.8,10.14,4466400
20160211,9.9,10.01,9.56,9.82,6646600
20160212,10,10.41,10,10.19,5711100
20160215,10.62,10.74,10.45,10.45,2218500
20160216,10.46,11.32,10.46,11.23,7412800
20160217,11.63,12.63,11.45,11.85,12741500
20160218,11.86,12.1,11.43,11.45,9470200
20160219,11.35,12.04,11.31,11.77,7540200
20160222,12.43,13.1,12.36,13.07,12431000
20160223,12.91,13.37,12.25,12.31,9977100
20160224,11.71,11.89,11.43,11.65,8503200
20160225,11.11,11.56,10.85,10.96,7333900
20160226,11.33,11.48,10.83,10.94,5763400
20160229,11.17,11.96,11.13,11.75,12513200
20160301,12.13,12.89,12.07,12.74,14126700
20160302,12.74,14.14,12.67,14.14,15826600
20160303,14.4,16.01,13.85,15.54,17302900
20160304,16.63,18.23,15.95,16.46,27180100
20160307,17.66,18.5,16.59,17.49,20198100
20160308,16.72,17,14.95,14.95,17884700
20160309,15.25,15.45,13.97,14.42,11891900
20160310,14.92,14.92,13.21,13.93,11073200
20160311,14,14.57,13.67,13.8,11250900
20160314,13.83,14.07,13.21,13.37,8796800
20160315,12.92,13.44,12.74,13.41,9670100
20160316,13.45,14.79,13.34,14.74,10124800
20160317,15.54,15.93,14.7,15.42,13691200
20160318,15.81,16.02,14.86,15.25,14104200
20160321,15.41,15.8,14.79,15.07,7903300
20160322,14.91,15.52,14.87,15.35,6189800
20160323,15.21,15.29,13.98,14.04,8206000
20160324,13.92,15.13,13.61,14.97,7881400
20160328,15.64,15.64,14.7,15.09,6656400
20160329,15.02,15.32,14.36,15.01,7935500
20160330,15.3,16.27,15.24,15.46,8509600
20160331,15.12,15.48,14.77,15.07,8309600
20160401,14.81,15.84,14.57,15.43,7251700
20160404,15.53,15.83,14.67,14.71,6283400
20160405,14.42,15.44,14.38,15.21,5381700
20160406,15,15.41,14.83,14.99,6265000
20160407,15.34,15.39,14.77,14.93,4700200
20160408,15.42,16.25,15.28,16.15,6363200
20160411,16.37,17.25,16.36,16.88,9942000
20160412,17.41,19,17.29,18.64,8875000
20160413,19.66,20.48,19.2,19.47,12925000
20160414,19.81,19.94,17.93,18.1,8690800
20160415,18.3,18.85,17.67,18.5,7250400
20160418,18.6,19.37,18.46,18.95,6643600
20160419,19.65,20.8,19.52,20.35,6948300
20160420,20.46,22.07,20.42,21.65,12471400
20160422,19.91,20.46,19.09,19.23,15505800
20160425,19.1,19.1,17.93,17.97,13922800
20160426,18.03,18.91,17.26,18.59,16005300
20160427,18.61,19.53,18.08,19.35,15683400
20160428,20.36,20.77,19.35,19.69,11614100
20160429,20.15,20.82,19.59,19.59,12302400
20160502,20.04,20.2,19,19.77,5886000
20160503,19.04,19.3,18.36,18.56,7247100
20160504,17.51,18.07,17.11,17.31,11885400
20160505,17.71,17.74,16.21,16.57,12063100
20160506,16.28,17.34,16.08,16.79,10337900
20160509,16.02,16.25,14.97,15.15,12502600
20160510,15.52,15.88,15.05,15.79,7976700
20160511,16.14,16.36,15.5,15.86,6653200
20160512,15.98,16.16,15.14,15.36,4627400
20160513,15.33,15.8,14.52,14.6,10407500
20160516,14.52,15.58,14.52,14.85,5934400
20160517,15.1,15.66,14.53,15.05,8596400
20160518,14.74,15.23,14.61,14.63,6582600
20160519,14.26,14.84,14,14.81,8842200
20160520,15.17,15.31,13.88,14.05,6988500
20160523,13.59,14.6,13.59,14.36,6825700
20160524,14.53,14.71,13.88,13.95,6027800
20160525,14.02,14.64,13.92,14.54,11063500
20160527,14.62,14.83,14.21,14.21,4057000
20160530,14.31,14.39,14.04,14.2,1066600
20160531,14,14.85,13.87,14.14,10874600
20160601,14.02,14.42,13.73,14.35,4897500
20160602,14.29,14.87,14.13,14.87,4863000
20160603,15.18,16.23,15.03,16.15,7053400
20160606,16.52,16.84,16.16,16.8,6318700
20160607,16.75,17.26,16.39,16.48,5563500
20160608,16.69,17.07,16.49,16.91,6014400
20160609,16.71,16.71,15.41,15.62,11393100
20160610,15.06,15.24,14.74,14.87,5897800
20160613,14.58,15.41,14.42,15.12,6370700
20160614,15.03,15.31,14.34,14.55,7422100
20160615,14.72,15.43,14.68,14.92,9533500
20160616,14.71,15.32,14.56,15.15,6322600
20160617,15.56,15.85,15,15.2,8578000
20160620,15.69,15.92,15.43,15.49,4169100
20160621,15.54,15.59,15.03,15.52,3914900
20160622,15.73,16.15,15.72,15.77,4866900
20160623,16.17,16.55,15.87,16.5,4074900
20160624,15.4,15.75,15.02,15.13,8437800
20160627,15.23,15.37,14.53,14.72,5211600
20160628,15.12,15.61,15.09,15.38,5291900
20160629,15.8,15.96,15.57,15.63,4862100
20160630,15.81,16.25,15.64,16.18,6935200
20160701,16.22,16.73,15.88,16.53,5212600
20160704,16.77,17.06,16.77,16.88,1566900
20160705,16.52,16.94,15.86,15.98,5500000
20160706,15.76,16.24,15.43,16.2,4106900
20160707,16.26,16.65,15.65,15.94,5596000
20160708,16.17,16.56,16.03,16.1,3888500
20160711,16.46,16.86,16.38,16.77,4772400
20160712,17.35,17.83,17.28,17.6,9430000
20160713,17.66,17.83,16.98,17.73,6512800
20160714,18.01,18.01,16.96,17.26,8929700
20160715,17.27,17.58,17.04,17.25,3793400
20160718,17.26,17.51,16.94,17.49,4327600
20160719,17.15,17.24,16.42,16.75,8184900
20160720,16.74,16.94,16.31,16.42,7392300
20160721,16.8,17.45,16.75,17.31,7498400
20160722,17.19,17.27,16.66,17.06,4490900
20160725,17.25,17.36,16.85,17.33,5158900
20160726,17.37,18.5,17.3,18.32,9235200
20160727,18.5,18.99,18.5,18.82,5252700
20160728,18.96,19.1,18.28,18.94,9007200
20160729,18.8,18.8,18.02,18.4,7539600
20160801,18.7,18.98,17.81,17.81,6632500
20160802,17.92,18.38,17.56,17.9,4144400
20160803,17.82,18.82,17.56,18.72,7525500
20160804,18.48,18.99,18.27,18.66,6882600
20160805,19.01,19.12,18.63,18.87,4211800
20160808,18.95,19.28,18.66,18.88,3464700
20160809,18.95,19.29,18.81,18.89,5245300
20160810,19.09,19.12,18,18,9242800
20160811,18.05,18.34,17.81,18.31,6113100
20160812,18.24,18.28,17.68,17.87,5897400
20160815,17.99,18.39,17.92,18.33,3694600
20160816,18.48,19.15,18.45,18.88,5071200
20160817,18.7,19.08,18.32,19.02,5327400
20160818,19.04,19.24,18.57,18.82,4059100
20160819,18.8,19.19,18.58,18.98,4209100
20160822,18.84,18.84,18.18,18.28,4819400
20160823,18.65,19.1,18.6,18.65,5826600
20160824,18.5,18.7,17.93,18.05,6921900
20160825,18.1,18.44,18,18.08,7033400
20160826,18.21,18.5,17.46,17.62,5960600
20160829,17.76,18.2,17.66,18.01,4511200
20160830,18.02,18.09,17.52,17.56,3482300
20160831,17.56,17.61,16.75,16.85,9378900
20160901,16.96,17.44,16.93,17.35,5299600
20160902,17.61,18.27,17.56,18.14,6863400
20160905,18.29,18.29,17.76,17.81,2501900
20160906,17.9,18.22,17.6,18.17,5128100
20160908,17.92,18.07,17.57,17.7,8029800
20160909,17.57,17.62,16.77,16.77,5754200
20160912,16.75,17.46,16.49,17.4,7151900
20160913,16.99,17.05,16.07,16.18,8040500
20160914,16.41,16.77,16.27,16.55,3636800
20160915,16.69,16.91,16.36,16.55,2237800
20160916,16.49,16.51,16.13,16.32,5275000
20160919,16.66,16.83,16.4,16.57,3275600
20160920,16.63,16.71,16.29,16.61,3347000
20160921,17.12,17.56,17.01,17.56,7602900
20160922,17.77,17.87,17.23,17.46,5344400
20160923,17.38,17.75,17.22,17.56,4752400
20160926,17.3,17.59,17.29,17.35,2328100
20160927,17.26,17.54,17.01,17.51,3165000
20160928,17.59,18.12,17.56,18.09,4911700
20160929,18.11,18.32,17.78,17.9,4370300
20160930,17.93,17.99,17.57,17.72,4517200
20161003,17.76,18.17,17.66,18.01,3674400
20161004,18.1,18.2,17.47,17.56,5313300
20161005,17.79,17.92,17.62,17.77,3206900
20161006,17.75,17.86,17.61,17.71,4175600
20161007,17.88,18.18,17.63,17.91,10035600
20161010,18.14,18.99,18.06,18.95,8869200
20161011,18.78,19,18.3,18.5,9724100
20161013,18.15,18.15,17.61,17.66,18403100
20161014,18.01,18.23,17.88,17.93,6778500
20161017,18,18.35,17.89,18.14,5163600
20161018,18.4,18.78,18.24,18.67,9580800
20161019,18.66,18.82,18.41,18.52,4573100
20161020,18.57,19.07,18.55,19,9474800
20161021,19.05,20.09,18.78,19.81,16069400
20161024,20.19,20.5,19.92,20.19,7251300
20161025,20.72,21.24,20.51,21.24,11607500
20161026,20.99,21.75,20.71,21.66,10290600
20161027,21.99,22.19,21.55,21.89,10148800
20161028,21.74,22.35,21.72,22.03,9967500
20161031,22.04,22.22,21.55,21.97,6545600
20161101,22.25,22.53,21.46,22.18,7503800
20161103,21.94,22.54,21.77,21.85,8953400
20161104,21.7,22.01,21.33,21.5,7433500
20161107,22.27,23.09,22.08,23.01,5148700
20161108,22.89,24.17,22.86,23.85,4850600
20161109,23.48,25.76,23.2,24.87,13524400
20161110,25.83,27.27,25.67,26.73,10367700
20161111,27.55,27.87,25.67,25.85,15173900
20161114,25.69,26.6,25.43,26.32,7093100
20161116,24.96,25.19,24.04,25.02,7501900
20161117,25.36,25.47,24.61,24.61,8337800
20161118,24.47,24.74,23.6,24.44,6893800
20161121,24.62,25.77,24.52,25.7,6291900
20161122,26.93,27.74,26.76,27.63,7431700
20161123,27.61,28.22,27.2,28.03,6486000
20161124,28.14,28.38,27.45,27.45,2690500
20161125,27.39,28.75,27.37,28.75,6218900
20161128,28.85,30.85,28.44,30.85,8817900
20161129,30.27,30.29,28.71,29.03,9459400
20161130,28.83,29.4,27.78,27.92,14907900
20161201,28.92,30.09,27.77,28.32,11799200
20161202,27.81,29.49,27.45,29.49,9537100
20161205,29.77,30.15,29.21,29.6,4397400
20161206,29.32,30,29.13,30,4878800
20161207,30.88,31.48,30.43,31.03,6300800
20161208,31.3,31.65,30,30.13,5145300
20161209,30.28,30.4,29.46,29.61,5973500
20161212,29.79,30.05,29.19,29.49,3642800
20161213,28.95,29.51,28.06,28.33,6229000
20161214,28.15,28.67,27.5,27.88,7732900
20161215,27.8,28.63,27.34,28.23,5288200
20161216,28.28,28.59,27.75,27.75,6343900
20161219,27.7,27.94,25.99,26.05,6369800
20161220,26.21,26.64,25.92,26.58,4565700
20161221,26.71,26.94,26.22,26.48,3690600
20161222,25.9,26.03,25.21,25.38,3926800
20161223,25.46,25.72,25.18,25.19,4234100
20161226,25.33,26.07,25.14,25.99,854600
20161227,26.23,26.39,25.83,25.86,1967300
20161228,26.21,26.92,26.21,26.68,6264000
20161229,26.68,26.85,25.5,25.68,4778000
20170102,25.28,25.49,25.05,25.06,1118500
20170103,25.51,26.17,25.4,26.17,5658500
20170104,26.06,26.23,25.36,25.7,2144400
