<DTYYYYMMDD>,<OPEN>,<HIGH>,<LOW>,<CLOSE>,<VOL>
20100601,30.25,30.78,30.2,30.31,15764000
20100602,30.31,31.17,30.28,30.96,13599500
20100604,30.24,30.39,29.38,29.52,20025500
20100607,29.66,29.82,28.66,28.75,18113500
20100608,28.98,29.3,28.62,29.06,16434500
20100609,29.38,29.97,29.17,29.17,18268300
20100610,29.58,30.02,29.47,29.75,17983500
20100611,29.58,30.16,29.45,30.07,11359700
20100614,30.39,30.65,29.97,30.1,13378900
20100615,30.25,30.46,30.1,30.46,10833700
20100616,30.24,30.96,30.13,30.17,31381800
20100617,30.39,30.45,29.56,29.75,18863400
20100618,29.81,29.82,29.08,29.35,50219500
20100621,30.32,30.39,30.02,30.21,23193100
20100622,30.23,30.52,30,30,14648100
20100623,30.2,30.38,29.86,30.38,12850700
20100624,30.21,30.29,29.74,29.77,11778700
20100625,29.74,30.26,29.61,30.26,7581500
20100628,30.21,30.38,29.6,29.6,9950200
20100629,28.87,28.94,28,28.17,32540900
20100630,28.22,28.41,27.36,27.36,17756300
20100701,27.53,27.74,26.99,27.56,22697400
20100702,27.93,28.05,27.16,27.43,9862300
20100705,27.48,27.7,26.87,27.14,7870100
20100706,27.86,28,27.07,27.39,18496000
20100707,27.35,28.11,27.1,28.11,18670800
20100708,28.31,28.47,27.82,28.16,17575100
20100712,28.33,28.41,27.48,27.66,13843700
20100713,27.9,28.04,27.45,27.82,15566100
20100714,27.63,27.82,27.36,27.64,14816300
20100715,27.5,27.51,27.12,27.38,15554700
20100716,27.28,27.49,27.07,27.08,13134300
20100719,27.27,27.86,27.17,27.79,19303200
20100720,27.73,29.54,27.68,29.52,54371400
20100721,29.95,30.35,29.53,29.7,25962100
20100722,30.02,30.62,29.99,30.22,19559400
20100723,30.23,30.57,29.84,30.47,13556600
20100726,30.43,30.75,30.28,30.39,10373500
20100727,30.55,30.8,30.11,30.28,13757500
20100728,30.23,30.71,30.13,30.67,11501900
20100729,30.89,31.08,30.65,30.69,16492400
20100730,30.64,31.1,30.33,30.8,19113200
20100802,31.22,31.91,31.19,31.83,21189800
20100803,31.72,32.1,31.63,31.8,12113100
20100804,32.05,32.11,31.4,31.71,14322800
20100805,31.61,31.97,31.54,31.83,12126200
20100806,31.61,31.96,31.59,31.81,11614800
20100809,32,32.08,31.81,31.87,11248300
20100810,31.55,31.61,31.22,31.47,16855800
20100811,30.99,31.02,30.51,30.59,18879300
20100812,30.28,30.91,30.17,30.83,19552100
20100813,30.86,31.31,30.83,30.96,10987000
20100816,30.96,31.51,30.89,31.31,13228500
20100817,31.56,31.81,31.35,31.74,13449600
20100818,31.76,32.01,31.36,31.96,17474300
20100819,31.87,32.27,31.6,31.69,11050700
20100820,31.53,31.76,31.24,31.29,9638000
20100823,31.4,31.59,30.53,30.53,13468000
20100824,30.1,30.19,29.71,29.83,16590800
20100825,29.66,29.84,29.3,29.54,16829600
20100826,29.84,30.15,29.25,29.38,15780300
20100827,29.65,30.31,29.45,30.28,12536800
20100830,30.17,30.26,29.36,29.38,10974900
20100831,29.38,29.92,29.32,29.9,12754100
20100901,30.28,31.25,30.21,31.25,20324000
20100902,31.04,31.41,30.67,30.93,12089400
20100903,31.28,31.36,30.7,30.83,10687900
20100906,30.94,30.94,30.41,30.68,4752100
20100908,30.31,30.42,29.97,30.1,12109000
20100909,30.25,30.52,30.12,30.15,10921400
20100910,30.26,30.26,29.7,29.92,11449500
20100913,30.31,30.8,30.26,30.7,16739900
20100914,30.63,30.88,30.31,30.5,42161200
20100915,30.34,30.67,30.21,30.67,12370800
20100916,30.49,30.7,30.37,30.5,13167500
20100917,30.41,30.64,30.18,30.18,12397900
20100920,30.36,30.75,30.13,30.75,19522300
20100921,30.75,30.94,30.44,30.8,17805300
20100922,30.72,31.58,30.69,31.29,20160700
20100923,31.04,31.87,30.98,31.35,18120200
20100924,31.9,32.44,31.84,32.23,27505400
20100927,32.46,33.08,32.19,32.91,21165200
20100928,32.95,33.27,32.6,33.13,16841600
20100929,32.96,33.31,32.85,33.27,18450100
20100930,33.42,33.61,33.09,33.42,18919500
20101001,33.56,33.81,33.31,33.74,16939400
20101004,33.57,33.75,33.4,33.75,12073500
20101005,33.89,34.29,33.62,34.17,20994300
20101006,34.2,34.52,34.03,34.24,20243600
20101007,34.42,34.43,33.87,34.28,20720100
20101008,34.2,34.39,33.92,34.14,20720800
20101011,33.99,34.45,33.99,34.21,9865900
20101013,34.39,34.54,34.36,34.38,16241900
20101014,34.36,35.04,34.32,34.72,21695500
20101015,34.9,35.06,34.55,34.89,13487000
20101018,34.78,35.85,34.78,35.85,23210800
20101019,35.16,35.73,34.93,35.11,17769700
20101020,35.33,36.12,35.26,36,17223900
20101021,36.07,36.47,34.97,35.29,19062000
20101022,35.47,35.64,34.54,35.22,13391700
20101025,35.52,35.78,35.3,35.41,12252600
20101026,35.3,36.14,34.98,35.93,12202500
20101027,35.68,36.06,35.43,35.58,13283900
20101028,36.29,36.29,34.91,34.98,17740300
20101029,35.05,35.34,34.76,34.87,14276700
20101101,35.06,35.49,34.9,35.3,8207400
20101103,35.63,35.66,35.12,35.22,12739900
20101104,35.56,36.28,35.42,36.04,18822800
20101105,35.93,36.41,35.83,36.01,15228800
20101108,35.96,36.55,35.87,36.33,14696900
20101109,36.52,36.85,36.28,36.28,16212800
20101110,36.07,36.52,35.87,36.4,15755700
20101111,36.44,36.58,36.2,36.5,11970100
20101112,35.93,36.33,35.64,35.86,15713900
20101116,35.6,35.81,34.93,35.23,18982000
20101117,35.33,35.63,35.11,35.28,8906100
20101118,35.74,36.17,35.6,36.11,14321500
20101119,35.79,36.34,35.6,36.19,12486500
20101122,35.9,36.3,35.73,36,11050100
20101123,35.55,35.74,35.09,35.2,12594200
20101124,35.41,36.14,35.41,36.14,12462500
20101125,36.25,36.25,35.96,35.96,5105700
20101126,35.6,35.72,35.4,35.43,9745000
20101129,35.25,35.74,34.98,35.41,10539100
20101130,35.19,35.56,34.92,35.05,16578700
20101201,35.67,36.11,35.51,35.95,14398800
20101202,36.14,36.49,35.87,36.14,11408900
20101203,36.29,36.58,36.07,36.47,13368900
20101206,36.62,36.88,36.55,36.68,8368300
20101207,36.99,37.24,36.66,36.66,12165800
20101208,36.45,36.65,35.96,35.96,20050100
20101209,36.01,36.47,35.91,36.12,11354900
20101210,36.47,36.58,36.2,36.51,11145300
20101213,36.87,37.23,36.73,37.18,14113000
20101214,37.16,37.53,37.01,37.04,11303600
20101215,36.77,36.96,36.46,36.76,15023400
20101216,36.77,37.03,36.34,36.44,12131500
20101217,36.43,36.55,36.24,36.41,10297300
20101220,36.62,36.74,36.36,36.36,13399200
20101221,36.55,36.91,36.53,36.77,7205100
20101222,36.66,36.73,36.44,36.69,9281000
20101223,36.77,36.77,36.44,36.55,5172700
20101227,36.32,36.35,35.84,35.85,8528800
20101228,35.67,35.76,35.18,35.27,11471900
20101229,35.42,35.61,35.19,35.42,12557600
20101230,35.71,35.82,35.34,35.41,12398800
20110103,36.07,36.58,35.85,36.44,12745700
20110104,36.61,37.12,36.58,37.12,20270600
20110105,36.78,37.71,36.78,37.65,17732400
20110106,37.61,37.89,37.43,37.47,15340900
20110107,37.39,37.62,36.88,37.17,13945800
20110110,36.93,37.34,36.9,37.28,10021700
20110111,37.57,37.82,37.49,37.58,13236000
20110112,37.9,38.35,37.87,38.28,19869800
20110113,38.44,38.61,38.09,38.15,13329700
20110114,37.94,38.45,37.83,38.37,12697800
20110117,38.17,39.03,38.17,38.84,19719500
20110118,39.01,39.38,39.01,39.24,13651700
20110119,39.33,39.42,38.66,38.7,14029200
20110120,38.42,38.67,37.92,38.29,19480100
20110121,38.54,38.89,38.2,38.58,10881400
20110124,38.79,38.94,38.35,38.75,6077800
20110126,38.64,38.93,38.41,38.54,9762700
20110127,38.81,38.81,38.15,38.28,10528300
20110128,38.23,38.24,36.94,37.51,19717900
20110131,37.86,37.86,37.26,37.46,9852200
20110201,37.87,38.27,37.63,38.11,10449200
20110202,38.18,38.5,37.41,37.58,13173900
20110203,37.42,37.87,37.16,37.62,10102600
20110204,37.48,37.83,36.76,37.02,13030300
20110207,37.42,37.45,36.7,36.97,12456200
20110208,36.77,37.2,36.42,36.67,17456300
20110209,36.57,36.81,35.63,35.77,15351200
20110210,35.78,36.34,35.36,35.93,14150800
20110211,36,36.56,35.77,36.49,13421900
20110214,36.51,37.24,36.48,37.17,14749700
20110215,37.05,37.14,36.67,36.84,15332300
20110216,36.99,37.25,36.82,37.07,12707000
20110217,37.14,37.27,36.84,37.18,12498900
20110218,36.95,37.1,36.74,36.91,12109100
20110221,36.77,36.84,36.15,36.15,12724900
20110222,35.93,36.29,35.48,35.48,19257600
20110223,35.65,36.28,35.39,36.18,19276400
20110224,36.22,36.62,35.87,36.18,15855200
20110225,36.99,37.01,36.18,36.19,17191800
20110228,36.15,36.46,36.09,36.44,10510800
20110301,36.48,36.67,35.89,35.89,10599900
20110302,35.82,36.43,35.71,36.34,18899000
20110303,36.62,36.66,36.29,36.44,13177000
20110304,36.4,36.4,35.79,36.04,13205100
20110309,35.15,35.34,34.9,34.99,13068300
20110310,34.54,34.67,33.8,33.84,27250300
20110311,33.79,34.45,33.59,34.34,18447900
20110314,34.05,34.34,33.82,34.26,10252800
20110315,33.24,33.81,33.02,33.69,22308800
20110316,33.91,34.06,32.77,32.84,27757900
20110317,33.46,33.77,33.15,33.74,21044900
20110318,34.04,34.49,33.97,34.4,23926800
20110321,34.71,34.78,34.42,34.44,24511200
20110322,34.07,34.32,33.94,34.29,19368900
20110323,34.29,34.87,34.28,34.8,20255800
20110324,34.9,34.9,34.32,34.46,10472600
20110325,34.46,34.71,34.14,34.44,17909300
20110328,34.16,34.52,34.13,34.14,7990700
20110329,34.25,34.83,34.2,34.77,14773000
20110330,34.45,34.97,34.4,34.58,14350300
20110331,34.68,34.87,33.65,34.82,16040600
20110401,34.81,35.03,34.57,34.62,16222600
20110404,34.86,35.44,34.51,35.44,21787200
20110405,35.19,35.76,35.15,35.48,27422800
20110406,35.51,35.68,35.1,35.16,19096500
20110407,35.15,35.23,34.68,34.84,16232500
20110408,35.01,35.11,34.65,34.85,15820300
20110411,34.96,35.15,34.68,34.77,11795700
20110412,34.52,34.57,34.07,34.11,16594900
20110413,34.35,34.36,33.72,33.74,19791000
20110414,33.82,34.32,33.75,34.11,14808600
20110415,34.28,34.31,33.8,33.99,11529500
20110418,33.73,33.73,33.29,33.65,17666700
20110419,33.85,34.09,33.73,34.05,11850000
20110420,34.62,34.67,34.47,34.62,13249300
20110425,34.65,34.84,34.25,34.81,11229000
20110426,34.81,34.92,34.63,34.84,12672300
20110427,34.75,34.87,34.22,34.45,12410900
20110428,34.21,34.42,34.06,34.29,13049900
20110429,34.29,34.55,33.91,34.3,11425200
20110502,34.46,34.47,33.64,33.7,15079000
20110503,33.62,33.69,33.14,33.2,13679200
20110504,33.35,33.36,32.6,32.65,17591000
20110505,32.46,33.28,32.46,33.11,18910900
20110506,33.44,33.65,32.87,33.02,19075700
20110509,32.97,33.25,32.8,33.09,10909900
20110510,33.21,33.41,32.88,33.14,9296500
20110511,32.92,32.97,32.13,32.14,14591500
20110512,31.9,32.35,31.58,32.05,18955100
20110513,32.22,32.22,31.43,31.47,15200600
20110516,31.38,31.88,31.07,31.38,14849000
20110517,31.38,31.8,31.1,31.75,9269600
20110518,31.92,32.22,31.73,31.87,15055000
20110519,32.2,32.56,32.16,32.36,18509400
20110520,32.39,32.76,32.12,32.57,21640900
20110523,32.01,32.54,31.87,32.54,10841100
20110524,32.72,32.96,32.65,32.86,11301000
20110525,32.76,33,32.65,32.8,7890700
20110526,32.91,33.34,32.65,33.34,26232000
20110527,33.54,33.69,33.45,33.47,13698700
20110530,33.64,33.64,33.31,33.35,2954600
20110531,33.6,33.69,33.13,33.38,11781300
20110601,33.15,33.54,33.09,33.12,13159600
20110602,33.12,33.38,32.92,33.29,11715300
20110603,33.09,33.32,32.92,33.12,19158200
20110606,33.06,33.14,32.72,32.82,8457600
20110607,32.99,33.13,32.77,32.83,10736300
20110608,32.71,32.85,32.51,32.82,9664300
20110609,32.76,33.2,32.68,33.1,11176400
20110610,33.09,33.12,32.65,32.8,12694000
20110613,32.89,32.89,32.22,32.31,10414900
20110614,32.5,32.61,32.27,32.39,11433200
20110615,32.06,32.22,31.89,32.22,14652100
20110616,32.16,32.36,31.62,31.85,13321800
20110617,32.07,32.07,31.57,31.8,10535400
20110620,31.68,32.34,31.65,32.24,11698600
20110621,32.33,32.74,32.28,32.5,11070900
20110622,32.43,32.88,32.36,32.65,15727500
20110624,32.77,32.95,32.71,32.83,9581700
20110627,32.83,32.95,32.57,32.79,12570500
20110628,32.83,33.19,32.81,33.13,11109600
20110629,33.24,33.33,33,33.06,9176400
20110630,33.21,33.26,33.09,33.24,10684300
20110701,33.78,34.72,33.67,34.72,33293900
20110704,34.65,35.14,34.62,35.03,6648600
20110705,34.93,35.03,34.46,34.49,11265200
20110706,34.37,34.57,34.14,34.48,10638200
20110707,34.78,34.88,34.62,34.63,11858300
20110708,34.35,34.47,34.19,34.32,9387000
20110711,33.95,34.1,33.85,33.96,11022800
20110712,33.92,34.4,33.84,34.04,13251700
20110713,34.32,34.71,34.29,34.53,15932800
20110714,34.43,34.64,33.97,34.1,19378500
20110715,34.11,34.25,33.91,34.16,13335600
20110718,33.94,34.47,33.9,34.29,25491500
20110719,34.51,34.6,34.18,34.36,10922300
20110720,34.54,34.58,34.14,34.18,11982700
20110721,34.18,34.57,34.11,34.26,10646000
20110722,34.25,34.51,34.19,34.37,11419300
20110725,34.14,34.5,34.07,34.43,9540500
20110726,34.47,34.61,34.17,34.37,11717600
20110727,34.21,34.46,34.08,34.14,12578900
20110728,34.22,34.58,34.22,34.45,10736200
20110729,34.06,34.19,33.76,33.96,19511300
20110801,34.25,34.46,33.8,33.94,13817700
20110802,33.95,34.09,33.35,33.35,12354300
20110803,33.33,33.48,31.57,32.47,23022700
20110804,31.61,31.8,30.47,30.72,29785700
20110805,30.73,31.26,29.14,29.95,27105000
20110808,28.29,28.78,27.08,27.2,29242500
20110809,27.96,28.68,27.36,28.59,32344600
20110810,28.29,28.9,28,28.66,17982000
20110811,29.05,30.09,28.78,29.89,24736000
20110812,30.02,30.09,29.64,29.85,17562700
20110815,30.12,30.63,30.05,30.37,15474300
20110816,30.03,30.32,29.84,30.3,14207000
20110817,30.34,30.72,30.18,30.72,18234700
20110818,29.12,29.41,28.78,29.19,34584200
20110819,28.66,29.31,28.44,28.44,18747300
20110822,28.96,29.15,28.51,28.59,12700200
20110823,28.77,29.42,28.41,29.42,16122700
20110824,29.48,29.58,28.98,29.49,14912400
20110825,29.33,29.56,28.96,29.19,14263400
20110826,28.92,29.92,28.66,29.74,18679500
20110829,30.09,30.48,29.96,30.31,12946100
20110830,30.14,30.7,30.09,30.52,13491200
20110831,30.72,31.05,30.54,30.98,18537400
20110901,31.55,31.55,30.84,31.24,15985200
20110902,30.7,30.93,30.45,30.76,12395700
20110905,30.18,30.37,29.86,30.25,8711600
20110906,29.73,31.02,29.69,30.99,16503700
20110908,31.4,31.77,31.37,31.56,21099000
20110909,31.32,31.48,30.93,31.2,15219300
20110912,30.85,31.56,30.5,31.47,14199900
20110913,31.56,31.95,31.41,31.68,13516800
20110914,31.86,32.38,31.44,32.13,18186300
20110915,32.36,32.81,32.2,32.56,17449300
20110916,32.59,32.94,32.44,32.78,15191300
20110919,32.37,33.22,32.33,33.22,29622300
20110920,33.27,34.28,33.23,33.54,23105400
20110921,33.84,34.07,33.1,33.12,19659700
20110922,32.04,32.27,31.25,31.69,28364800
20110923,31.63,31.78,30.98,31.25,18339900
20110926,31.66,31.66,30.5,30.87,15714600
20110927,31.9,31.9,31.04,31.11,15148500
20110928,31.22,31.51,30.84,30.93,14584000
20110929,31.22,31.38,30.21,30.57,19108400
20110930,30.18,30.47,29.69,29.9,16292100
20111003,29.61,29.84,29.16,29.16,20608700
20111004,28.96,29.15,28.22,28.85,26526000
20111005,29.04,29.54,28.83,29.5,19382500
20111006,30.15,30.26,29.75,29.96,16148400
20111007,30.21,30.22,29.17,29.2,15155100
20111010,29.54,30.15,29.33,30.15,14010400
20111011,30.02,30.66,29.89,30.66,18635800
20111013,30.98,31.24,30.38,31.21,22123600
20111014,31.29,31.54,30.96,31.39,20423400
20111017,31.14,31.2,30.05,30.28,20563100
20111018,29.98,30.38,29.48,30.33,23965400
20111019,30.21,30.25,29.32,29.46,19717500
20111020,29.31,29.31,28.78,29.09,19858100
20111021,29.37,29.78,29.27,29.6,13588100
20111024,30.09,31.46,29.98,31.36,37063600
20111025,30.95,31.32,30.72,31.06,19315700
20111026,31.31,31.92,31.06,31.84,19058800
20111027,32.75,32.99,32.49,32.59,31569600
20111028,32.3,32.61,32.06,32.58,15849000
20111031,31.91,32.03,31.59,31.89,17005900
20111101,30.7,31.58,30.7,31.58,19630400
20111103,32.05,32.73,31.81,32.6,26178900
20111104,32.41,33.14,32.39,33.03,22185900
20111107,33.02,33.61,32.86,33.33,16597500
20111108,33.5,33.67,32.89,33.18,13030300
20111109,32.72,32.99,32.48,32.66,16889800
20111110,32.93,33.21,32.46,32.52,14472800
20111111,32.89,33.21,32.67,32.95,13243300
20111114,32.74,33,32.71,32.81,7134100
20111116,32.82,33.18,32.79,33.05,19787700
20111117,32.87,33.08,32.12,32.32,28513500
20111118,32.49,32.52,31.75,32.24,23062400
20111121,31.66,32.38,31.58,32.17,22461700
20111122,32.13,32.51,31.85,31.95,17220000
20111123,31.44,31.66,30.84,31.15,19999800
20111124,31.38,31.45,30.87,31.15,8216400
20111125,30.81,31.2,30.27,30.48,14826100
20111128,31.17,31.27,30.81,30.88,17589500
20111129,30.91,30.95,30.27,30.37,15534900
20111130,30.52,31.25,30.41,30.51,21166400
20111201,31.04,31.06,30.38,30.72,19239500
20111202,31.02,31.4,30.9,31.2,16879200
20111205,31.51,31.88,31.38,31.66,12966300
20111206,31.46,31.81,31.38,31.68,9618600
20111207,31.64,31.64,30.53,30.53,19016300
20111208,30.72,30.74,29.92,30.09,17641900
20111209,30.27,30.64,30.05,30.58,11569400
20111212,30.41,30.41,29.8,30.13,13205800
20111213,30.28,30.56,30.02,30.14,16405900
20111214,30.03,30.13,29.52,29.7,21405900
20111215,29.77,30.02,29.21,29.35,17808400
20111216,29.55,29.62,29.09,29.28,14443700
20111219,29.2,29.45,28.76,28.76,13008300
20111220,29.02,29.81,29.02,29.81,16479900
20111221,29.59,29.84,29.09,29.84,13819000
20111222,29.95,30.29,29.7,30.25,15047700
20111223,30.35,30.56,30.2,30.45,9363600
20111226,30.42,30.45,30.25,30.25,3667300
20111227,30.15,30.41,29.98,30.34,9615600
20111228,30.25,30.31,29.41,29.55,11143700
20111229,29.65,29.77,29.42,29.56,7868500
20120102,29.59,30.47,29.59,30.41,8791700
20120103,30.58,31.76,30.56,31.63,22938300
20120104,31.29,31.99,31.15,31.88,15518200
20120105,31.47,31.75,30.93,31.08,15582300
20120106,31.31,31.33,30.58,30.84,12894800
20120109,31.02,31.13,30.58,30.88,14593800
20120110,31.42,31.56,30.88,30.88,16238500
20120111,30.8,31.18,30.49,31.12,19823800
20120112,31.34,31.38,30.62,30.77,17244800
20120113,30.76,30.8,30.08,30.45,26419900
20120116,30.22,30.72,30.22,30.72,12621800
20120117,31.49,32.24,31.25,31.98,23542000
20120118,32.03,32.46,31.82,32.15,17692100
20120119,32.28,32.36,31.78,32.09,17266400
20120120,31.97,32.11,31.78,32.04,10554600
20120123,31.96,32.28,31.89,32.09,10857500
20120124,31.95,32.56,31.77,32.5,15307900
20120126,32.59,33.12,32.15,32.23,20161300
20120127,32.38,32.57,32.18,32.3,11355300
20120130,31.96,32.57,31.81,32.54,14726000
20120131,32.84,33.37,32.84,33.37,27439200
20120201,33.63,34.22,33.56,34.04,22306000
20120202,33.85,34.24,33.72,34.14,19899900
20120203,33.87,34.55,33.74,34.26,21750200
20120206,34.14,34.35,34.03,34.33,10071300
20120207,34.16,34.49,33.85,34.37,18450500
20120208,34.41,34.63,34.03,34.12,15128500
20120209,34.07,34.33,33.63,33.91,16723300
20120210,33.38,33.54,33.14,33.32,21755100
20120213,33.69,34.23,33.66,34.18,16320900
20120214,34,34.07,33.38,33.52,14290300
20120215,33.9,33.95,32.75,32.89,20709100
20120216,32.83,33.49,32.35,33.11,21480300
20120217,33.57,33.57,32.64,32.82,11672900
20120222,32.92,33.06,32.71,32.81,13888700
20120223,32.57,33.53,32.56,33.46,16914000
20120224,33.69,33.84,33.49,33.59,13245900
20120227,33.46,33.58,33.09,33.22,9795400
20120228,33.31,33.64,32.99,33.53,12293300
20120229,33.76,33.95,33.22,33.22,14371200
20120301,33.38,33.71,33.26,33.57,15786900
20120302,33.61,33.85,33.42,33.85,12003600
20120305,33.57,33.61,32.67,32.86,16890100
20120306,32.2,32.2,31.2,31.4,29103000
20120307,31.58,31.58,30.74,31.38,24749500
20120308,31.82,31.95,31.12,31.34,16123800
20120309,31.46,31.74,31.2,31.21,13363600
20120312,31.05,31.31,30.74,30.85,12977200
20120313,31.06,32.54,31.01,32.51,26784200
20120314,32.36,32.66,31.77,32.13,19016800
20120315,32.37,32.72,32.23,32.4,32625900
20120316,32.66,32.81,32.28,32.75,21939200
20120319,32.66,33.03,32.63,32.79,18625800
20120320,32.09,32.54,31.9,32.52,16083000
20120321,32.43,32.63,32.18,32.41,10020100
20120322,32.04,32.15,31.61,31.74,16286400
20120323,31.74,31.93,31.57,31.67,10102200
20120326,31.92,32.16,31.82,32.05,9288800
20120327,32.28,32.53,32.13,32.32,13935800
20120328,32.19,32.32,31.67,31.78,9673100
20120329,31.62,32.17,31.38,32.05,17674600
20120330,32.4,32.49,32.03,32.41,17456000
20120402,32.6,33.5,32.37,33.26,22896200
20120403,33.29,33.44,32.46,32.71,15403000
20120404,32.27,32.46,32.01,32.11,13367800
20120405,32.05,32.52,31.81,32.14,11922500
20120409,31.72,32,31.44,31.87,13094600
20120410,31.74,31.79,31.16,31.52,16837000
20120411,31.92,32.05,31.52,31.54,14796900
20120412,31.98,33.54,31.89,33.46,36603800
20120413,33.17,33.78,32.85,33.49,28014200
20120416,33.79,33.9,32.89,33.07,20908500
20120417,33.37,33.9,33.04,33.72,16760100
20120418,33.76,34.38,33.48,33.87,22324000
20120419,33.76,34.1,33.61,33.73,10954100
20120420,33.92,34.11,33.43,33.62,10296700
20120423,33.03,33.43,32.79,33.43,12008800
20120424,33.34,33.6,33.22,33.43,12732500
20120425,33.65,33.65,32.84,32.95,18174000
20120426,31.95,33.65,31.95,33.5,30134400
20120427,33.6,33.64,32.78,33.27,14788500
20120430,33.28,33.36,32.75,33.23,11727300
20120502,33.03,33.72,33.01,33.52,11913600
20120503,33.69,33.87,33.02,33.31,12476200
20120504,32.94,32.94,32.06,32.42,23400100
20120507,32.15,32.54,32,32.38,11798900
20120508,32.07,32.19,31.25,31.57,18706400
20120509,31.11,31.97,31.03,31.45,16397200
20120510,32.07,32.16,31.33,31.45,14616500
20120511,31.1,31.52,30.47,30.47,20955800
20120514,30.07,30.32,29.83,29.95,14977100
20120515,30.08,30.66,29.75,29.83,21109000
20120516,30.2,30.46,28.82,28.94,24096600
20120517,29.14,29.39,27.81,27.89,29125900
20120518,28.22,28.78,27.67,28.62,20584600
20120521,28.86,29.72,28.78,29.55,18062100
20120522,29.43,29.81,28.96,29.21,16127300
20120523,29.03,29.51,28.58,29.51,25583700
20120524,29.69,29.87,28.98,29.12,23083700
20120525,28.98,29.39,28.46,28.65,16743800
20120528,28.98,29.18,28.65,28.94,7716300
20120529,29.1,29.74,28.98,29.35,20676500
20120530,28.77,29.33,28.58,29.22,16107200
20120531,29.43,29.5,28.64,29.44,16674000
20120601,28.85,29.43,28.68,28.96,13976000
20120604,28.91,29.1,28.58,28.88,13782900
20120605,29.05,29.1,28.63,28.82,11582700
20120606,29.02,29.82,28.98,29.67,18827700
20120608,29.61,30.04,29.59,29.93,16845500
20120611,30.23,30.43,29.51,29.58,15641600
20120612,29.75,30.24,29.59,30.24,13914100
20120613,30.2,30.51,29.95,30.39,20411600
20120614,30.25,30.41,29.9,30.36,11476100
20120615,30.36,31.05,30.31,30.79,25570300
20120618,30.71,31.29,30.57,31.04,18828600
20120619,31.19,32.19,31.09,31.84,26009200
20120620,31.77,32.33,31.62,31.95,16937900
20120621,31.91,31.96,31.06,31.15,15398000
20120622,31.26,31.49,30.79,31.12,12846000
20120625,30.72,30.74,30.35,30.65,11172700
20120626,30.64,31.59,30.61,31.21,21370800
20120627,31.39,31.58,30.95,31.14,12246800
20120628,31.11,31.14,30.26,30.73,14971300
20120629,31.41,31.58,31.15,31.4,14313600
20120702,31.31,31.56,31.12,31.37,10771800
20120703,31.5,32.28,31.45,31.96,19066800
20120704,31.95,32.21,31.75,32.08,5530200
20120705,32.28,32.64,32.04,32.47,19873200
20120706,32.15,32.3,31.69,31.98,18799400
20120710,31.91,32.13,31.06,31.25,16856100
20120711,31.35,31.46,30.81,31.08,14561300
20120712,30.5,31.1,30.28,30.96,14904600
20120713,31.27,31.67,31.17,31.53,17432200
20120716,31.5,31.6,31.01,31.09,13959600
20120717,31.16,31.35,30.72,31.06,18633700
20120718,30.86,31.17,30.43,30.95,13291400
20120719,30.75,31.23,30.64,30.92,13124700
20120720,30.69,30.71,30.16,30.37,15797500
20120723,29.63,29.87,29.06,29.57,17995500
20120724,29.27,29.49,28.18,28.18,31580600
20120725,28.45,28.62,27.52,28.16,22761700
20120726,27.75,28.61,27.2,28.37,34444300
20120727,28.62,29.6,28.62,29.51,28538000
20120730,29.43,29.51,29.03,29.43,12023000
20120731,29.63,29.75,29.18,29.18,16505000
20120801,29.36,29.67,28.87,29.31,14792600
20120802,28.78,29.43,28.7,28.93,13800400
20120803,29.51,29.59,29.18,29.26,14379700
20120806,29.43,29.96,29.13,29.59,14123600
20120807,29.83,29.99,29.51,29.59,13306200
20120808,29.47,30.05,29.47,29.88,13630000
20120809,29.71,30.33,29.71,30.11,12831700
20120810,29.98,30.33,29.69,30.2,14183500
20120813,30.24,30.51,30.05,30.2,10031000
20120814,30.07,30.26,28.92,29.06,20598700
20120815,28.9,29.17,28.33,28.46,20835800
20120816,28.82,28.85,28.3,28.8,17604000
20120817,28.92,28.94,27.99,27.99,20430800
20120820,28.17,28.75,27.66,28.52,26256400
20120821,28.94,29.22,28.17,28.28,18742100
20120822,28.11,28.52,27.91,28.31,20146400
20120823,27.99,28.12,27.28,27.41,22324500
20120824,27.21,27.3,26.63,27.2,27362600
20120827,27.26,27.26,26.59,26.77,12597600
20120828,26.52,26.97,26.52,26.76,16231700
20120829,26.66,26.74,25.62,26.03,29372000
20120830,25.78,26.03,25.66,25.91,17782100
20120831,26.36,26.65,26.1,26.6,25180800
20120903,26.78,26.78,26.31,26.53,7901900
20120904,26.42,26.46,25.44,25.75,19661500
20120905,25.89,26.26,25.66,26.11,17340600
20120906,26.27,27.36,26.27,27.33,28121400
20120910,28.86,29.02,28.1,28.14,46171100
20120911,28.2,29,28.15,28.9,27111100
20120912,29.02,29.39,28.53,29.09,24912200
20120913,28.86,30.18,28.62,29.9,34913200
20120914,30.07,30.87,29.91,30.23,42649700
20120917,30.15,30.84,29.95,30.51,26436900
20120918,30.59,30.79,30.19,30.67,15084600
20120919,30.61,30.97,30.14,30.33,18772100
20120920,29.91,30.36,29.63,30.11,16359900
20120921,30.32,30.44,29.43,29.43,15325900
20120924,29.26,29.69,29.03,29.54,19270400
20120925,29.56,29.63,28.63,28.73,18003800
20120926,28.38,29.02,28.26,28.82,14321500
20120927,29.15,29.23,28.71,28.74,14258400
20120928,28.5,28.68,28.08,28.28,16630000
20121001,28.37,28.98,28.18,28.25,12342400
20121002,28.5,28.78,27.95,28.18,12733100
20121003,28.25,28.35,27.63,27.81,15025100
20121004,27.65,28.44,27.39,28.08,23826200
20121005,28.58,28.74,27.9,28.05,12760400
20121008,27.94,28.87,27.71,28.87,16515100
20121009,29.31,29.42,29,29.09,20114500
20121010,29.16,29.26,28.67,28.74,14888500
20121011,29.04,29.22,28.78,29.02,15845800
20121015,28.87,29.14,28.69,29.03,19427400
20121016,29.21,30.03,29.14,29.63,26613000
20121017,29.99,30.38,29.79,30.1,27297800
20121018,29.82,30.03,29.56,29.95,17387600
20121019,29.78,29.93,29.27,29.43,13660000
20121022,29.49,29.73,29.1,29.32,9097600
20121023,28.92,29.07,28.43,28.63,15594500
20121024,28.68,28.82,28.31,28.4,13209200
20121025,29.57,29.99,29.28,29.99,31244300
20121026,29.74,30.05,29.57,29.78,15404200
20121029,29.57,29.9,29.42,29.9,7002300
20121030,29.91,30.31,29.91,30.13,7850200
20121031,30.24,30.28,29.72,30.11,14122800
20121101,30,30.79,29.92,30.79,14783900
20121105,30.41,30.7,30.24,30.59,11063300
20121106,30.72,30.94,30.46,30.82,13949100
20121107,30.71,30.77,30.07,30.49,15744500
20121108,30.58,30.75,29.74,29.87,16303400
20121109,29.84,30.2,29.57,30.1,13695200
20121112,29.98,30.21,29.66,29.85,9419600
20121113,29.68,30.13,29.33,30.07,18026700
20121114,29.73,30.05,29.24,29.52,14973100
20121116,29.24,29.25,28.58,28.7,20439700
20121119,28.98,29.41,28.87,29.05,21477100
20121121,29.2,29.47,28.86,29.36,21264500
20121122,29.52,29.6,29.23,29.34,6427800
20121123,29.28,29.75,29.16,29.75,10331900
20121126,29.73,29.77,29.28,29.6,13399600
20121127,29.71,29.96,29.52,29.6,16587900
20121128,29.41,29.56,28.96,29.18,18056800
20121129,29.54,30.41,29.45,30.32,27234300
20121130,30.24,30.49,29.81,30.4,21945100
20121203,30.58,30.58,29.9,30.39,21608700
20121204,30.44,30.44,29.87,29.87,13993200
20121205,30.24,30.4,29.98,30.39,17597200
20121206,30.3,30.45,30.13,30.31,11156900
20121207,30.34,30.82,30.34,30.58,13318600
20121210,30.56,31.01,30.31,31.01,11953400
20121211,31.11,31.63,30.98,31.63,20893700
20121212,31.59,32.14,31.56,31.79,19845000
20121213,31.6,32.08,31.49,31.92,19412600
20121214,32.1,32.93,32.08,32.93,25760200
20121217,32.8,33.45,32.77,33.39,23151200
20121218,33.62,34.13,33.58,33.96,18227000
20121219,34.13,34.17,33.27,33.56,17361800
20121220,33.47,33.82,33.16,33.81,9395900
20121221,33.13,33.55,32.94,33.55,9979100
20121226,33.43,33.96,33.43,33.71,5794800
20121227,33.86,34.06,33.43,33.8,7615900
20121228,33.83,33.97,33.52,33.86,7032600
20130102,34.79,35.7,34.79,35.29,18379400
20130103,35.04,35.38,34.79,34.87,14871600
20130104,34.71,34.71,33.82,34.11,26226200
20130107,34.11,34.42,33.28,33.43,16710700
20130108,33.46,33.67,33.06,33.22,15410000
20130109,33.55,33.59,33.11,33.38,13372000
20130110,33.55,33.77,33.34,33.61,16080500
20130111,33.01,33.2,32.52,32.75,23413700
20130114,33.18,33.18,32.57,32.95,16204300
20130115,32.94,32.94,32.56,32.85,12910800
20130116,32.71,32.87,32.18,32.87,16247400
20130117,32.61,33.01,32.56,32.93,14145400
20130118,33.02,33.11,32.42,32.47,15831400
20130121,32.59,32.59,32.21,32.43,10942200
20130122,32.51,32.8,32.32,32.8,13902600
20130123,32.73,32.93,32.56,32.72,11741700
20130124,32.71,32.97,31.81,32,13958600
20130128,32,32,31.15,31.22,13119000
20130129,31.35,31.63,30.87,31.59,12853100
20130130,31.56,31.56,30.89,30.89,18403100
20130131,31.11,32.13,31.06,32.06,27188000
20130201,32.22,32.7,32.02,32.47,18628100
20130204,32.22,32.22,31.65,32.1,12451600
20130205,32.07,32.39,31.3,31.56,14913000
20130206,31.85,32.16,31.55,31.89,16349000
20130207,31.82,32.09,30.91,31.03,18613500
20130208,31.08,31.31,30.67,31.26,18831700
20130213,31.16,31.26,30.85,30.99,7991400
20130214,30.89,30.94,30.41,30.44,14668200
20130215,30.28,30.45,30.1,30.21,14756200
20130218,30.15,30.32,29.92,30.17,11852100
20130219,30.32,30.68,29.88,29.9,18483200
20130220,29.61,29.78,28.83,28.83,22267700
20130221,28.6,28.84,28.32,28.84,21161100
20130222,29.11,29.23,28.17,28.25,24768000
20130225,28.4,28.69,28.22,28.4,22086500
20130226,28.32,29.25,27.88,29.12,23704900
20130227,29.15,29.4,28.47,29.37,21743200
20130228,28.97,30.48,28.79,30.28,36299600
20130301,29.71,29.72,29.2,29.2,18270200
20130304,28.56,28.73,28.07,28.21,22739500
20130305,28.7,28.74,28.01,28.01,17825100
20130306,28.36,29.89,28.08,29.68,24227600
20130307,29.9,30.15,29.23,29.45,26906100
20130308,29.15,29.81,28.5,28.76,16993400
20130311,28.65,29.2,28.36,29.18,14619500
20130312,29,29.44,28.7,28.7,13929100
20130313,28.64,28.87,27.63,27.63,27457800
20130314,27.79,27.94,27.12,27.86,25835600
20130315,28.07,28.33,27.65,27.83,21374400
20130318,27.49,27.92,27.26,27.92,16552500
20130319,27.33,27.58,26.77,26.83,27504900
20130320,26.88,27.46,26.85,27.38,19608800
20130321,27.34,27.52,27,27.49,16623600
20130322,27.54,27.62,27.15,27.5,11128200
20130325,27.46,27.47,26.75,27.04,15733500
20130326,27.2,27.49,27.07,27.33,10405700
20130327,27.17,27.86,26.91,27.86,13737800
20130328,27.73,27.91,27.47,27.54,13023400
20130401,27.44,27.66,26.85,26.85,11699500
20130402,27.07,27.19,26.34,26.38,16189500
20130403,26.38,27.92,26.18,27.92,29383200
20130404,27.68,27.71,26.79,26.81,20305300
20130405,26.56,27.44,26.34,27,22071000
20130408,27.05,27.33,26.67,27.09,20073500
20130409,27.58,28.46,27.55,28.23,30317100
20130410,28.63,28.82,27.14,27.25,47333900
20130411,27.5,27.58,26.7,26.84,20278100
20130412,26.71,28.12,26.28,27.28,32254100
20130415,26.52,26.76,25.51,25.51,32611600
20130416,26.07,26.28,25.73,26.22,18343200
20130417,25.72,26.43,25.28,26.39,37874000
20130418,26.31,26.57,25.8,25.93,16349300
20130419,26.45,26.53,25.65,26.1,17734700
20130422,26.07,26.56,25.84,26.55,15293800
20130423,26.36,27.3,26.19,27.14,25354000
20130424,27.29,27.88,27.19,27.34,28197400
20130425,28.1,28.27,27.72,27.72,30123200
20130426,27.45,27.71,26.95,26.98,18318200
20130429,27.38,27.72,26.98,27.27,12474700
20130430,27.26,27.8,26.95,27.8,15547000
20130502,27.42,27.42,26.89,27.04,19149900
20130503,27.58,27.92,27.29,27.42,20208700
20130506,27.53,27.59,27.25,27.49,11499300
20130507,27.59,28.23,27.52,28.15,19078600
20130508,28.19,28.52,28.02,28.21,22105100
20130509,28.1,28.45,27.97,28.23,17137000
20130510,28.09,28.3,27.58,27.68,17576000
20130513,27.49,27.57,27.1,27.1,14953200
20130514,27.12,27.23,26.38,26.46,24153600
20130515,26.34,26.47,25.75,25.92,25591700
20130516,25.8,25.97,25.17,25.29,30069400
20130517,25.76,25.89,25.44,25.47,24415400
20130520,25.42,26.44,25.21,26.44,30065400
20130521,26.6,26.82,26.34,26.72,17834800
20130522,26.74,27.04,26.11,26.35,22051800
20130523,25.55,25.89,25.47,25.87,20331300
20130524,25.62,25.8,25.51,25.68,18126000
20130527,25.67,25.93,25.63,25.76,5316100
20130528,26.02,26.09,25.35,25.35,16435100
20130529,25.12,25.34,24.99,25.02,22478500
20130531,25.28,25.42,24.37,24.4,27048800
20130603,24.75,25.51,24.7,25.51,24425000
20130604,25.8,25.8,25.18,25.8,23265800
20130605,25.46,25.71,24.82,24.84,29401300
20130606,24.87,25.24,24.49,25.19,25862200
20130607,24.72,25.26,24.61,24.75,25304300
20130610,24.53,24.7,24.28,24.36,15028100
20130611,23.94,24.06,23.66,23.66,24473000
20130612,23.83,23.91,23.04,23.33,25599300
20130613,23.36,24.48,23.28,24.4,29998600
20130614,24.5,24.8,23.94,24.08,28242100
20130617,24.36,24.6,24.16,24.19,20659500
20130618,23.97,24.88,23.89,24.78,21189300
20130619,24.74,24.98,24.19,24.27,19261300
20130620,23.72,24.46,23.43,24.39,37594000
20130621,24.17,24.51,24.02,24.23,22612000
20130624,23.57,23.82,22.74,22.9,30751200
20130625,23.16,23.66,23.01,23.42,19856100
20130626,23.43,23.63,22.65,22.78,24419700
20130627,22.82,23.18,22.67,22.74,19523500
20130628,22.65,23.12,22.52,23.04,24301800
20130701,23.08,23.5,22.83,23.23,19950000
20130702,23,23.22,21.87,22.23,29679600
20130703,22.2,22.52,21.77,22.14,21173600
20130704,22.74,23.12,22.71,22.97,17276500
20130705,22.64,22.75,21.73,22.52,23159600
20130708,22.36,22.72,22.15,22.21,15485800
20130710,22.46,22.74,22.28,22.52,16707300
20130711,23.27,23.49,23.12,23.45,25905300
20130712,23.29,23.33,22.93,23.04,14577700
20130715,23.16,23.38,23.04,23.3,18315200
20130716,23.59,23.82,23.39,23.73,15709100
20130717,23.96,24.23,23.84,23.98,18011200
20130718,23.94,24.21,23.8,24.03,15678200
20130719,23.94,23.96,23.6,23.79,15640200
20130722,23.84,24.31,23.76,24.23,15940700
20130723,24.6,24.77,24.43,24.62,20705300
20130724,24.53,24.65,24.29,24.65,13530400
20130725,24.33,24.9,24.33,24.82,18698300
20130726,24.67,24.98,24.49,24.91,12623800
20130729,24.7,24.86,24.55,24.61,11195400
20130730,24.74,24.88,24.15,24.15,22678500
20130731,24.06,24.27,23.93,23.97,19611900
20130801,24.36,24.57,24.27,24.31,13194300
20130802,24.28,24.69,24.18,24.18,18544000
20130805,24.21,24.59,24.21,24.47,11886700
20130806,24.48,24.6,24.02,24.14,20170000
20130807,24.02,24.84,24.02,24.75,25823100
20130808,25.17,25.7,24.92,25.49,41239300
20130809,25.72,26.56,25.61,26.31,44094400
20130812,26.49,26.92,26.49,26.63,29432800
20130813,26.87,27.08,26.56,26.88,28018200
20130814,26.69,27.18,26.6,26.91,41605100
20130815,26.51,27.12,26.49,26.87,36852900
20130816,26.83,27.44,26.82,27.4,28659900
20130819,27.25,27.77,27.18,27.55,32539900
20130820,27.37,27.41,26.75,26.77,22699000
20130821,26.61,27.03,26.27,26.49,27256400
20130822,27.01,27.67,26.95,27.59,30463300
20130823,27.55,27.7,27.14,27.49,24829800
20130826,27.38,27.75,27.34,27.42,15792800
20130827,27.21,27.4,26.98,27.02,22794600
20130828,27.08,27.12,26.4,26.61,20994000
20130829,26.81,26.85,26.18,26.23,19363000
20130830,26.4,26.53,25.98,26.49,22564300
20130902,27.01,27.41,27.01,27.27,19413300
20130903,27.39,27.52,27.18,27.38,25225300
20130904,27.23,27.41,27.02,27.37,16454200
20130905,27.33,27.69,27.13,27.52,19299400
20130906,27.76,27.93,27.38,27.42,18236100
20130909,27.49,28.31,27.49,28.16,27635100
20130910,28.47,28.91,28.36,28.68,28094500
20130911,28.54,28.91,28.02,28.06,35617600
20130912,28.06,28.33,27.89,28.27,18052000
20130913,28.23,28.33,27.95,28.2,22521500
20130916,28.37,28.53,28.05,28.17,16301500
20130917,28.15,28.26,27.92,28.09,12749500
20130918,28.06,28.31,27.95,28.1,23650700
20130919,28.23,28.27,27.59,27.76,20662200
20130920,27.62,27.92,27.46,27.57,18050000
20130923,27.69,28.09,27.65,27.89,9847700
20130924,27.92,27.95,27.46,27.48,14448200
20130925,27.56,27.8,27.51,27.77,11622000
20130926,27.81,27.92,27.53,27.81,10419900
20130927,27.66,27.67,27.25,27.37,19684600
20130930,26.95,27.17,26.73,26.86,16639800
20131001,26.9,27.16,26.67,27.13,12518800
20131002,27.07,27.23,26.94,27.1,8810600
20131003,27.24,27.4,26.71,26.78,15327200
20131004,26.78,27.17,26.58,27.17,13060600
20131007,27.02,27.17,26.71,26.73,11126400
20131008,26.74,26.83,26.54,26.55,12246400
20131009,26.64,26.72,25.91,25.95,21068000
20131010,26.27,26.32,25.8,26.03,18162900
20131011,26.06,26.54,25.96,26.42,16352800
20131014,26.22,27.55,26.18,27.48,21000100
20131015,27.44,28.01,27.35,27.42,22992700
20131016,27.55,27.8,27.31,27.52,16980800
20131017,27.42,27.95,27.42,27.92,24842900
20131018,28.06,28.29,27.66,27.79,22376800
20131021,27.88,28.53,27.76,28.38,19486400
20131022,28.41,28.93,28.2,28.76,19882100
20131023,28.45,28.64,28.22,28.24,12587000
20131024,28.37,28.51,28.02,28.28,11233600
20131025,28.19,28.35,27.98,28.28,9433800
20131028,28.32,28.67,28.32,28.63,11456600
20131029,28.64,28.64,28.27,28.45,9165400
20131030,28.58,28.8,28.31,28.56,11788300
20131031,28.56,28.86,28.44,28.8,14128200
20131101,28.9,29.45,28.85,29.33,19882100
20131104,29.43,30.05,29.43,30.01,20273400
20131105,30.11,30.3,29.79,29.79,20556400
20131106,30.05,30.24,29.85,30.2,22839400
20131107,30.32,30.38,29.22,29.22,31525700
20131108,29.09,29.3,28.78,28.81,22709200
20131111,28.83,29.26,28.68,29.16,14889700
20131112,29.19,29.31,28.34,28.44,20662800
20131113,28.15,28.22,27.8,28.11,23031300
20131114,28.32,28.69,28.17,28.41,19478800
20131118,28.71,29.07,28.63,29,19908500
20131119,28.81,29.09,28.6,28.73,16527200
20131121,28.41,28.61,28.3,28.32,16239700
20131122,28.23,28.66,28.06,28.64,14780700
20131125,28.67,28.78,27.95,28.03,12422900
20131126,27.88,28.11,27.07,27.07,17313700
20131127,27.36,28.02,27.31,27.58,15881400
20131128,28.37,28.59,28.17,28.32,18634100
20131129,28.49,28.75,28.31,28.75,14192600
20131202,28.58,28.88,28.39,28.62,13695200
20131203,28.36,28.77,28.24,28.24,11054400
20131204,28.46,28.61,28.18,28.4,10389200
20131205,28.6,29.07,28.4,28.81,16815100
20131206,29.12,29.17,28.74,28.89,14953600
20131209,28.95,29.1,28.9,29.05,7296800
20131210,29.13,29.23,28.8,28.81,8221100
20131211,28.74,28.94,28.24,28.24,13016200
20131212,28.34,28.38,27.88,28.02,15666000
20131213,28.04,28.16,27.65,27.95,11173400
20131216,28,28.17,27.86,27.88,13482700
20131217,27.84,28.24,27.76,27.83,10228200
20131218,28.01,28.1,27.74,27.96,15502100
20131219,28.15,28.37,27.98,28.37,13389700
20131220,28.37,28.37,27.74,27.95,14118700
20131223,28.05,28.12,27.87,27.88,8195100
20131226,28.06,28.08,27.93,27.97,5171300
20131227,28.09,28.52,28.05,28.42,8409500
20131230,28.43,28.95,28.41,28.7,9420100
20140102,28.76,28.83,27.76,27.99,13938000
20140103,27.99,27.99,27.46,27.55,13990100
20140106,27.53,27.69,27.18,27.69,12036800
20140107,27.62,27.88,27.1,27.1,14141900
20140108,27.31,27.52,27.15,27.25,13992900
20140109,27.24,27.29,26.15,26.24,22981200
20140110,26.28,26.76,26.22,26.38,19842000
20140113,26.38,26.59,25.97,26.13,13537600
20140114,26.04,26.25,25.89,26.13,15352900
20140115,26.24,26.51,26.08,26.51,12775100
20140116,26.83,27.07,26.42,26.56,19563000
20140117,26.74,26.74,26.2,26.32,14166000
20140120,26.31,26.38,25.58,25.58,11279700
20140121,25.71,25.84,24.92,24.97,23283300
20140122,25.18,25.56,25.06,25.35,17264100
20140123,25.21,25.37,24.67,24.68,22186500
20140124,24.55,25.2,24.44,25.1,24595700
20140127,25.1,25.31,24.75,25.03,13446000
20140128,25.46,25.57,25.31,25.32,12943100
20140129,25.33,26.35,25.17,26.27,25195700
20140130,26.25,26.56,25.86,26.1,17622300
20140131,25.89,26.31,25.66,26.31,14926700
20140203,26.22,26.26,25.46,25.52,11821800
20140204,25.86,26.09,25.5,25.94,12105100
20140205,26.08,26.42,25.87,26.25,18113800
20140206,26.44,27.4,26.37,27.01,23769700
20140207,27.18,27.28,26.57,26.88,16744000
20140210,26.77,26.98,26.47,26.69,10753100
20140211,26.93,27.17,26.63,26.98,14355700
20140212,27.21,27.24,26.88,27,12619100
20140213,26.83,27,26.48,26.97,11175700
20140214,27.03,27.23,26.84,27.15,12076300
20140217,27.32,27.36,26.87,26.95,7734900
20140218,27.05,27.28,26.76,26.83,14025100
20140219,26.74,27.2,26.67,27.1,13768300
20140220,26.86,26.98,26.68,26.82,13061800
20140221,26.86,26.95,26.63,26.84,8968300
20140224,26.75,26.79,26.06,26.1,12763000
20140225,25.71,25.74,25.31,25.43,13944600
20140226,25.48,25.7,25.17,25.45,14966700
20140227,25.96,26.14,25.7,25.7,14545200
20140228,25.82,25.82,25.28,25.51,17238400
20140305,25.28,25.34,24.55,24.65,8442900
20140306,24.86,24.93,24.57,24.65,10460700
20140307,24.42,24.51,23.66,23.75,21721500
20140310,23.18,23.34,22.83,23.12,25981900
20140311,23.42,23.51,22.77,22.89,16823300
20140312,22.73,23.43,22.63,23.2,17610400
20140313,23.32,23.53,22.66,22.71,17025200
20140314,22.71,22.92,22.49,22.89,17616400
20140317,22.95,23.36,22.73,22.8,14587300
20140318,22.97,23.34,22.74,23.28,16097400
20140319,23.24,23.57,23.01,23.3,16254300
20140320,23.1,23.64,22.99,23.36,16330100
20140321,23.45,24.05,23.37,23.85,21283900
20140324,23.88,23.99,23.6,23.82,15867000
20140325,24.05,24.38,23.91,24.21,16532200
20140326,24.33,24.54,24.04,24.11,13663800
20140327,24.06,24.53,23.95,24.42,17587200
20140328,24.63,24.7,24.26,24.39,12473000
20140331,24.69,24.96,24.61,24.86,19674100
20140401,25,25.14,24.48,24.78,15301100
20140402,24.73,25.96,24.69,25.74,19492500
20140403,25.71,26.22,25.44,25.91,16921000
20140404,26.21,26.35,25.74,25.85,17455700
20140407,26.13,26.43,25.9,26.35,13630200
20140408,26.74,27.09,26.22,26.38,22328000
20140409,26.3,26.47,25.87,26.26,11205600
20140410,26.08,26.27,25.79,26.03,11622200
20140411,25.78,26.18,25.57,26.18,12721000
20140414,26.3,26.55,26.14,26.41,14142300
20140415,26.2,26.21,25.06,25.19,27880000
20140416,25.53,25.62,25.16,25.44,12177100
20140417,25.49,26.01,25.28,25.8,12079600
20140422,25.57,25.66,25.23,25.34,18587800
20140423,25.27,25.31,24.93,25.04,11794600
20140424,25.17,25.76,25.01,25.44,13454700
20140425,25.24,25.35,24.76,24.86,11157100
20140428,24.44,24.44,24,24.18,16687000
20140429,24.35,24.48,24.09,24.16,13111100
20140430,23.68,24,23.24,23.88,23081600
20140502,24.04,24.72,23.92,24.72,18793100
20140505,24.58,24.8,24.23,24.54,14184900
20140506,24.47,24.76,24.28,24.34,15255600
20140507,24.3,24.83,24.28,24.62,15459300
20140508,24.67,24.82,24.05,24.25,19716800
20140509,24.29,24.4,23.95,23.95,10122100
20140512,24.45,25.02,24.4,24.97,26009500
20140513,24.99,25.17,24.79,24.95,11493200
20140514,24.96,25.58,24.95,25.53,17651300
20140515,25.44,25.56,25.23,25.46,10774500
20140516,25.23,25.33,24.86,24.9,19564600
20140519,24.59,24.59,24.02,24.08,18247200
20140520,24.09,24.21,23.44,23.53,16562200
20140521,23.74,23.98,23.59,23.66,11659500
20140522,23.92,24.3,23.91,24.06,13967200
20140523,24.04,24.27,23.95,24.2,10485700
20140526,24.32,24.43,24.21,24.3,4029700
20140527,24.39,24.45,24.02,24.1,8885500
20140528,23.92,24.08,23.7,24,15457600
20140529,24.14,24.2,23.76,24.08,11943800
20140530,23.49,23.58,23.16,23.17,24920100
20140602,23.47,23.82,23.35,23.66,13514500
20140603,23.59,23.61,23.32,23.41,10726200
20140604,23.5,23.62,23.26,23.32,9514600
20140605,23.41,23.57,23.19,23.25,8153100
20140606,23.63,23.73,23.42,23.62,12522000
20140609,23.68,24.11,23.62,24.05,14407300
20140610,24.09,24.09,23.63,23.86,12661900
20140611,24.05,24.12,23.67,23.86,13741000
20140613,23.22,23.31,23.06,23.27,16680500
20140616,23.27,23.31,23,23.02,12427800
20140617,23.02,23.05,22.84,23.04,6720800
20140618,23.07,23.35,22.93,23.35,14548800
20140620,23.27,23.41,23.2,23.3,7812500
20140623,23.65,23.88,23.54,23.65,11603400
20140624,23.53,23.73,23.23,23.32,9635000
20140625,23.24,23.51,23.09,23.34,8097100
20140626,23.63,24.11,23.6,23.84,15579300
20140627,23.82,23.99,23.54,23.69,7767400
20140630,23.67,23.82,23.45,23.82,9369100
20140701,24.04,24.25,23.98,24.1,12963400
20140702,24.2,24.69,24.17,24.58,17430500
20140703,24.82,25.26,24.74,25.11,17935100
20140704,25.14,25.18,24.99,25.18,1801900
20140707,24.99,25.15,24.79,25,7671300
20140708,25.1,25.15,24.87,25.07,5634800
20140710,25.02,25.18,24.75,25.05,12319100
20140711,24.98,25.18,24.71,24.95,13171000
20140714,25.14,25.39,25.1,25.14,9303400
20140715,25.26,25.48,25.18,25.33,8178500
20140716,25.67,25.9,25.63,25.78,16315900
20140717,25.61,25.71,25.34,25.45,10054100
20140718,25.78,25.78,25.4,25.44,15065000
20140721,25.39,25.61,25.29,25.55,12710700
20140722,25.74,25.99,25.62,25.8,9358700
20140723,25.76,25.98,25.63,25.8,8386500
20140724,26.03,26.32,25.94,26.17,13629100
20140725,26.14,26.29,26.08,26.17,6100700
20140728,26.33,26.61,26.29,26.54,14711000
20140729,26.65,26.81,26.51,26.53,9999500
20140730,26.56,26.58,26.02,26.15,10502400
20140731,25.9,26.57,25.89,26.33,17557100
20140801,26.19,26.29,25.64,25.8,14640000
20140804,25.92,25.94,25.44,25.94,9949400
20140805,25.82,25.89,25.52,25.58,8856000
20140806,25.62,25.86,25.44,25.67,7564300
20140807,25.89,25.89,25.4,25.4,11864000
20140808,25.31,25.67,25.13,25.45,8599000
20140811,25.76,25.94,25.67,25.72,7669400
20140812,25.74,25.85,25.65,25.8,7187400
20140813,25.49,25.58,25,25.18,23012700
20140814,24.98,25.02,24.48,24.64,16317700
20140815,24.86,24.98,24.64,24.9,8776800
20140818,25.12,25.18,24.79,25.04,8758500
20140819,24.89,25.24,24.8,25.09,7824600
20140820,25.17,25.64,24.99,25.57,13009700
20140821,25.45,25.63,25.3,25.47,10142400
20140822,25.26,25.31,25.13,25.24,7626500
20140825,25.33,25.4,25,25.04,15537600
20140826,24.89,25.14,24.69,24.98,12127100
20140827,25.06,25.06,24.6,24.63,17276000
20140828,24.19,24.25,23.45,23.62,43297900
20140829,23.76,23.79,23.23,23.47,18884900
20140901,23.72,23.77,23.27,23.27,10820300
20140902,23.45,23.57,23.01,23.05,22030200
20140903,23.18,23.7,23.03,23.26,25214000
20140904,23.14,23.26,22.96,23,18300200
20140905,22.87,23.01,22.23,22.6,67685800
20140908,22.5,22.57,22.16,22.41,23643600
20140909,22.37,22.92,22.34,22.71,14840200
20140910,22.68,22.74,22.37,22.58,14371700
20140911,22.62,22.69,22.42,22.59,9892000
20140912,22.5,22.84,22.38,22.81,18443700
20140915,23.01,23.26,22.91,23.2,16147700
20140916,23.18,23.53,22.97,23.24,15817600
20140917,23.36,23.48,23,23.09,10850200
20140918,22.99,23.44,22.96,23.14,10274800
20140919,22.94,23.05,22.44,22.5,17600700
20140922,22.05,22.05,21.28,21.57,22672500
20140923,21.7,21.9,21.52,21.73,11920300
20140924,21.79,22.23,21.79,22.05,12459300
20140925,21.87,21.97,21.52,21.92,15146300
20140926,21.95,22.02,21.48,21.48,13320800
20140929,21,21.38,20.78,21.06,11398300
20140930,21.09,21.51,20.84,21.49,14037500
20141001,21.25,21.93,21.19,21.38,14343500
20141002,21.58,22.11,21.28,21.94,12429600
20141003,21.77,21.83,21.42,21.57,12830600
20141006,22.05,22.14,21.51,21.55,20581100
20141007,21.78,21.89,21.53,21.7,12202200
20141008,21.77,21.84,21.51,21.67,11883800
20141009,21.82,21.86,21.26,21.26,13454700
20141010,21.16,21.19,20.77,20.77,10287300
20141013,21.47,22.09,21.42,21.78,16551600
20141014,21.95,22.6,21.87,22.41,14387000
20141015,22.13,22.35,21.7,22.26,17218200
20141016,21.74,21.93,21.49,21.62,19280200
20141017,21.83,21.91,21.42,21.66,15714400
20141020,21.59,21.72,21.32,21.46,12857400
20141021,21.32,21.87,21.13,21.69,14284900
20141022,21.78,21.91,21.51,21.76,12067700
20141023,21.7,22.43,21.41,22.18,23244600
20141024,22.1,22.68,21.91,22.26,18347700
20141027,21.58,22,21.17,21.28,26327600
20141028,21.6,21.6,21.05,21.25,15550100
20141029,21.12,21.17,20.15,20.15,20948700
20141030,19.39,19.57,19.07,19.25,18738900
20141031,19.48,20.23,19.35,20.23,12570300
20141103,20,20.18,19.75,20.18,8411100
20141104,20.18,20.18,19.36,19.53,11101000
20141105,19.39,19.64,18.99,19.48,10314500
20141106,19.2,19.3,18.82,19.11,12606300
20141107,19.35,19.69,19.16,19.43,9330300
20141110,19.75,19.8,18.94,18.95,7391900
20141111,18.72,18.72,18.09,18.25,19335100
20141112,18.25,18.6,18.15,18.25,13611700
20141113,18.21,18.43,18.17,18.18,8060000
20141114,18.04,18.63,17.85,18.59,13146000
20141117,18.46,18.73,18.4,18.52,10564900
20141118,18.4,18.41,17.68,17.68,18642200
20141119,17.43,17.82,17.39,17.75,28780600
20141121,18.45,19.23,18.33,18.98,33841200
20141124,19.27,19.44,18.92,19.15,16572800
20141125,19.13,19.32,19.02,19.32,14233800
20141126,19.34,19.43,18.52,18.54,18692900
20141127,18.6,19.04,18.49,18.54,8260600
20141128,18.77,19.05,18.64,18.78,11023400
20141201,18.55,18.59,17.91,18.03,14869100
20141202,18.31,18.39,17.57,17.59,15747600
20141203,17.67,17.88,17.48,17.66,11855400
20141204,17.71,17.72,17.14,17.37,19533500
20141205,17.37,17.63,17.11,17.56,11418500
20141208,17.38,17.51,16.81,16.95,11362000
20141209,16.39,16.84,16.34,16.56,17577800
20141210,16.57,16.65,15.93,15.94,13816500
20141211,15.87,15.91,15.29,15.47,23916600
20141212,15.4,15.74,15.21,15.22,20112000
20141215,15.45,15.49,14.89,15.02,19351800
20141216,14.8,15.76,14.55,15.58,27067600
20141217,15.73,16.1,15.62,15.92,25035300
20141218,16.15,16.31,15.85,16.29,19147500
20141219,16.57,17.63,16.34,17.63,26355700
20141222,17.74,18.01,17.33,17.51,15218300
20141223,17.26,18.31,17.2,18.31,19001300
20141226,18.2,18.49,17.91,18.03,8641200
20141229,18.06,18.35,18,18.14,7465600
20141230,18.13,18.56,18.02,18.05,12551600
20150102,17.92,18.09,17.45,17.58,11940700
20150105,17.32,17.54,16.99,17.4,19359500
20150106,17.79,18.34,17.57,18.11,26800400
20150107,18.44,18.95,18.25,18.77,19164700
20150108,18.92,19.03,18.33,18.87,11334800
20150109,18.67,18.86,18.5,18.61,12019500
20150112,18.47,18.63,18.15,18.57,10362100
20150113,18.72,19.08,18.66,18.73,20661200
20150114,18.01,18.17,17.27,17.27,37169600
20150115,17.37,17.71,16.99,17.41,18112100
20150116,17.51,18.37,17.28,18.05,16367500
20150119,17.82,17.96,17.6,17.93,12685900
20150120,18.31,18.31,17.84,18.03,9368800
20150121,18.07,18.38,17.8,18.26,11686800
20150122,18.45,18.81,17.93,18.17,12737200
20150123,17.88,17.88,17.06,17.2,20710700
20150126,16.65,16.8,16.36,16.41,14455000
20150127,16.26,16.3,15.6,15.95,15551200
20150128,15.75,16.21,15.63,15.82,11746100
20150129,15.91,16.12,15.05,15.2,18917400
20150130,15.02,15.57,14.9,15.54,16207300
20150202,15.71,16.24,15.5,16.17,15302900
20150203,16.64,17.18,16.44,16.95,20740800
20150204,16.8,17.15,16.36,16.73,15380100
20150205,16.64,17.13,16.56,16.57,12827300
20150206,16.49,16.76,16.25,16.72,10849400
20150209,16.48,17.73,16.48,17.47,21120800
20150210,17.32,17.56,16.64,16.64,15433400
20150211,16.64,17.16,16.59,17.11,15270500
20150212,17.56,17.65,17.25,17.44,13886700
20150213,17.61,18.27,17.61,18.16,20754000
20150218,18.34,18.56,18.31,18.35,11039400
20150219,18.23,18.4,17.84,17.89,10369700
20150220,18,18.34,17.75,18.26,9142700
20150223,17.91,17.93,17.39,17.6,15987100
20150224,17.79,18.07,17.58,17.97,11655600
20150225,17.72,18.04,17.72,17.97,8493100
20150226,17.72,17.79,17.02,17.27,22279500
20150227,17.34,17.51,17.2,17.38,12516600
20150302,17.27,17.32,16.72,16.83,12201800
20150303,16.92,17.16,16.82,16.97,13002400
20150304,16.7,16.83,16.45,16.58,13638000
20150305,16.46,16.54,15.89,15.9,19831700
20150306,15.79,16.2,15.58,16.05,17135600
20150309,15.79,16.18,15.74,16.03,15964800
20150310,15.81,15.97,15.56,15.56,18286800
20150311,15.58,15.71,15.26,15.33,18565400
20150312,15.53,15.8,15.28,15.3,19455700
20150313,15.1,15.6,14.84,15.47,31881800
20150316,15.59,15.82,15.23,15.42,21639500
20150317,15.46,16.16,15.46,16.14,21910600
20150318,15.9,15.91,15.56,15.75,29987500
20150319,15.69,15.89,15.49,15.58,18756200
20150320,15.77,16.32,15.53,16.32,26966200
20150323,16.25,16.42,15.98,16.26,12257900
20150324,16.29,16.35,15.71,15.87,14110900
20150325,15.86,16.04,15.66,15.97,14399900
20150326,15.87,16.03,15.41,15.41,14942600
20150327,15.29,15.29,14.89,14.99,22099100
20150330,15.21,15.3,14.93,15.07,16238300
20150331,14.8,14.8,14.46,14.5,28795400
20150401,14.46,14.46,14.07,14.09,30920400
20150402,13.99,14.62,13.8,14.51,33107500
20150406,14.68,14.86,14.42,14.6,18594400
20150407,14.69,15.17,14.64,15.08,28467000
20150408,15.31,15.48,14.69,14.69,22453500
20150409,14.55,14.9,14.4,14.64,21656800
20150410,14.57,14.78,14.42,14.42,17158800
20150413,14.32,14.7,14.02,14.19,22454700
20150414,14.55,15.06,14.39,14.91,36898000
20150415,14.95,15.12,14.65,15.03,26723500
20150416,15,15.06,14.58,14.73,21231200
20150417,14.56,14.82,14.41,14.5,31321500
20150420,14.79,14.84,14.54,14.54,16973900
20150422,14.93,16.03,14.85,15.97,39465900
20150423,15.83,17.12,15.74,17.01,33801600
20150424,17.7,18.43,17.59,18.15,49541200
20150427,18.09,19.11,17.87,18.06,36407400
20150428,18.18,18.49,17.63,17.99,32076200
20150429,17.14,17.39,16.58,16.58,36032600
20150430,16.07,17.61,16.03,17.61,50085700
20150504,18.42,18.81,18.26,18.72,30759800
20150505,18.62,19.93,18.49,19.69,40648800
20150506,20.18,20.47,18.71,18.8,44230100
20150507,18.75,19.21,18.1,18.63,31696300
20150508,19.11,19.19,17.96,17.96,28615900
20150511,18.43,18.87,18.33,18.48,31515400
20150512,18.41,18.67,17.95,17.97,20292000
20150513,17.78,17.93,17.39,17.49,24007400
20150514,17.39,17.79,17.1,17.34,24760300
20150515,17.27,17.54,17.13,17.26,16726700
20150518,17.34,17.42,16.47,16.47,28550200
20150519,16.25,16.51,15.96,16.38,30302800
20150520,16.3,16.71,16.07,16.07,24647100
20150521,16.11,16.54,16.06,16.33,17229800
20150522,16.57,16.76,16.41,16.54,18323800
20150525,16.5,17.01,16.5,16.83,12780900
20150526,16.93,17.3,16.68,16.93,26238100
20150527,17.02,17.09,16.49,17.05,23701600
20150528,16.77,16.88,16.47,16.68,19970500
20150529,16.67,16.73,16.26,16.26,22603800
20150601,16.47,16.58,16.08,16.26,16693500
20150602,16.39,17.48,16.35,17.47,29105300
20150603,17.56,17.68,16.99,17.13,26773400
20150605,16.88,17.25,16.73,17.08,18409200
20150608,17.12,17.16,16.52,16.54,18484100
20150609,16.49,16.92,16.41,16.48,18400300
20150610,16.96,17.36,16.9,17.27,25309600
20150611,17.5,17.65,17.11,17.48,25890700
20150612,17.33,17.48,17.19,17.34,14723600
20150615,17.17,17.28,16.84,16.93,21989900
20150616,16.78,16.82,16.46,16.51,22633300
20150617,16.44,16.52,16.2,16.35,19615600
20150618,16.48,16.91,16.39,16.87,18322400
20150619,16.69,16.89,16.49,16.89,16485800
20150622,16.87,17.09,16.4,16.4,14395100
20150623,16.6,16.76,16.51,16.55,13656100
20150624,16.68,16.76,16.43,16.54,9425600
20150625,16.5,16.57,15.94,16.01,21284700
20150626,15.93,16.23,15.84,16.2,14054600
20150629,15.81,16.05,15.74,15.76,10669000
20150630,15.67,15.75,15.05,15.11,24096200
20150701,15.28,15.44,14.9,14.96,14424100
20150702,14.7,15.05,14.61,15,17786800
20150703,14.87,14.92,14.65,14.77,7634500
20150706,14.58,14.62,14.34,14.52,15563300
20150707,14.35,14.7,13.85,14.7,26224900
20150708,14.2,14.59,14.06,14.1,35556800
20150710,14.68,14.76,13.95,13.98,27165100
20150713,14.19,14.9,13.83,14.9,37986100
20150714,14.65,14.68,14.28,14.41,18865000
20150715,14.55,14.67,14.06,14.06,20881200
20150716,14.24,14.39,14.09,14.39,14881300
20150717,14.43,14.43,14.13,14.16,12862800
20150720,14.24,14.4,13.97,13.99,21325100
20150721,14.02,14.45,13.89,14.19,13260600
20150722,13.86,13.94,13.64,13.79,26833600
20150723,13.83,14.31,13.82,13.93,16771500
20150724,13.97,14.11,13.43,13.61,21166800
20150727,13.52,14.06,13.27,13.58,22712300
20150728,13.92,14.52,13.8,14.41,25747200
20150729,14.58,14.88,14.49,14.66,28023500
20150730,15.41,15.57,13.97,13.98,38787800
20150731,14.07,14.31,13.68,14.21,25503800
20150803,14.16,14.24,13.78,13.95,15232700
20150804,14.08,14.44,14.08,14.37,14750500
20150805,14.92,15.07,14.72,14.93,26165500
20150806,14.74,15.27,14.68,15.2,25692600
20150807,15.04,15.16,14.46,14.46,16577800
20150810,14.51,15.06,14.33,14.99,22530100
20150811,14.59,14.67,14.06,14.22,34270500
20150812,13.95,14.5,13.84,14.45,28113600
20150813,14.55,14.65,14.14,14.18,16059600
20150814,14.25,14.29,13.88,13.91,12773100
20150817,13.8,14.07,13.74,13.8,13259200
20150818,13.68,13.73,13.4,13.43,17682300
20150819,13.33,13.36,12.85,13.08,17762300
20150820,13.09,13.47,13,13.4,16898000
20150821,13.18,13.26,13,13.05,11653500
20150824,12.05,12.61,11.53,12.01,29115300
20150825,12.45,12.58,11.87,11.9,19254400
20150826,12.12,12.25,11.78,12.25,16469100
20150827,12.46,13.31,12.42,13.31,25462600
20150828,13.08,13.82,13.01,13.3,34430400
20150831,13.04,13.76,12.92,13.73,26993200
20150901,13.24,13.66,13.12,13.37,22884900
20150902,13.61,14.14,13.45,14.14,29715700
20150903,14.27,14.94,14.27,14.74,33974900
20150904,14.41,14.5,14.17,14.29,32463100
20150908,14.78,14.94,14.6,14.9,25644500
20150909,15.23,15.46,14.71,14.9,25481200
20150910,14.56,15.52,14.48,15.52,30430000
20150911,15.63,15.88,15.03,15.2,21019900
20150914,15.15,15.31,14.66,14.9,21243200
20150915,14.74,14.89,14.24,14.37,22959600
20150916,14.53,14.8,14.33,14.69,18614500
20150917,14.5,15.49,14.5,15.16,29699400
20150918,15.04,15.42,14.92,15.32,30743100
20150921,15.23,15.6,15.09,15.23,19534800
20150922,14.79,14.93,14.41,14.89,25245700
20150923,14.94,15.03,14.46,14.47,24892900
20150924,14.26,14.57,14.14,14.32,20026100
20150925,14.51,14.62,13.73,13.81,20804800
20150928,13.37,13.5,12.79,12.79,32616200
20150929,12.9,13.13,12.71,12.82,20327300
20150930,13.19,13.24,12.66,12.92,17697300
20151001,13.01,13.65,12.95,13.5,24659300
20151002,13.29,14.03,13.19,14.03,26217100
20151005,14.16,14.4,14.08,14.25,15234300
20151006,14.3,14.54,14.08,14.47,17194400
20151007,15.33,15.79,15.18,15.37,48193000
20151008,15.29,15.59,15.11,15.46,15090300
20151009,15.73,15.86,15.55,15.77,18426100
20151013,15.14,15.33,14.48,14.53,26549100
20151014,14.54,14.85,14.53,14.72,29028000
20151015,14.79,14.98,14.42,14.97,19680300
20151016,15.08,15.2,14.64,15.1,31760100
20151019,15.09,15.09,14.49,14.56,21632300
20151020,14.66,14.68,14.18,14.26,14969500
20151021,14.26,14.78,14.26,14.65,17494100
20151022,14.83,15.09,14.66,14.74,18351400
20151023,15.22,15.48,14.73,14.89,26616200
20151026,14.93,14.93,14.26,14.26,16781100
20151027,14.25,14.3,13.79,13.9,19133800
20151028,13.62,13.7,13.37,13.48,31963100
20151029,13.2,13.47,13.17,13.25,21775700
20151030,13.41,13.95,13.34,13.95,20401200
20151103,14.05,14.41,13.7,14.31,26361200
20151104,14.62,14.8,13.83,14,22242000
20151105,14.09,14.09,13.53,13.77,17556000
20151106,13.18,13.37,12.9,12.98,34898000
20151109,12.95,13.17,12.77,12.82,14050300
20151110,12.75,12.79,12.55,12.65,13952900
20151111,12.79,13,12.55,12.62,13449600
20151112,12.62,12.62,12.36,12.49,15209600
20151113,12.49,12.69,12.37,12.68,14520700
20151116,12.72,12.85,12.34,12.43,18119400
20151117,12.45,12.48,11.96,12,20213500
20151118,11.99,12.33,11.86,11.89,25712300
20151119,12.1,12.29,11.95,12.07,17140700
20151123,11.93,11.98,11.65,11.76,20258900
20151124,11.69,12.08,11.48,11.96,29441200
20151125,11.73,11.96,11.63,11.63,14480700
20151126,11.71,11.81,11.6,11.69,8519300
20151127,11.55,11.6,11.01,11.01,20867600
20151130,10.69,10.87,10.45,10.57,33188500
20151201,10.59,10.73,10.28,10.31,22249400
20151202,10.39,10.44,9.94,10.33,29894900
20151203,10.6,10.67,10.15,10.21,19082200
20151204,10.12,10.2,9.85,9.93,20115800
20151207,9.98,10.05,9.75,9.78,16847800
20151208,9.51,9.51,9.02,9.26,27460500
20151209,9.39,9.83,9.34,9.59,23004300
20151210,9.52,9.96,9.51,9.96,21354100
20151211,9.64,9.7,9.34,9.53,22302900
20151214,9.55,9.84,9.47,9.81,16885000
20151215,9.99,10.29,9.95,10.22,24844900
20151216,10.11,10.63,10.09,10.42,28418900
20151217,10.64,10.69,10.13,10.17,20916800
20151218,9.99,10.36,9.97,10.36,38979500
20151221,10.53,10.68,9.68,9.68,27066000
20151222,9.75,10.01,9.69,9.99,12124300
20151223,10.33,10.58,10.22,10.46,16729700
20151228,10.26,10.43,10.01,10.03,9969600
20151229,10.03,10.14,9.84,10.06,10456800
20151230,10.01,10.26,9.98,10.19,15225200
20160104,9.81,10.16,9.8,9.94,14898600
20160105,9.95,10.04,9.78,9.84,9503200
20160106,9.51,9.53,9.09,9.09,24197200
20160107,8.84,8.88,8.51,8.56,29384000
20160108,8.68,8.81,8.15,8.15,24655500
20160111,8.13,8.33,7.8,7.87,26711600
20160112,8,8,7.2,7.21,29528900
20160113,7.38,7.55,6.84,7,42239900
20160114,7.07,7.49,6.88,7.47,34349300
20160115,7.11,7.26,6.96,7.24,32410400
20160118,7.27,7.46,6.91,6.91,23914300
20160119,7.31,7.38,6.95,7,28668100
20160120,6.78,6.95,6.61,6.91,32207100
20160121,6.84,7.24,6.82,6.82,29087400
20160122,7.01,7.14,6.62,6.69,32505600
20160126,6.51,6.78,6.4,6.78,34548000
20160127,6.72,7.27,6.67,7.13,41047100
20160128,7.13,7.48,6.91,7.05,30903900
20160129,7.11,7.21,6.79,7.19,43243700
20160201,7.13,7.21,6.92,7.2,32318800
20160202,6.96,7.09,6.53,6.53,26106000
20160203,6.71,6.96,6.6,6.92,31670800
20160204,7.25,7.96,7.09,7.7,71469600
20160205,7.67,8,7.52,7.74,30693400
20160210,7.43,7.76,7.36,7.68,16606700
20160211,7.47,7.52,7.21,7.36,25373300
20160212,7.53,7.68,7.49,7.51,26975500
20160215,7.79,7.88,7.72,7.74,16961900
20160216,7.71,8.25,7.68,8.21,38711400
20160217,8.42,8.99,8.33,8.54,45180400
20160218,8.55,8.69,8.25,8.3,31845300
20160219,8.21,8.76,8.17,8.64,31374200
20160222,9.14,9.38,9.02,9.34,38935200
20160223,9.21,9.6,8.89,8.94,31745300
20160224,8.53,8.65,8.36,8.55,34610900
20160225,8.1,8.33,7.99,8.1,36577800
20160226,8.34,8.43,7.96,8.03,27387200
20160229,8.17,8.62,8.12,8.51,29729900
20160301,8.82,9.18,8.71,9.18,40399500
20160302,9.19,9.97,9.1,9.93,50232400
20160303,10.1,11.01,9.72,10.89,60817300
20160304,11.94,12.32,11.28,11.65,77232000
20160307,12.38,12.99,12.09,12.7,71534000
20160308,12.11,12.28,11.17,11.17,63079700
20160309,11.43,11.48,10.49,10.81,53662400
20160310,10.98,11.06,9.89,10.07,78113104
20160311,10.14,10.59,9.99,10.09,47557100
20160314,10.19,10.29,9.61,9.64,31625400
20160315,9.24,9.63,9.19,9.63,30259500
20160316,9.71,10.49,9.6,10.49,31966100
20160317,11.32,11.38,10.53,10.87,48949800
20160318,10.93,11.2,10.77,11.2,44494100
20160321,11.23,11.56,10.98,11.13,31347100
20160322,10.98,11.31,10.93,11.23,22865500
20160323,11.01,11.12,10.42,10.44,23456100
20160324,10.21,11.33,10.09,11.3,33890700
20160328,11.69,11.77,11.09,11.32,26342700
20160329,11.21,11.53,10.86,11.24,27603700
20160330,11.45,12,11.36,11.64,36400700
20160331,11.43,11.62,11.15,11.31,20954100
20160401,11.07,11.97,10.97,11.8,33763500
20160404,11.81,12.08,11.22,11.24,23583600
20160405,11.12,11.78,10.93,11.61,21704000
20160406,11.44,11.76,11.21,11.33,18996200
20160407,11.53,11.62,11.14,11.18,17925900
20160408,11.53,12.12,11.41,12.12,32191200
20160411,12.5,12.8,12.48,12.72,29158300
20160412,13.05,14.16,12.99,14.12,46747500
20160413,14.71,15.34,14.57,14.71,55809200
20160414,15.06,15.15,13.48,13.72,33250500
20160415,13.84,14.25,13.34,14.21,30620300
20160418,14.26,14.75,13.86,14.48,31249700
20160419,15.01,15.75,14.92,15.75,47863700
20160420,15.79,16.77,15.79,16.58,54134100
20160422,15.5,15.92,15.21,15.22,46033100
20160425,14.86,14.89,14.07,14.08,38538600
20160426,14.16,14.72,13.53,14.72,48726400
20160427,14.7,15.33,14.17,15.18,48100800
20160428,15.9,16.25,15.24,15.46,48906100
20160429,15.77,16.25,15.49,15.65,54049700
20160502,15.83,16.03,15.1,15.54,33834000
20160503,14.99,15.16,14.52,14.52,36472800
20160504,13.8,14.1,13.57,13.75,57007800
20160505,14.07,14.08,12.97,13.19,42632500
20160506,12.95,13.79,12.84,13.44,39920300
20160509,12.88,12.99,12.22,12.28,58796800
20160510,12.51,13.05,12.36,13.05,37064800
20160511,13.32,13.39,12.74,12.94,37648500
20160512,12.97,13.12,12.45,12.68,34812400
20160513,12.62,12.85,11.96,12,44059300
20160516,12.04,12.61,11.94,11.98,36918700
20160517,12.18,12.55,11.88,12.33,35381500
20160518,12.08,12.41,11.86,11.9,25068700
20160519,11.56,11.83,11.26,11.78,34425000
20160520,12.08,12.19,11.29,11.33,27100400
20160523,10.99,11.62,10.89,11.43,26561900
20160524,11.59,11.72,11.19,11.28,20006600
20160525,11.43,11.65,11.29,11.56,16744000
20160527,11.63,11.72,11.32,11.32,15054500
20160530,11.36,11.48,11.2,11.3,6226000
20160531,11.13,11.67,11.02,11.17,30929200
20160601,11.02,11.27,10.78,11.27,20978800
20160602,11.27,11.67,11.1,11.65,17390300
20160603,11.92,12.63,11.81,12.54,26819500
20160606,12.92,13.03,12.52,12.93,26674300
20160607,12.82,13.2,12.73,12.91,28794700
20160608,13.09,13.18,12.94,13.07,24420600
20160609,12.82,12.94,12.3,12.43,28573100
20160610,12.03,12.11,11.83,11.83,20313500
20160613,11.66,12.13,11.59,12.04,23211300
20160614,11.93,12.27,11.6,11.74,28502700
20160615,11.86,12.38,11.83,12.12,32520900
20160616,11.98,12.28,11.8,12.11,22876100
20160617,12.33,12.59,12.13,12.19,27764600
20160620,12.62,12.7,12.37,12.39,21309600
20160621,12.37,12.47,12.03,12.37,18427100
20160622,12.52,12.91,12.49,12.67,24404800
20160623,12.92,13.36,12.79,13.32,19092000
20160624,12.61,12.87,12.13,12.13,39301700
20160627,12.24,12.38,11.81,11.92,21562400
20160628,12.26,12.57,12.23,12.48,19157600
20160629,12.77,12.97,12.64,12.79,25691600
20160630,12.88,13.02,12.73,12.95,33431000
20160701,12.97,13.27,12.73,13.16,22477000
20160704,13.46,13.6,13.32,13.43,8872000
20160705,13.21,13.37,12.78,12.82,20911500
20160706,12.62,13.13,12.47,13.11,18667900
20160707,13.13,13.44,12.61,12.7,23217600
20160708,12.95,13.08,12.78,12.94,12233700
20160711,13.21,13.42,13.15,13.42,16138500
20160712,13.87,14.2,13.8,13.89,27868300
20160713,13.89,14.14,13.52,14.09,30131900
20160714,14.28,14.36,13.65,13.74,27865600
20160715,13.71,13.96,13.55,13.66,17650900
20160718,13.53,14.11,13.42,14,22528700
20160719,13.67,13.79,13.45,13.6,28927000
20160720,13.57,13.78,13.33,13.55,20121200
20160721,13.82,14.16,13.75,13.96,29623900
20160722,13.92,13.97,13.65,13.86,14920400
20160725,14.1,14.1,13.8,13.91,12881800
20160726,14.07,14.6,14.01,14.5,26470900
20160727,14.72,15.14,14.71,14.99,25370000
20160728,15.29,15.29,14.62,14.87,25815500
20160729,14.7,14.92,14.5,14.92,20755500
20160801,15.16,15.33,14.46,14.46,18857100
20160802,14.54,14.88,14.28,14.57,17461200
20160803,14.56,15.39,14.38,15.38,28400700
20160804,15.17,15.57,15.03,15.39,31703300
20160805,15.66,15.71,15.41,15.53,16211400
20160808,15.66,15.8,15.47,15.65,13539900
20160809,15.68,16,15.67,15.9,19880000
20160810,15.91,15.91,15.29,15.31,29520400
20160811,15.31,15.7,15.14,15.66,21490200
20160812,15.5,15.72,15.32,15.35,23231400
20160815,15.54,15.83,15.37,15.83,19415500
20160816,16,16.24,15.94,16.01,17555500
20160817,15.91,16.05,15.68,16.02,20399200
20160818,16.04,16.19,15.82,15.87,16463000
20160819,15.97,16.15,15.76,16.07,12799200
20160822,15.86,15.94,15.47,15.48,20443700
20160823,15.76,16.08,15.69,15.72,20697500
20160824,15.6,15.69,15.14,15.21,23204900
20160825,15.27,15.56,15.25,15.32,17739600
20160826,15.41,15.69,14.91,14.98,22468900
20160829,15.05,15.49,14.94,15.34,12152200
20160830,15.21,15.44,14.97,15.03,18844900
20160831,14.98,14.98,14.38,14.38,35627700
20160901,14.56,14.82,14.43,14.81,21624500
20160902,14.95,15.44,14.94,15.4,16269700
20160905,15.46,15.51,15.03,15.03,13053600
20160906,15.06,15.35,14.85,15.35,18200600
20160908,15.23,15.4,15.06,15.12,19790100
20160909,14.91,14.95,14.39,14.4,22118400
20160912,14.27,14.79,14.14,14.76,25207600
20160913,14.44,14.52,13.73,13.74,24716700
20160914,14,14.27,13.86,14.05,19630300
20160915,14.12,14.26,13.96,14.07,11353200
20160916,13.93,14.11,13.75,13.87,24667000
20160919,14.17,14.38,14.02,14.17,21181200
20160920,14.26,14.29,14.02,14.27,14828800
20160921,14.64,15.18,14.55,15.18,35418300
20160922,15.33,15.41,14.99,15.15,19216100
20160923,15.09,15.44,14.94,15.24,18391600
20160926,15.04,15.25,15.02,15.09,10670400
20160927,15.09,15.19,14.78,15.16,13207200
20160928,15.31,15.71,15.27,15.71,20360600
20160929,15.74,15.84,15.39,15.46,18509600
20160930,15.46,15.54,15.24,15.31,13390500
20161003,15.31,15.7,15.24,15.7,14545400
20161004,15.71,15.78,15.4,15.46,15727500
20161005,15.6,15.7,15.52,15.63,9989000
20161006,15.62,15.68,15.49,15.55,12821300
20161007,15.7,16.13,15.7,15.94,30379700
20161010,16.2,16.89,16.11,16.89,27289300
20161011,16.74,17.02,16.57,16.59,31284700
20161013,16.17,16.25,16.03,16.12,41029600
20161014,16.5,16.62,16.32,16.42,16922200
20161017,16.54,16.89,16.4,16.81,19889600
20161018,17.05,17.4,17.01,17.25,18727300
20161019,17.28,17.44,16.94,17.06,16394000
20161020,17.1,17.84,17.06,17.81,27115100
20161021,17.89,18.61,17.63,18.53,27693800
20161024,19.03,19.37,18.83,19.06,25604100
20161025,19.69,20.31,19.4,20.3,42829600
20161026,19.92,20.73,19.82,20.68,39105600
20161027,20.99,21.13,20.6,20.6,50028600
20161028,20.49,20.95,20.4,20.66,26947800
20161031,20.74,20.83,20.13,20.51,19934000
20161101,20.85,21.05,19.95,20.65,29490600
20161103,20.43,20.95,20.26,20.33,21115300
20161104,20.28,20.72,20.04,20.38,22779900
20161107,21.16,22.06,21.13,22.06,26047600
20161108,21.88,22.91,21.79,22.46,32079700
20161109,22.12,23.71,21.99,22.88,54276000
20161110,23.86,25.28,23.61,24.76,64095500
20161111,25.35,25.73,23.28,23.47,56627000
20161114,23.35,24.64,23.1,24.58,28680500
20161116,23.31,23.53,22.49,22.77,37698200
20161117,23.02,23.24,22.37,22.39,21947400
20161118,22.18,22.37,21.35,22.07,37034500
20161121,22.32,23.29,22.12,23.29,26458200
20161122,24.8,24.86,24.32,24.73,30518400
20161123,24.69,25.2,24.3,25.04,23346400
20161124,25.1,25.19,24.56,24.6,8626200
20161125,24.59,25.71,24.38,25.71,24265200
20161128,25.75,27.34,25.56,27.34,26743800
20161129,26.73,26.89,26.03,26.2,54666500
20161130,25.81,26.31,25.16,25.4,41319200
20161201,26.15,26.69,24.68,25.15,34989300
20161202,24.78,26.48,24.35,26.41,28172900
20161205,26.8,26.9,26.2,26.62,14900000
20161206,26.4,27.04,26.23,27,14776300
20161207,27.74,27.93,27.51,27.84,22147500
20161208,28,28.26,26.6,26.73,30073800
20161209,26.76,27.06,26.3,26.55,20879100
20161212,26.65,26.89,25.95,26.23,13995700
20161213,25.92,26.15,25.07,25.15,20831900
20161214,24.9,25.15,24.37,24.6,22461100
20161215,24.59,25.36,24.19,25.04,24052200
20161216,25.11,25.3,24.33,24.33,20863900
20161219,24.31,24.48,22.79,22.79,34123800
20161220,23,23.28,22.65,23.14,16789300
20161221,23.44,23.44,22.76,22.97,11405900
20161222,22.5,22.57,21.72,21.78,18927600
20161223,21.95,22.38,21.61,22.27,16352900
20161226,22.37,22.92,22.04,22.82,4235200
20161227,22.97,23.29,22.9,23.1,9879900
20161228,23.4,23.97,23.37,23.8,15640600
20161229,23.89,23.96,23.25,23.34,14525200
20170102,22.93,23.12,22.77,22.85,3943800
20170103,23.1,24.11,23.1,24.11,18098700
20170104,23.95,23.99,23.33,23.65,19049600
