<DTYYYYMMDD>,<OPEN>,<HIGH>,<LOW>,<CLOSE>,<VOL>
20100601,5.37,5.42,5.33,5.38,9645000
20100602,5.38,5.44,5.34,5.43,5240000
20100604,5.43,5.48,5.25,5.44,17562500
20100607,5.44,5.52,5.44,5.52,10925000
20100608,5.5,5.58,5.49,5.51,14032500
20100609,5.53,5.57,5.5,5.52,7690000
20100610,5.52,5.6,5.5,5.57,9230000
20100611,5.53,5.6,5.53,5.57,4370000
20100614,5.58,5.63,5.55,5.6,6995000
20100615,5.62,5.7,5.56,5.66,5570000
20100616,5.62,5.74,5.61,5.72,11105000
20100617,5.69,5.74,5.67,5.74,7242500
20100618,5.71,5.76,5.69,5.73,6187500
20100621,5.75,5.85,5.75,5.85,6777500
20100622,5.85,5.92,5.82,5.86,9475000
20100623,5.84,5.91,5.8,5.91,7995000
20100624,5.85,5.9,5.74,5.75,11850000
20100625,5.72,5.81,5.7,5.81,5870000
20100628,5.77,5.89,5.76,5.88,6055000
20100629,5.81,5.86,5.75,5.8,10860000
20100630,5.76,5.76,5.58,5.59,10607500
20100701,5.58,5.62,5.46,5.56,12045000
20100702,5.52,5.64,5.52,5.6,7840000
20100705,5.63,5.63,5.49,5.53,3882500
20100706,5.57,5.72,5.51,5.69,12480000
20100707,5.69,5.74,5.63,5.72,8610000
20100708,5.68,5.71,5.65,5.7,10247500
20100712,5.72,5.72,5.61,5.65,7607500
20100713,5.61,5.71,5.61,5.67,9060000
20100714,5.64,5.72,5.64,5.69,5905000
20100715,5.69,5.77,5.65,5.77,12800000
20100716,5.74,5.83,5.73,5.8,11185000
20100719,5.8,5.85,5.79,5.85,9297500
20100720,5.8,5.85,5.74,5.81,9367500
20100721,5.86,5.86,5.76,5.79,9420000
20100722,5.83,5.91,5.79,5.88,8315000
20100723,5.83,5.92,5.82,5.84,10252500
20100726,5.85,5.86,5.79,5.82,5810000
20100727,5.84,5.85,5.79,5.83,8087500
20100728,5.85,5.92,5.8,5.92,6030000
20100729,5.92,5.94,5.85,5.9,6337500
20100730,5.88,5.94,5.85,5.92,7142500
20100802,5.94,6.03,5.6,5.9,21837500
20100803,5.89,5.91,5.82,5.86,7290000
20100804,5.89,5.89,5.82,5.85,5967500
20100805,5.91,5.91,5.76,5.81,5652500
20100806,5.76,5.81,5.68,5.69,7975000
20100809,5.69,5.73,5.67,5.7,4512500
20100810,5.67,5.72,5.66,5.69,8525000
20100811,5.69,5.69,5.63,5.64,6622500
20100812,5.63,5.68,5.58,5.67,9342500
20100813,5.64,5.72,5.61,5.66,8932500
20100816,5.66,5.81,5.62,5.78,6387500
20100817,5.75,5.93,5.75,5.88,10840000
20100818,5.91,5.94,5.83,5.94,12915000
20100819,5.89,5.99,5.84,5.95,8795000
20100820,5.91,5.95,5.91,5.91,6252500
20100823,5.95,6.06,5.85,5.91,8605000
20100824,5.83,5.9,5.83,5.88,4312500
20100825,5.85,5.89,5.75,5.78,5050000
20100826,5.78,5.82,5.72,5.78,8552500
20100827,5.83,5.86,5.75,5.86,6242500
20100830,5.81,5.87,5.79,5.82,4302500
20100831,5.85,6.03,5.84,6.02,7340000
20100901,5.99,6.09,5.97,6.06,8305000
20100902,6.03,6.07,5.97,6.03,3207500
20100903,6.06,6.06,5.97,6.01,5365000
20100906,6.02,6.05,5.94,5.99,827500
20100908,5.99,6.09,5.97,6.08,11515000
20100909,6.06,6.08,6.04,6.06,6842500
20100910,6.08,6.13,6.02,6.12,4072500
20100913,6.11,6.13,6.07,6.12,6902500
20100914,6.08,6.25,6.08,6.23,9340000
20100915,6.22,6.36,6.17,6.36,6920000
20100916,6.34,6.37,6.27,6.37,3800000
20100917,6.32,6.47,6.26,6.27,6922500
20100920,6.28,6.44,6.27,6.43,8530000
20100921,6.44,6.44,6.26,6.27,6232500
20100922,6.22,6.38,6.22,6.37,11462500
20100923,6.32,6.43,6.26,6.34,10932500
20100924,6.35,6.42,6.24,6.25,11262500
20100927,6.32,6.41,6.26,6.41,4795000
20100928,6.41,6.46,6.28,6.46,4612500
20100929,6.43,6.56,6.39,6.56,9342500
20100930,6.57,6.61,6.48,6.48,7770000
20101001,6.57,6.58,6.51,6.57,6395000
20101004,6.54,6.65,6.54,6.65,3960000
20101005,6.66,6.74,6.64,6.73,10280000
20101006,6.71,6.8,6.68,6.8,13002500
20101007,6.78,6.86,6.73,6.83,6432500
20101008,6.83,6.95,6.81,6.95,5707500
20101011,6.94,6.94,6.87,6.94,2870000
20101013,7.05,7.24,6.96,7.19,10537500
20101014,7.13,7.26,7.13,7.23,7740000
20101015,7.27,7.31,7.21,7.27,7165000
20101018,7.24,7.33,7.2,7.3,6375000
20101019,7.25,7.33,7.19,7.24,8987500
20101020,7.26,7.31,7.22,7.24,8537500
20101021,7.24,7.42,7.23,7.33,14462500
20101022,7.38,7.47,7.32,7.41,20377500
20101025,7.45,7.62,7.38,7.54,10855000
20101026,7.53,7.53,7.22,7.29,16580000
20101027,7.3,7.31,7.13,7.16,10162500
20101028,7.16,7.33,7.16,7.22,5785000
20101029,7.29,7.47,7.23,7.47,16015000
20101101,7.47,7.49,7.35,7.46,4627500
20101103,7.45,7.45,7.28,7.32,4870000
20101104,7.4,7.53,7.36,7.45,8282500
20101105,7.44,7.52,7.4,7.52,7630000
20101108,7.46,7.67,7.46,7.59,7855000
20101109,7.62,7.68,7.35,7.35,7942500
20101110,7.4,7.44,7.27,7.4,5140000
20101111,7.33,7.41,7.31,7.35,5455000
20101112,7.33,7.44,7.25,7.33,4517500
20101116,7.4,7.44,7.27,7.33,6932500
20101117,7.33,7.48,7.29,7.44,4672500
20101118,7.46,7.6,7.46,7.6,4730000
20101119,7.52,7.64,7.51,7.63,6022500
20101122,7.68,7.73,7.59,7.72,6935000
20101123,7.68,7.74,7.49,7.52,8980000
20101124,7.57,7.61,7.52,7.53,8677500
20101125,7.54,7.62,7.51,7.51,2107500
20101126,7.52,7.59,7.47,7.48,4420000
20101129,7.48,7.55,7.33,7.4,11087500
20101130,7.42,7.49,7.29,7.29,16830000
20101201,7.38,7.48,7.36,7.4,7165000
20101202,7.46,7.52,7.4,7.42,4607500
20101203,7.46,7.67,7.42,7.67,6107500
20101206,7.59,7.67,7.55,7.61,2697500
20101207,7.61,7.63,7.45,7.52,5960000
20101208,7.49,7.6,7.49,7.6,4202500
20101209,7.57,7.6,7.42,7.55,4577500
20101210,7.55,7.62,7.47,7.61,3115000
20101213,7.62,7.68,7.61,7.64,3235000
20101214,7.6,7.69,7.56,7.65,4182500
20101215,7.65,7.86,7.61,7.8,9985000
20101216,7.75,7.86,7.74,7.8,7452500
20101217,7.8,7.86,7.74,7.86,7422500
20101220,7.94,7.99,7.79,7.9,3292500
20101221,7.88,8.21,7.88,8.14,7359500
20101222,8.18,8.21,7.93,8.07,5357000
20101223,8.01,8.17,7.98,8.1,3009500
20101227,8.07,8.16,7.94,8.09,3129000
20101228,8.09,8.14,7.94,7.99,5325500
20101229,7.99,8.18,7.96,8.02,4782500
20101230,8.1,8.28,8.04,8.1,8732500
20110103,8.26,8.29,8.16,8.22,5664500
20110104,8.26,8.32,8.13,8.2,8321500
20110105,8.17,8.25,8.06,8.08,7454000
20110106,8.08,8.15,7.97,8.07,11079000
20110107,8.08,8.16,7.95,7.98,4747000
20110110,7.99,8.08,7.96,8.02,6526500
20110111,8.06,8.09,7.97,8,5998000
20110112,7.9,7.92,7.73,7.78,15552500
20110113,7.8,7.81,7.65,7.65,8549000
20110114,7.68,7.76,7.48,7.51,9516000
20110117,7.52,7.7,7.48,7.65,4853500
20110118,7.66,7.68,7.35,7.39,15881000
20110119,7.41,7.42,7.25,7.36,9516000
20110120,7.35,7.49,7.28,7.32,11796000
20110121,7.35,7.41,7.14,7.15,10400500
20110124,7.19,7.35,7.16,7.35,6192000
20110126,7.37,7.52,7.36,7.51,8958500
20110127,7.52,7.57,7.44,7.49,10631500
20110128,7.45,7.5,7.09,7.28,9635000
20110131,7.3,7.35,7.16,7.18,8215000
20110201,7.17,7.21,7.03,7.13,11498500
20110202,7.16,7.27,7.06,7.18,7495000
20110203,7.18,7.2,7.01,7.11,6036500
20110204,7.06,7.13,6.95,6.98,5959500
20110207,7,7.08,6.96,7.03,4875000
20110208,7.01,7.13,7.01,7.07,9065000
20110209,7.08,7.15,6.83,6.9,7214500
20110210,6.9,6.93,6.77,6.78,11339000
20110211,6.8,7.07,6.76,7.03,10564500
20110214,7.09,7.15,6.96,7.03,7796500
20110215,7.03,7.19,7,7.14,4931000
20110216,7.12,7.33,7.09,7.27,7443000
20110217,7.29,7.35,7.2,7.31,5819500
20110218,7.27,7.46,7.22,7.41,5705500
20110221,7.38,7.43,7.26,7.38,4333000
20110222,7.31,7.37,7.15,7.22,9273500
20110223,7.21,7.25,7,7.03,9606500
20110224,7.03,7.08,6.95,6.95,4139500
20110225,7.03,7.05,6.92,7,4823000
20110228,6.95,7.14,6.95,7.09,8014500
20110301,7.14,7.29,7.12,7.26,8956000
20110302,7.2,7.53,7.19,7.53,13065500
20110303,7.57,7.59,7.29,7.36,14069000
20110304,7.37,7.45,7.2,7.29,11012000
20110309,7.27,7.33,7.19,7.24,3248000
20110310,7.2,7.33,7.15,7.29,6914000
20110311,7.31,7.42,7.2,7.42,5458000
20110314,7.37,7.42,7.29,7.34,7053000
20110315,7.3,7.31,7.15,7.31,7336000
20110316,7.34,7.34,7.11,7.15,9595000
20110317,7.19,7.25,7.08,7.15,6261000
20110318,7.17,7.23,7.14,7.23,5695500
20110321,7.26,7.31,7.22,7.26,4791500
20110322,7.26,7.33,7.21,7.32,5145500
20110323,7.28,7.36,7.24,7.36,4934500
20110324,7.37,7.4,7.24,7.29,6229500
20110325,7.3,7.34,7.25,7.27,3317000
20110328,7.25,7.26,7.12,7.14,6591500
20110329,7.16,7.26,7.12,7.19,6238000
20110330,7.19,7.38,7.19,7.38,8121500
20110331,7.39,7.4,7.32,7.39,9849000
20110401,7.39,7.61,7.39,7.61,6588500
20110404,7.61,7.64,7.47,7.5,6995000
20110405,7.51,7.6,7.51,7.6,5737000
20110406,7.6,7.6,7.49,7.53,3737000
20110407,7.53,7.56,7.38,7.48,5840500
20110408,7.48,7.48,7.35,7.45,3987000
20110411,7.45,7.49,7.37,7.46,2841500
20110412,7.4,7.42,7.31,7.36,5974000
20110413,7.43,7.45,7.32,7.32,6486000
20110414,7.33,7.56,7.28,7.56,6583500
20110415,7.56,7.59,7.52,7.56,9012000
20110418,7.54,7.64,7.45,7.64,5718500
20110419,7.66,7.85,7.65,7.83,10106500
20110420,7.85,7.92,7.76,7.82,7940000
20110425,7.82,7.97,7.81,7.93,6644500
20110426,7.93,8.07,7.9,8.05,6522500
20110427,8.04,8.11,7.99,8.11,7466500
20110428,8.07,8.2,8,8.08,13764000
20110429,7.97,8.19,7.85,8.15,10288500
20110502,8.1,8.31,8.1,8.26,12207500
20110503,8.21,8.32,8.09,8.1,7242000
20110504,8.1,8.14,8.05,8.08,8326000
20110505,8,8.44,7.99,8.33,13731500
20110506,8.44,8.48,8.3,8.44,9620000
20110509,8.44,8.57,8.3,8.3,7792500
20110510,8.28,8.35,8.22,8.26,4817500
20110511,8.27,8.32,8.17,8.18,8234500
20110512,8.16,8.21,8.09,8.17,7431000
20110513,8.18,8.28,8.09,8.09,8546000
20110516,8.1,8.17,8.02,8.02,4360500
20110517,8.03,8.17,8.02,8.15,5117500
20110518,8.18,8.21,8.04,8.04,5593500
20110519,8.12,8.12,8.01,8.03,6110500
20110520,8.01,8.1,7.99,8.02,4679000
20110523,7.97,8.07,7.91,8.01,4601500
20110524,8.05,8.05,7.95,8,4410500
20110525,8.02,8.11,7.95,8,6240500
20110526,7.99,8.09,7.94,7.96,4725000
20110527,7.93,8.11,7.93,8,4294500
20110530,8.02,8.05,7.93,7.94,1594000
20110531,7.96,8.03,7.89,7.92,7377000
20110601,7.91,7.97,7.86,7.86,6042000
20110602,7.89,7.94,7.83,7.84,5532500
20110603,7.83,8.07,7.78,8.02,6825000
20110606,8.02,8.09,7.91,7.96,6688500
20110607,7.97,8.07,7.91,7.99,7017000
20110608,7.97,8.13,7.94,8.11,7517500
20110609,8.13,8.25,8.11,8.18,6332000
20110610,8.2,8.23,8.05,8.05,6116500
20110613,8.13,8.13,7.94,7.94,3845500
20110614,8.03,8.11,7.94,8.1,4619000
20110615,8,8.1,8,8.01,5232500
20110616,7.97,8.09,7.9,7.97,5777000
20110617,8.02,8.05,7.89,7.91,5476500
20110620,7.9,8.13,7.9,8.08,4549000
20110621,8.09,8.27,8.09,8.17,4989000
20110622,8.17,8.31,8.14,8.14,6585000
20110624,8.2,8.25,8.09,8.14,4675000
20110627,8.15,8.31,8.12,8.22,5079500
20110628,8.22,8.35,8.22,8.25,4453500
20110629,8.32,8.44,8.27,8.37,7308000
20110630,8.45,8.45,8.32,8.35,6283000
20110701,8.41,8.53,8.27,8.51,5580500
20110704,8.51,8.57,8.45,8.49,2155500
20110705,8.45,8.61,8.42,8.57,6382500
20110706,8.55,8.66,8.5,8.54,7337000
20110707,8.65,8.66,8.43,8.43,6458500
20110708,8.43,8.47,8.28,8.3,10658000
20110711,8.26,8.3,8.08,8.17,6861500
20110712,8.18,8.24,8.04,8.04,6090000
20110713,8.12,8.15,7.98,8.07,9458000
20110714,8.14,8.16,8.02,8.09,8201500
20110715,8.19,8.19,7.91,7.91,7672000
20110718,7.89,8,7.84,7.99,4860000
20110719,7.99,8.15,7.97,8.09,5215000
20110720,8.19,8.23,8,8,4929000
20110721,8.04,8.07,7.91,7.96,7646500
20110722,7.93,8.05,7.93,7.99,4807000
20110725,7.92,7.99,7.81,7.81,5018500
20110726,7.79,7.79,7.6,7.7,12448500
20110727,7.66,7.69,7.53,7.55,9993000
20110728,7.55,7.71,7.51,7.69,11148000
20110729,7.68,7.68,7.47,7.51,8854500
20110801,7.58,7.66,7.49,7.49,6058500
20110802,7.54,7.71,7.51,7.58,9295500
20110803,7.61,7.65,7.45,7.62,8570000
20110804,7.46,7.63,7.33,7.33,15594500
20110805,7.48,7.69,7.29,7.59,12136000
20110808,7.51,7.51,7.22,7.23,13144000
20110809,7.28,7.69,7.28,7.55,15701500
20110810,7.48,7.63,7.4,7.56,11029500
20110811,7.62,8.1,7.59,7.93,14146000
20110812,7.95,8.19,7.79,8.09,11681500
20110815,8.15,8.3,8.15,8.27,8347500
20110816,8.17,8.49,8.1,8.46,14393000
20110817,8.39,8.53,8.39,8.46,12131500
20110818,8.2,8.43,8.16,8.43,10212000
20110819,8.41,8.69,8.3,8.53,13583500
20110822,8.61,8.65,8.45,8.45,7700000
20110823,8.47,8.79,8.41,8.76,11039000
20110824,8.73,8.8,8.59,8.73,6997500
20110825,8.68,8.78,8.65,8.69,6814500
20110826,8.68,8.68,8.48,8.53,9985500
20110829,8.67,8.83,8.58,8.76,9016500
20110830,8.76,8.94,8.68,8.86,4864500
20110831,8.99,9.17,8.88,9.08,11339000
20110901,9.17,9.4,9.03,9.03,17723500
20110902,8.93,9.12,8.92,9.02,11946000
20110905,8.81,9,8.81,8.91,4791500
20110906,8.85,8.97,8.82,8.91,10582000
20110908,9.02,9.07,8.87,8.94,9919500
20110909,8.86,8.89,8.75,8.8,7616000
20110912,8.78,8.89,8.63,8.86,9426000
20110913,8.89,8.94,8.8,8.92,5946000
20110914,8.95,9.14,8.95,9.05,8036000
20110915,9.09,9.16,8.99,9.06,4618000
20110916,9.02,9.15,9.02,9.09,6127000
20110919,9.03,9.28,9,9.27,10458000
20110920,9.28,9.48,9.17,9.35,8014500
20110921,9.38,9.56,9.33,9.35,7239000
20110922,9.19,9.37,8.97,9.18,13979000
20110923,9.19,9.38,9.06,9.15,9608000
20110926,9.25,9.32,9.01,9.16,7172000
20110927,9.23,9.24,9.07,9.07,9234500
20110928,9.06,9.27,9.04,9.17,8742500
20110929,9.21,9.34,9.11,9.23,6593500
20110930,9.2,9.33,9.1,9.31,8655000
20111003,9.27,9.43,9.16,9.2,8213000
20111004,9.18,9.41,9.12,9.27,11479000
20111005,9.24,9.44,9.22,9.38,7302500
20111006,9.47,9.62,9.28,9.3,11922500
20111007,9.37,9.52,9.29,9.31,6933000
20111010,9.42,9.46,9.34,9.42,4985000
20111011,9.35,9.45,9.34,9.36,4767000
20111013,9.37,9.48,9.37,9.42,10120500
20111014,9.43,9.48,9.29,9.42,9944000
20111017,9.38,9.6,9.38,9.49,7412000
20111018,9.51,9.66,9.49,9.65,8683500
20111019,9.7,9.83,9.69,9.75,8071500
20111020,9.82,9.91,9.7,9.75,6479500
20111021,9.79,9.9,9.72,9.77,6200500
20111024,9.83,9.88,9.69,9.74,6902000
20111025,9.67,9.77,9.6,9.77,4814500
20111026,9.79,9.83,9.66,9.71,7876000
20111027,9.84,9.85,9.49,9.51,18994000
20111028,9.56,9.58,9.46,9.52,6369500
20111031,9.5,9.58,9.4,9.54,7080000
20111101,9.48,9.68,9.4,9.62,9159500
20111103,9.67,9.7,9.53,9.62,6256000
20111104,9.59,9.69,9.54,9.62,6832500
20111107,9.62,9.66,9.51,9.56,4461000
20111108,9.54,9.59,9.43,9.5,10274500
20111109,9.45,9.64,9.41,9.63,9095000
20111110,9.63,9.65,9.53,9.57,8046000
20111111,9.63,9.75,9.58,9.66,4734000
20111114,9.65,9.73,9.6,9.67,4682500
20111116,9.6,9.87,9.6,9.78,8279000
20111117,9.74,9.78,9.63,9.65,6362500
20111118,9.66,9.72,9.55,9.59,3356500
20111121,9.57,9.58,9.45,9.55,5908500
20111122,9.5,9.65,9.49,9.55,4048000
20111123,9.51,9.69,9.47,9.62,4382000
20111124,9.7,9.8,9.63,9.73,2850500
20111125,9.69,9.81,9.67,9.73,3712500
20111128,9.78,9.88,9.68,9.84,4963000
20111129,9.88,10.06,9.85,9.96,8249000
20111130,10.07,10.23,9.98,10.05,11669500
20111201,10.13,10.37,10.1,10.33,7050500
20111202,10.37,10.6,10.23,10.28,6787000
20111205,10.48,10.48,10.17,10.27,5296000
20111206,10.27,10.44,10.19,10.44,4138000
20111207,10.47,10.64,10.39,10.56,6790500
20111208,10.58,10.72,10.38,10.65,8051000
20111209,10.7,10.75,10.63,10.68,6385500
20111212,10.77,10.77,10.62,10.71,6653000
20111213,10.73,10.91,10.65,10.88,7018000
20111214,10.88,10.92,10.83,10.83,11126500
20111215,10.9,10.98,10.83,10.98,6488500
20111216,11,11.11,10.97,10.98,5098000
20111219,11.05,11.25,10.98,11.08,6051000
20111220,11.15,11.19,11.07,11.17,8236000
20111221,11.17,11.18,10.98,11.02,8631500
20111222,11.08,11.11,10.95,10.98,5319000
20111223,11.04,11.11,10.94,11.08,3536000
20111226,11.1,11.18,10.99,11,2301000
20111227,11,11.14,11,11.1,4181000
20111228,11.14,11.14,11.02,11.08,4119500
20111229,11.08,11.2,11.04,11.2,5454500
20120102,11.23,11.32,11.11,11.25,2879500
20120103,11.23,11.32,11.03,11.1,9109000
20120104,11.1,11.1,10.68,10.72,12189500
20120105,10.7,10.7,10.55,10.62,8871000
20120106,10.68,10.78,10.56,10.65,4660000
20120109,10.73,10.81,10.53,10.59,9192000
20120110,10.6,10.68,10.45,10.57,9034000
20120111,10.55,10.65,10.54,10.62,4398500
20120112,10.65,10.69,10.57,10.65,5455000
20120113,10.64,10.67,10.56,10.65,7521500
20120116,10.65,10.81,10.64,10.77,3044000
20120117,10.77,10.88,10.69,10.88,7514500
20120118,10.88,10.91,10.72,10.91,9583000
20120119,10.89,10.98,10.82,10.92,5429000
20120120,10.92,10.95,10.76,10.81,5293500
20120123,10.8,10.85,10.66,10.75,6200000
20120124,10.74,10.86,10.67,10.8,5457000
20120126,10.75,10.84,10.68,10.81,10363000
20120127,10.77,10.83,10.57,10.6,6201000
20120130,10.56,10.64,10.34,10.63,5703500
20120131,10.63,10.65,10.56,10.65,9534000
20120201,10.7,10.83,10.62,10.83,9032000
20120202,10.83,10.86,10.67,10.82,5929000
20120203,10.74,10.97,10.73,10.87,8174500
20120206,10.87,10.92,10.67,10.77,5351000
20120207,10.72,10.83,10.68,10.7,3490000
20120208,10.68,10.73,10.53,10.59,5950500
20120209,10.59,10.68,10.48,10.67,5494000
20120210,10.61,10.71,10.52,10.67,5013500
20120213,10.68,10.87,10.63,10.82,3997000
20120214,10.82,10.88,10.7,10.78,5449500
20120215,10.85,10.87,10.69,10.72,5621000
20120216,10.76,10.98,10.7,10.98,7102000
20120217,11.02,11.15,11,11.14,6560000
20120222,10.9,11.03,10.82,11.03,11910500
20120223,10.95,11.08,10.87,11.03,7520000
20120224,10.99,11.32,10.96,11.32,9487500
20120227,11.3,11.46,11.19,11.41,8892500
20120228,11.43,11.54,11.38,11.38,7130500
20120229,11.47,11.56,11.44,11.5,6727000
20120301,11.57,11.58,11.43,11.52,4907000
20120302,11.52,11.66,11.47,11.66,5436000
20120305,11.58,11.69,11.54,11.69,4349000
20120306,11.59,11.7,11.56,11.61,6241000
20120307,11.66,11.95,11.6,11.95,6860500
20120308,12.05,12.19,12.02,12.13,7613500
20120309,12.13,12.41,12.13,12.41,5553000
20120312,12.37,12.7,12.26,12.57,7359000
20120313,12.62,12.72,12.49,12.68,5925500
20120314,12.65,12.82,12.54,12.63,7269000
20120315,12.56,12.56,12.44,12.47,4298500
20120316,12.44,12.56,12.35,12.35,6232500
20120319,12.37,12.59,12.34,12.58,4167000
20120320,12.56,12.72,12.51,12.72,5995500
20120321,12.72,12.82,12.66,12.76,5877500
20120322,12.66,13.05,12.62,12.97,8390000
20120323,13.06,13.06,12.83,13.02,6446500
20120326,13.02,13.5,12.98,13.5,6348000
20120327,13.5,13.68,13.21,13.33,9311500
20120328,13.33,13.39,12.69,12.75,12220000
20120329,12.79,12.89,12.59,12.83,10461500
20120330,12.97,13.07,12.53,12.73,11608500
20120402,12.75,12.99,12.75,12.99,5819500
20120403,12.99,13.13,12.89,12.97,4889500
20120404,12.84,12.89,12.57,12.64,9210500
20120405,12.64,12.64,12.46,12.58,6373000
20120409,12.49,12.62,12.33,12.54,3615500
20120410,12.49,12.72,12.49,12.67,5789500
20120411,12.72,13.04,12.69,13.03,6722500
20120412,13.07,13.17,13.01,13.17,5047500
20120413,13.14,13.31,13.09,13.29,5207500
20120416,13.44,13.46,13,13.16,7183000
20120417,13.34,13.42,13.19,13.39,6719500
20120418,13.43,13.65,13.34,13.65,10555500
20120419,13.63,13.9,13.63,13.72,5350000
20120420,13.82,14.11,13.75,13.95,7917500
20120423,13.85,13.94,13.53,13.82,6016500
20120424,13.81,13.93,13.6,13.71,4666000
20120425,13.72,13.94,13.72,13.83,5574500
20120426,13.81,13.85,13.73,13.82,5253000
20120427,13.79,13.94,13.75,13.78,4173000
20120430,13.82,13.82,13.39,13.54,8929500
20120502,13.4,13.56,13.34,13.51,11274000
20120503,13.51,13.68,13.51,13.57,6356500
20120504,13.64,13.64,13.19,13.29,10158000
20120507,13.2,13.56,13.2,13.56,7139500
20120508,13.49,13.57,13.32,13.35,7286000
20120509,13.25,13.35,12.98,13.18,9748500
20120510,13.24,13.36,13.05,13.11,6135500
20120511,13.05,13.15,12.9,12.98,6583000
20120514,12.93,13.07,12.79,13.02,8300500
20120515,13.02,13.17,12.91,13.09,8036500
20120516,13.15,13.23,12.91,13.02,8549500
20120517,13.03,13.13,12.85,12.98,8476500
20120518,12.97,13.15,12.91,12.94,10137500
20120521,12.99,13.12,12.81,12.93,7903500
20120522,12.92,13.15,12.76,13.06,12585000
20120523,13.03,13.12,12.52,12.73,8665500
20120524,12.73,12.91,12.61,12.78,7959500
20120525,12.78,12.86,12.66,12.69,5641500
20120528,12.73,12.88,12.73,12.75,3008000
20120529,12.84,12.95,12.72,12.8,6008500
20120530,12.75,12.95,12.68,12.84,6435500
20120531,12.68,13,12.55,13,14147000
20120601,12.81,12.9,12.34,12.38,10681500
20120604,12.31,12.43,12.15,12.21,10398500
20120605,12.21,12.33,12.15,12.15,10318500
20120606,12.24,12.73,12.21,12.73,11459000
20120608,12.56,12.74,12.15,12.56,8923500
20120611,12.64,12.79,12.41,12.45,6565500
20120612,12.45,12.73,12.45,12.64,7281000
20120613,12.58,12.75,12.43,12.63,15500000
20120614,12.81,12.83,12.56,12.68,7455500
20120615,12.74,12.79,12.37,12.71,23719500
20120618,12.64,13.03,12.59,13.02,9560500
20120619,13.02,13.44,13.02,13.29,11376000
20120620,13.32,13.33,12.92,13.22,11390500
20120621,13.13,13.22,12.92,12.92,7155500
20120622,12.95,13.08,12.64,12.81,5854500
20120625,12.59,13.04,12.59,12.88,6120500
20120626,12.88,13,12.83,13,7712500
20120627,13,13.05,12.78,12.79,5722500
20120628,12.79,12.98,12.76,12.88,6376000
20120629,13.05,13.26,12.89,13.1,9884000
20120702,13.1,13.13,12.81,12.89,5459000
20120703,12.89,13.2,12.81,13.2,5595000
20120704,13.15,13.39,13.04,13.39,2937500
20120705,13.39,13.39,13.06,13.21,5828000
20120706,13.16,13.22,12.94,13.08,4388500
20120710,12.98,13.1,12.82,12.84,5667000
20120711,12.87,12.96,12.78,12.88,5029500
20120712,12.65,12.82,12.63,12.69,4113000
20120713,12.73,12.76,12.6,12.71,3684000
20120716,12.71,12.75,12.59,12.59,5616500
20120717,12.65,12.74,12.54,12.54,3630000
20120718,12.54,12.82,12.43,12.81,5863000
20120719,12.76,12.99,12.72,12.86,5592000
20120720,12.79,12.88,12.65,12.75,6699500
20120723,12.63,12.87,12.55,12.87,5657000
20120724,12.95,12.95,12.62,12.64,4541500
20120725,12.68,12.7,12.47,12.59,5794500
20120726,12.71,13.13,12.62,13.12,7998000
20120727,13.18,13.61,13.14,13.53,8549500
20120730,13.53,13.64,13.09,13.64,7894500
20120731,13.65,13.73,13.33,13.33,8635500
20120801,13.34,13.7,13.34,13.43,6451500
20120802,13.42,13.57,13.08,13.19,5186500
20120803,13.4,13.51,13.14,13.18,5997500
20120806,13.13,13.54,13.13,13.45,4540500
20120807,13.53,13.61,13.34,13.34,5434000
20120808,13.19,13.32,13.1,13.25,8618500
20120809,13.3,13.3,13.09,13.19,4385000
20120810,13.07,13.19,12.98,13.1,5612500
20120813,13.14,13.14,12.92,12.97,4244500
20120814,12.98,13.19,12.97,13.05,5867500
20120815,13,13.05,12.92,13.05,6237000
20120816,13.13,13.19,12.92,13.05,5433500
20120817,13.09,13.14,12.93,12.94,7149500
20120820,12.93,13.05,12.87,12.89,5241500
20120821,12.96,13.02,12.55,12.55,7142500
20120822,12.58,12.77,12.53,12.73,8499000
20120823,12.71,12.85,12.63,12.85,5791500
20120824,12.84,12.95,12.72,12.9,4227000
20120827,12.92,12.92,12.78,12.88,4260500
20120828,12.82,12.98,12.78,12.82,4714500
20120829,12.88,12.92,12.63,12.75,4810000
20120830,12.72,12.8,12.63,12.74,5995000
20120831,12.78,13.03,12.78,13.03,8296000
20120903,13.05,13.14,12.88,12.98,3278500
20120904,12.93,12.99,12.74,12.77,5423500
20120905,12.88,12.88,12.64,12.71,4490000
20120906,12.75,13.15,12.75,13.13,10728000
20120910,13.14,13.17,12.73,12.79,10681000
20120911,12.68,12.96,12.68,12.88,6687500
20120912,12.89,13.05,12.64,12.84,9697000
20120913,12.84,13.1,12.7,13.02,10967500
20120914,12.97,13.28,12.94,13.08,13330000
20120917,13.08,13.27,13.02,13.14,7901000
20120918,13.21,13.21,12.93,12.93,5911500
20120919,12.94,13.07,12.91,12.92,6624500
20120920,12.88,13.08,12.86,12.99,4456000
20120921,12.98,13.24,12.98,13.12,6566500
20120924,13.18,13.22,13.1,13.22,7638000
20120925,13.18,13.3,13.12,13.2,7148500
20120926,13.19,13.28,13.06,13.18,6648000
20120927,13.14,13.3,13.08,13.29,7998000
20120928,13.29,13.3,12.97,13.17,12908000
20121001,13.5,13.54,13.38,13.46,8973500
20121002,13.53,13.66,13.37,13.65,6298000
20121003,13.63,13.66,13.56,13.58,4983000
20121004,13.63,13.79,13.59,13.79,4234500
20121005,13.79,13.99,13.79,13.99,8577500
20121008,13.93,14.32,13.9,14.27,6901500
20121009,14.21,14.33,13.86,13.86,6989000
20121010,13.89,14.05,13.84,13.97,6926500
20121011,14.01,14.06,13.95,14.03,5300000
20121015,13.96,14.19,13.91,14.19,7986500
20121016,14.17,14.35,14.17,14.32,9611500
20121017,14.33,14.43,14.25,14.43,10146500
20121018,14.4,14.6,14.28,14.6,9155500
20121019,14.59,14.62,14.3,14.35,9800500
20121022,14.35,14.44,14.24,14.24,9124000
20121023,14.25,14.32,14.12,14.19,4834500
20121024,14.26,14.34,14.03,14.07,4309000
20121025,14.14,14.34,13.96,14.06,6056500
20121026,14.01,14.04,13.85,14.04,5750000
20121029,14.03,14.29,14.03,14.29,3654000
20121030,14.35,14.41,14.17,14.21,2688000
20121031,14.43,14.53,14.08,14.18,8796000
20121101,14.33,14.33,14.06,14.18,4756500
20121105,14.18,14.28,14.11,14.28,4017000
20121106,14.24,14.33,14.02,14.28,3826000
20121107,14.26,14.26,14.04,14.18,4667000
20121108,14.19,14.23,13.91,13.99,12896000
20121109,13.96,13.99,13.74,13.79,7403500
20121112,13.82,13.9,13.8,13.82,2465500
20121113,13.85,14.06,13.72,14.04,4658500
20121114,13.99,14.07,13.81,13.92,5021500
20121116,13.99,14.36,13.86,14.36,9445500
20121119,14.15,14.44,14.15,14.36,5021000
20121121,14.28,14.6,14.28,14.59,5935000
20121122,14.57,14.6,14.42,14.49,2928500
20121123,14.5,14.7,14.44,14.7,4652500
20121126,14.67,14.71,14.48,14.64,3622500
20121127,14.62,14.67,14.53,14.6,5072000
20121128,14.53,14.74,14.49,14.74,4816000
20121129,14.75,14.78,14.54,14.69,6483000
20121130,14.65,15.13,14.65,15.12,19061000
20121203,15.29,15.37,15.05,15.37,7620000
20121204,15.3,15.36,14.98,15.08,7532000
20121205,14.99,15.12,14.91,14.97,7012000
20121206,14.98,15.07,14.85,15.06,6429000
20121207,15.09,15.16,14.95,14.99,6548500
20121210,14.78,15.28,14.69,15.02,13020500
20121211,15.04,15.18,15,15.09,9707000
20121212,15.04,15.12,14.96,15.03,13706500
20121213,15,15.17,15,15.14,8779500
20121214,15.18,15.22,14.83,15.03,7053500
20121217,15,15.14,14.98,15.12,6807000
20121218,15.21,15.21,15.07,15.2,5678500
20121219,15.26,15.29,15.12,15.24,5611000
20121220,15.2,15.25,14.78,14.8,7254500
20121221,14.72,14.85,14.64,14.73,5887500
20121226,14.44,14.9,14.44,14.6,4271000
20121227,14.82,14.89,14.73,14.8,4724500
20121228,14.91,14.93,14.79,14.79,7274000
20130102,15.03,15.04,14.73,14.85,7150000
20130103,14.93,15.04,14.85,15.04,3989500
20130104,15.04,15.04,14.89,14.94,7995500
20130107,14.87,15.04,14.84,14.94,5177500
20130108,14.88,15.04,14.82,14.96,5930000
20130109,14.99,15.19,14.87,15.19,6213000
20130110,15.13,15.18,14.96,15.09,4231000
20130111,15.11,15.16,15,15.04,4118000
20130114,15.12,15.12,15,15.12,6165500
20130115,15.16,15.34,15.03,15.32,4297500
20130116,15.28,15.63,15.24,15.63,5942500
20130117,15.63,15.91,15.56,15.83,6290500
20130118,15.87,15.93,15.81,15.88,4992000
20130121,15.83,15.93,15.71,15.85,3452000
20130122,15.79,16.01,15.74,15.92,5182500
20130123,15.92,16,15.8,15.91,3495500
20130124,15.97,16.03,15.89,15.97,7221500
20130128,16.05,16.07,15.63,15.67,10914500
20130129,15.72,16,15.65,16,7854500
20130130,15.96,16.16,15.75,16.11,10878500
20130131,16.08,16.22,15.76,16.22,12101500
20130201,16.19,16.3,15.99,15.99,4905000
20130204,15.99,16.2,15.91,16.2,5542000
20130205,16.19,16.28,15.91,16.08,3698500
20130206,16.08,16.16,15.87,15.98,5983500
20130207,16.02,16.13,15.73,15.87,6363000
20130208,15.88,15.99,15.73,15.99,5202000
20130213,15.96,15.97,15.82,15.9,3427500
20130214,15.82,15.93,15.76,15.82,4890500
20130215,15.82,15.86,15.71,15.74,5982000
20130218,15.82,15.9,15.58,15.7,4059000
20130219,15.75,15.95,15.63,15.87,3581000
20130220,15.92,15.99,15.79,15.85,10152500
20130221,15.8,15.89,15.36,15.5,8339000
20130222,15.56,15.67,15.36,15.67,8973000
20130225,15.73,15.84,15.11,15.14,15041500
20130226,15.14,15.47,14.8,15.34,9311500
20130227,15.57,15.64,14.92,14.93,10019000
20130228,14.97,15.3,14.87,15.3,11685000
20130301,15.25,15.41,15.08,15.41,9643000
20130304,15.41,15.41,15.22,15.34,5567500
20130305,15.48,15.51,15.3,15.31,6171500
20130306,15.49,15.76,15.4,15.71,5082500
20130307,15.74,15.91,15.37,15.42,6281000
20130308,15.45,15.56,15.25,15.41,5342000
20130311,15.42,15.59,15.37,15.37,4594500
20130312,15.37,15.45,15.12,15.21,7687500
20130313,15.19,15.24,14.97,14.97,6872500
20130314,14.98,15.19,14.91,15.1,7752500
20130315,15.08,15.18,14.79,14.8,15298500
20130318,14.78,15.01,14.69,14.94,9805000
20130319,14.94,14.98,14.8,14.9,7916000
20130320,14.86,14.95,14.83,14.92,5295000
20130321,14.92,14.98,14.82,14.86,7287500
20130322,14.85,14.98,14.69,14.76,7769500
20130325,14.87,14.99,14.44,14.47,9805000
20130326,14.45,14.69,14.43,14.62,6883500
20130327,14.7,14.73,14.45,14.59,7432500
20130328,14.64,14.86,14.57,14.7,7980000
20130401,14.79,14.82,14.69,14.78,4736500
20130402,14.76,14.8,14.64,14.69,6140000
20130403,14.66,14.69,14.35,14.38,12833500
20130404,14.42,14.55,14.29,14.5,6877500
20130405,14.41,14.47,14.26,14.45,7262500
20130408,14.46,14.46,14.26,14.29,9553000
20130409,14.28,14.38,14.21,14.29,7246500
20130410,14.32,14.59,14.32,14.42,9111500
20130411,14.41,14.42,14.06,14.21,10147000
20130412,14.18,14.48,13.9,13.94,12447500
20130415,13.89,13.94,13.49,13.49,7733500
20130416,13.87,13.87,13.62,13.82,14123000
20130417,13.77,13.82,13.68,13.81,14279500
20130418,13.83,13.97,13.77,13.87,9486500
20130419,13.97,13.97,13.77,13.97,5201500
20130422,13.94,13.94,13.75,13.81,6589500
20130423,13.8,14.19,13.78,14.18,6097500
20130424,14.14,14.17,13.84,13.84,12013500
20130425,13.88,14.05,13.69,13.69,8232000
20130426,13.69,13.69,13.53,13.63,8838500
20130429,13.73,13.77,13.41,13.64,6044000
20130430,13.35,14.64,13.33,14.43,26640000
20130502,14.38,14.38,14.09,14.15,13322500
20130503,14.27,14.54,14.13,14.43,8525500
20130506,14.43,14.57,14.38,14.48,8100500
20130507,14.41,14.57,14.41,14.5,5371000
20130508,14.5,14.55,14.32,14.35,7113500
20130509,14.38,14.81,14.38,14.78,12857500
20130510,14.8,14.96,14.64,14.9,9730000
20130513,14.96,15.39,14.91,14.93,13896000
20130514,14.99,15.25,14.93,15.24,7696500
20130515,15.22,15.41,15.13,15.41,8091000
20130516,15.29,15.43,15.11,15.11,10073500
20130517,15.16,15.26,15,15.22,7726500
20130520,15.17,15.26,15.02,15.12,7080500
20130521,15.18,15.28,14.88,15.07,5865500
20130522,15.05,15.07,14.74,14.88,7030500
20130523,14.79,14.95,14.64,14.93,7154500
20130524,14.96,15,14.74,14.89,7979500
20130527,14.96,14.96,14.75,14.8,2031000
20130528,14.85,15.07,14.81,14.96,6121000
20130529,14.94,15.05,14.61,14.63,8029500
20130531,14.57,14.57,14.03,14.28,35463500
20130603,14.22,14.36,14.04,14.13,7793000
20130604,14.22,14.24,13.79,13.87,23035000
20130605,13.9,13.9,13.62,13.8,15103000
20130606,13.68,13.99,13.68,13.99,19192500
20130607,13.86,14.03,13.65,13.78,10541000
20130610,13.79,14,13.61,13.76,6362000
20130611,13.61,13.63,13.33,13.41,7275000
20130612,13.6,13.6,13.37,13.41,7058000
20130613,13.34,13.45,13.25,13.36,8043500
20130614,13.41,13.85,13.39,13.65,11845000
20130617,13.7,14.01,13.65,13.72,8490500
20130618,13.69,13.77,13.47,13.68,7433000
20130619,13.6,13.74,13.27,13.51,11839500
20130620,13.3,13.49,13.17,13.44,15153000
20130621,13.39,13.74,13.35,13.54,14011000
20130624,13.31,13.61,13.26,13.31,10552000
20130625,13.38,13.63,13.13,13.58,8002000
20130626,13.61,13.92,13.58,13.82,7875500
20130627,13.81,14.25,13.81,14.07,7596500
20130628,14.05,14.7,13.77,14.56,18311000
20130701,14.55,14.75,14.47,14.62,6581000
20130702,14.54,14.72,14.16,14.23,8885500
20130703,14.16,14.42,14.12,14.12,6722500
20130704,14.23,14.34,14.03,14.08,3590000
20130705,14.08,14.26,14.05,14.26,6861000
20130708,14.29,14.52,14.22,14.32,8501500
20130710,14.34,14.64,14.32,14.44,6052500
20130711,14.59,14.62,14.36,14.41,6252500
20130712,14.37,14.5,14.27,14.32,5260500
20130715,14.28,14.55,14.28,14.54,7772500
20130716,14.56,14.62,14.24,14.38,3967000
20130717,14.44,14.52,14.18,14.29,4868000
20130718,14.27,14.34,13.99,14.06,7808500
20130719,13.99,14.04,13.88,13.96,3436000
20130722,14,14.31,13.99,14.24,7527000
20130723,14.28,14.42,14.22,14.31,5495000
20130724,14.33,14.43,14.07,14.18,5744500
20130725,14.16,14.23,14.09,14.22,4383000
20130726,14.12,14.32,14.06,14.27,3388000
20130729,14.17,14.35,14.07,14.18,4965000
20130730,14.18,14.33,14.09,14.31,6640500
20130731,14.6,15.03,14.56,14.99,19520000
20130801,15.02,15.44,15.02,15.33,15091500
20130802,15.25,15.48,15.07,15.23,6426000
20130805,15.16,15.19,14.9,15.05,5926500
20130806,15.02,15.12,14.82,14.93,12852500
20130807,14.85,14.99,14.82,14.87,9647500
20130808,14.99,15.01,14.77,14.99,9732500
20130809,15,15.08,14.79,14.79,8010000
20130812,14.85,14.97,14.63,14.79,6794000
20130813,14.78,15.08,14.68,15.03,10584000
20130814,15.03,15.13,14.95,14.95,13179000
20130815,14.84,15.22,14.71,15.03,12520000
20130816,14.97,15.28,14.97,15.25,8282500
20130819,15.16,15.34,15.04,15.14,8158500
20130820,15,15.04,14.43,14.48,12721000
20130821,14.5,14.67,14.24,14.37,9932000
20130822,14.44,14.63,14.33,14.51,8073500
20130823,14.47,14.57,14.19,14.43,11415500
20130826,14.38,14.38,14.07,14.24,10253000
20130827,14.12,14.2,13.91,14.13,10798500
20130828,14.14,14.24,13.91,14.03,10092500
20130829,14.04,14.57,14.04,14.45,13964500
20130830,14.49,14.54,14.1,14.5,17174000
20130902,14.58,14.74,14.33,14.68,8787000
20130903,14.66,14.68,14.16,14.19,13035000
20130904,14.17,14.17,13.98,14.14,7757000
20130905,14.14,14.27,13.99,14.27,9897000
20130906,14.29,14.41,14.09,14.24,9070500
20130909,14.21,14.37,14.14,14.36,16343500
20130910,14.37,14.64,14.36,14.64,14551500
20130911,14.58,14.8,14.46,14.8,13377500
20130912,14.83,14.83,14.61,14.71,8403000
20130913,14.64,14.8,14.64,14.73,5406500
20130916,14.9,14.9,14.71,14.88,3980000
20130917,14.84,14.97,14.81,14.87,7550500
20130918,14.87,15.1,14.7,15.08,12682000
20130919,15.1,15.27,14.96,15.27,8949000
20130920,15.19,15.47,15.04,15.26,11745000
20130923,15.23,15.27,15.07,15.18,7449000
20130924,15.23,15.27,15,15.14,6637500
20130925,15.14,15.19,15.01,15.19,5037000
20130926,15.28,15.45,15.26,15.37,7692000
20130927,15.33,15.45,15.29,15.32,5892500
20130930,15.31,15.31,14.91,15.01,10568500
20131001,15.11,15.11,14.74,15.04,6327000
20131002,14.96,15.02,14.8,14.96,3938500
20131003,14.96,14.99,14.68,14.91,6198000
20131004,14.89,15.03,14.8,14.98,3426500
20131007,15.04,15.04,14.84,14.91,6903000
20131008,14.92,14.93,14.58,14.67,7648500
20131009,14.73,14.74,14.57,14.7,6115000
20131010,14.75,14.83,14.61,14.83,8862000
20131011,14.78,14.89,14.68,14.86,6292000
20131014,14.76,15.08,14.69,14.95,5270000
20131015,14.94,15.17,14.94,15,10239500
20131016,15.04,15.06,14.74,14.88,8278000
20131017,14.83,15.1,14.82,15.07,5859000
20131018,15.02,15.19,14.99,15.16,7906000
20131021,15.17,15.24,14.98,15.13,6205000
20131022,15.19,15.35,15.09,15.28,7259000
20131023,15.25,15.25,14.87,14.92,9255500
20131024,14.93,15,14.78,14.93,4512500
20131025,14.96,15.09,14.67,15.02,9759500
20131028,15.09,15.09,14.82,15.02,10078500
20131029,15.01,15.02,14.78,14.84,6647000
20131030,14.85,14.95,14.7,14.79,9406000
20131031,14.78,14.78,14.42,14.68,15625500
20131101,14.75,14.82,14.6,14.78,10151500
20131104,14.83,14.83,14.53,14.67,7769500
20131105,14.67,14.67,14.36,14.45,10933000
20131106,14.49,14.85,14.49,14.75,15159500
20131107,14.75,14.95,14.69,14.93,14724500
20131108,14.91,15.41,14.86,15.25,37393500
20131111,15.19,15.28,14.95,15.28,7547000
20131112,15.19,15.26,14.72,14.98,11523200
20131113,15.01,15.1,14.78,14.96,6328500
20131114,15.15,15.37,14.97,15.34,14056600
20131118,15.22,15.5,15.2,15.5,10857900
20131119,15.46,15.63,14.96,15.26,9985100
20131121,15.15,15.3,15.06,15.17,7522100
20131122,15.15,15.46,15.07,15.33,6109400
20131125,15.36,15.45,14.97,15.27,6088500
20131126,15.15,15.46,15.11,15.46,10858500
20131127,15.45,15.55,15.13,15.43,6081600
20131128,15.49,15.49,15.22,15.33,3764400
20131129,15.33,15.54,15.26,15.42,5408400
20131202,15.28,15.57,15.26,15.38,9394700
20131203,15.31,15.36,14.8,15.07,12956400
20131204,15.15,15.25,14.58,14.58,23923700
20131205,14.78,14.97,14.58,14.8,10741700
20131206,14.95,15.01,14.68,14.7,9004800
20131209,14.79,14.93,14.61,14.92,12360400
20131210,14.89,14.97,14.62,14.75,6007700
20131211,14.75,14.94,14.68,14.82,5106200
20131212,14.8,14.87,14.52,14.58,6630100
20131213,14.67,14.74,14.32,14.41,5949400
20131216,14.39,14.63,14.25,14.5,7405500
20131217,14.54,14.65,14.29,14.49,6671500
20131218,14.57,14.83,14.54,14.67,10423500
20131219,14.93,14.97,14.63,14.96,7432100
20131220,14.93,14.97,14.77,14.89,6232300
20131223,14.93,15.1,14.89,14.99,4834300
20131226,14.93,15.04,14.88,14.88,3559000
20131227,14.93,15.12,14.88,15.02,5211700
20131230,15.11,15.27,14.97,15.21,3833300
20140102,15.19,15.37,15.09,15.27,8011000
20140103,15.29,15.32,14.84,14.84,24766000
20140106,14.89,15.01,14.54,14.75,9328400
20140107,14.97,15.28,14.88,15.22,18665300
20140108,15.24,15.43,15.14,15.37,11367000
20140109,15.33,15.36,14.94,15.01,8787000
20140110,15.02,15.13,14.83,15.11,13781500
20140113,15.09,15.17,14.96,14.97,5050800
20140114,14.96,15.21,14.9,15.15,7095200
20140115,15.49,15.56,15.31,15.38,6145200
20140116,15.4,15.49,15.15,15.18,5800100
20140117,15.22,15.26,15.02,15.06,4752000
20140120,15.05,15.2,14.99,15.11,2751800
20140121,15.18,15.5,15.09,15.29,7026100
20140122,15.39,15.53,15.31,15.51,12101900
20140123,15.38,15.6,14.98,14.98,15352600
20140124,15.13,15.16,14.57,14.87,13478000
20140127,14.88,15.01,14.51,14.51,7496000
20140128,14.75,14.94,14.57,14.57,10879500
20140129,14.61,14.91,14.32,14.52,10453600
20140130,14.53,14.61,14.17,14.36,7515000
20140131,14.26,14.65,14.03,14.56,13132100
20140203,14.42,14.61,13.94,14.03,13735500
20140204,14.12,14.19,13.82,14.09,9213300
20140205,14.07,14.11,13.71,13.97,11609700
20140206,14.02,14.7,13.92,14.63,13416200
20140207,14.55,14.84,14.41,14.83,7403000
20140210,14.69,14.8,14.44,14.61,5289900
20140211,14.7,15.06,14.62,15.02,7878800
20140212,15.02,15.07,14.61,14.61,9601900
20140213,14.49,14.78,14.25,14.78,9117800
20140214,14.81,15.12,14.77,15.09,12796500
20140217,15.09,15.16,14.97,14.99,3887900
20140218,14.87,15,14.61,14.61,9265900
20140219,14.48,14.79,14.39,14.79,7056200
20140220,14.74,15.17,14.53,14.96,6779500
20140221,14.93,15.26,14.82,15,6901800
20140224,14.99,15.18,14.8,15.02,5287700
20140225,14.9,15.24,14.82,15.02,6888600
20140226,15.27,15.37,15.11,15.18,8058300
20140227,15.18,15.37,15.08,15.28,6766000
20140228,15.29,15.41,15.07,15.28,13347100
20140305,15.19,15.37,14.93,15.2,8477300
20140306,15.26,15.39,15.13,15.27,7500800
20140307,15.28,15.37,15.09,15.17,11858900
20140310,15.15,15.17,14.87,15.1,11176500
20140311,15.1,15.28,14.93,15.11,7977600
20140312,15.02,15.14,14.96,15.13,7624500
20140313,15.19,15.21,14.86,15.02,11617900
20140314,15.01,15.01,14.8,14.8,7876200
20140317,14.89,15.1,14.72,15.09,7592400
20140318,15.06,15.21,15.03,15.19,10797000
20140319,15.02,15.25,14.89,15.18,10131200
20140320,15.09,15.21,14.99,15.17,8908400
20140321,15.05,15.51,15.05,15.08,13422300
20140324,15.14,15.22,15.06,15.17,8774500
20140325,15.27,15.28,15.03,15.15,6953700
20140326,15.21,15.26,15.02,15.07,9429300
20140327,15.12,15.43,15.11,15.43,14037200
20140328,15.4,15.52,15.28,15.34,9562300
20140331,15.38,15.46,15.24,15.34,12152800
20140401,15.3,15.47,15.2,15.47,8456900
20140402,15.5,15.75,15.39,15.66,10001400
20140403,15.68,15.85,15.53,15.66,11105300
20140404,15.81,15.87,15.36,15.41,13662200
20140407,15.6,15.63,15.33,15.41,13242800
20140408,15.55,15.55,15.21,15.34,17892400
20140409,15.3,15.44,15.15,15.32,8181000
20140410,15.3,15.48,15.26,15.48,11258900
20140411,15.4,15.87,15.29,15.87,9640300
20140414,15.85,15.93,15.67,15.84,5698900
20140415,15.68,15.81,15.45,15.81,8347200
20140416,15.81,15.95,15.68,15.95,12174300
20140417,15.94,16.01,15.77,15.86,10654200
20140422,15.81,16.27,15.8,16.27,10885400
20140423,16.22,16.22,15.97,16.07,6273200
20140424,16.13,16.14,15.69,15.87,8664900
20140425,15.84,15.9,15.6,15.75,7585100
20140428,15.66,15.84,15.64,15.72,8414700
20140429,15.87,15.91,15.61,15.65,10039500
20140430,15.14,15.23,14.75,14.86,39124500
20140502,14.77,14.94,14.54,14.6,34124500
20140505,14.7,15.13,14.61,15.05,15801700
20140506,15.06,15.25,14.85,15.18,15107400
20140507,15.14,15.16,14.71,14.86,13842300
20140508,14.88,15.02,14.79,14.86,8708300
20140509,14.86,15.12,14.77,15.07,11118400
20140512,15.16,15.24,15.06,15.21,7264900
20140513,15.19,15.53,15.01,15.14,16782100
20140514,15.2,15.32,15.12,15.23,7468600
20140515,15.14,15.18,14.95,15.05,4994300
20140516,15.08,15.2,14.89,15.09,8085100
20140519,15.12,15.12,14.86,15.04,7715500
20140520,14.97,15.23,14.82,14.86,10321600
20140521,14.9,15.07,14.82,15.05,10919000
20140522,14.99,15.24,14.99,15.24,7596500
20140523,15.19,15.21,15.08,15.12,3834500
20140526,15.18,15.2,15.02,15.18,3502400
20140527,15.21,15.21,14.64,14.7,11292900
20140528,14.76,14.82,14.59,14.73,8311400
20140529,14.77,14.8,14.62,14.73,5239800
20140530,14.64,14.79,14.46,14.46,14074900
20140602,14.53,14.88,14.5,14.86,11608000
20140603,14.85,14.97,14.77,14.91,11341700
20140604,14.85,14.89,14.66,14.78,8040500
20140605,14.8,14.89,14.54,14.66,7760400
20140606,14.88,14.95,14.75,14.86,13288600
20140609,14.85,15,14.79,14.95,12879700
20140610,14.8,14.95,14.74,14.89,13701200
20140611,14.98,15.05,14.58,14.66,16083200
20140613,14.68,14.75,14.39,14.45,10169100
20140616,14.51,14.59,14.27,14.27,12117400
20140617,14.3,14.34,14.08,14.18,5580700
20140618,14.25,14.55,14.23,14.55,9910800
20140620,14.53,14.59,14.44,14.59,6985000
20140623,14.55,14.63,14.26,14.27,6544900
20140624,14.28,14.33,14.2,14.21,11901000
20140625,14.22,14.36,14.14,14.14,9253600
20140626,14.24,14.36,14.14,14.3,8429800
20140627,14.26,14.33,14.13,14.17,6151500
20140630,14.15,14.37,14.13,14.37,10253200
20140701,14.39,14.62,14.33,14.62,7857800
20140702,14.58,14.59,14.43,14.59,9280800
20140703,14.46,14.86,14.43,14.86,9671100
20140704,14.83,14.92,14.65,14.88,2821300
20140707,14.82,14.82,14.61,14.67,7203200
20140708,14.66,14.7,14.52,14.65,5275900
20140710,14.63,14.8,14.27,14.29,30037700
20140711,14.27,14.36,14.24,14.32,10040700
20140714,14.46,14.47,14.13,14.22,16350400
20140715,14.25,14.33,14.15,14.33,14906700
20140716,14.36,14.64,14.32,14.61,12148500
20140717,14.58,14.89,14.53,14.77,11437900
20140718,14.86,15.16,14.83,15.16,19504400
20140721,15.13,15.39,15.05,15.33,9727300
20140722,15.34,15.34,15.1,15.2,8544600
20140723,15.05,15.21,14.95,15.02,7457500
20140724,15.09,15.28,15.05,15.25,5548100
20140725,15.26,15.31,15.11,15.14,12614000
20140728,15.17,15.25,15.01,15.01,8544800
20140729,15.01,15.27,14.94,15.1,5431800
20140730,15.19,15.23,15.07,15.1,7180300
20140731,14.78,14.84,14.38,14.43,20092300
20140801,14.45,14.52,14.32,14.42,10318900
20140804,14.44,14.48,14.2,14.43,11118500
20140805,14.38,14.41,14.06,14.12,11689200
20140806,14.12,14.36,13.82,14.24,25240000
20140807,14.32,14.45,14.27,14.32,9835500
20140808,14.24,14.46,14.23,14.46,13860500
20140811,14.56,14.66,14.45,14.61,8927400
20140812,14.52,14.68,14.46,14.58,6145700
20140813,14.58,14.67,14.21,14.45,15057500
20140814,14.36,14.48,14.31,14.48,7121800
20140815,14.56,14.68,14.38,14.64,9714500
20140818,14.72,14.87,14.65,14.86,15492000
20140819,14.91,15.06,14.8,15.01,20017500
20140820,14.94,15.15,14.93,15.08,8080600
20140821,15.06,15.14,14.83,15.02,10371600
20140822,14.94,15.06,14.84,14.96,10646200
20140825,15.09,15.39,15.02,15.3,9755700
20140826,15.35,15.46,15.1,15.24,9071400
20140827,15.34,15.34,15.15,15.24,13137200
20140828,15.15,15.32,14.98,15.04,11740900
20140829,15.19,15.19,14.94,15.01,21436200
20140901,15.12,15.18,14.68,14.7,8296700
20140902,14.78,14.87,14.59,14.71,11744500
20140903,14.71,15,14.71,14.94,9600200
20140904,14.88,15.06,14.78,15.06,9962600
20140905,15.01,15.08,14.73,14.73,7072700
20140908,14.92,14.94,14.49,14.51,11140200
20140909,14.38,14.53,14.34,14.46,13819200
20140910,14.35,14.67,14.3,14.67,10825400
20140911,14.73,14.85,14.55,14.55,9194700
20140912,14.36,14.73,14.24,14.24,16301300
20140915,14.31,14.78,14.29,14.78,10730700
20140916,14.78,15.21,14.73,14.94,16372600
20140917,15.06,15.11,14.65,14.69,13529100
20140918,14.7,15.15,14.56,14.9,19647800
20140919,14.92,15.22,14.84,15.1,14591600
20140922,14.9,15.18,14.88,15.14,12101000
20140923,14.93,15.15,14.9,15.09,9367200
20140924,15.11,15.23,14.85,15.19,9900300
20140925,15.06,15.18,14.89,15.06,10680500
20140926,15.1,15.25,14.95,15.11,7623800
20140929,14.83,14.93,14.56,14.88,17451600
20140930,14.78,14.94,14.67,14.77,11426900
20141001,14.59,14.75,14.18,14.36,19281900
20141002,14.32,14.72,14.09,14.71,14606500
20141003,14.7,14.99,14.45,14.92,11465500
20141006,15.3,15.59,15.08,15.3,26325300
20141007,15.44,15.47,15.07,15.14,14650300
20141008,15.29,15.34,14.75,14.86,15437300
20141009,15.1,15.18,14.78,14.83,11922800
20141010,14.66,14.94,14.47,14.47,11118000
20141013,14.9,15.04,14.62,14.8,12410500
20141014,14.72,15.01,14.7,14.85,8396900
20141015,14.63,14.79,14.36,14.52,16748200
20141016,14.27,14.7,14.27,14.32,13797300
20141017,14.62,14.94,14.35,14.8,14251000
20141020,14.71,14.9,14.51,14.65,11281100
20141021,14.55,14.7,14.17,14.36,21178000
20141022,14.36,14.59,14.2,14.3,12812100
20141023,14.16,14.25,13.82,14,31522500
20141024,14.04,14.58,13.8,14.47,25987500
20141027,13.83,14.42,13.77,14.41,46348100
20141028,14.53,14.77,14.36,14.59,15164200
20141029,14.47,14.79,14.45,14.6,13143800
20141030,14.65,14.75,14.49,14.67,12384100
20141031,14.57,15.32,14.25,15.32,25936300
20141103,15.13,15.2,14.89,15.13,13515700
20141104,15.22,15.28,14.9,15.27,10972200
20141105,15.09,15.36,15.08,15.27,11504600
20141106,15.1,15.25,15.02,15.21,15148600
20141107,15.2,15.49,15.09,15.35,10362200
20141110,15.45,15.46,15.24,15.24,7668000
20141111,15.08,15.14,14.79,14.94,9045600
20141112,14.89,15.38,14.77,15.29,13172900
20141113,15.24,15.43,14.94,14.94,10419500
20141114,14.84,15.06,14.71,14.77,14506700
20141117,14.7,15.06,14.66,14.82,6570800
20141118,14.97,15.11,14.86,15.11,8915700
20141119,15.09,15.46,15.06,15.45,14719200
20141121,15.4,16.12,15.4,16,21950100
20141124,16.14,16.3,15.67,15.76,12841900
20141125,15.78,15.91,15.6,15.72,16359800
20141126,15.88,15.92,15.45,15.54,9356300
20141127,15.48,15.8,15.39,15.47,5570400
20141128,15.57,15.82,15.49,15.74,9613000
20141201,15.48,15.66,14.92,14.95,17520500
20141202,15.04,15.09,14.6,14.66,17163000
20141203,14.77,14.92,14.63,14.72,7319500
20141204,14.8,14.87,14.46,14.67,9531100
20141205,14.76,14.97,14.62,14.94,9059200
20141208,14.93,14.95,14.62,14.71,10495300
20141209,14.66,14.77,14.31,14.64,12350800
20141210,14.63,14.83,14.54,14.76,7873800
20141211,14.77,14.97,14.56,14.93,15088900
20141212,14.76,14.89,14.48,14.48,13341800
20141215,14.59,14.76,14.01,14.41,14706800
20141216,14.21,14.93,14.2,14.43,15979400
20141217,14.57,14.93,14.38,14.77,23822200
20141218,14.84,15.01,14.66,14.77,10240600
20141219,14.98,15,14.77,14.9,9843500
20141222,14.94,15.27,14.84,15.27,6702200
20141223,15.18,15.32,15.06,15.29,5758500
20141226,15.22,15.4,15.13,15.15,4045000
20141229,15.14,15.48,15.07,15.29,5011600
20141230,15.36,15.48,15.2,15.27,9346400
20150102,15.18,15.57,14.83,15.05,18867400
20150105,14.96,15.02,14.61,14.72,13547300
20150106,14.79,15.25,14.63,15.15,18158400
20150107,15.36,15.72,15.18,15.52,19740500
20150108,15.53,15.76,15.37,15.57,8854500
20150109,15.56,15.73,15.4,15.56,10734200
20150112,15.64,15.89,15.51,15.86,11130900
20150113,15.78,16.06,15.74,15.8,19050000
20150114,15.62,15.87,15.62,15.75,9182300
20150115,15.77,16.06,15.7,15.76,12475600
20150116,15.82,16.06,15.77,15.97,9028900
20150119,15.89,15.97,15.63,15.72,6128600
20150120,15.86,16.02,15.77,15.95,6933900
20150121,16.02,16.25,15.91,16.16,9278400
20150122,16.25,16.44,16.05,16.27,10960500
20150123,16.11,16.26,16.06,16.16,7149600
20150126,15.95,16.18,15.89,16.08,7197500
20150127,15.94,16.09,15.85,16.02,9816700
20150128,15.9,16.23,15.86,16.17,9544600
20150129,16.14,16.75,16.02,16.7,16861100
20150130,16.48,16.89,16.36,16.66,18606800
20150202,16.56,16.66,16.33,16.43,9326900
20150203,16.61,16.75,16.42,16.54,9871800
20150204,16.56,16.73,16.27,16.38,11261700
20150205,16.39,16.71,16.22,16.63,10386500
20150206,16.62,16.93,16.4,16.87,9869800
20150209,16.9,17.16,16.77,17.16,9999800
20150210,17.07,17.13,16.85,16.99,10119700
20150211,16.98,17.08,16.71,16.86,12093100
20150212,17.1,17.19,16.97,17.1,9614700
20150213,17.14,17.22,16.83,16.97,8796300
20150218,17.13,17.37,17.06,17.25,12727900
20150219,17.16,17.35,17.07,17.24,4405200
20150220,17.28,17.29,17.06,17.2,5355600
20150223,17.16,17.46,17.16,17.37,9030900
20150224,17.46,17.58,17.35,17.52,9160000
20150225,17.43,17.43,17.17,17.29,9609200
20150226,17.38,17.38,17.09,17.29,14931800
20150227,17.3,17.84,17.28,17.33,18420400
20150302,17.38,17.39,17.11,17.16,8697000
20150303,17.25,17.57,17.13,17.49,8909200
20150304,17.21,17.48,17.08,17.3,12388800
20150305,17.4,17.58,17.28,17.39,11617300
20150306,17.43,17.5,17.19,17.29,7187400
20150309,17.19,17.39,17.1,17.35,10320800
20150310,17.25,17.36,16.8,16.8,13007500
20150311,16.75,17.22,16.7,17.19,9870000
20150312,17.37,17.43,16.93,17.14,11589900
20150313,16.69,17.26,16.61,17.17,16189200
20150316,17.32,17.42,17.04,17.11,7741900
20150317,17.25,17.38,17.11,17.29,11034600
20150318,17.21,17.75,17.16,17.52,14070700
20150319,17.45,17.65,17.37,17.55,7151300
20150320,17.71,17.94,17.62,17.69,16535400
20150323,17.76,18,17.62,17.84,8732600
20150324,17.89,17.93,17.48,17.58,7735300
20150325,17.78,17.94,17.44,17.49,10358300
20150326,17.39,17.44,17.1,17.18,15598100
20150327,17.16,17.43,17.08,17.31,9182800
20150330,17.34,17.7,17.34,17.69,7543100
20150331,17.46,17.66,17.39,17.51,8446100
20150401,17.7,18.03,17.48,17.92,19413000
20150402,17.89,18.09,17.74,17.9,16122000
20150406,18.02,18.39,17.95,18.25,10224800
20150407,18.4,18.6,18.27,18.44,10731200
20150408,18.64,18.69,18.32,18.46,10816400
20150409,18.39,18.62,18.24,18.36,8766300
20150410,18.31,18.59,18.27,18.51,10289000
20150413,18.42,18.61,18.42,18.48,7722100
20150414,18.52,18.54,18.09,18.13,8859300
20150415,18.31,18.37,18.03,18.13,11149800
20150416,18.07,18.15,17.96,18.13,10074900
20150417,18.03,18.21,17.97,17.98,9314600
20150420,18.03,18.2,17.79,17.94,9627900
20150422,18,18.03,17.77,17.98,10214600
20150423,17.95,18.08,17.76,17.92,11415800
20150424,18.06,18.13,17.89,17.94,9041000
20150427,18.02,18.08,17.76,17.84,12539800
20150428,18.02,18.02,17.66,17.93,10109400
20150429,17.81,17.95,17.77,17.87,8726800
20150430,17.79,18.03,17.79,17.97,9193400
20150504,18.06,18.49,18.03,18.36,9755400
20150505,18.22,18.72,18.15,18.61,11324000
20150506,18.74,19.26,18.54,18.7,19195500
20150507,18.71,18.77,18.47,18.6,6525000
20150508,18.77,18.9,18.52,18.84,10499200
20150511,18.74,18.87,18.65,18.81,4960000
20150512,18.68,18.78,18.45,18.54,10022200
20150513,18.49,18.52,18.28,18.43,6846500
20150514,18.55,18.67,18.33,18.45,7155300
20150515,18.35,18.65,18.35,18.58,9203800
20150518,18.58,18.75,18.27,18.37,11168900
20150519,18.39,18.44,18.17,18.28,7836400
20150520,18.03,18.12,17.71,17.76,10649300
20150521,17.57,17.93,17.51,17.82,10045600
20150522,17.92,18.02,17.64,17.82,12215400
20150525,17.78,17.98,17.64,17.87,2539800
20150526,17.73,17.94,17.51,17.59,9763900
20150527,17.51,17.62,17.34,17.53,9093600
20150528,17.37,17.59,17.22,17.54,8891700
20150529,17.41,17.6,17.29,17.46,19329900
20150601,17.56,17.72,17.54,17.58,7809400
20150602,17.71,17.75,17.54,17.71,11722600
20150603,17.7,17.7,17.25,17.54,11663500
20150605,17.64,17.78,17.48,17.78,14784300
20150608,17.79,17.93,17.63,17.67,12834200
20150609,17.59,17.69,17.54,17.6,15661000
20150610,17.81,17.95,17.65,17.92,10230100
20150611,17.93,18.1,17.8,17.88,12087100
20150612,17.76,17.93,17.74,17.81,6755400
20150615,17.67,17.69,17.49,17.56,9199200
20150616,17.68,17.99,17.61,17.87,12984300
20150617,17.78,17.87,17.64,17.82,9258900
20150618,17.87,18.05,17.6,17.92,10702500
20150619,17.72,18.03,17.72,18.02,11932600
20150622,18.09,18.27,18,18.09,10318400
20150623,18.21,18.3,18.09,18.09,6452700
20150624,18.13,18.24,18.01,18.07,6398300
20150625,18.05,18.09,17.88,18.06,8472500
20150626,18.01,18.34,17.98,18.29,9694500
20150629,18.21,18.21,18.03,18.11,5843400
20150630,18.11,18.28,18.06,18.21,19365900
20150701,18.16,18.37,18.16,18.21,10344700
20150702,18.33,18.44,18.13,18.19,9201600
20150703,18.12,18.3,18.04,18.29,3031200
20150706,18.09,18.38,18.07,18.3,6963600
20150707,18.18,18.45,18.14,18.35,9569500
20150708,18.34,18.44,18.2,18.25,8616200
20150710,18.4,18.7,18.3,18.59,15705400
20150713,18.66,18.83,18.62,18.66,10116900
20150714,18.6,18.78,18.53,18.7,8958000
20150715,18.62,18.78,18.62,18.77,9497700
20150716,18.88,18.96,18.65,18.77,9763500
20150717,18.77,18.96,18.7,18.8,10817100
20150720,18.79,18.9,18.69,18.76,9054700
20150721,18.86,18.92,18.56,18.69,7528500
20150722,18.57,18.86,18.44,18.59,7768000
20150723,18.43,18.57,18.26,18.39,12326100
20150724,18.33,18.38,18.03,18.15,12372000
20150727,18.05,18.15,17.77,17.86,10821000
20150728,17.92,18.02,17.53,17.91,13941200
20150729,17.78,18.07,17.74,17.88,13330000
20150730,17.89,18.09,17.82,18.03,9676500
20150731,18.13,18.57,18.08,18.55,13203000
20150803,18.45,18.72,18.42,18.62,8570000
20150804,18.55,18.82,18.55,18.81,9222400
20150805,18.88,19.02,18.66,19.02,8111000
20150806,18.9,19.12,18.79,18.93,13424700
20150807,18.84,18.92,18.47,18.61,10011300
20150810,18.61,18.78,18.53,18.66,8286700
20150811,18.66,18.7,18.45,18.64,10770600
20150812,18.59,18.73,17.9,17.96,26113200
20150813,18.09,18.25,17.74,17.88,11002300
20150814,17.81,17.92,17.69,17.74,8435300
20150817,17.73,17.88,17.64,17.68,10600600
20150818,17.68,18.33,17.6,17.9,18256100
20150819,17.69,17.92,17.3,17.35,16320900
20150820,17.21,17.66,17.09,17.57,12282700
20150821,17.47,17.57,17.2,17.28,11858300
20150824,16.54,17.25,16.17,17.12,25827300
20150825,17.52,17.73,17.26,17.54,22123700
20150826,17.66,18.02,17.57,17.97,14146500
20150827,18.11,18.45,17.88,18.21,15898200
20150828,18.13,18.3,17.94,18.3,11627800
20150831,18.11,18.26,17.68,18.2,20812000
20150901,17.78,18.11,17.75,17.84,14910000
20150902,17.99,18.28,17.78,18.25,16687100
20150903,18.38,18.76,18.08,18.71,19090100
20150904,18.54,18.94,18.48,18.92,28728600
20150908,19.13,19.24,18.54,18.7,12947400
20150909,18.88,19.04,18.39,18.46,12535200
20150910,17.89,18.68,17.82,18.42,15595200
20150911,18.33,18.38,18.01,18.12,12003400
20150914,18.16,18.28,17.95,18.12,16201500
20150915,18.2,18.45,18.07,18.31,12594200
20150916,18.73,18.86,18.46,18.69,33062500
20150917,18.51,18.99,18.5,18.72,15086700
20150918,18.54,18.99,18.46,18.71,17660500
20150921,18.5,18.83,18.46,18.57,8210100
20150922,18.46,18.68,18.33,18.64,12317400
20150923,18.66,18.68,18.35,18.42,14421300
20150924,18.11,18.57,17.97,18.37,12373800
20150925,18.54,18.95,18.29,18.54,8936200
20150928,18.56,18.65,18.3,18.52,8005900
20150929,18.52,18.76,18.45,18.6,9025100
20150930,18.83,18.97,18.59,18.66,11798200
20151001,18.65,19.03,18.59,18.93,11087300
20151002,18.82,19.33,18.79,19.27,10161100
20151005,19.53,19.66,19.4,19.55,7807400
20151006,19.6,19.64,18.95,19.11,11674100
20151007,19.32,19.36,19.06,19.21,14604700
20151008,19.21,19.35,18.76,18.91,16571100
20151009,19.17,19.17,18.62,19.01,10726000
20151013,18.97,18.97,17.79,17.97,26257200
20151014,17.97,18.31,17.58,17.68,33609000
20151015,17.81,18.46,17.54,18.36,22542700
20151016,18.4,18.7,18.11,18.53,12113300
20151019,18.54,18.71,18.36,18.71,7614400
20151020,18.67,18.81,18.46,18.81,8180800
20151021,18.88,19.11,18.77,18.93,11834300
20151022,18.94,19.16,18.73,18.89,15156500
20151023,19.25,19.25,18.91,18.99,8594600
20151026,19.02,19.09,18.8,18.91,7086000
20151027,18.83,19.08,18.71,19.03,13470900
20151028,18.88,18.9,18.51,18.67,16007900
20151029,18.37,18.62,18.25,18.25,9314100
20151030,18.13,18.5,17.97,18.34,11810200
20151103,18.35,18.83,18.2,18.83,13346300
20151104,18.92,19.01,18.49,18.83,10099700
20151105,18.72,18.89,18.48,18.7,9070300
20151106,18.61,18.68,18.12,18.22,8697400
20151109,18.22,18.35,17.8,17.97,7913700
20151110,17.84,17.96,17.48,17.92,10718800
20151111,17.97,18.33,17.97,18.31,10481500
20151112,18.3,18.54,18.06,18.15,9162900
20151113,18.15,18.44,18.03,18.35,9261500
20151116,18.31,18.48,18.15,18.3,13417700
20151117,18.54,18.54,18.33,18.37,6543500
20151118,18.37,18.66,18.32,18.42,8336700
20151119,18.65,18.69,18.42,18.59,11739300
20151123,18.6,18.73,18.28,18.31,13872300
20151124,18.3,18.32,18.02,18.2,6857400
20151125,17.98,18.15,17.72,17.87,18368400
20151126,17.87,18.14,17.85,18.07,7714800
20151127,18.03,18.07,17.82,17.84,9033800
20151130,17.72,18.23,17.68,17.91,39752000
20151201,17.95,18.04,17.77,17.99,20948100
20151202,17.94,18.01,17.7,17.72,14091700
20151203,18.3,18.33,17.83,18.01,12202900
20151204,17.96,18.14,17.75,17.81,10023600
20151207,17.91,18.04,17.77,17.87,8867400
20151208,17.87,17.98,17.39,17.43,11314500
20151209,17.67,17.97,17.53,17.75,16405500
20151210,17.83,17.83,17.41,17.58,7614900
20151211,17.49,17.85,17.46,17.56,12955200
20151214,17.53,17.63,17.29,17.34,5569100
20151215,17.44,17.56,17.15,17.15,7731000
20151216,17.07,17.53,17.01,17.43,7503000
20151217,17.72,18.1,17.28,17.44,12171600
20151218,17.15,17.4,16.96,17.1,17606900
20151221,17.1,17.58,17.1,17.29,10020100
20151222,17.42,17.44,17.06,17.37,8177900
20151223,17.46,17.66,17.32,17.61,17338900
20151228,17.53,17.63,17.42,17.55,6938200
20151229,17.5,17.7,17.46,17.61,5349200
20151230,17.52,17.7,17.27,17.27,12124900
20160104,17.15,17.15,16.65,16.65,13206900
20160105,16.69,16.95,16.55,16.91,10774200
20160106,16.8,16.91,16.64,16.75,7739100
20160107,16.61,16.76,16.3,16.3,15316400
20160108,16.38,16.64,16.38,16.52,10684000
20160111,16.63,16.73,16.21,16.25,12772700
20160112,16.39,16.49,16.24,16.43,9573800
20160113,16.56,16.69,16.18,16.28,10709300
20160114,16.39,16.39,15.98,16.3,12325600
20160115,16.11,16.16,15.47,16.05,19870300
20160118,15.99,16.02,15.71,15.71,9267800
20160119,15.97,16.3,15.88,16.21,9628400
20160120,15.99,16.2,15.78,16,12363400
20160121,15.99,16.11,15.67,15.79,11049800
20160122,15.89,16.3,15.89,16.3,15564500
20160126,16.16,16.34,16.01,16.29,13892700
20160127,16.26,17.38,16.25,17.24,28371900
20160128,17.26,17.72,16.95,17.31,17343800
20160129,17.51,18.05,17.38,18.05,20667000
20160201,17.82,18.06,17.43,17.91,12662500
20160202,17.63,17.91,17.44,17.5,16351800
20160203,17.64,17.67,17.13,17.62,11406600
20160204,17.85,18.18,17.76,17.87,18556300
20160205,17.91,18.15,17.6,17.66,10973700
20160210,17.48,17.52,17.1,17.46,11694700
20160211,17.19,17.38,17.06,17.37,11956300
20160212,17.5,17.59,17.3,17.44,9564100
20160215,17.6,17.69,17.37,17.44,6378400
20160216,17.5,17.74,17.4,17.49,10301800
20160217,17.67,18.14,17.54,17.77,18798000
20160218,17.64,17.91,17.61,17.91,9991500
20160219,17.76,17.9,17.63,17.83,6644100
20160222,18.16,18.32,17.95,18.09,14696300
20160223,18.15,18.15,17.62,17.77,11394800
20160224,17.58,17.69,17.37,17.69,10037500
20160225,17.21,17.37,17,17.24,15404600
20160226,17.41,17.45,17.04,17.16,9258400
20160229,17.42,17.51,17.04,17.17,15340300
20160301,17.31,17.9,17.2,17.76,17549200
20160302,17.81,17.89,17.47,17.66,16032100
20160303,17.78,18.09,17.67,17.95,21509400
20160304,18.29,18.69,18.11,18.6,37209600
20160307,18.69,18.87,18.43,18.66,17079300
20160308,18.68,18.71,18.34,18.54,23245800
20160309,18.73,18.74,18.08,18.15,21459800
20160310,18.27,18.46,17.75,18.13,28065400
20160311,18.03,18.28,17.56,17.73,22639400
20160314,17.76,17.85,17.44,17.56,10950700
20160315,17.42,17.81,17.32,17.81,12347400
20160316,17.69,17.81,17.39,17.8,12526400
20160317,18.2,18.24,17.83,18.23,26720700
20160318,18.29,18.39,17.88,17.93,26770700
20160321,17.83,18.28,17.83,18.23,14698900
20160322,18.2,18.24,18,18.24,10425400
20160323,18.14,18.58,18.1,18.49,19011000
20160324,18.39,18.69,18.34,18.49,20998600
20160328,18.64,18.85,18.56,18.79,12372300
20160329,18.8,19.05,18.75,18.82,20844000
20160330,18.98,18.98,18.61,18.64,11040100
20160331,18.41,18.54,18.1,18.32,16739300
20160401,18.04,18.48,18.04,18.36,14932800
20160404,18.2,18.23,17.97,18.08,8557100
20160405,18,18.37,17.91,18.29,7871300
20160406,18.06,18.23,17.96,18.08,6597800
20160407,18.2,18.44,18.06,18.07,8010200
20160408,18.32,18.45,17.91,18.07,17367200
20160411,18.2,18.21,17.71,17.71,14472800
20160412,17.73,17.96,17.67,17.88,10876600
20160413,18.06,18.21,17.88,17.9,19828700
20160414,17.9,18.34,17.86,18.24,16363900
20160415,18.28,18.54,18.19,18.48,14982900
20160418,18.48,18.61,18.3,18.45,13389700
20160419,18.49,18.78,18.32,18.65,10829400
20160420,18.5,18.77,18.5,18.69,13661500
20160422,18.36,18.93,18.36,18.65,12387400
20160425,18.69,18.72,18.54,18.62,5572900
20160426,18.7,18.74,18.55,18.73,13140700
20160427,18.81,18.91,18.66,18.84,17887200
20160428,18.81,19.01,18.75,18.94,11968200
20160429,18.93,18.93,18.57,18.87,23821800
20160502,18.83,19.07,18.83,18.99,10835500
20160503,18.85,19.18,18.7,19.07,14308400
20160504,18.77,19.1,18.58,19.08,18980000
20160505,19.06,19.07,18.6,18.63,11505500
20160506,18.58,18.74,18.32,18.34,10961600
20160509,18.28,18.55,18.1,18.39,18471600
20160510,18.59,18.6,18.31,18.58,12172500
20160511,18.69,18.7,18.31,18.36,10651400
20160512,18.46,18.75,18.31,18.67,23565200
20160513,18.74,18.74,18.21,18.26,10128100
20160516,18.1,18.36,18.1,18.27,6376500
20160517,18.22,18.27,17.94,18.06,11176700
20160518,18,18.17,17.88,17.91,12829900
20160519,17.83,18.18,17.81,18.1,12226000
20160520,18.1,18.21,18.02,18.05,7361900
20160523,17.83,18.02,17.82,17.95,8803400
20160524,18.06,18.24,17.94,18.19,7030400
20160525,18.25,18.66,18.18,18.47,21082200
20160527,18.44,18.86,18.43,18.79,15249100
20160530,18.68,18.75,18.56,18.64,3840600
20160531,18.59,18.72,18.44,18.6,21745400
20160601,18.48,18.85,18.4,18.82,12641000
20160602,18.79,18.79,18.56,18.77,12174300
20160603,18.82,19.06,18.76,18.98,15218200
20160606,18.96,19.08,18.8,18.9,8484400
20160607,18.85,18.89,18.46,18.58,12641200
20160608,18.54,18.82,18.47,18.76,16167600
20160609,18.69,18.78,18.53,18.65,8334600
20160610,18.64,18.64,18.22,18.22,12842400
20160613,18.07,18.44,18.07,18.41,8281000
20160614,18.35,18.39,17.93,18.07,16100200
20160615,18.1,18.26,17.81,17.99,18855800
20160616,17.83,18.28,17.83,18.17,9980800
20160617,18.27,18.29,17.89,18.11,15914600
20160620,18.23,18.34,18.01,18.09,12832200
20160621,18.16,18.19,18,18.08,13338100
20160622,18.09,18.12,17.75,17.83,15293900
20160623,17.91,18.15,17.89,18.02,7579900
20160624,17.62,18.05,17.59,17.99,11674400
20160627,17.79,18.37,17.73,18.21,10172100
20160628,18.4,18.43,18.16,18.25,13425200
20160629,18.42,18.62,18.28,18.51,14035100
20160630,18.49,18.6,18.3,18.54,15320000
20160701,18.57,18.71,18.48,18.71,22751300
20160704,18.71,18.78,18.47,18.55,6685900
20160705,18.46,18.8,18.45,18.78,13360700
20160706,18.72,18.77,18.46,18.67,11237100
20160707,18.67,18.79,18.5,18.59,8912100
20160708,18.67,19.05,18.59,18.88,12454400
20160711,18.93,18.93,18.7,18.88,10295700
20160712,18.97,19,18.82,18.91,7600000
20160713,18.76,18.83,18.64,18.72,11296800
20160714,18.81,18.81,18.63,18.72,16508600
20160715,18.71,18.72,18.47,18.57,8993300
20160718,18.57,18.72,18.53,18.68,11527100
20160719,18.67,18.8,18.59,18.78,8887600
20160720,18.74,18.87,18.63,18.74,9960100
20160721,18.74,18.86,18.57,18.81,7727600
20160722,18.85,19.07,18.73,19,8896300
20160725,18.93,19.03,18.8,19,9494100
20160726,19.01,19.13,18.81,18.96,7288800
20160727,19.06,19.06,18.87,18.93,6198000
20160728,18.91,19.07,18.83,19.05,7427600
20160729,18.54,18.68,18.33,18.42,32526200
20160801,18.51,18.68,18.26,18.62,10199500
20160802,18.55,18.59,18.34,18.46,7868400
20160803,18.37,18.45,18.22,18.27,11587200
20160804,18.36,18.43,18.09,18.34,11241800
20160805,18.39,18.72,18.34,18.72,12051400
20160808,18.61,18.93,18.61,18.86,11047100
20160809,18.86,18.95,18.74,18.87,7196400
20160810,18.89,18.91,18.7,18.78,12049000
20160811,18.87,19.11,18.63,19.11,18439000
20160812,19.08,19.38,19.05,19.33,15346400
20160815,19.27,19.64,19.24,19.54,8742000
20160816,19.31,19.69,19.31,19.6,11574400
20160817,19.54,19.68,19.41,19.65,25340100
20160818,19.65,19.67,19.4,19.52,9408200
20160819,19.42,19.56,19.35,19.45,6199800
20160822,19.45,19.49,19.14,19.2,10907200
20160823,19.26,19.32,19.12,19.19,12221100
20160824,19.11,19.26,19.07,19.19,8352200
20160825,19.2,19.34,18.87,18.92,14000900
20160826,19.03,19.03,18.71,18.8,11054200
20160829,18.77,18.98,18.66,18.85,13277200
20160830,18.87,18.93,18.75,18.85,7775800
20160831,18.83,18.86,18.66,18.8,17601300
20160901,18.67,19.33,18.61,19.27,27969700
20160902,19.37,19.47,19.27,19.44,16479700
20160905,19.52,19.58,19.36,19.48,4203800
20160906,19.5,19.6,19.43,19.6,12444500
20160908,19.54,19.6,19.34,19.6,18329400
20160909,19.4,19.48,19.26,19.35,17235700
20160912,19.21,19.44,19.21,19.35,14237600
20160913,19.21,19.33,18.93,19.03,15056700
20160914,18.97,19.4,18.86,19.26,11975100
20160915,19.33,19.44,19.27,19.33,5394100
20160916,19.27,19.28,18.94,19.04,12429700
20160919,19.19,19.2,18.96,19.06,6139800
20160920,19.16,19.18,19,19.1,8188600
20160921,19.06,19.22,18.9,19.07,9489700
20160922,19.28,19.32,19.15,19.27,10242500
20160923,19.4,19.42,19.22,19.33,9316500
20160926,19.22,19.25,19.1,19.23,7880900
20160927,19.27,19.36,19.07,19.3,7244600
20160928,19.39,19.51,19.29,19.45,8322500
20160929,19.46,19.51,19.22,19.32,9457400
20160930,19.32,19.57,19.32,19.42,8716000
20161003,19.31,19.43,19.26,19.35,14061500
20161004,19.38,19.38,19.1,19.15,15790500
20161005,19.23,19.34,19.16,19.2,8674800
20161006,19.2,19.32,19.09,19.26,13263800
20161007,19.32,19.34,19.12,19.26,10863000
20161010,19.33,19.38,19.24,19.28,6058400
20161011,19.24,19.28,19,19.06,14580600
20161013,18.91,19.03,18.54,18.84,21968800
20161014,18.87,19.19,18.79,19.14,20368500
20161017,19.09,19.34,18.96,19.17,9686900
20161018,19.17,19.36,19.06,19.26,12341500
20161019,19.25,19.33,19.2,19.28,5848100
20161020,19.29,19.34,19.15,19.26,4586500
20161021,19.27,19.46,19.11,19.35,21287800
20161024,19.32,19.41,19.25,19.3,10105400
20161025,19.23,19.27,19.08,19.14,9277400
20161026,19.1,19.23,18.98,19.15,9041700
20161027,19.12,19.23,19.04,19.11,7798300
20161028,18.42,18.9,18.34,18.72,35116800
20161031,18.74,18.79,18.45,18.45,17591900
20161101,18.57,18.62,18.12,18.12,19058400
20161103,18.12,18.29,17.67,17.69,22709000
20161104,17.78,17.9,17.47,17.51,20353300
20161107,17.73,17.89,17.56,17.78,11219400
20161108,17.79,17.93,17.58,17.85,8057800
20161109,17.57,17.88,17.3,17.72,14829200
20161110,17.83,18.02,17.3,17.84,28019700
20161111,17.45,17.89,17.19,17.25,23948700
20161114,17.19,17.38,16.99,17.1,20266800
20161116,17.15,17.64,17.08,17.62,11543000
20161117,17.72,17.72,17.39,17.41,7932600
20161118,17.41,17.44,16.85,17.12,14795900
20161121,17.13,17.31,17.1,17.25,10984000
20161122,17.43,17.52,16.92,16.97,12788200
20161123,16.96,17.43,16.83,17.43,11650500
20161124,17.42,17.44,17.13,17.15,5978100
20161125,17.05,17.15,16.85,17.03,6446100
20161128,17.05,17.34,16.96,17.34,8694400
20161129,17.27,17.27,16.86,16.86,13470600
20161130,17.09,17.56,16.89,16.95,20399300
20161201,16.8,16.86,16.31,16.43,28765600
20161202,16.41,16.51,16.07,16.51,22659500
20161205,16.58,16.67,16.21,16.27,9090100
20161206,16.19,16.55,16.11,16.55,11012400
20161207,16.63,16.69,16.42,16.44,10908100
20161208,16.56,16.65,16.23,16.27,10189000
20161209,16.35,16.6,16.23,16.44,14663500
20161212,16.22,16.36,15.84,15.92,12483300
20161213,15.96,16.16,15.83,16.1,19703600
20161214,16.09,16.28,15.82,15.97,20370100
20161215,15.91,16.34,15.83,16.13,15837600
20161216,16.2,16.51,16.15,16.48,23233000
20161219,16.41,16.55,16.09,16.11,13277100
20161220,16.16,16.34,15.9,16.21,13460100
20161221,16.17,16.32,16.06,16.15,10466100
20161222,16.22,16.24,15.79,15.82,13056700