<DTYYYYMMDD>,<OPEN>,<HIGH>,<LOW>,<CLOSE>,<VOL>
20100601,16.3,16.89,16.24,16.28,2995400
20100602,16.33,17.15,16.33,16.94,2556000
20100604,16.8,17.06,16.6,17.01,3335800
20100607,17.06,17.2,16.62,16.74,2794300
20100608,16.84,17.01,16.69,16.84,2284200
20100609,16.93,17.01,16.59,16.64,1421700
20100610,16.71,17.06,16.71,16.97,1659500
20100611,16.84,17.13,16.74,17.06,2156300
20100614,17.18,17.53,17.06,17.44,2552000
20100615,17.44,17.53,17.18,17.26,2493500
20100616,17.15,17.58,17.12,17.37,2525400
20100617,17.43,17.58,17.27,17.27,2905000
20100618,17.3,17.44,17.16,17.26,2876800
20100621,17.38,17.92,17.38,17.88,4013200
20100622,17.83,18.23,17.79,17.91,5656000
20100623,17.88,18.04,17.41,17.57,5073100
20100624,17.54,17.77,17.16,17.36,5882000
20100625,17.3,17.55,17.15,17.18,3908900
20100628,17.24,17.31,16.87,16.87,5668700
20100629,16.55,16.64,16.11,16.17,7988500
20100630,16.3,16.55,15.6,15.63,12340200
20100701,16.33,16.94,16.05,16.59,31437700
20100702,16.48,16.99,16.33,16.8,13074600
20100705,16.68,16.96,16.58,16.68,7755300
20100706,16.96,17.09,16.8,17.09,9196100
20100707,17.04,17.72,16.9,17.6,15748000
20100708,17.5,17.85,17.41,17.56,12776900
20100712,17.41,17.98,17.41,17.62,7108300
20100713,17.69,18.17,17.67,18.03,9097800
20100714,18.01,18.1,17.62,17.94,5074500
20100715,17.88,18.22,17.7,18.22,4576700
20100716,18.14,18.19,17.46,17.7,4127700
20100719,17.76,17.95,17.62,17.88,4055000
20100720,17.71,17.98,17.6,17.82,4877400
20100721,17.85,18.01,17.77,17.92,4297200
20100722,18.07,18.58,18.01,18.44,9301000
20100723,18.39,18.69,18.29,18.69,3457100
20100726,18.48,18.78,18.24,18.42,3516500
20100727,18.57,18.61,18.05,18.2,4383200
20100728,18.28,18.96,18.03,18.96,6219100
20100729,18.92,19.15,18.74,18.96,4024200
20100730,18.83,19.48,18.65,19.37,4343000
20100802,19.34,19.64,19.25,19.32,4154600
20100803,19.15,19.3,18.77,18.77,3806400
20100804,18.84,18.92,18.52,18.58,2842600
20100805,18.49,19.02,18.41,19.02,3133100
20100806,18.9,19.24,18.81,19.24,2485700
20100809,19.18,19.72,19.18,19.47,5833500
20100810,19.28,19.44,19.13,19.22,4524400
20100811,18.97,19.07,18.71,18.83,4305300
20100812,18.71,19.25,18.55,19.25,3942600
20100813,19.11,19.46,19.09,19.3,4060200
20100816,19.45,19.66,19.07,19.21,3614800
20100817,19.29,19.29,18.99,19.12,4731400
20100818,19.1,19.11,18.86,18.97,4052300
20100819,18.83,19.12,18.59,18.64,3365500
20100820,18.53,18.96,18.53,18.92,3442500
20100823,18.9,18.95,18.65,18.77,2265400
20100824,18.55,18.6,18.23,18.51,3612500
20100825,18.35,18.54,18.25,18.51,3144200
20100826,18.54,18.56,17.87,18,4415600
20100827,17.97,18.03,17.75,18.03,7568100
20100830,18.13,18.13,17.5,17.68,5980700
20100831,17.68,18.18,17.63,18.18,6057100
20100901,18.26,18.8,18.19,18.8,5032000
20100902,18.77,18.77,18.39,18.48,3242500
20100903,18.66,18.69,18.1,18.19,3349500
20100906,18.17,18.23,17.92,18.02,1069900
20100908,18,18.17,17.87,18.04,2299000
20100909,18.16,18.18,18,18.05,2135800
20100910,18,18.12,17.82,17.87,2458900
20100913,18.13,18.52,17.98,18.51,3813300
20100914,18.51,18.84,18.46,18.74,4345100
20100915,18.64,18.93,18.61,18.9,3061900
20100916,18.76,18.9,18.69,18.83,2690300
20100917,18.78,18.81,18.54,18.62,3348900
20100920,18.62,19.02,18.62,19.02,2846300
20100921,18.97,19.15,18.86,19.15,6596600
20100922,19.03,19.42,19.03,19.41,8004400
20100923,19.34,20.07,19.34,19.91,10174100
20100924,19.85,20.12,19.44,19.49,12985300
20100927,19.59,20.01,19.29,19.88,4252000
20100928,19.98,20.09,19.65,19.94,4717600
20100929,19.93,20.41,19.89,20.32,5295600
20100930,20.33,20.67,20.17,20.67,6316200
20101001,20.72,21.1,20.51,21.05,6221000
20101004,20.91,21.26,20.84,21.16,3420800
20101005,21.12,21.42,21.07,21.34,4759400
20101006,21.19,21.33,21.01,21.26,5505000
20101007,21.17,21.26,20.85,20.98,4124400
20101008,20.86,21.52,20.86,21.39,4529200
20101011,21.39,21.59,21.09,21.49,3112200
20101013,21.62,22.51,21.6,22.42,9932600
20101014,22.32,22.45,21.7,22.09,7253500
20101015,21.97,22.39,21.8,22.39,4413900
20101018,22.2,22.25,21.95,22.2,5084900
20101019,21.76,22.09,21.44,21.82,5558500
20101020,21.75,22.18,21.62,22.13,4063100
20101021,22.01,22.38,21.45,21.57,5145500
20101022,21.73,21.76,21.48,21.6,2836300
20101025,21.71,21.88,21.53,21.71,3911300
20101026,21.5,22.08,21.44,21.94,4928200
20101027,21.88,21.88,21.51,21.78,4775000
20101028,21.82,21.97,21.46,21.46,3521100
20101029,21.49,21.66,21.11,21.3,4058100
20101101,21.39,21.96,21.32,21.67,2773300
20101103,21.88,22.26,21.82,21.95,5302300
20101104,22.04,22.51,22.04,22.51,5007600
20101105,22.07,22.42,22.07,22.41,2802100
20101108,22.08,22.31,22,22.31,3255400
20101109,22.13,22.23,21.7,21.77,5266600
20101110,21.66,22.04,21.59,21.75,3778900
20101111,21.62,21.73,21.35,21.7,3796700
20101112,21.49,21.99,21.39,21.78,5489100
20101116,21.95,22.15,21.5,21.81,6221300
20101117,21.72,22.06,21.59,21.75,3585000
20101118,21.95,22.18,21.88,22.03,5871300
20101119,21.83,22.07,21.59,22.07,3092600
20101122,21.88,21.92,21.44,21.75,2625800
20101123,21.41,21.48,20.58,20.85,7290600
20101124,21.09,21.42,21,21.13,5967700
20101125,21.21,21.45,21,21.25,2051800
20101126,21.02,21.46,20.93,21.26,3955400
20101129,21.09,21.48,21.02,21.42,3838400
20101130,21.26,21.31,20.97,21.25,7826500
20101201,21.42,21.9,21.31,21.81,5187700
20101202,21.9,22.12,21.63,21.63,4652400
20101203,21.38,21.41,20.94,21.06,6242100
20101206,21.06,21.08,20.64,20.64,5045600
20101207,20.82,20.98,20.59,20.59,4375500
20101208,20.57,20.67,20.15,20.29,6560100
20101209,20.31,20.44,19.73,20.02,6300400
20101210,20.09,20.19,19.54,19.93,5934800
20101213,20.03,20.27,19.72,20.14,4267600
20101214,20.09,20.23,19.94,20.13,3452500
20101215,19.99,20.15,19.9,20.05,3492500
20101216,20.06,20.25,19.76,19.86,4779800
20101217,19.73,19.99,19.62,19.78,2856700
20101220,19.82,19.84,19.38,19.41,5603800
20101221,19.54,19.91,19.44,19.73,4041000
20101222,19.7,19.97,19.55,19.96,4660500
20101223,19.98,20.41,19.89,20.21,3786900
20101227,20.11,20.21,19.93,20.08,2423100
20101228,20.07,20.14,19.72,20.04,2212200
20101229,20.02,20.31,19.89,20.18,2539900
20101230,20.28,20.45,20.13,20.45,4212600
20110103,20.5,20.7,20.43,20.44,3313400
20110104,20.5,20.69,20.27,20.52,3513300
20110105,20.44,20.89,20.39,20.82,4114800
20110106,20.73,20.92,20.5,20.63,4457900
20110107,20.54,20.63,19.99,20.15,3653100
20110110,19.93,20.18,19.8,20.18,3920200
20110111,20.31,20.49,20.26,20.42,3450100
20110112,20.6,20.82,20.55,20.78,3046600
20110113,20.83,20.83,20.5,20.57,3206000
20110114,20.45,20.68,20.3,20.68,3863100
20110117,20.52,20.57,20.28,20.44,2435800
20110118,20.55,20.56,20.34,20.54,3120000
20110119,20.5,20.62,20.12,20.24,3534600
20110120,20.07,20.11,19.82,20.11,8350300
20110121,20.05,20.24,19.94,20.02,4431000
20110124,20.04,20.27,20.02,20.2,3074500
20110126,20.17,20.48,20.08,20.18,5505500
20110127,20.26,20.34,19.65,20.18,8341000
20110128,20.18,20.22,19.27,19.76,8495200
20110131,19.85,19.93,19.33,19.37,7081300
20110201,19.51,19.74,19.38,19.46,4619600
20110202,19.53,19.68,19.23,19.25,3422000
20110203,19.31,19.36,19.05,19.05,5375600
20110204,19.01,19.1,18.25,18.29,10015100
20110207,18.45,18.49,18.23,18.41,5160800
20110208,18.38,19.2,18.36,18.75,9453400
20110209,18.71,18.81,18.18,18.28,6352600
20110210,18.31,18.55,18.26,18.38,6648400
20110211,18.4,19.33,18.32,19.25,7941400
20110214,19.12,19.46,19.03,19.38,5496000
20110215,19.27,19.92,19.06,19.79,8724900
20110216,19.85,20.57,19.77,20.46,11213500
20110217,20.7,20.83,20.11,20.33,9599200
20110218,20.18,20.32,19.98,20.27,5348400
20110221,20.18,20.24,19.89,19.96,3107000
20110222,19.81,19.9,19.16,19.31,9576100
20110223,19.3,19.41,18.93,19.34,6758400
20110224,19.54,19.7,19.14,19.28,5875800
20110225,19.47,19.57,18.91,19.19,8047000
20110228,19.24,19.61,19.09,19.57,6744600
20110301,19.61,19.67,19.02,19.05,5953600
20110302,19.05,19.6,18.95,19.2,4729900
20110303,19.34,19.57,19.26,19.43,5748300
20110304,19.3,19.62,19.29,19.49,3802300
20110309,19.34,19.34,18.9,18.98,4594600
20110310,18.76,18.78,18.29,18.43,9090200
20110311,18.42,18.66,18.26,18.54,6457800
20110314,18.42,18.83,18.37,18.75,6079700
20110315,18.33,18.98,18.16,18.97,5387700
20110316,18.98,19.08,18.36,18.52,5124700
20110317,18.74,18.8,18.36,18.49,3514300
20110318,18.59,18.9,18.59,18.75,5771600
20110321,18.93,19.03,18.55,18.78,3435400
20110322,18.82,19.2,18.69,19.08,7222300
20110323,19.05,19.18,18.95,19.15,5022900
20110324,19.16,19.27,19.02,19.05,3538800
20110325,19.1,19.13,18.82,18.95,3973000
20110328,18.94,19.12,18.74,18.83,3431800
20110329,18.98,18.98,18.68,18.72,3974600
20110330,18.82,19.13,18.72,19.13,5482700
20110331,19.13,19.61,18.99,19.61,7853300
20110401,19.75,20.23,19.71,19.9,8982000
20110404,19.78,19.9,19.59,19.84,3585600
20110405,19.71,19.87,19.64,19.73,5955000
20110406,19.83,19.84,19.63,19.78,3907100
20110407,19.75,19.99,19.61,19.75,4540700
20110408,19.65,19.77,19.36,19.51,5353200
20110411,19.47,19.58,19.17,19.25,3653700
20110412,19.11,19.18,18.62,18.83,8495100
20110413,19,19,18.67,18.9,3655400
20110414,18.82,19.07,18.72,18.77,4164100
20110415,18.82,18.86,18.45,18.49,7575700
20110418,18.34,18.51,17.99,18.48,4513800
20110419,18.58,18.78,18.52,18.68,4106300
20110420,18.85,19.27,18.8,19.27,6585000
20110425,19.19,19.33,18.98,19.25,3316400
20110426,19.39,19.59,19.27,19.51,5911100
20110427,19.48,19.6,19.11,19.51,5932400
20110428,19.29,19.37,18.8,19.05,5952400
20110429,19.02,19.29,18.86,19.24,5038200
20110502,19.11,19.29,18.85,19.17,4246600
20110503,18.98,19.05,18.5,18.65,4454700
20110504,18.75,18.84,18.22,18.28,6922300
20110505,18.23,18.58,18.04,18.34,6433400
20110506,18.65,18.82,18.38,18.82,6872200
20110509,18.78,18.97,18.58,18.9,4850600
20110510,19.09,19.35,19.02,19.35,7764600
20110511,19.15,19.29,19.08,19.28,6442500
20110512,19.05,19.55,19.02,19.45,6149300
20110513,19.37,19.39,18.8,18.86,4773200
20110516,18.72,18.86,18.33,18.52,4937800
20110517,18.5,18.66,18.14,18.58,5059100
20110518,18.67,18.68,18.06,18.11,6545500
20110519,18.21,18.32,17.84,18.09,5095900
20110520,18.2,18.25,18,18.02,3023000
20110523,17.86,18.24,17.73,18.11,3601600
20110524,18.2,18.42,18.14,18.38,3430200
20110525,18.24,18.36,18.14,18.19,3355900
20110526,18.26,18.76,18.26,18.76,6603400
20110527,18.86,18.99,18.75,18.95,3948500
20110530,19.01,19.01,18.71,18.89,1081700
20110531,18.99,19.08,18.5,18.72,10212800
20110601,18.56,18.66,18.24,18.43,7203400
20110602,18.44,18.49,17.97,18.29,7060800
20110603,18.18,18.54,18.02,18.29,5991800
20110606,18.36,18.4,18.12,18.24,5819000
20110607,18.31,18.65,18.31,18.56,4634100
20110608,18.47,18.59,18.34,18.52,4715400
20110609,18.45,18.56,18.24,18.38,2644700
20110610,18.3,18.37,18.08,18.09,5097000
20110613,18.1,18.39,18.1,18.26,3990900
20110614,18.36,18.45,18.25,18.45,4958100
20110615,18.32,18.45,18.2,18.42,4965000
20110616,18.26,18.48,17.98,18.06,4659500
20110617,18.23,18.26,17.78,18.06,6263000
20110620,17.95,18.24,17.83,18.19,3036100
20110621,18.22,18.22,18.04,18.06,2958000
20110622,18.12,18.53,18.07,18.37,6206100
20110624,18.32,18.38,18.1,18.16,3432000
20110627,18.2,18.33,18.04,18.08,3838200
20110628,18.16,18.49,18.08,18.48,5419300
20110629,18.53,18.8,18.42,18.74,3517600
20110630,18.8,18.87,18.64,18.87,3410900
20110701,18.8,18.95,18.47,18.95,4767000
20110704,18.88,19.16,18.82,19.16,1834000
20110705,19.11,19.12,18.86,19.07,2528500
20110706,18.87,18.99,18.61,18.9,3121800
20110707,19.07,19.08,18.34,18.4,4253000
20110708,18.24,18.33,17.88,17.89,5481100
20110711,17.69,17.69,17.26,17.39,4496900
20110712,17.39,17.72,17.19,17.42,6999600
20110713,17.54,18.07,17.4,17.83,7098800
20110714,17.76,17.95,17.29,17.51,5044800
20110715,17.54,17.6,17.19,17.37,5038800
20110718,17.19,17.25,16.73,16.9,6145200
20110719,17.05,17.37,16.94,17.29,5046300
20110720,17.32,17.7,17.32,17.64,5425800
20110721,17.69,18.2,17.66,18.08,4093000
20110722,18.1,18.45,18.08,18.24,4957500
20110725,18.06,18.06,17.6,17.85,3263300
20110726,17.78,17.85,17.4,17.48,7165700
20110727,17.19,17.46,16.86,17.08,7922300
20110728,17.06,17.37,17,17.35,7194900
20110729,17.12,17.76,17.02,17.72,5784300
20110801,17.93,18.17,17.38,17.81,4934600
20110802,17.6,17.7,17.03,17.22,6963500
20110803,17.19,17.29,16.81,17.02,5558300
20110804,16.74,16.88,15.71,16.17,7677200
20110805,16.17,16.51,15.71,16.17,7421700
20110808,15.5,15.66,14.22,15.25,12053100
20110809,15.84,16.34,15.37,16.34,16280500
20110810,16.16,16.48,15.79,16.04,7544300
20110811,16.23,16.62,16.1,16.36,6911800
20110812,16.52,16.78,16.19,16.44,6478700
20110815,16.58,16.84,16.55,16.69,4006300
20110816,16.38,16.84,16.25,16.84,5965300
20110817,16.86,17.52,16.86,17.44,8329500
20110818,16.99,17.06,16.43,16.98,8630400
20110819,16.75,17.12,16.71,17.05,5948600
20110822,17.37,17.48,16.8,16.97,6011300
20110823,17.09,17.43,16.51,17.43,6246900
20110824,17.33,17.81,17.09,17.49,5499700
20110825,17.39,17.96,17.13,17.39,5041400
20110826,17.33,17.66,17,17.28,3785500
20110829,17.51,17.83,17.47,17.67,3801600
20110830,17.57,17.94,17.47,17.81,3471200
20110831,17.94,18.16,17.85,18.16,6557800
20110901,18.55,19.62,18.55,19.27,12535100
20110902,18.96,18.99,18.47,18.77,8049700
20110905,18.29,18.32,18.11,18.13,3564400
20110906,17.81,18.61,17.75,18.43,5261200
20110908,18.68,19.02,18.62,18.84,5222600
20110909,18.62,18.64,18.01,18.09,5675700
20110912,17.66,17.94,17.35,17.74,4833900
20110913,17.9,18,17.42,17.66,4746800
20110914,17.75,17.91,17.4,17.7,4946400
20110915,17.91,18.18,17.7,17.81,3857400
20110916,17.76,18.14,17.76,18.09,5030900
20110919,17.74,17.9,17.57,17.78,4559900
20110920,17.87,17.87,17.39,17.47,5651600
20110921,17.56,17.64,16.99,17.06,8672500
20110922,16.49,16.73,16.13,16.6,7910900
20110923,16.5,16.77,16.22,16.43,4974200
20110926,16.63,16.71,16.08,16.61,6368300
20110927,16.91,17.35,16.86,16.96,5128600
20110928,16.98,17.43,16.91,16.91,5625600
20110929,17.05,17.31,16.87,17.11,3867900
20110930,16.78,17.07,16.31,17.07,6314500
20111003,16.82,16.91,16.44,16.45,6712900
20111004,16.36,16.39,15.66,16.19,10198300
20111005,16.1,16.36,15.84,16.22,6700700
20111006,16.48,16.53,16.24,16.29,5526800
20111007,16.46,16.58,15.81,15.81,5360000
20111010,15.98,16.73,15.98,16.61,7720400
20111011,16.43,16.59,15.98,16.05,13733900
20111013,16.21,16.46,15.84,16.18,15566600
20111014,16.25,16.34,16.05,16.28,8270400
20111017,16.18,16.19,15.91,16.12,5146800
20111018,16.05,16.54,15.9,16.49,7520100
20111019,16.54,16.67,16.42,16.56,6513400
20111020,16.5,16.74,16.32,16.36,6046400
20111021,16.53,16.69,16.46,16.69,5340500
20111024,16.77,17.24,16.76,17.1,6021700
20111025,16.96,17.06,16.45,16.65,7509600
20111026,16.76,17,16.46,16.94,7263400
20111027,17.67,17.97,17.48,17.8,12971000
20111028,17.66,18.08,17.54,17.94,7507600
20111031,17.62,18.04,17.48,17.8,7876600
20111101,17.21,17.8,17.04,17.73,8176000
20111103,17.8,17.87,17.25,17.35,12149600
20111104,17.32,17.42,17.09,17.39,4466400
20111107,17.39,17.56,17.33,17.51,4456400
20111108,17.55,17.63,17.28,17.46,3754600
20111109,17.18,17.32,16.71,16.99,7590300
20111110,17.09,17.27,16.75,16.8,4062500
20111111,17.05,17.09,16.8,16.82,5896700
20111114,16.91,17.59,16.9,17.39,8627400
20111116,17.38,17.68,17.31,17.42,6239000
20111117,17.31,17.46,16.84,17.04,6058200
20111118,17.18,17.24,16.61,16.76,4771600
20111121,16.56,16.71,16.26,16.71,4107400
20111122,16.79,16.89,16.36,16.44,4503700
20111123,16.24,16.36,15.93,16.03,5531100
20111124,16.16,16.25,15.89,16.08,2389100
20111125,15.99,16.14,15.92,16,2759900
20111128,16.27,16.47,16.27,16.3,4242900
20111129,16.27,16.41,15.96,16.03,5295000
20111130,16.27,16.76,16.25,16.72,11169600
20111201,16.92,17.51,16.92,17.42,7729800
20111202,17.55,17.67,17.02,17.19,7192000
20111205,17.01,17.2,16.65,16.7,12851400
20111206,16.69,16.92,16.58,16.86,6404500
20111207,16.79,16.82,16.34,16.43,9159900
20111208,16.54,16.76,16.1,16.36,8501100
20111209,16.38,16.72,16.25,16.72,7366800
20111212,16.5,16.57,16.18,16.26,5671600
20111213,16.41,16.61,16.21,16.3,5780500
20111214,16.27,16.44,15.98,16.09,8754900
20111215,16.21,16.28,15.79,15.92,4997000
20111216,16.07,16.07,15.68,15.68,5381700
20111219,15.76,15.91,15.53,15.53,4683100
20111220,15.68,15.85,15.57,15.83,5105000
20111221,15.79,16.26,15.75,16.18,6352500
20111222,16.22,16.75,16.22,16.65,5878600
20111223,16.74,16.78,16.53,16.73,3435800
20111226,16.64,16.75,16.59,16.7,1878800
20111227,16.67,16.88,16.62,16.81,3343600
20111228,16.72,16.84,16.32,16.41,3708200
20111229,16.57,16.6,16.43,16.57,4173700
20120102,16.71,16.98,16.53,16.98,3540500
20120103,16.95,17.09,16.81,16.9,6289900
20120104,16.74,16.92,16.64,16.82,5238000
20120105,16.7,16.83,16.46,16.64,5287300
20120106,16.71,16.83,16.17,16.22,7910000
20120109,16.41,16.41,16.08,16.36,5722700
20120110,16.55,16.71,16.43,16.7,5271700
20120111,16.69,17.04,16.62,16.95,6984100
20120112,16.99,17.2,16.85,17.1,6789100
20120113,17.06,17.28,16.87,17.27,7911600
20120116,17.22,17.33,17.06,17.27,4299700
20120117,17.27,17.48,17.24,17.39,5122300
20120118,17.37,18.04,17.36,18,9743400
20120119,17.86,18.1,17.6,18.04,10756300
20120120,17.94,18.36,17.9,18.25,7793000
20120123,18.17,18.25,17.76,18.25,6389400
20120124,18.09,18.29,17.84,18.18,6018400
20120126,18.36,18.7,18.32,18.58,8453300
20120127,18.74,19.01,18.56,18.91,8388100
20120130,18.7,19.13,18.61,19.13,10605400
20120131,19.15,19.22,18.77,19.01,10366500
20120201,19.16,19.36,19.04,19.21,10941900
20120202,19.08,19.34,18.83,19.15,7930600
20120203,18.91,19.32,18.79,19.08,6390800
20120206,18.95,19.07,18.78,18.98,5408300
20120207,18.81,19.11,18.8,19.05,4072300
20120208,19.08,19.34,18.97,19.15,6255400
20120209,19.02,19.25,18.67,18.73,5994300
20120210,18.42,18.46,18.06,18.23,7337100
20120213,18.49,18.53,18.15,18.45,9438800
20120214,18.84,19.21,18.77,19.2,10711800
20120215,19.43,19.85,19.41,19.57,15180000
20120216,19.23,20.25,19.23,20.11,11180000
20120217,20.24,20.27,19.47,19.57,7667800
20120222,19.64,19.75,19.58,19.68,3791100
20120223,19.48,19.67,19.37,19.51,5270000
20120224,19.51,19.55,19.02,19.23,8215200
20120227,18.98,19.18,18.82,18.99,5346300
20120228,18.99,19.44,18.99,19.38,6728700
20120229,19.49,19.75,19.37,19.44,6003600
20120301,19.53,19.87,19.47,19.73,5603700
20120302,19.83,20.16,19.8,20.11,4091700
20120305,19.9,20.16,19.85,20.14,4061000
20120306,19.8,19.9,19.58,19.79,4501200
20120307,19.97,20.21,19.8,20.07,5456700
20120308,20.28,20.51,20.08,20.13,6348100
20120309,20.25,20.53,20.2,20.2,4818000
20120312,20.04,20.32,19.85,20.28,4218900
20120313,20.39,20.82,20.28,20.82,6592000
20120314,20.69,20.94,20.14,20.39,6337300
20120315,20.17,20.29,19.95,20.11,5544800
20120316,20.23,20.49,20.22,20.3,4649000
20120319,20.28,20.34,20.01,20.2,3442500
20120320,20,20.15,19.9,20.15,2910500
20120321,20,20.25,19.76,19.79,5529200
20120322,19.71,19.74,19,19.15,8818000
20120323,19.31,19.36,18.9,19,5907600
20120326,19.18,19.56,19.15,19.47,5319900
20120327,19.51,19.67,19.34,19.42,3441100
20120328,19.22,19.44,18.95,19.14,5631300
20120329,19,19,18.56,18.73,8024400
20120330,18.84,19.01,18.22,18.44,9853900
20120402,18.51,18.53,18.12,18.37,6117600
20120403,18.41,18.67,18.14,18.28,3720900
20120404,18.16,18.29,17.01,17.2,16801300
20120405,17.41,17.47,16.63,17.15,16456000
20120409,16.93,17.23,16.64,17.11,4458400
20120410,17.15,17.44,16.91,17.22,9410000
20120411,17.47,17.62,17.3,17.47,7086100
20120412,17.55,17.89,17.49,17.89,4536800
20120413,17.73,17.73,17.27,17.41,6734200
20120416,17.57,17.61,16.96,16.99,5616600
20120417,16.91,16.96,16.59,16.61,11207100
20120418,16.63,16.89,16.35,16.88,10791800
20120419,16.87,17.11,16.66,16.93,3531400
20120420,17.01,17.3,17.01,17.13,3461900
20120423,16.78,17.02,16.7,16.9,4739700
20120424,16.95,17.03,16.64,16.77,4074400
20120425,16.69,16.84,16.21,16.37,6960400
20120426,16.25,16.59,16.13,16.52,4504500
20120427,16.58,16.73,16.43,16.73,3341900
20120430,16.66,16.83,16.5,16.76,2671600
20120502,16.75,16.83,16.18,16.3,8659700
20120503,16.42,16.52,15.86,16.06,10029800
20120504,15.99,16.52,15.88,16.1,10449400
20120507,16.2,16.42,16.1,16.25,5681500
20120508,16.16,16.39,15.93,16.29,6999500
20120509,16.15,16.2,15.75,15.88,8065900
20120510,16.1,16.34,15.81,15.87,4523400
20120511,15.75,16.16,15.72,15.86,4793600
20120514,15.55,15.66,15.15,15.18,7075200
20120515,15.14,15.16,14.54,14.62,10152800
20120516,14.77,14.96,14.32,14.54,8048600
20120517,14.54,14.66,13.72,13.82,10203100
20120518,14.02,14.47,13.82,14.36,8322400
20120521,14.59,15.4,14.47,15.23,6634100
20120522,15.29,15.74,15.18,15.26,8479000
20120523,15.18,15.2,14.05,14.62,13716400
20120524,14.82,15.07,14.25,14.69,9578600
20120525,14.54,15.02,14.54,14.82,5051700
20120528,15.04,15.07,14.61,14.69,2949200
20120529,14.69,14.98,14.44,14.5,5576500
20120530,14.25,14.35,14.05,14.2,8144200
20120531,14.32,14.32,13.87,14.25,7174000
20120601,13.86,14.38,13.83,14.22,5383500
20120604,14.12,14.2,13.74,13.74,6084000
20120605,13.87,14,13.4,13.4,5817900
20120606,13.58,13.73,13.45,13.68,8889700
20120608,13.72,13.72,13.43,13.7,4365300
20120611,13.97,14.17,13.6,13.82,5855700
20120612,13.88,13.96,13.55,13.82,4744900
20120613,13.74,14.04,13.65,13.79,10928200
20120614,13.8,13.81,13.54,13.54,8933200
20120615,13.62,13.7,13.4,13.67,9195600
20120618,13.66,14.21,13.58,14.21,5256700
20120619,14.32,14.9,14.3,14.79,8677500
20120620,14.82,14.85,14.49,14.74,5609600
20120621,14.75,14.8,14.52,14.6,4041200
20120622,14.68,14.74,14.36,14.38,4819100
20120625,14.21,14.22,13.6,13.81,3262900
20120626,13.85,13.9,13.46,13.49,6390000
20120627,13.52,13.81,13.3,13.59,5802500
20120628,13.41,13.7,13.4,13.56,3788000
20120629,13.99,14.14,13.8,14.12,6271200
20120702,14.15,14.21,13.83,14.21,3311400
20120703,14.24,14.56,14.21,14.43,4081600
20120704,14.37,14.51,14.21,14.43,2741000
20120705,14.5,14.51,14.28,14.39,6057800
20120706,14.21,14.27,13.97,14.06,3813700
20120710,14.13,14.13,13.55,13.65,5107200
20120711,13.74,13.74,13.4,13.42,4530300
20120712,13.3,13.55,13.02,13.46,5269900
20120713,13.67,13.67,13.16,13.59,5364800
20120716,13.85,13.92,13.22,13.26,9792100
20120717,13.38,13.47,13.08,13.16,7818400
20120718,13.04,14.08,13.04,14.08,7842900
20120719,14.11,14.51,14.11,14.39,9354200
20120720,14.17,14.66,14.14,14.4,8098800
20120723,14.06,14.2,13.77,14.14,5095800
20120724,14.21,14.34,14.09,14.24,4927500
20120725,14.43,14.44,13.88,13.92,6332900
20120726,14.06,15.11,14.06,14.89,14119600
20120727,15.14,15.95,15.03,15.64,11623000
20120730,15.58,15.91,15.42,15.91,5424200
20120731,15.95,16.02,15.6,15.76,6850300
20120801,15.66,16.19,15.3,16.05,6817100
20120802,15.87,16.31,15.85,15.97,7201800
20120803,16.41,16.95,16.28,16.72,8511600
20120806,16.63,17.36,16.49,17.23,6903000
20120807,17.22,17.44,16.63,17.03,7696200
20120808,16.87,17.32,16.65,17.27,8402000
20120809,17.1,17.27,16.81,16.91,4850800
20120810,16.81,17.56,16.71,17.49,6830200
20120813,17.42,17.46,16.91,16.94,8057700
20120814,17.12,17.22,16.22,16.25,11409500
20120815,16.13,16.83,15.91,16.74,11035600
20120816,16.92,17.11,16.59,17.03,6563100
20120817,17.04,17.25,16.83,17.07,4545700
20120820,17.07,17.14,16.8,16.9,3669600
20120821,17.2,17.2,16.69,16.85,7577200
20120822,16.87,17.2,16.76,17.05,5475100
20120823,16.92,17.02,16.58,16.8,4542700
20120824,16.65,16.87,16.34,16.74,4987500
20120827,16.82,17.24,16.52,17.11,5846600
20120828,17.05,17.63,17.05,17.49,8585200
20120829,17.46,17.74,17.15,17.2,7216400
20120830,17.08,17.19,16.87,17,4303500
20120831,17.23,17.26,16.74,16.85,6909700
20120903,16.88,17.11,16.87,17.08,2529000
20120904,16.96,17.24,16.82,17,3550300
20120905,17.12,17.72,16.91,17.6,6624800
20120906,17.73,18.16,17.67,18.04,5854600
20120910,18.18,18.42,18.14,18.22,5998000
20120911,18.25,18.43,17.99,18.36,5495400
20120912,18.48,18.88,18.48,18.76,6829700
20120913,18.91,19.3,18.8,19.15,7009000
20120914,19.32,19.69,18.93,19.49,7182600
20120917,19.5,19.67,19.23,19.37,5562600
20120918,19.48,19.48,18.89,19.07,5605300
20120919,19.16,19.6,19.08,19.45,6397000
20120920,19.14,19.63,19.14,19.63,4797900
20120921,19.67,19.83,19.5,19.5,4753700
20120924,19.45,19.59,19.23,19.43,8233500
20120925,19.21,19.41,18.54,18.82,11026900
20120926,18.57,18.97,18.39,18.94,5427300
20120927,19.16,19.24,18.79,18.97,7502800
20120928,17.78,18.53,17.66,18.24,21430300
20121001,18.17,18.5,18.03,18.38,7331800
20121002,18.39,18.67,18.05,18.46,5261700
20121003,18.49,18.49,17.9,18.26,6343300
20121004,18.16,18.35,17.9,18.03,8005300
20121005,18.01,18.33,17.15,17.28,16814800
20121008,17.27,17.38,16.52,16.77,14585700
20121009,16.78,16.99,16.57,16.74,12710000
20121010,16.82,16.99,16.43,16.5,6319400
20121011,16.7,17.02,16.59,16.99,6339700
20121015,17.06,17.2,16.93,16.99,4941600
20121016,17.13,17.2,16.71,16.77,8750200
20121017,16.91,17.04,16.73,16.94,8216700
20121018,16.87,17.13,16.77,16.84,5878800
20121019,16.77,16.95,16.65,16.69,9388300
20121022,16.77,16.84,16.57,16.69,4536800
20121023,16.51,16.52,16.18,16.18,5549500
20121024,16.22,16.39,16.01,16.01,4451500
20121025,16.15,16.59,16.12,16.32,5390100
20121026,16.18,16.23,16.01,16.01,4375800
20121029,15.99,16.18,15.89,16.1,2405800
20121030,16.18,16.24,16.11,16.11,2023800
20121031,16.2,16.21,15.93,15.93,2985600
20121101,15.96,16.98,15.96,16.98,5139700
20121105,16.69,16.88,16.44,16.5,4799700
20121106,16.61,16.93,16.47,16.91,3403800
20121107,16.82,16.83,16.44,16.51,4952000
20121108,16.32,16.39,15.75,15.77,10770900
20121109,15.81,16.03,15.37,15.4,8174700
20121112,15.5,15.7,15.27,15.27,3557400
20121113,15.33,15.68,15.07,15.58,8752100
20121114,15.49,15.7,15.39,15.56,5794600
20121116,15.55,15.77,15.37,15.46,4299900
20121119,15.65,15.79,15.47,15.48,5415800
20121121,15.48,15.65,15.29,15.52,7226800
20121122,15.52,15.7,15.45,15.45,1484700
20121123,15.45,15.89,15.34,15.89,3782300
20121126,15.89,16.53,15.75,16.17,8389300
20121127,16.38,16.56,16.15,16.19,5570900
20121128,16.02,16.22,15.84,16.19,7369400
20121129,16.36,16.63,16.24,16.47,4673100
20121130,16.39,16.48,15.82,16.19,8614400
20121203,16.26,16.48,16.06,16.3,4387000
20121204,16.24,16.56,16.24,16.3,5936800
20121205,16.48,16.61,16.3,16.59,5389800
20121206,16.63,16.63,16.3,16.53,4021800
20121207,16.56,16.88,16.5,16.88,6711100
20121210,16.78,17.07,16.73,17,3947400
20121211,17.01,17.24,16.89,17,5633900
20121212,17,17.21,17,17.15,7239600
20121213,17.14,17.38,16.89,16.89,6293800
20121214,16.98,17.06,16.57,16.76,4400100
20121217,16.76,16.84,16.67,16.68,3389700
20121218,16.79,17.28,16.74,17.2,5234300
20121219,17.3,18.16,17.23,18.12,9057100
20121220,17.97,18.72,17.91,18.72,7617800
20121221,18.27,18.87,18.13,18.87,7363300
20121226,18.72,18.84,18.28,18.72,4410300
20121227,18.6,18.84,18.42,18.76,3929100
20121228,18.75,19.31,18.65,19.17,4578300
20130102,19.47,19.61,19.06,19.32,8500800
20130103,19.13,19.89,19.08,19.7,6635700
20130104,19.62,19.7,19.37,19.47,6422400
20130107,19.49,19.67,19.33,19.58,9662100
20130108,19.47,20.1,19.46,19.8,13983300
20130109,19.84,20.05,19.81,19.99,8206400
20130110,19.98,20.07,19.45,19.69,5758000
20130111,19.61,19.7,19.26,19.45,5652400
20130114,19.58,20.24,19.55,20.16,9819600
20130115,20.21,20.29,19.87,19.99,6034400
20130116,19.8,20.11,19.77,20.11,3460800
20130117,20.03,20.33,19.94,20.07,7793800
20130118,19.65,19.83,19.17,19.62,8035500
20130121,19.64,19.69,19.2,19.41,4480600
20130122,19.38,19.52,19.09,19.2,6130200
20130123,19.09,19.35,18.92,19.09,4985900
20130124,19.11,19.26,18.83,19.02,4971400
20130128,19.08,19.08,18.12,18.5,12011700
20130129,18.48,18.77,18.28,18.73,5577100
20130130,18.73,18.87,18.32,18.57,7809600
20130131,18.67,18.67,18,18.27,7699400
20130201,18.27,18.35,18.01,18.19,4580900
20130204,18.12,18.12,17.71,17.86,4433200
20130205,17.86,18.31,17.8,18.01,4905400
20130206,18.11,18.11,17.56,17.92,7375400
20130207,17.9,18.41,17.66,17.71,6176500
20130208,17.75,18.01,17.69,17.83,5966400
20130213,17.97,18.34,17.72,17.86,4697700
20130214,17.74,17.82,17.6,17.82,4056200
20130215,17.82,18.37,17.71,18.27,9549000
20130218,18.19,18.48,17.96,18.03,3727600
20130219,18.09,18.43,18.07,18.37,6218200
20130220,18.4,18.48,18.01,18.19,5872900
20130221,18.87,19,18.49,18.93,16184300
20130222,19.02,19.32,18.81,19.26,8599100
20130225,19.17,19.36,18.91,19.02,5814500
20130226,18.87,19.24,18.72,19.01,5991200
20130227,18.94,19.58,18.92,19.58,7955300
20130228,19.47,19.84,19.44,19.72,6600600
20130301,19.73,20.2,19.63,20.08,11238800
20130304,19.88,20.07,19.7,20.05,5898800
20130305,19.97,20.22,19.92,19.94,6648300
20130306,20.12,20.31,19.94,20.16,6439800
20130307,20.23,20.52,20.01,20.25,5245700
20130308,20.13,20.63,20.07,20.62,6502600
20130311,20.49,20.68,20.39,20.54,4161400
20130312,20.61,20.71,20.19,20.3,6471000
20130313,20.29,20.29,19.9,20.1,5597900
20130314,20,20.19,19.79,20.17,7473100
20130315,20.08,20.31,19.9,20.12,6165800
20130318,20,20.07,19.77,19.84,5281500
20130319,19.86,20.26,19.74,20.13,7052700
20130320,20.03,20.65,20.01,20.48,9896600
20130321,20.4,20.55,20.12,20.46,7239500
20130322,20.45,20.58,20.16,20.31,4696100
20130325,20.32,20.4,20.12,20.19,6605700
20130326,20.16,20.6,20.13,20.35,6752500
20130327,20.23,20.69,20.23,20.54,4529400
20130328,20.61,20.98,20.5,20.96,6908600
20130401,20.81,21.29,20.81,21.1,5334400
20130402,21.26,21.3,20.96,21.11,7499900
20130403,20.99,21.04,20.52,20.65,11090100
20130404,20.68,20.69,20.03,20.19,7556300
20130405,20,20.48,19.88,20.29,7126300
20130408,20.42,20.81,20.33,20.63,6423300
20130409,20.58,21.19,20.58,21.07,6939400
20130410,21.04,21.72,21.04,21.52,9414400
20130411,21.49,21.68,21.22,21.62,6861400
20130412,21.49,21.82,21.39,21.65,11857200
20130415,21.16,21.45,21.08,21.26,11399900
20130416,21.35,21.75,21.17,21.49,6027300
20130417,21.38,21.58,21.04,21.07,9149900
20130418,21.16,21.22,20.48,20.48,6658400
20130419,20.35,20.59,20.06,20.31,6335600
20130422,20.32,20.58,20.12,20.28,7558600
20130423,20.31,20.54,20.31,20.45,5255100
20130424,20.26,20.27,19.86,20,14401400
20130425,20.16,20.22,19.58,19.65,6961800
20130426,19.69,19.81,19.14,19.23,8445700
20130429,19.33,19.39,18.82,19.06,9067800
20130430,19.08,19.42,19.03,19.19,9108000
20130502,19.22,19.61,18.9,19.06,6571200
20130503,19.21,19.37,18.78,18.93,7746200
20130506,18.93,18.93,18.55,18.61,7066400
20130507,18.84,19.4,18.7,19.4,8905200
20130508,19.35,19.64,19.23,19.44,6259500
20130509,19.39,19.54,19.09,19.3,4509000
20130510,19.24,19.48,19.14,19.41,4197500
20130513,19.32,19.37,19.1,19.19,4990000
20130514,19.19,19.35,18.9,19.29,5512600
20130515,19.01,19.28,18.65,18.84,11476900
20130516,18.97,19.33,18.86,19.22,5919100
20130517,19.36,19.96,19.34,19.79,9634900
20130520,19.89,20.29,19.87,20.29,5949100
20130521,20.23,20.42,20,20.12,4808100
20130522,20.15,20.67,19.96,20.45,7269500
20130523,20.11,20.58,20.01,20.42,4582800
20130524,20.34,20.65,20.29,20.45,5898200
20130527,20.42,20.59,20.42,20.55,1415700
20130528,20.69,20.86,20.48,20.53,5606400
20130529,20.32,20.48,19.83,19.83,5767700
20130531,19.83,20.1,19.08,19.47,11838000
20130603,19.47,19.75,19.01,19.56,9576400
20130604,19.7,19.74,19.04,19.19,6645800
20130605,19.16,19.23,18.62,18.74,10107700
20130606,18.78,18.87,18.4,18.67,6139900
20130607,18.39,18.67,18.01,18.16,10818200
20130610,18.07,18.58,18.05,18.35,8628300
20130611,18.12,18.28,17.82,17.89,5526800
20130612,18.19,18.19,17.14,17.33,18910200
20130613,17.41,17.9,17.37,17.69,9130800
20130614,18.02,18.25,17.75,17.78,6780900
20130617,17.84,18.26,17.83,17.83,7238800
20130618,17.84,17.88,17.33,17.53,8841100
20130619,17.65,17.76,16.96,16.98,6486400
20130620,16.74,16.77,15.94,16.41,15211100
20130621,16.44,16.58,15.61,16.38,13956600
20130624,15.9,16.79,15.83,16.34,8063200
20130625,16.52,16.71,16.37,16.48,9141600
20130626,16.53,16.7,16.43,16.52,8752500
20130627,16.6,16.96,16.54,16.69,5236000
20130628,16.68,17.44,16.43,17.17,10382300
20130701,17.05,17.31,16.76,17.18,9147800
20130702,17.05,17.05,15.9,16.21,13951700
20130703,16.06,16.19,15.67,15.75,10142800
20130704,15.97,16.13,15.83,15.99,4676300
20130705,15.93,16.1,15.54,15.85,6540500
20130708,15.8,16.1,15.58,15.83,5098200
20130710,15.9,16.13,15.83,15.93,6490000
20130711,16.06,16.5,16,16.41,5443800
20130712,16.33,16.46,16.01,16.29,6004700
20130715,16.28,16.78,16.18,16.75,4525500
20130716,16.99,17.26,16.79,17.22,7629800
20130717,17.24,17.53,17.14,17.38,6375400
20130718,17.3,17.74,17.24,17.52,3461800
20130719,17.34,17.49,17.18,17.3,3739700
20130722,17.34,17.88,17.26,17.65,3864800
20130723,17.81,17.99,17.75,17.87,4090900
20130724,17.76,17.92,17.47,17.73,5404700
20130725,17.61,17.81,17.52,17.52,5627000
20130726,17.55,17.65,17.32,17.45,4528200
20130729,17.38,17.7,17.31,17.6,3917600
20130730,17.61,17.96,17.61,17.79,7208800
20130731,17.74,17.87,17.53,17.59,6722600
20130801,17.79,17.96,17.67,17.96,4342900
20130802,17.93,18.11,17.69,17.69,2869100
20130805,17.84,17.91,17.23,17.23,5284700
20130806,17.33,17.33,16.56,16.62,8804900
20130807,16.6,16.77,16.48,16.54,5111800
20130808,16.68,17.29,16.64,17.15,6501200
20130809,17.23,17.53,17.13,17.53,6070300
20130812,17.59,18.19,17.57,17.8,7988200
20130813,18.19,18.22,17.71,18.1,9011800
20130814,18,18.31,17.97,18.21,10391700
20130815,18.06,18.28,17.79,18,11222600
20130816,18,18.16,17.81,17.96,7015600
20130819,17.88,18,17.47,17.47,8331800
20130820,17.45,17.74,17.3,17.3,5180800
20130821,17.31,17.51,16.93,17.05,7723700
20130822,17.34,17.67,17.27,17.63,21073200
20130823,17.68,17.9,17.43,17.86,6587400
20130826,17.82,17.87,17.51,17.51,4313200
20130827,17.35,17.51,17.27,17.51,10332100
20130828,17.59,17.87,17.37,17.75,5385300
20130829,17.87,18.39,17.79,18.14,7492500
20130830,18.23,18.51,17.98,18.51,8395400
20130902,18.61,18.97,18.61,18.67,5355900
20130903,18.79,18.92,18.39,18.5,5163700
20130904,18.47,18.69,18.31,18.64,4663500
20130905,18.7,18.94,18.53,18.93,8861800
20130906,19,19.33,18.88,19.08,6950000
20130909,19.13,19.55,19.13,19.47,7541400
20130910,19.52,19.99,19.52,19.8,8047800
20130911,19.8,19.88,19.6,19.69,11783900
20130912,19.9,19.91,19.21,19.35,6039600
20130913,19.31,19.62,18.95,19.53,11022600
20130916,19.72,19.84,19.45,19.64,4349300
20130917,19.66,19.96,19.4,19.96,6298100
20130918,19.93,20.81,19.85,20.63,7446100
20130919,20.54,20.88,20.42,20.83,6074200
20130920,20.73,20.83,20.47,20.75,7375300
20130923,20.81,21.52,20.8,21.34,7639400
20130924,21.34,21.44,21.02,21.11,8876800
20130925,21.02,21.13,20.71,20.95,8005000
20130926,21.03,21.13,20.75,20.91,4123900
20130927,20.98,21.72,20.91,21.5,9081800
20130930,21.25,21.37,20.85,21.03,6602100
20131001,21.24,21.25,20.8,21.23,3807800
20131002,21.1,21.33,21.03,21.27,3355400
20131003,21.19,21.28,20.97,21.28,4365500
20131004,21.22,21.68,21.12,21.33,5579300
20131007,21.37,21.42,21.14,21.42,3944300
20131008,21.46,21.5,21.07,21.18,5717300
20131009,21.27,21.71,21.19,21.55,5982100
20131010,21.59,21.85,21.46,21.81,5100400
20131011,21.73,21.87,21.6,21.71,4069500
20131014,21.56,22.05,21.55,22.02,4051900
20131015,21.97,22.17,21.77,22.01,6084900
20131016,22.08,22.61,22.02,22.5,8096800
20131017,22.47,22.69,22.22,22.6,4680800
20131018,22.54,23.1,22.54,23.07,5158400
20131021,22.99,23.11,22.77,22.86,4801600
20131022,22.82,22.9,22.56,22.9,6515300
20131023,22.81,23.02,22.77,22.78,4973000
20131024,22.79,23.21,22.76,23.06,6580000
20131025,23.07,23.65,23,23.33,7346800
20131028,23.47,23.56,23.12,23.24,3348600
20131029,23.27,23.49,23.21,23.31,5147300
20131030,23.35,23.83,23.34,23.81,5439000
20131031,23.59,24.21,23.53,24.21,6570000
20131101,24.29,24.33,23.88,24.17,5250000
20131104,24.08,24.33,23.93,24.32,3212300
20131105,24.2,24.26,23.8,23.97,3907400
20131106,23.78,23.9,23.25,23.38,4624200
20131107,23.31,23.78,23.21,23.26,5609200
20131108,23.15,23.45,22.62,22.65,6614000
20131111,22.66,22.92,22.5,22.86,3933000
20131112,22.74,22.75,21.48,21.64,16264900
20131113,21.66,22.16,21.42,21.5,16525200
20131114,21.72,21.95,21.72,21.87,7220500
20131118,21.97,22.08,21.94,21.98,5968000
20131119,21.68,21.84,21.2,21.24,6969100
20131121,21.15,21.15,20.75,20.8,8824700
20131122,20.08,20.47,19.99,20.11,18205000
20131125,20.17,20.39,19.3,19.58,14758300
20131126,19.47,20.39,19.41,20.19,22584700
20131127,20.19,20.8,20.19,20.72,14690600
20131128,20.95,21.01,20.39,20.78,5593900
20131129,20.8,20.98,20.6,20.98,7289200
20131202,20.68,21.07,20.31,20.32,7064300
20131203,20.21,20.48,19.86,19.9,5422300
20131204,20.03,20.19,19.5,19.5,5684500
20131205,19.67,20.23,19.46,20.23,7413800
20131206,20.31,20.79,20.24,20.26,7742900
20131209,20.48,20.48,20.06,20.36,3819400
20131210,20.39,20.4,20.07,20.07,4199400
20131211,20.06,20.11,19.48,19.52,5394600
20131212,19.68,19.86,19.28,19.68,5610100
20131213,19.75,20.05,19.75,19.93,5261800
20131216,19.96,20.2,19.87,19.87,5272600
20131217,19.88,20.17,19.87,19.88,4475400
20131218,19.98,20.21,19.9,20,6170700
20131219,20.17,20.31,19.67,20.17,11128000
20131220,20.17,20.44,19.94,20.25,13947100
20131223,20.27,20.42,20.1,20.26,5076900
20131226,20.33,20.39,20.09,20.21,3391400
20131227,20.28,20.32,20.03,20.07,3074500
20131230,20.07,20.31,20.01,20.17,3505600
20140102,20.21,20.23,19.83,19.83,4013400
20140103,19.85,19.98,19.71,19.98,5046600
20140106,19.85,19.88,19.51,19.74,3966600
20140107,19.75,19.92,19.36,19.4,4570200
20140108,19.42,19.48,18.98,19.02,6677300
20140109,18.99,19.05,18.31,18.31,8837500
20140110,18.46,18.97,18.23,18.97,8090400
20140113,18.97,19.1,18.55,18.76,4093700
20140114,18.77,19.36,18.64,19.36,4836700
20140115,19.35,19.46,19.02,19.15,8960000
20140116,19.26,19.46,18.92,19.01,5367000
20140117,19.06,19.08,18.39,18.51,6211400
20140120,18.52,18.53,18.35,18.43,2850300
20140121,18.57,18.74,18.44,18.51,4532700
20140122,18.63,18.71,18.45,18.56,5421800
20140123,18.4,18.47,17.78,17.78,9523000
20140124,17.81,17.88,17.35,17.5,8282500
20140127,17.52,17.71,17.35,17.71,5258400
20140128,17.96,18.09,17.51,17.51,4564100
20140129,17.45,17.48,16.63,16.73,9175900
20140130,16.79,16.86,16.49,16.61,6758600
20140131,16.53,17.26,16.45,17.26,5475300
20140203,17.04,17.2,16.58,16.63,4915800
20140204,16.78,17.39,16.76,17.17,6437200
20140205,17.2,17.31,16.78,17.06,4306200
20140206,17.22,17.85,17.05,17.85,5533500
20140207,17.91,17.91,17.49,17.76,5473700
20140210,17.68,18.31,17.53,18.24,5175600
20140211,18.38,18.52,17.99,18.06,7949200
20140212,18.17,18.36,18.09,18.1,4466900
20140213,17.27,17.44,16.99,17.21,16879400
20140214,17.34,17.42,17.01,17.02,6167100
20140217,17.07,17.22,17,17.03,3230900
20140218,17.05,17.13,16.53,16.53,6818500
20140219,16.47,16.53,16.06,16.34,8921600
20140220,16.38,17.12,16.35,17.01,8919100
20140221,16.97,17.03,16.7,16.82,4612800
20140224,16.77,16.92,16.3,16.4,8656300
20140225,16.38,16.56,16.26,16.46,4530800
20140226,16.53,16.53,16.09,16.22,6757300
20140227,16.39,16.87,16.38,16.87,10733300
20140228,16.96,17.22,16.66,17.22,29629300
20140305,17.13,17.22,16.9,17.22,5850800
20140306,17.29,17.32,16.84,16.84,5951600
20140307,16.79,16.95,16.48,16.53,5491200
20140310,16.51,16.67,16.23,16.38,5391200
20140311,16.63,16.76,16.18,16.24,8655800
20140312,16.19,16.37,15.99,16.27,8519600
20140313,16.46,16.5,16.17,16.17,5414700
20140314,16.2,16.31,15.87,15.92,5012100
20140317,16.01,16.19,15.76,15.81,4922800
20140318,15.93,16.28,15.73,16.02,6855100
20140319,16.08,16.82,16.03,16.75,8423400
20140320,16.58,17.67,16.58,17.67,15291800
20140321,17.11,17.65,17.1,17.47,13304800
20140324,17.7,17.82,17.39,17.57,5382100
20140325,17.57,17.83,17.51,17.62,5287300
20140326,17.79,18.17,17.67,17.84,7384600
20140327,18.11,19.25,18.11,19.03,16024200
20140328,19.02,19.34,18.6,18.78,6243300
20140331,18.81,19.27,18.81,19.27,5558900
20140401,19.29,19.5,19.14,19.26,5643600
20140402,19.2,20.24,19.2,20.06,8330500
20140403,20.08,20.24,19.48,19.75,6043700
20140404,20.15,20.24,19.55,19.92,9373400
20140407,20.25,21.08,20.14,21.05,11473100
20140408,21.18,21.86,20.25,20.45,13706700
20140409,20.29,20.29,19.47,19.79,9757400
20140410,19.78,20.11,19.33,19.82,6281700
20140411,19.59,20.14,19.52,20.14,4590300
20140414,20.14,20.28,19.7,19.84,3668000
20140415,19.76,20.01,19.15,19.59,6640800
20140416,19.78,19.81,19.31,19.54,6793500
20140417,19.61,20.62,19.5,20.38,9134000
20140422,20.29,20.67,19.89,20.51,6641600
20140423,20.38,20.55,20.07,20.16,4507900
20140424,20.25,20.42,19.92,20.02,3419300
20140425,19.82,20.05,19.59,19.71,4523100
20140428,19.61,19.82,19.39,19.82,10309600
20140429,20.05,20.51,19.99,20.2,8439900
20140430,20.15,20.19,19.61,19.79,6495600
20140502,19.65,20.35,19.65,20.16,10335500
20140505,20.3,20.65,20.25,20.56,4978100
20140506,20.58,21.13,20.28,20.88,8413600
20140507,20.58,21.21,20.29,21.14,11348800
20140508,21.13,21.16,20.17,20.24,9870100
20140509,20.37,20.63,19.85,19.93,7146100
20140512,19.99,20.24,19.99,20.09,4241600
20140513,20.14,20.36,19.87,20.21,4609200
20140514,20.22,20.46,20.03,20.3,3476000
20140515,20.25,20.37,20.04,20.28,2383800
20140516,20.28,20.46,20.15,20.33,3960700
20140519,20.36,20.36,20.07,20.19,3396600
20140520,20.23,20.82,20.06,20.13,14628500
20140521,20.19,20.78,18.67,18.67,10423300
20140522,18.65,19.36,18.51,19.33,14554400
20140523,19.34,19.54,18.73,19,7227100
20140526,18.92,19.22,18.81,19.03,2133200
20140527,18.97,19.76,18.85,19.15,7803800
20140528,19.26,20.02,19.17,19.8,9224800
20140529,19.95,20.14,19.47,19.68,4854600
20140530,19.48,19.6,19.27,19.31,4420600
20140602,19.45,19.69,19.31,19.38,2928300
20140603,19.42,19.66,19.23,19.64,3694700
20140604,19.52,19.64,19.43,19.59,3982300
20140605,19.68,19.93,19.57,19.65,5232300
20140606,20.87,20.87,20.4,20.7,9754200
20140609,20.75,21.5,20.65,21.3,8040000
20140610,21.3,22.04,21.15,21.94,10783200
20140611,22.27,22.48,22.16,22.39,9383900
20140613,22.24,22.74,22.12,22.63,8152400
20140616,22.54,23,22.53,22.82,7980000
20140617,22.76,22.84,22.34,22.45,4077200
20140618,22.45,22.5,21.5,22.21,12128800
20140620,21.89,22.03,21.78,22,6119500
20140623,21.9,21.98,21.52,21.82,4679000
20140624,21.73,22.28,21.7,22.15,5429700
20140625,22.02,22.15,21.71,21.86,5412600
20140626,21.92,21.98,21.63,21.73,2502300
20140627,21.65,21.89,21.43,21.62,2371800
20140630,21.48,21.63,21.12,21.34,5922400
20140701,21.43,21.6,21.26,21.42,4364400
20140702,21.3,21.47,20.79,21.05,6743100
20140703,20.69,21.18,20.69,21.17,3719500
20140704,21.04,21.26,21.04,21.13,739800
20140707,21.04,21.42,20.95,21.36,2884800
20140708,21.36,21.71,21.36,21.69,3851700
20140710,22.07,22.69,21.91,22.55,11069900
20140711,22.49,22.73,22.39,22.57,3875500
20140714,22.88,23.28,22.82,23.16,6572900
20140715,23.13,23.48,23.07,23.31,5020500
20140716,23.34,23.61,23.3,23.49,6472900
20140717,23.4,23.78,23.2,23.61,5760500
20140718,24.47,24.79,24.24,24.24,9205600
20140721,24.2,25.13,24.05,24.8,7792900
20140722,24.9,25.13,24.5,24.97,6223300
20140723,24.56,25.17,24.34,25.17,8583100
20140724,25.24,25.67,25.04,25.43,7678200
20140725,25.5,25.58,25.01,25.15,7228200
20140728,25.24,25.33,24.93,25,4531400
20140729,24.9,25.45,24.61,24.61,5872300
20140730,24.58,24.73,24.34,24.45,5433300
20140731,24.25,24.34,23.7,23.8,7157700
20140801,23.7,23.77,23.14,23.44,7145400
20140804,23.41,23.72,23.14,23.69,5500600
20140805,23.86,24.22,23.72,23.91,6209400
20140806,23.91,24.36,23.84,24.21,9684000
20140807,24.43,24.45,23.67,24.01,4760500
20140808,23.66,23.85,23.23,23.31,6256600
20140811,23.47,23.8,23.44,23.8,3495300
20140812,23.7,24.09,23.51,23.68,4317700
20140813,23.83,24.53,23.41,23.74,16299000
20140814,24.05,24.79,24.05,24.61,11238100
20140815,24.64,25.21,24.42,25.07,9284400
20140818,25.42,25.42,24.69,25.1,6903700
20140819,24.88,25.84,24.82,25.68,7532000
20140820,25.68,26.13,25.54,26.06,6301900
20140821,25.92,26.34,25.78,26.15,3903000
20140822,26.02,26.16,25.83,26.03,2972600
20140825,26.11,27.06,26.09,26.9,5468500
20140826,26.78,27.22,26.54,27.06,8041900
20140827,27.25,28.58,27.19,28.33,15795800
20140828,28.22,28.84,28.09,28.64,9450400
20140829,28.72,30.13,28.71,30.13,15035900
20140901,30.31,31.25,30.31,30.5,8439300
20140902,30.85,32.53,30.75,32.25,14955200
20140903,32.42,32.88,31.09,31.77,13940700
20140904,30.81,31.08,29.9,29.94,11572200
20140905,29.86,30.35,29.2,29.45,9256200
20140908,30.13,30.5,27.79,27.97,12224600
20140909,27.64,28.5,27.22,27.85,11751700
20140910,27.47,27.9,26.87,27.41,9140200
20140911,27.55,28.02,27.4,27.61,7866200
20140912,27.15,27.52,26.69,26.9,8664100
20140915,26.94,27.68,26.45,27.63,9446800
20140916,27.74,29.24,27.74,28.84,13615800
20140917,29.71,29.93,28.71,28.84,9832300
20140918,28.75,28.88,28.18,28.39,7897500
20140919,27.89,28.47,27.41,27.86,7719600
20140922,26.98,27.16,25.82,26.54,13222600
20140923,26.4,27.04,26.02,26.18,9494800
20140924,25.63,26.26,25.56,26.06,8363900
20140925,26.05,26.05,24.54,25.12,13267600
20140926,24.93,26.44,24.85,25.91,10600000
20140929,23.76,24.51,23.39,23.7,13770200
20140930,23.47,23.8,21.86,21.98,23570100
20141001,21.7,22.72,21.19,22.33,15334900
20141002,22.93,23.09,21.72,22.11,13485800
20141003,22.41,22.72,21.98,22.59,8812600
20141006,26.89,27.01,24.32,25.29,24781000
20141007,25.76,26.83,25.55,26.27,12260400
20141008,26.8,27.31,25.37,26.44,16421600
20141009,26.89,27.89,26.69,27.45,13416500
20141010,26.93,27.28,25.76,26.24,11282000
20141013,27.28,29.53,27.16,29.09,15302900
20141014,28.71,29.78,27.98,28.91,14184900
20141015,27.8,28.15,26.7,27.8,21535200
20141016,26.53,27.87,26.4,27.07,15360500
20141017,27.63,28.03,27.3,27.79,12626200
20141020,27.5,27.63,26.18,26.18,9783400
20141021,24.05,24.58,23.54,24.41,23686900
20141022,24.45,25.01,23.75,23.85,9402600
20141023,23.45,23.58,21.54,21.67,16920400
20141024,22.06,23.57,21.76,22.37,15670400
20141027,19.63,21.5,19.54,21.2,27362500
20141028,22.22,22.89,21.73,22.72,10261200
20141029,22.59,23.05,22.07,22.12,10893700
20141030,22.59,24.05,22.59,23.67,9666300
20141031,24.04,24.29,23.09,24.09,12654600
20141103,23.72,23.95,23.2,23.78,7774400
20141104,24.23,24.98,23.72,24.98,10046900
20141105,23.84,24.06,22.99,22.99,18320300
20141106,22.82,22.82,21.66,22.02,9253100
20141107,22.24,22.84,21.93,22.58,6998300
20141110,22.92,23.27,21.72,21.72,6397700
20141111,21.58,22.1,21.24,21.4,6404800
20141112,21.51,22.29,21.42,21.98,6418900
20141113,22.35,22.37,21.64,21.64,4945200
20141114,21.58,21.58,20.63,21.32,10670700
20141117,21.98,22.38,21.67,21.84,8201900
20141118,22.03,22.68,21.75,22.64,5172900
20141119,22.65,23.98,22.65,23.98,10278100
20141121,24.39,26.06,24.39,25.97,12503000
20141124,26.28,27.08,25.07,25.07,8715900
20141125,25.25,25.97,25.24,25.43,8201400
20141126,25.86,26.11,24.88,25.11,6875700
20141127,25.08,25.98,25.08,25.37,7117700
20141128,25.6,25.93,25.46,25.82,3596500
20141201,25.34,25.75,23.8,24.1,8005400
20141202,24.36,24.66,23.25,23.36,6525600
20141203,23.63,23.98,23.35,23.51,3784400
20141204,23.84,23.94,23.09,23.19,4207300
20141205,23.42,23.74,23.08,23.71,3783300
20141208,23.52,23.81,22.07,22.47,4452700
20141209,21.79,22.45,21.78,21.91,5631000
20141210,21.98,22.11,20.79,20.83,5796000
20141211,21.07,21.83,20.73,21.72,4813700
20141212,21.57,21.73,20.46,20.46,6889600
20141215,21,21,19.38,19.48,7947100
20141216,18.99,19.78,18.68,18.93,7680200
20141217,19.16,20.65,18.98,20.42,10784300
20141218,20.9,21.33,20.52,20.52,5784300
20141219,20.7,21.45,20.7,21.45,4184400
20141222,21.58,21.8,21.25,21.64,3100400
20141223,21.77,21.86,21.32,21.56,3109400
20141226,21.55,21.77,21.35,21.63,1519500
20141229,21.61,21.67,21.33,21.4,1949800
20141230,21.48,21.64,20.88,20.94,2730400
20150102,20.64,20.85,19.57,19.95,4537800
20150105,19.89,20,19.29,19.54,5428300
20150106,19.58,20.06,19.36,19.81,7231800
20150107,20.21,21.21,20.03,20.68,4037000
20150108,20.94,21.12,20.45,20.75,2988100
20150109,20.7,20.74,19.83,19.85,3609500
20150112,19.87,20.26,19.4,19.51,3285900
20150113,19.66,20,19.22,19.4,6560100
20150114,19.25,20.04,19.03,19.54,6338400
20150115,19.7,20.17,19.41,19.41,6108700
20150116,19.74,20.15,19.58,19.64,8420900
20150119,19.64,20.09,19.46,19.55,4296300
20150120,20,20.15,19.4,19.47,6354200
20150121,19.69,20.07,19.57,19.96,6441600
20150122,20.04,20.48,20.01,20.13,9303300
20150123,20.11,20.37,19.87,20.07,3788900
20150126,19.88,20.06,19.6,19.85,3994300
20150127,19.7,20.31,19.32,20.26,5933600
20150128,19.94,20.17,19.39,19.39,5733000
20150129,19.6,19.61,18.88,18.98,5275200
20150130,18.76,18.79,18.14,18.2,6386100
20150202,18.31,18.51,17.53,17.79,8730600
20150203,18.04,18.59,17.85,18.37,8277000
20150204,18.48,19.76,18.48,19.64,9097400
20150205,19.46,20.6,19.45,20.07,5794000
20150206,19.82,19.82,19.14,19.29,5627000
20150209,19.11,19.78,18.98,19.78,4143100
20150210,19.82,20.31,19.12,19.12,6149600
20150211,19.38,19.73,19.11,19.33,8443200
20150212,19.65,20.36,19.51,20.36,6470300
20150213,20.45,21.67,20.4,21.67,7819400
20150218,21.75,22.1,21.03,21.1,9638800
20150219,21.17,21.48,20.81,21.45,4364500
20150220,21.64,21.64,21,21.19,2649500
20150223,20.95,21.18,20.73,21.11,3746100
20150224,21.17,21.49,20.78,20.91,5977700
20150225,20.49,20.57,20.18,20.47,6905500
20150226,20.56,20.7,20.16,20.34,4820000
20150227,20.34,21.4,20.26,20.97,6891900
20150302,20.77,21.12,20.6,20.93,4098400
20150303,20.95,21.04,20.65,20.89,3825100
20150304,20.56,20.58,19.84,19.84,6782200
20150305,19.99,20.07,19.57,19.93,3560300
20150306,19.94,19.96,19.45,19.45,4415700
20150309,19.41,19.42,18.64,18.69,5710600
20150310,18.57,19.23,18.46,18.81,6256900
20150311,18.93,19.32,18.79,19.11,4875700
20150312,19.45,19.58,19.21,19.36,4180700
20150313,18.84,19.09,18.48,18.89,7688100
20150316,19.1,19.19,18.49,18.89,4532200
20150317,18.89,19.87,18.85,19.85,5789700
20150318,19.75,21.42,19.61,21.26,12237800
20150319,21.15,21.18,20.27,20.31,5485300
20150320,20.64,21.19,20.56,21.17,8493200
20150323,20.93,21.19,20.72,21.18,4559200
20150324,21.33,21.46,20.87,21.09,3888800
20150325,21.17,21.35,20.57,20.6,6051300
20150326,20.57,20.63,19.74,19.8,5896800
20150327,19.91,19.91,19.37,19.86,7976900
20150330,20.03,20.6,19.83,20.45,4515800
20150331,20.16,21.33,20.12,20.53,9515100
20150401,20.91,21.41,20.76,21.3,10311000
20150402,21.46,22.21,21.1,22.05,8797600
20150406,22.13,22.83,22.04,22.83,8856300
20150407,22.81,23.09,22.12,22.12,6399900
20150408,22.54,22.66,21.79,21.82,7348100
20150409,21.42,21.62,20.9,21.02,8751300
20150410,20.97,21.87,20.96,21.78,6250400
20150413,21.86,22.1,21.62,21.73,5226100
20150414,21.88,22.04,21.4,21.57,4771000
20150415,21.69,22.66,21.61,22.43,7613100
20150416,22.22,23.16,22.19,23.11,8873400
20150417,22.75,22.91,21.73,22,11207600
20150420,22.14,22.18,21.64,21.89,3982400
20150422,21.96,22.92,21.89,22.78,6105200
20150423,22.45,23.7,22.43,23.56,6779800
20150424,23.75,24.57,23.69,24.37,8558000
20150427,24.2,24.45,23.57,23.66,7941700
20150428,23.83,23.89,23.1,23.75,4776300
20150429,23.57,23.61,23.17,23.3,5083300
20150430,23.17,23.86,22.95,23.86,6861500
20150504,24.03,24.16,23.67,23.69,4470800
20150505,23.64,24.41,23.46,24.35,4739400
20150506,24.3,24.41,23.96,24.3,4346700
20150507,24.04,24.99,23.98,24.97,4739100
20150508,25.1,25.45,24.7,25.09,4955700
20150511,25.13,25.3,24.52,25.15,4093400
20150512,24.94,25.23,24.65,24.65,8023600
20150513,24.53,24.77,24.06,24.2,7012300
20150514,23.92,23.93,23.05,23.26,9816700
20150515,23.35,23.75,23.22,23.5,4068500
20150518,23.75,23.75,23.09,23.34,4576100
20150519,23.43,23.48,22.29,22.65,6149500
20150520,22.35,22.97,22.1,22.43,7355500
20150521,22.23,22.31,21.76,22.07,4256700
20150522,21.82,21.89,21.32,21.32,8295600
20150525,21.28,22.26,21.1,22.09,3795600
20150526,22.03,22.13,21.28,21.5,5174400
20150527,21.64,21.98,21.22,21.85,6050300
20150528,21.72,21.72,21.22,21.36,4494700
20150529,21.45,21.45,20.73,20.76,6149800
20150601,20.81,21.02,20.59,20.89,3694000
20150602,21,21.6,20.96,21.41,8098600
20150603,21.45,21.53,20.63,20.63,7466300
20150605,20.72,20.72,20.18,20.38,5999700
20150608,20.55,20.78,20.27,20.29,4458500
20150609,20.38,20.75,20.36,20.56,8134900
20150610,20.9,21.41,20.8,21.19,5881900
20150611,21.43,21.45,20.66,21.06,4659900
20150612,20.94,21.2,20.76,20.76,3157100
20150615,20.74,20.74,20.35,20.72,3785300
20150616,20.91,21.54,20.79,21.42,10708000
20150617,21.41,21.49,20.72,20.81,5628600
20150618,21.06,21.6,20.91,21.48,5206600
20150619,21.22,21.54,20.96,21.33,4998500
20150622,21.6,21.89,21.49,21.74,6623900
20150623,21.87,22.22,21.61,21.61,4970900
20150624,21.74,22.1,21.48,22.03,5254600
20150625,22.05,22.1,21.5,21.76,5491800
20150626,21.67,22.61,21.65,22.61,6206100
20150629,22.17,22.46,21.8,21.96,4638500
20150630,22.02,22.42,21.84,22.4,6347300
20150701,22.5,22.61,21.96,22.12,4396600
20150702,22.34,22.39,21.84,22.05,10996700
20150703,22.01,22.01,21.69,21.84,1964300
20150706,21.66,22.28,21.41,22.01,3701000
20150707,21.87,21.91,21.38,21.61,5837800
20150708,21.47,21.78,21.23,21.37,3200600
20150710,21.65,22.17,21.64,21.92,4303100
20150713,22.15,22.27,21.94,22.05,2586600
20150714,22.1,22.26,21.74,22.08,2066100
20150715,22.03,22.29,21.97,22.08,3783600
20150716,21.42,21.79,21.15,21.36,8023500
20150717,21.32,21.52,20.72,20.85,6808000
20150720,20.83,20.93,20.33,20.33,5847500
20150721,20.4,20.57,19.96,20.3,5195200
20150722,20.2,20.2,19.24,19.32,8514600
20150723,19.23,19.54,18.94,19.02,6528600
20150724,19.02,19.16,18.18,18.83,6771000
20150727,19.14,19.68,19.04,19.4,8745500
20150728,19.86,19.92,18.73,19.38,7437600
20150729,19.25,20.24,19.22,20.24,7188400
20150730,20.24,20.38,19.68,19.88,4361500
20150731,20.11,20.38,19.89,20.35,6896100
20150803,20.25,20.75,20.14,20.52,4859400
20150804,20.63,20.63,19.67,19.79,4402900
20150805,19.93,20.19,19.75,20.02,3569200
20150806,19.84,19.93,19.4,19.47,4138600
20150807,19.42,19.57,18.87,18.9,4540900
20150810,19.15,19.59,18.93,19.4,2580400
20150811,19.38,19.64,18.96,19.64,3619300
20150812,19.38,19.45,18.64,18.77,7468300
20150813,18.51,18.64,17.84,17.95,9957800
20150814,18.08,18.25,17.81,17.81,5025400
20150817,17.82,17.99,17.51,17.51,6678300
20150818,17.47,18.62,17.36,18.1,11409900
20150819,17.4,17.59,16.99,16.99,10560200
20150820,16.87,17.26,16.61,17.16,9229500
20150821,17.03,17.34,16.67,17.12,6365900
20150824,16.16,17.17,15.9,16.65,12146400
20150825,17.27,17.31,16.42,16.44,9230600
20150826,16.66,17.26,16.31,17.25,9551600
20150827,17.56,18.29,17.4,17.86,10423000
20150828,17.64,18.09,17.2,17.44,10541400
20150831,16.88,17.12,16.35,16.56,13372200
20150901,16.25,16.51,16.07,16.13,6771900
20150902,16.27,16.51,16,16.16,6880300
20150903,16.32,16.56,15.94,16.56,9764400
20150904,16.17,16.38,15.83,15.83,6904400
20150908,16.13,16.23,15.72,15.88,5979800
20150909,16.16,16.48,15.88,15.93,6328400
20150910,15.44,15.65,15,15.65,15796700
20150911,15.62,15.75,15.23,15.23,7474900
20150914,15.34,16.15,15.28,16.09,8499100
20150915,16.03,16.84,15.73,16.67,8591000
20150916,16.78,17.33,16.78,17.17,9635100
20150917,16.94,17.23,16.76,16.79,9922200
20150918,16.74,16.74,15.64,15.85,9236200
20150921,15.93,16.09,15.34,15.34,6516300
20150922,15.28,15.73,14.86,15.33,8642800
20150923,15.44,15.5,14.75,14.79,9469100
20150924,14.6,15.01,14.27,14.81,8701100
20150925,15.09,15.26,14.36,14.36,6952400
20150928,14.27,14.35,13.65,13.65,9319200
20150929,13.67,13.83,13.47,13.49,8420400
20150930,14.02,14.31,13.92,14.31,12248600
20151001,14.31,14.44,13.85,14.04,9144700
20151002,13.98,15.03,13.87,14.99,9045400
20151005,15.14,15.52,15,15.22,6986700
20151006,15.11,15.64,14.91,15.57,7661300
20151007,15.77,16.89,15.77,16.89,22128200
20151008,16.76,17,16.56,16.64,10780300
20151009,16.95,17.43,16.73,17.43,11274700
20151013,16.9,16.95,15.93,15.98,12618900
20151014,15.92,16.26,15.79,15.83,11942300
20151015,16.01,16.14,15.37,15.6,6971400
20151016,15.6,15.8,15.27,15.33,8192100
20151019,15.42,16.04,15.18,16.01,6274600
20151020,16.02,16.18,15.41,15.49,6514900
20151021,15.4,15.86,15.37,15.68,6767700
20151022,15.68,16.09,15.57,15.92,6470700
20151023,16.21,16.42,15.7,15.7,5806900
20151026,15.77,16.14,15.35,15.39,5738500
20151027,15.44,15.6,15.26,15.6,7260800
20151028,15.54,15.99,15.17,15.33,7124900
20151029,15.18,15.3,14.6,14.6,8606100
20151030,14.5,15.04,14.5,15.04,6515000
20151103,15.32,16.41,15.15,16.37,10516800
20151104,16.59,16.91,16.33,16.43,10080300
20151105,16.34,17.23,16.33,17.23,9178200
20151106,17.06,17.16,16.12,16.39,8614500
20151109,16.19,16.56,15.88,15.99,5309400
20151110,15.83,16.22,15.76,16.13,4016400
20151111,16.33,16.74,16.25,16.25,10297500
20151112,15.82,16.26,15.77,16.21,10059900
20151113,16.06,16.17,15.87,16.08,4854300
20151116,16.11,16.41,15.96,16.29,5671200
20151117,16.48,16.87,16.39,16.58,6093100
20151118,16.62,17.03,16.52,16.71,8629400
20151119,17,17.72,16.91,17.64,12049300
20151123,17.72,18.08,17.26,17.49,7904000
20151124,17.37,17.8,17.1,17.66,5591800
20151125,17.39,17.43,16.43,16.52,7881400
20151126,16.72,17.1,16.61,16.94,4115600
20151127,16.86,16.86,16.24,16.41,6419100
20151130,16.24,16.34,15.46,15.46,13170300
20151201,15.57,15.8,15.41,15.46,7927700
20151202,15.55,15.94,15.29,15.59,8727700
20151203,16.52,17.07,16.28,16.9,10878700
20151204,16.78,16.79,16.19,16.44,7245300
20151207,16.56,16.91,16.32,16.37,5208700
20151208,16.37,16.51,16.06,16.21,6050400
20151209,16.63,18.02,16.57,17.85,20234300
20151210,17.69,17.78,17.05,17.09,12785000
20151211,16.88,17.39,16.67,16.75,11204500
20151214,16.7,16.72,15.99,16.01,8096300
20151215,16.21,16.55,16.07,16.12,7089000
20151216,15.97,16.11,15.39,15.87,9422900
20151217,16.47,16.64,15.69,15.77,9542300
20151218,15.29,15.6,15.02,15.34,12737500
20151221,15.39,15.49,14.34,14.34,12005900
20151222,14.56,14.92,14.36,14.43,12068600
20151223,14.69,14.73,14.04,14.28,8618600
20151228,14.3,14.48,14.28,14.41,5503200
20151229,14.61,14.61,14.24,14.24,4406900
20151230,14.33,14.37,14.04,14.18,4805900
20160104,13.89,14.01,13.7,13.7,6090500
20160105,13.86,14.01,13.74,13.74,5604500
20160106,13.59,13.94,13.49,13.74,5865000
20160107,13.56,13.69,13.41,13.42,6490700
20160108,13.65,13.81,13.28,13.42,4692500
20160111,13.47,13.52,12.98,13.03,5335500
20160112,13.15,13.32,12.58,12.58,6976700
20160113,12.81,12.92,12.23,12.35,7820900
20160114,12.5,13.04,12.18,13.04,9186900
20160115,12.69,12.86,12.43,12.54,8129700
20160118,12.61,12.71,12.42,12.47,3508800
20160119,12.81,12.84,12.35,12.35,6703500
20160120,12.18,12.35,12.04,12.23,7207700
20160121,12.14,12.54,12.07,12.22,8120100
20160122,12.46,12.65,12.39,12.5,6642500
20160126,12.35,12.46,12.23,12.4,9925400
20160127,12.31,12.43,12.13,12.22,10354000
20160128,12.33,12.55,12.19,12.48,6843400
20160129,12.57,13.32,12.49,13.32,10282000
20160201,13.22,13.66,12.99,13.62,6842200
20160202,13.27,13.34,12.57,12.6,11843000
20160203,12.95,13.02,12.66,12.76,6660600
20160204,12.98,13.58,12.9,13.27,9025300
20160205,13.37,13.51,13.12,13.17,5590000
20160210,13,13.2,12.96,13.17,5385500
20160211,12.96,13.07,12.34,12.56,10893200
20160212,12.7,13.05,12.32,12.5,10086400
20160215,12.79,12.84,12.58,12.64,4513300
20160216,12.64,13.02,12.6,12.89,6960600
20160217,12.92,13.27,12.61,12.85,9799100
20160218,12.85,13.04,12.38,12.38,9134300
20160219,12.38,12.78,12.31,12.51,8006100
20160222,12.88,13.18,12.79,13.09,10605100
20160223,12.98,13.41,12.81,13,6928900
20160224,12.66,12.76,12.39,12.57,9835100
20160225,12.5,12.71,12.22,12.62,9856600
20160226,12.76,12.97,12.47,12.7,6972500
20160229,12.89,13.17,12.73,13.02,16339100
20160301,13.2,13.9,13.1,13.77,13533200
20160302,13.83,14.3,13.67,14.21,12969400
20160303,14.6,16.43,14.5,16.06,25752900
20160304,18.03,19.05,17.32,17.65,26927200
20160307,17.65,17.84,16.93,17.66,11314500
20160308,17.65,19.58,17.35,19.58,26561500
20160309,19.53,20.52,19.25,19.63,24832500
20160310,20.07,21.24,19.5,20.79,22628600
20160311,20.81,22.52,20.55,22.1,28131900
20160314,22.32,22.93,20.92,21.55,21019700
20160315,19.91,20.04,16.98,16.98,34837800
20160316,16.64,17.85,16.3,17.56,23436300
20160317,20.59,20.72,18.78,20.08,30559200
20160318,20.21,20.5,19.35,19.76,12868900
20160321,19.98,20.18,19.65,20.09,11112500
20160322,19.92,20.11,19.72,19.8,9612700
20160323,19.39,19.4,18.93,19.06,9818300
20160324,18.2,18.71,18.1,18.43,10778000
20160328,19.61,19.69,19.11,19.51,16083400
20160329,19.56,20.09,18.95,20.09,18877000
20160330,20.38,20.48,19.63,19.67,13813300
20160331,19.42,19.57,18.77,19.19,12694200
20160401,18.82,19.38,18.63,19.19,10058200
20160404,18.84,18.98,18.07,18.1,9279900
20160405,18,18.7,17.43,17.81,13819100
20160406,17.58,18.14,17.28,17.64,11809500
20160407,18.05,18.28,17.81,18.19,8086100
20160408,18.92,20.33,18.79,20.28,18197000
20160411,20.7,21.16,20.5,20.91,15874700
20160412,21.08,21.51,20.68,21.45,21015100
20160413,22.09,22.45,21.66,21.67,17210300
20160414,22.14,22.38,21.02,21.28,15896700
20160415,22.11,22.12,21.49,22.03,14388300
20160418,21.93,22.38,21.19,21.43,14784700
20160419,21.74,21.93,21.33,21.33,12081300
20160420,21.24,21.34,20.81,21.19,9874000
20160422,20.64,20.94,20.41,20.64,11562300
20160425,20.48,20.76,19.95,20.19,6174200
20160426,20.3,21.26,20.2,21.11,12707100
20160427,21.35,21.92,21.29,21.64,9059200
20160428,21.4,21.53,20.87,21.11,10988100
20160429,21.35,21.47,20.96,21.46,15138900
20160502,21.35,21.46,20.78,20.92,8414300
20160503,20.48,20.48,19.84,19.84,8543000
20160504,19.7,20.31,19.65,20.27,7724700
20160505,20.58,20.69,19.7,19.92,5613000
20160506,19.39,20.35,19.39,20.08,5621100
20160509,20.03,20.09,18.63,19.65,11411300
20160510,20.17,20.82,20,20.82,15209100
20160511,21.35,21.48,19.88,19.88,18094100
20160512,19.54,20.01,18.76,19.31,27621600
20160513,19.36,19.59,18.44,18.79,13679400
20160516,18.74,18.93,18.46,18.5,11503000
20160517,18.3,18.42,17.57,17.61,12521400
20160518,17.51,18.2,17.19,17.62,12088000
20160519,17.42,17.69,17.12,17.21,9599000
20160520,17.47,17.6,16.8,16.8,7950300
20160523,16.54,16.73,16.34,16.5,8680100
20160524,16.88,17.12,15.61,15.61,27182300
20160525,15.63,16.37,15.62,16.07,19957300
20160527,16.32,16.45,15.5,15.76,7925900
20160530,15.94,16.27,15.8,16.03,4359500
20160531,15.97,16.53,15.6,16.09,13099200
20160601,16,16.29,15.74,16.19,10678100
20160602,16.28,16.51,15.89,16.51,9977000
20160603,16.64,16.99,16.46,16.9,9396800
20160606,16.95,17.17,16.55,16.73,8299600
20160607,16.56,16.99,16.46,16.53,7073100
20160608,16.69,17.2,16.68,17.05,8839800
20160609,16.91,17.14,16.69,17,10680800
20160610,16.77,16.85,16.17,16.17,9670700
20160613,15.98,16.46,15.89,16.31,6824900
20160614,16.36,16.56,15.64,15.85,8746300
20160615,15.97,16.1,15.35,15.84,12427600
20160616,15.72,16.03,15.31,15.93,10107800
20160617,16.07,16.41,15.74,15.74,12998200
20160620,16.22,16.52,16.11,16.32,13742100
20160621,15.69,15.79,15.5,15.6,19944300
20160622,15.73,15.96,15.55,15.55,10974200
20160623,15.85,16.07,15.72,15.96,11667800
20160624,15.37,15.64,15.14,15.63,10227700
20160627,15.78,15.8,15.19,15.39,7929300
20160628,15.7,15.83,15.54,15.77,7042400
20160629,15.93,16.28,15.93,16.23,10683900
20160630,16.2,16.9,15.97,16.9,14163900
20160701,16.91,17.01,16.63,16.78,8217400
20160704,16.92,17.02,16.72,16.85,5695800
20160705,16.76,16.82,16.54,16.73,4911800
20160706,16.63,16.75,16.3,16.69,9040200
20160707,16.74,16.86,16.48,16.48,7532700
20160708,16.79,16.99,16.71,16.95,5739900
20160711,17.23,17.75,17.17,17.73,9582800
20160712,18.03,18.23,17.47,17.5,10470600
20160713,17.5,17.91,17.27,17.76,10981300
20160714,18.1,18.82,17.98,18.71,18300200
20160715,18.64,19.09,18.64,18.95,15269500
20160718,18.99,19.64,18.95,19.64,10175800
20160719,19.57,20.6,19.48,20.6,17953300
20160720,20.66,21.17,20.42,21.01,16495800
20160721,20.96,21.13,19.95,20.61,14850100
20160722,20.57,20.92,20.28,20.28,8032500
20160725,20.36,20.96,20.35,20.96,11882000
20160726,21.01,21.37,20.96,21.1,9687700
20160727,21.16,21.55,21.06,21.14,8945000
20160728,20.91,20.91,20.17,20.34,8669800
20160729,20.33,20.85,20.18,20.71,9042200
20160801,20.8,21,20.33,20.36,7026700
20160802,20.17,20.54,19.78,19.88,10007300
20160803,19.78,20.35,19.71,20.19,7306200
20160804,20.39,20.76,20.37,20.73,7617900
20160805,20.96,21.14,20.63,20.88,4592900
20160808,20.74,21.02,20.66,20.83,4311300
20160809,20.89,21.21,20.79,21.06,5302400
20160810,21.13,21.25,20.44,20.54,7852400
20160811,20.48,21.71,20.48,21.7,15723600
20160812,21.7,22.46,21.55,22.31,17183200
20160815,22.37,22.85,22.31,22.81,8221100
20160816,22.56,22.83,22.16,22.28,8294500
20160817,22.34,22.41,21.76,22.4,7915400
20160818,22.43,22.55,22.13,22.37,5491000
20160819,22.24,22.88,22.13,22.83,9033200
20160822,22.81,22.83,21.95,21.95,7552400
20160823,22.26,22.57,22.08,22.34,11654400
20160824,22.17,22.38,21.96,22.11,5531800
20160825,22.16,22.47,22.07,22.2,5013000
20160826,22.36,22.88,22.24,22.65,8228900
20160829,22.63,23.67,22.45,23.57,8731800
20160830,23.68,23.89,23.27,23.48,8040000
20160831,23.62,24.08,22.5,22.96,18733700
20160901,23.2,23.38,22.61,22.62,8932100
20160902,22.92,23.52,22.86,23.47,10442300
20160905,23.58,23.72,23.1,23.24,4744400
20160906,23.37,23.76,23.06,23.76,8030800
20160908,23.61,24.04,23.55,23.87,7725300
20160909,23.5,23.55,22.5,22.6,10835700
20160912,22.5,22.84,21.97,22.7,10731900
20160913,22.42,22.43,21.68,21.88,9377700
20160914,21.92,22.14,21.52,21.8,7019700
20160915,21.93,22.36,21.78,22.17,7087000
20160916,22.1,22.15,21.57,21.8,7794600
20160919,22.06,22.34,21.88,21.88,5658000
20160920,22.17,22.5,22.09,22.47,5847400
20160921,22.72,23.46,22.64,23.2,10850900
20160922,23.46,23.59,23.11,23.31,7049600
20160923,23.16,23.24,22.6,22.81,6126000
20160926,22.53,22.74,22.31,22.55,3593100
20160927,22.62,22.81,22.17,22.74,6651700
20160928,22.85,23.17,22.6,23.17,5224600
20160929,23.2,23.28,22.46,22.49,7122300
20160930,22.51,23.01,22.42,22.66,4770000
20161003,22.76,23.31,22.76,23.2,6322200
20161004,23.16,23.4,22.98,23.26,6027000
20161005,23.36,24,23.25,23.79,7757400
20161006,23.71,24.69,23.61,24.53,10821700
20161007,24.76,25.24,24.74,25.13,12246400
20161010,25.28,25.52,25.18,25.3,5401900
20161011,25.16,25.18,24.67,24.72,5633300
20161013,24.62,25.38,24.37,25.15,10637200
20161014,25.55,25.89,25.43,25.8,9776000
20161017,25.64,27.31,25.64,27.31,12898600
20161018,27.38,27.89,27.26,27.88,11862900
20161019,27.88,28.18,27.29,27.36,9277600
20161020,27.05,28.01,27.05,27.93,8202200
20161021,27.91,28.53,27.56,28.28,9334900
20161024,28.63,29.06,28.05,28.05,9320000
20161025,28.23,28.32,27.09,27.38,11601600
20161026,27.14,27.58,26.84,27.18,12106500
20161027,27.09,28.6,27.09,28.57,12110200
20161028,28.38,28.76,27.85,28.12,6630900
20161031,28.2,29.22,28.18,29.11,8607200
20161101,29.2,29.28,27.75,27.77,7917000
20161103,27.24,27.59,26.45,26.45,13598600
20161104,26.45,27.54,25.95,26.72,11263500
20161107,27.98,28.16,27.55,28.16,6734900
20161108,27.79,28.32,27.57,28.11,6778200
20161109,26.64,27.83,26.54,27.12,9876200
20161110,27.71,27.71,25.25,25.38,15855900
20161111,24.9,25.35,23.36,23.62,20621500
20161114,23.56,24.6,22.93,24.27,12833800
20161116,24.85,26.17,24.4,25.84,16219400
20161117,26.13,26.62,25.25,25.37,9529900
20161118,25.3,26.15,25.27,26.11,7386300
20161121,27.59,28.16,27.2,28.16,13946200
20161122,28.67,29.15,28.05,28.5,13231600
20161123,28.14,28.72,28.06,28.37,7272000
20161124,28.32,28.39,27.61,27.61,2784000
20161125,27.22,27.82,26.93,27.55,4773200
20161128,27.55,28.89,27.35,28.82,7214700
20161129,28.45,28.81,27.77,27.77,5046100
20161130,28.47,28.9,28.2,28.42,8596800
20161201,27.92,28.12,26.34,26.55,11764200
20161202,26.33,27.38,25.83,27.1,9316300
20161205,27.1,27.32,26.28,26.58,8078000
20161206,26.46,27.12,26.14,26.61,9030600
20161207,27.01,27.08,26.73,26.93,7421000
20161208,27.14,27.26,26.54,26.73,5186000
20161209,26.95,27.18,26.55,26.97,6278700
20161212,26.44,26.62,25.54,25.68,10960000
20161213,25.7,26.38,25.7,25.91,7364900
20161214,25.95,26.18,25.28,25.28,9318300
20161215,25.28,26.25,25.02,26.25,10540600
20161216,26.39,26.95,26.35,26.42,8167700
20161219,26.5,26.72,25.61,25.83,6133900
20161220,26.02,26.74,25.65,26.25,7630900
20161221,26.5,26.67,26.09,26.25,3974600
20161222,26.28,26.28,25.81,26,8083000