<DTYYYYMMDD>,<OPEN>,<HIGH>,<LOW>,<CLOSE>,<VOL>
20100601,14.36,14.63,14.17,14.35,6053228
20100602,14.39,14.73,14.35,14.61,5391827
20100604,14.46,14.61,14.32,14.47,4439417
20100607,14.42,14.66,14.13,14.18,4755982
20100608,14.3,14.35,14.05,14.24,6069360
20100609,14.35,14.41,14.03,14.07,6165351
20100610,14.16,14.5,14.16,14.39,5436868
20100611,14.34,14.61,14.16,14.54,5257503
20100614,14.65,14.7,14.37,14.37,3129234
20100615,14.45,14.75,14.39,14.66,2203656
20100616,14.55,14.9,14.52,14.8,5640032
20100617,14.76,14.91,14.54,14.64,4414021
20100618,14.65,14.87,14.58,14.87,4674365
20100621,14.95,15.01,14.85,14.94,3425514
20100622,14.9,15.08,14.78,14.8,5475840
20100623,14.79,14.9,14.6,14.85,4264364
20100624,14.79,14.82,14.35,14.41,5483826
20100625,14.35,14.57,14.23,14.57,3094575
20100628,14.52,14.65,14.43,14.43,3276655
20100629,14.26,14.27,13.74,13.85,8937292
20100630,13.87,14.08,13.63,13.63,9492798
20100701,13.7,14.24,13.61,14.24,11173691
20100702,14.34,14.5,14.02,14.37,4843668
20100705,14.27,14.46,14.15,14.15,3058318
20100706,14.38,14.61,14.29,14.61,4913945
20100707,14.61,15.3,14.61,15.3,10971007
20100708,15.28,15.74,15.23,15.63,11142546
20100712,15.81,15.87,15.48,15.5,7797690
20100713,15.66,15.76,15.54,15.7,4570387
20100714,15.63,15.8,15.54,15.67,5880745
20100715,15.61,15.83,15.52,15.66,4697220
20100716,15.69,15.78,15.32,15.39,4097979
20100719,15.47,15.82,15.4,15.74,4441087
20100720,15.65,16.07,15.64,15.98,6990944
20100721,16.14,16.16,15.83,15.85,4739037
20100722,16.07,16.4,16.07,16.32,7457181
20100723,16.33,16.46,16.18,16.44,4236064
20100726,16.47,16.6,16.33,16.39,3330016
20100727,16.53,16.63,16.39,16.45,5428302
20100728,16.57,17.28,16.48,17.19,15292028
20100729,17.13,17.35,16.99,17.18,5881035
20100730,17.02,17.32,16.83,17.21,8187247
20100802,17.35,17.45,17.18,17.32,6494360
20100803,17.17,17.25,17.01,17.04,6655532
20100804,17.09,17.16,16.81,16.92,7322000
20100805,16.86,17.11,16.75,16.96,6591499
20100806,16.87,17.04,16.82,16.98,7088518
20100809,17.04,17.21,17.03,17.09,5876534
20100810,17.01,17.04,16.82,16.86,6169402
20100811,16.74,16.75,16.39,16.53,5653362
20100812,16.46,16.63,16.34,16.55,5808290
20100813,16.55,16.82,16.51,16.51,7283958
20100816,16.44,16.74,16.44,16.7,3886278
20100817,16.67,16.83,16.66,16.8,4257409
20100818,16.76,16.98,16.69,16.98,5085630
20100819,16.97,17.08,16.69,16.69,3369366
20100820,16.66,16.74,16.55,16.63,2631750
20100823,16.66,16.8,16.57,16.63,3422799
20100824,16.47,16.54,16.15,16.26,5961186
20100825,16.23,16.26,15.94,16.02,7609060
20100826,16.12,16.2,15.76,15.78,6216738
20100827,15.9,16.22,15.75,16.21,7813066
20100830,16.17,16.21,15.83,15.83,7023178
20100831,15.86,16.27,15.84,16.27,13359706
20100901,16.41,16.88,16.39,16.84,10159644
20100902,16.78,16.8,16.46,16.46,4589481
20100903,16.62,16.69,16.31,16.32,6141524
20100906,16.38,16.45,16.14,16.22,1052119
20100908,16.4,16.56,16.08,16.42,10292211
20100909,16.47,16.61,16.42,16.55,8521642
20100910,16.46,16.62,16.42,16.48,4782452
20100913,16.72,17.17,16.7,17.15,10683380
20100914,17.04,17.36,16.99,17.23,6217609
20100915,17.18,17.34,17,17.34,7085905
20100916,17.21,17.31,17.11,17.2,3908784
20100917,17.23,17.34,17.01,17.02,3925627
20100920,17.08,17.32,17.08,17.31,6959726
20100921,17.3,17.34,16.99,17.14,6171290
20100922,17.02,17.4,17.02,17.26,7907446
20100923,17.15,17.75,17.1,17.47,11395876
20100924,17.63,17.63,17.1,17.26,10878093
20100927,17.34,17.44,17.15,17.44,5013320
20100928,17.47,17.65,17.28,17.47,5177251
20100929,17.44,17.95,17.35,17.95,10552700
20100930,17.98,18.14,17.78,18.12,7832959
20101001,18.12,18.41,18.02,18.33,7569276
20101004,18.23,18.34,18.15,18.24,5624176
20101005,18.32,18.75,18.29,18.7,7342038
20101006,18.68,18.79,18.54,18.63,8291210
20101007,18.71,18.72,18.45,18.62,4902678
20101008,18.59,19.06,18.54,19.04,5607914
20101011,19.04,19.16,18.87,18.98,2694186
20101013,19.16,19.43,19.01,19.37,10032448
20101014,19.34,19.4,19.08,19.31,8231242
20101015,19.32,19.4,19.08,19.14,8918184
20101018,19,19.39,18.92,19.22,8873752
20101019,18.87,19.28,18.72,18.87,8671053
20101020,18.98,19.3,18.76,19.21,6373844
20101021,19.17,19.47,18.87,18.87,6206719
20101022,19.1,19.22,18.91,19.11,6745120
20101025,19.24,19.49,19.08,19.34,6670488
20101026,19.32,19.72,19.23,19.72,8351178
20101027,19.44,19.45,18.81,18.84,15349237
20101028,18.99,18.99,18.62,18.62,5792463
20101029,18.63,18.76,18.55,18.73,7812631
20101101,18.77,19.39,18.77,19.24,6373844
20101103,19.46,19.76,19.38,19.5,11503615
20101104,19.63,19.79,19.5,19.71,7712878
20101105,19.62,19.87,19.57,19.74,6060067
20101108,19.7,19.88,19.63,19.84,3765036
20101109,19.87,19.89,19.25,19.25,8840937
20101110,19.23,19.56,19.15,19.52,7206276
20101111,19.31,19.4,19.04,19.04,5041053
20101112,18.97,19.08,18.69,18.96,9159796
20101116,18.89,19.14,18.45,18.75,7734223
20101117,18.76,18.84,18.53,18.6,4735698
20101118,18.95,18.95,18.69,18.7,8225434
20101119,18.65,18.91,18.52,18.87,5262338
20101122,18.87,18.88,18.32,18.48,6995010
20101123,18.27,18.35,18.02,18.14,9405330
20101124,18.29,18.78,18.29,18.53,9535574
20101125,18.6,18.67,18.42,18.46,3879453
20101126,18.29,18.39,18.15,18.31,6367020
20101129,18.26,18.3,17.99,18.26,5780847
20101130,18.22,18.33,17.95,17.95,12789506
20101201,18.15,18.56,18.15,18.35,6364842
20101202,18.5,18.69,18.47,18.54,5358606
20101203,18.5,18.51,18.07,18.16,7016935
20101206,18.14,18.22,17.84,17.84,5179138
20101207,18.1,18.23,17.91,17.91,5817583
20101208,17.91,17.93,17.67,17.86,4689669
20101209,17.91,17.92,17.6,17.69,5611108
20101210,17.78,17.82,17.51,17.64,5505258
20101213,17.78,17.94,17.61,17.84,7328098
20101214,17.88,17.96,17.64,17.91,6055566
20101215,17.82,17.88,17.65,17.72,5643052
20101216,17.72,17.88,17.42,17.45,5992113
20101217,17.46,17.61,17.4,17.5,7315321
20101220,17.62,17.64,17.3,17.3,6828175
20101221,17.45,17.69,17.36,17.58,10244150
20101222,17.67,17.93,17.38,17.93,9204518
20101223,17.88,18.07,17.77,17.86,7180430
20101227,17.71,17.82,17.5,17.5,3993145
20101228,17.64,17.64,17.37,17.47,3014352
20101229,17.52,17.78,17.48,17.73,5967865
20101230,17.74,17.85,17.67,17.82,5246947
20110103,18.09,18.27,17.96,18.04,5620546
20110104,18.19,18.32,17.98,18.2,5733367
20110105,18.12,18.56,18.04,18.54,7571454
20110106,18.42,18.51,17.98,18.05,10041015
20110107,18,18.14,17.59,17.74,6525868
20110110,17.71,17.78,17.44,17.78,7769797
20110111,17.91,17.99,17.8,17.87,6591063
20110112,17.99,18.22,17.97,18.22,7865048
20110113,18.29,18.32,17.99,17.99,6216592
20110114,17.99,18.2,17.86,18.16,5608640
20110117,18.11,18.11,17.88,17.91,5132529
20110118,17.99,18.02,17.81,17.93,9263034
20110119,17.91,18.02,17.62,17.72,7860256
20110120,17.58,17.63,17.2,17.4,11457151
20110121,17.45,17.92,17.25,17.26,7469233
20110124,17.3,17.58,17.27,17.52,4364131
20110126,17.52,17.68,17.42,17.42,7279747
20110127,17.4,17.62,17.05,17.49,8403014
20110128,17.51,17.51,16.7,17.08,11568519
20110131,17.2,17.21,16.76,16.82,8114502
20110201,16.97,17.07,16.84,16.84,8373538
20110202,16.83,17.07,16.62,16.64,10554878
20110203,16.73,16.76,16.42,16.5,5725381
20110204,16.43,16.49,15.95,15.95,14173988
20110207,16.12,16.23,15.88,16.12,8410855
20110208,16.06,16.75,16.04,16.55,12375250
20110209,16.48,16.59,16.22,16.25,9622113
20110210,16.26,16.52,16.26,16.28,8353065
20110211,16.42,16.95,16.25,16.88,7920369
20110214,16.82,17.12,16.75,16.97,5463295
20110215,16.86,17.25,16.79,17.2,8449914
20110216,17.2,17.75,17.19,17.66,11349993
20110217,17.79,17.8,17.53,17.69,6198878
20110218,17.58,17.82,17.55,17.59,5145307
20110221,17.55,17.59,17.34,17.36,3751677
20110222,17.26,17.37,16.74,16.92,9807534
20110223,16.99,17.13,16.68,16.98,8547052
20110224,17.04,17.37,16.84,17.08,9775299
20110225,17.17,17.34,16.74,17.14,10481697
20110228,17.25,17.62,17.18,17.53,11352607
20110301,17.53,17.64,17.2,17.26,6881608
20110302,17.26,17.4,17.1,17.25,5571469
20110303,17.32,17.63,17.3,17.56,4549842
20110304,17.43,17.8,17.4,17.6,3812952
20110309,17.35,17.42,17.15,17.2,3826020
20110310,16.87,16.92,16.57,16.57,8149930
20110311,16.57,16.75,16.43,16.72,8697480
20110314,16.66,16.94,16.58,16.82,5213696
20110315,16.46,17.07,16.41,16.99,8814801
20110316,17.03,17.12,16.47,16.66,9693842
20110317,16.83,16.88,16.5,16.66,6142540
20110318,16.75,17.03,16.74,16.88,7351185
20110321,17.05,17.13,16.94,17.03,5871307
20110322,16.9,17.62,16.89,17.6,8616458
20110323,17.49,17.62,17.33,17.36,5820196
20110324,17.33,17.51,17.33,17.35,4753993
20110325,17.48,17.48,17.24,17.33,4719580
20110328,17.32,17.48,17.24,17.26,11492434
20110329,17.32,17.43,17.18,17.25,6986588
20110330,17.34,17.79,17.3,17.79,6520641
20110331,17.79,18.32,17.76,18.28,11444228
20110401,18.32,18.6,18.23,18.36,8243730
20110404,18.4,18.42,18.09,18.21,5839218
20110405,18.17,18.33,18.03,18.12,5866225
20110406,18.22,18.28,18.03,18.05,4106691
20110407,18.05,18.27,18.04,18.18,7787221
20110408,18.08,18.12,17.73,17.8,9797224
20110411,17.87,17.88,17.58,17.68,4532563
20110412,17.52,17.6,17.31,17.47,5751952
20110413,17.7,17.7,17.37,17.5,4938397
20110414,17.53,17.57,17.23,17.35,5418864
20110415,17.38,17.43,17.12,17.27,5721751
20110418,17.16,17.3,16.75,17.24,6679200
20110419,17.27,17.5,17.26,17.36,4778096
20110420,17.61,17.67,17.42,17.67,7676724
20110425,17.58,17.74,17.47,17.65,3466650
20110426,17.64,17.87,17.62,17.75,4972664
20110427,17.75,17.88,17.3,17.47,10238632
20110428,17.36,17.44,16.87,17.04,8965228
20110429,16.95,17.24,16.9,17.23,6620103
20110502,17.05,17.38,16.95,17.08,4972664
20110503,17.01,17.06,16.54,16.57,9108105
20110504,16.68,16.78,16.49,16.56,8359599
20110505,16.46,16.88,16.46,16.66,7254337
20110506,16.95,17.06,16.75,17.01,7613852
20110509,17.06,17.19,16.84,17.07,5793189
20110510,17.21,17.44,17.16,17.34,7298332
20110511,17.27,17.29,17.13,17.27,7065577
20110512,17.14,17.47,17.04,17.32,6765013
20110513,17.28,17.39,16.82,16.87,5584392
20110516,16.9,17.06,16.66,16.72,4310262
20110517,16.72,16.85,16.48,16.82,10985396
20110518,16.82,16.87,16.37,16.38,8604116
20110519,16.49,16.67,16.35,16.38,5599202
20110520,16.45,16.51,16.32,16.38,5865208
20110523,16.23,16.6,16.18,16.39,5461988
20110524,16.46,16.71,16.43,16.71,5921110
20110525,16.67,16.68,16.49,16.56,3321595
20110526,16.64,17.04,16.63,17.04,7413912
20110527,17.08,17.18,16.98,17.03,6040029
20110530,17.13,17.13,16.93,16.93,1598797
20110531,17.06,17.12,16.79,17.02,8022735
20110601,16.87,17.06,16.66,16.74,8202202
20110602,16.81,16.85,16.47,16.85,9644329
20110603,16.69,17.18,16.6,16.93,10033610
20110606,17.02,17.02,16.6,16.66,7090551
20110607,16.76,17.12,16.58,16.99,11044492
20110608,16.91,17.08,16.77,16.96,5459084
20110609,16.91,16.99,16.71,16.83,4435134
20110610,16.82,16.82,16.53,16.59,6796376
20110613,16.61,16.82,16.58,16.6,4583238
20110614,16.72,16.9,16.69,16.76,5644069
20110615,16.63,16.95,16.58,16.87,7824247
20110616,16.77,16.91,16.43,16.69,7268712
20110617,16.75,16.79,16.45,16.63,5028276
20110620,16.55,16.78,16.48,16.69,5252900
20110621,16.69,16.75,16.55,16.7,4416548
20110622,16.66,17.02,16.59,16.82,5890473
20110624,16.82,16.86,16.61,16.7,5721896
20110627,16.74,16.9,16.6,16.79,5464166
20110628,16.87,17.31,16.81,17.28,6719565
20110629,17.39,17.49,17.25,17.42,5125705
20110630,17.51,17.57,17.35,17.5,4806846
20110701,17.47,17.66,17.28,17.55,8071958
20110704,17.55,17.84,17.48,17.81,4222706
20110705,17.78,17.78,17.59,17.75,8835274
20110706,17.62,17.74,17.42,17.53,6176372
20110707,17.56,17.69,17.26,17.29,6229225
20110708,17.17,17.22,16.95,17,6470257
20110711,16.79,16.9,16.4,16.48,10213658
20110712,16.54,16.64,16.11,16.13,14269530
20110713,16.22,16.76,16.17,16.53,16964732
20110714,16.53,16.54,16.06,16.14,11947346
20110715,16.16,16.4,15.85,15.87,10017783
20110718,15.77,15.83,15.39,15.52,11535849
20110719,15.63,15.88,15.61,15.74,8841954
20110720,15.9,16.16,15.88,15.93,8854296
20110721,16.06,16.52,15.96,16.32,8517432
20110722,16.34,16.56,16.32,16.35,5871888
20110725,16.13,16.21,15.94,16.14,6515559
20110726,16.09,16.12,15.88,16.12,7607754
20110727,15.99,16.09,15.63,15.92,12052180
20110728,15.92,16.4,15.85,16.21,12298294
20110729,16.08,16.49,15.96,16.29,11524378
20110801,16.5,16.68,16.24,16.45,10991204
20110802,16.28,16.35,15.8,15.91,13395135
20110803,15.92,16.07,15.43,15.65,9982790
20110804,15.37,15.55,14.75,15.08,13369435
20110805,15.09,15.67,14.65,15.3,10722439
20110808,14.54,14.91,13.88,13.96,19242194
20110809,14.25,14.82,14.17,14.72,18792364
20110810,14.67,14.85,14.22,14.51,16061733
20110811,14.69,15.09,14.45,14.92,11186062
20110812,14.93,15.2,14.67,14.94,9373386
20110815,15.19,15.3,15.12,15.17,8490134
20110816,14.91,15.18,14.75,15.18,7956379
20110817,15.19,15.47,15.08,15.47,9735660
20110818,14.97,15.04,14.52,14.86,9883038
20110819,14.55,14.89,14.38,14.5,8999931
20110822,14.81,14.81,14.36,14.48,10470662
20110823,14.56,14.7,14.02,14.7,9856466
20110824,14.68,14.88,14.44,14.81,12406468
20110825,14.72,15.39,14.61,14.7,10810866
20110826,14.61,14.89,14.35,14.67,10383252
20110829,14.95,15.08,14.83,15,10051470
20110830,14.97,15.22,14.88,15.14,9307465
20110831,15.26,15.57,15.23,15.55,11139308
20110901,15.93,16.81,15.9,16.7,22235348
20110902,16.45,16.5,16.05,16.09,11785738
20110905,15.67,15.75,15.45,15.52,5165780
20110906,15.31,16.11,15.07,16.11,11959543
20110908,16.5,16.59,16.31,16.34,6822802
20110909,16.16,16.27,15.64,15.85,7730738
20110912,15.48,15.64,15.16,15.58,8779663
20110913,15.67,15.79,15.28,15.53,6741490
20110914,15.59,15.88,15.31,15.7,7666850
20110915,15.92,16.11,15.73,15.9,6150236
20110916,15.87,16.21,15.85,16.14,6107692
20110919,15.88,16.18,15.66,16.06,5975125
20110920,16.09,16.35,15.96,16.01,7684419
20110921,16.09,16.24,15.93,15.99,10010814
20110922,15.28,15.65,15.01,15.35,10993818
20110923,15.41,15.44,14.8,14.84,12349840
20110926,15.01,15.17,14.8,15.11,11858484
20110927,15.34,15.74,15.31,15.41,12434492
20110928,15.43,15.8,15.38,15.41,9359156
20110929,15.58,15.81,15.36,15.58,9457602
20110930,15.36,15.52,14.98,15.32,12800251
20111003,15.12,15.43,14.93,14.93,10744074
20111004,14.77,15.11,14.48,15.11,13652575
20111005,15.02,15.22,14.89,15.13,9828878
20111006,15.37,15.59,15.24,15.26,11702103
20111007,15.43,15.52,14.85,14.88,9576956
20111010,15.1,15.56,14.95,15.49,9901478
20111011,15.42,15.85,15.33,15.65,12142495
20111013,15.83,16.04,15.66,16.01,12434202
20111014,16.12,16.13,15.91,15.98,7962913
20111017,15.71,15.96,15.65,15.93,5720880
20111018,15.9,16.31,15.68,16.19,8211060
20111019,16.2,16.32,16.01,16.15,10838744
20111020,16,16.21,15.79,16.15,9189417
20111021,16.18,16.59,16.18,16.49,10221789
20111024,16.59,17.1,16.54,16.9,9378468
20111025,16.79,16.87,16.21,16.73,9538478
20111026,16.8,16.89,16.38,16.87,14699612
20111027,17.65,17.79,17.35,17.4,15416174
20111028,17.27,17.57,17.21,17.34,9516698
20111031,17.12,17.29,16.99,17.18,8740168
20111101,16.43,17.18,16.43,17.01,9199872
20111103,17.32,17.41,16.98,17.13,8422471
20111104,17.03,17.17,16.79,17.08,4908921
20111107,17.15,17.33,17.09,17.16,4218350
20111108,17.24,17.3,17.03,17.27,5756163
20111109,16.86,17.01,16.71,16.99,7733497
20111110,17,17.14,16.67,16.67,5216745
20111111,16.86,17.07,16.83,16.91,4214284
20111114,16.97,17.42,16.97,17.16,6651321
20111116,16.97,17.31,16.95,17.22,6623733
20111117,17.02,17.17,16.45,16.6,9166330
20111118,16.71,16.76,16.15,16.3,8981491
20111121,15.96,16.27,15.8,15.99,12197090
20111122,15.96,16.11,15.71,15.77,11886943
20111123,15.63,15.71,15.4,15.51,8760496
20111124,15.69,15.76,15.25,15.55,3657007
20111125,15.44,15.74,15.29,15.5,5460826
20111128,15.88,16.01,15.77,15.81,5456761
20111129,15.88,16.07,15.63,15.68,6390542
20111130,16.1,16.61,15.8,16.4,14594052
20111201,16.76,17.06,16.6,16.97,9099974
20111202,17.23,17.4,16.82,17,9503340
20111205,17.22,17.44,17.11,17.2,10317766
20111206,17.14,17.39,16.97,17.31,6443540
20111207,17.17,17.41,17.09,17.17,8001681
20111208,17.29,17.41,16.92,17.17,10917588
20111209,17.19,17.41,17.12,17.29,6315183
20111212,17.24,17.25,17.02,17.24,7619370
20111213,17.47,17.49,17.23,17.4,9578553
20111214,17.26,17.54,17.16,17.18,11157313
20111215,17.27,17.3,16.71,16.75,10095756
20111216,16.8,16.95,16.65,16.74,6532838
20111219,16.7,17.09,16.7,16.9,8397642
20111220,17.13,17.47,17.04,17.35,11478495
20111221,17.23,17.52,17.12,17.3,9642586
20111222,17.4,17.7,17.34,17.52,10792716
20111223,17.66,17.77,17.46,17.51,7348717
20111226,17.68,17.69,17.36,17.46,2400301
20111227,17.47,17.53,17.36,17.52,5019709
20111228,17.49,17.57,17.17,17.2,5178267
20111229,17.39,17.44,17.16,17.38,5868548
20120102,17.52,17.52,17.15,17.36,3289360
20120103,17.42,17.79,17.42,17.73,6094624
20120104,17.64,17.76,17.45,17.76,5623450
20120105,17.53,17.74,17.18,17.65,8385154
20120106,17.75,17.93,17.62,17.87,8461675
20120109,17.97,18.02,17.73,17.92,7160683
20120110,18.01,18.21,17.92,17.96,8806670
20120111,17.86,18.1,17.71,17.97,6797392
20120112,18.09,18.18,17.84,17.97,7864032
20120113,18,18.03,17.57,17.65,10724181
20120116,17.7,17.89,17.59,17.79,6235614
20120117,17.9,17.98,17.68,17.76,7589749
20120118,17.81,18.13,17.7,18.13,7671642
20120119,18.08,18.31,17.93,18.18,11022858
20120120,18.13,18.45,18.07,18.26,6968583
20120123,18.2,18.26,17.96,18.21,5989500
20120124,18.09,18.33,17.88,18.33,8557942
20120126,18.53,18.66,18.28,18.5,8845729
20120127,18.5,18.75,18.28,18.64,8842970
20120130,18.36,18.42,18.04,18.33,11007902
20120131,18.03,18.04,17.68,17.76,15685230
20120201,17.85,17.9,17.46,17.72,19275008
20120202,17.66,17.85,17.49,17.76,9990921
20120203,17.68,18.02,17.6,17.96,9556628
20120206,17.86,17.98,17.76,17.96,6027252
20120207,17.88,18.05,17.73,18.01,6907018
20120208,18.04,18.25,17.81,17.95,11359576
20120209,17.92,18.07,17.64,17.82,9619500
20120210,17.48,17.65,17.32,17.49,9747130
20120213,17.75,17.8,17.6,17.75,10100547
20120214,17.77,17.8,17.51,17.59,6674989
20120215,17.73,17.8,17.31,17.4,14632384
20120216,17.25,17.54,17.09,17.51,11988292
20120217,17.62,17.66,17.31,17.46,7660606
20120222,17.61,17.67,17.34,17.45,9448454
20120223,17.34,17.42,17.17,17.18,10671764
20120224,17.28,17.34,17.12,17.21,9465588
20120227,17.09,17.25,16.98,17.03,7716508
20120228,17.16,17.44,17.12,17.4,14279839
20120229,17.56,17.77,17.38,17.68,18331208
20120301,17.75,18.01,17.75,17.91,9546028
20120302,17.95,18.3,17.93,18.18,8845438
20120305,18.05,18.08,17.8,17.92,5803353
20120306,17.69,17.7,17.45,17.46,8852118
20120307,17.73,17.86,17.6,17.86,17235820
20120308,18.08,18.23,18,18.14,11191725
20120309,18.21,18.49,17.98,18.46,9564033
20120312,18.29,18.36,18.14,18.34,5923143
20120313,18.41,18.68,18.41,18.65,7908608
20120314,18.59,18.71,18.45,18.62,7186093
20120315,18.36,18.72,18.24,18.72,5844445
20120316,18.7,18.88,18.66,18.76,5667446
20120319,18.76,18.79,18.54,18.59,6723776
20120320,18.38,18.48,18.26,18.33,12193170
20120321,18.24,18.44,18.22,18.37,5597750
20120322,18.25,18.34,18.03,18.3,14051439
20120323,18.37,18.62,18.29,18.56,9956799
20120326,18.6,18.81,18.59,18.75,5613141
20120327,18.76,18.82,18.54,18.7,6907018
20120328,18.63,18.63,18.17,18.29,6782146
20120329,18.18,18.18,17.87,18.17,8692978
20120330,18.22,18.28,17.84,18.08,7817713
20120402,18.14,18.27,18,18.13,5489866
20120403,18.11,18.29,17.94,17.98,6175065
20120404,17.84,17.92,17.5,17.53,10257944
20120405,17.53,17.73,17.3,17.41,12565027
20120409,17.3,17.33,17.16,17.32,7514680
20120410,17.37,17.56,16.98,17.29,9555466
20120411,17.39,17.64,17.39,17.4,10766434
20120412,17.47,17.83,17.38,17.76,6633462
20120413,17.58,17.67,17.27,17.4,9275376
20120416,17.47,17.51,17.15,17.31,9693406
20120417,17.53,17.6,17.17,17.34,7923854
20120418,17.36,17.38,17.06,17.32,11517699
20120419,17.32,17.45,17.13,17.26,7063254
20120420,17.36,17.55,17.21,17.24,7051057
20120423,17.02,17.34,16.96,17.24,7329550
20120424,17.12,17.45,17.11,17.38,9691083
20120425,17.24,17.3,16.77,16.93,15610742
20120426,16.79,17.04,16.58,17.04,11312822
20120427,17.16,17.16,16.95,17.07,9946054
20120430,17.01,17.37,16.98,17.37,5678772
20120502,17.36,17.57,17.07,17.13,11258372
20120503,17.21,17.28,16.86,17.02,12143947
20120504,16.97,17.18,16.75,16.94,16978380
20120507,16.95,17,16.59,16.85,9563017
20120508,16.82,16.91,16.62,16.76,8613699
20120509,16.54,16.72,16.46,16.66,8857490
20120510,16.8,17.06,16.57,16.72,7476928
20120511,16.43,16.94,16.43,16.72,6975698
20120514,16.34,16.6,16.21,16.37,6432795
20120515,16.4,16.61,16.14,16.24,9023308
20120516,16.47,16.71,15.75,15.95,11685841
20120517,16.01,16.01,15.23,15.25,20273550
20120518,15.29,15.48,15.09,15.35,14095144
20120521,15.59,16.47,15.38,16.43,22410604
20120522,16.3,16.65,16.17,16.43,11608740
20120523,16.34,16.38,15.59,16.24,16286648
20120524,16.21,16.33,15.95,16.09,10438282
20120525,16.02,16.45,16.01,16.26,8143396
20120528,16.36,16.57,16.07,16.14,8248812
20120529,16.17,16.41,16.11,16.32,12673782
20120530,15.95,16.51,15.77,16.47,13282460
20120531,16.46,16.8,16.32,16.8,10320961
20120601,16.46,16.97,16.37,16.72,11413736
20120604,16.69,16.86,16.5,16.6,7594686
20120605,16.67,16.77,16.18,16.27,8740314
20120606,16.35,16.99,16.1,16.92,13605240
20120608,16.84,17.09,16.79,16.96,5707521
20120611,17.04,17.33,16.96,17.15,9865033
20120612,17.2,17.45,17.04,17.43,7705909
20120613,17.27,17.73,17.22,17.49,13673338
20120614,17.54,17.72,17.25,17.6,16132300
20120615,17.65,17.84,17.47,17.84,10910908
20120618,17.55,17.93,17.48,17.69,6777355
20120619,17.77,17.97,17.69,17.83,7141952
20120620,17.84,17.88,17.27,17.69,10315443
20120621,17.73,17.73,17.18,17.18,7085179
20120622,17.31,17.34,16.82,17.18,6855037
20120625,16.88,17.02,16.57,16.75,5973673
20120626,16.85,16.85,16.46,16.65,5834716
20120627,16.68,17.17,16.54,16.91,8030866
20120628,16.78,16.9,16.48,16.77,9783576
20120629,17.32,17.32,16.94,17.12,9320533
20120702,17.07,17.25,16.95,17.16,5778524
20120703,17.28,17.71,17.22,17.6,9434660
20120704,17.53,17.69,17.45,17.61,2329879
20120705,17.68,17.77,17.4,17.63,5962492
20120706,17.45,17.57,17.17,17.57,5505548
20120710,17.74,17.8,17.19,17.22,9819295
20120711,17.4,17.48,17.07,17.19,5308802
20120712,16.91,17.01,16.79,16.89,9533832
20120713,17.07,17.16,16.91,17.07,6767481
20120716,17.09,17.17,16.94,17.05,9284378
20120717,17.08,17.19,16.94,17.05,6951595
20120718,16.91,17.41,16.88,17.34,6712886
20120719,17.37,17.69,17.37,17.54,5872759
20120720,17.45,17.6,17.37,17.47,8080815
20120723,17.01,17.33,16.34,16.63,22917060
20120724,16.6,16.86,16.41,16.78,14522758
20120725,16.99,17.16,16.74,16.86,9850222
20120726,17.22,17.25,16.77,16.97,15433598
20120727,17.17,18,17.04,17.91,15655754
20120730,17.97,18.25,17.62,18.13,9146728
20120731,18.19,18.19,17.73,18.08,12066265
20120801,18.04,18.28,17.7,18.17,8672796
20120802,17.87,18.15,17.78,17.97,8007199
20120803,18.41,18.56,18.27,18.49,8450930
20120806,18.58,19.12,18.47,18.91,7977723
20120807,19.09,19.42,18.93,19.1,9905834
20120808,18.98,19.35,18.84,19.35,9810292
20120809,19.18,19.33,19,19.24,7873905
20120810,19.24,19.57,19.09,19.55,10696884
20120813,19.46,19.64,19.28,19.55,4991104
20120814,19.51,19.76,19.36,19.45,8388058
20120815,19.18,19.72,19.18,19.63,11095893
20120816,19.77,19.85,19.55,19.76,6986588
20120817,19.82,19.97,19.74,19.92,5159391
20120820,19.95,20.04,19.84,19.85,6372682
20120821,19.97,20.09,19.66,19.79,8308779
20120822,19.65,19.82,19.5,19.81,6472290
20120823,19.69,19.77,19.31,19.63,8595694
20120824,19.39,19.67,19.31,19.5,6276850
20120827,19.47,19.53,19.27,19.36,3970203
20120828,19.22,19.62,19.16,19.57,5477379
20120829,19.58,19.67,19.22,19.28,9140920
20120830,19.19,19.31,19.02,19.3,5810904
20120831,19.56,19.56,18.9,18.9,12472680
20120903,18.86,19.25,18.86,19.23,5829780
20120904,19.08,19.19,18.83,19.02,7729576
20120905,19.16,19.2,18.78,19.08,6257248
20120906,19.18,19.51,18.98,19.27,7684855
20120910,19.57,19.61,19.26,19.29,6765448
20120911,19.25,19.57,19.25,19.38,6781130
20120912,19.44,19.78,19.44,19.68,8680491
20120913,19.57,20.34,19.38,20.19,12830162
20120914,20.2,20.68,20.2,20.46,10916281
20120917,20.54,20.8,20.2,20.54,9516843
20120918,20.67,20.67,20.16,20.29,6737860
20120919,20.39,20.49,20.12,20.28,6802620
20120920,20.19,20.28,20.04,20.21,5168248
20120921,20.29,20.65,20.29,20.4,7623871
20120924,20.34,20.54,20.09,20.28,13718350
20120925,19.88,19.96,18.91,18.93,20022934
20120926,18.85,18.96,18.55,18.75,11021986
20120927,18.8,19.14,18.62,18.99,11609611
20120928,18.83,18.93,18.32,18.66,12119844
20121001,18.61,19.12,18.48,19,6734085
20121002,19.05,19.34,18.96,19.03,6700980
20121003,19.15,19.18,18.52,18.55,8158788
20121004,18.62,18.66,18.26,18.63,7126996
20121005,18.91,18.91,18.43,18.55,7512793
20121008,18.52,18.56,18.17,18.49,7171573
20121009,18.37,18.48,17.88,17.92,11284944
20121010,17.91,18.14,17.73,17.78,8123649
20121011,17.78,18.15,17.74,18.1,12817675
20121015,17.88,18.29,17.88,18.09,7961461
20121016,18.17,18.39,18.12,18.39,8524837
20121017,18.4,18.52,18.15,18.46,13092974
20121018,18.4,18.66,18.32,18.6,10519740
20121019,18.6,18.67,18.36,18.55,7599622
20121022,18.55,18.62,18.12,18.2,7618498
20121023,17.98,18.12,17.84,18.01,7900912
20121024,18.01,18.29,17.86,18.14,9031149
20121025,18.35,18.59,18.13,18.59,8104628
20121026,18.37,18.61,18.29,18.35,7727689
20121029,18.33,18.36,18.17,18.36,2364727
20121030,18.5,18.5,18.27,18.49,2406835
20121031,18.43,18.55,18.13,18.35,5096520
20121101,18.32,19.02,18.25,19.02,6992832
20121105,18.92,19.1,18.79,19.02,5828908
20121106,19.1,19.42,18.93,19.28,6703593
20121107,19.13,19.27,18.71,18.82,6410725
20121108,18.91,19.08,18.41,18.51,6170419
20121109,18.42,18.58,18.27,18.47,7193788
20121112,18.38,18.57,18.27,18.35,3749644
20121113,18.36,18.76,18.23,18.74,8384864
20121114,18.64,18.76,18.36,18.59,7048734
20121116,18.64,19.11,18.64,18.8,13530897
20121119,18.69,19.36,18.69,19.22,7882472
20121121,19.38,19.66,19.15,19.61,10017928
20121122,19.65,19.85,19.62,19.82,5845461
20121123,19.76,20.05,19.62,20.05,7320693
20121126,19.87,19.98,19.73,19.86,5203677
20121127,19.82,19.92,19.46,19.56,12495912
20121128,19.4,19.55,19.22,19.42,9994551
20121129,19.54,19.79,19.29,19.73,11485900
20121130,19.79,20.47,19.68,20.36,35588808
20121203,20.37,20.72,20.37,20.54,14876320
20121204,20.38,20.53,20.04,20.26,9939956
20121205,20.28,20.66,20.14,20.58,9277699
20121206,20.53,20.64,19.98,20.15,12844537
20121207,20.15,20.37,19.94,20.16,11898704
20121210,20.06,20.5,20.01,20.43,9526426
20121211,20.39,20.62,20.25,20.55,6995736
20121212,20.38,20.66,20.33,20.57,9526572
20121213,20.43,20.94,20.39,20.72,11511456
20121214,20.75,20.82,20.49,20.63,7644925
20121217,20.65,20.95,20.53,20.63,8731456
20121218,20.61,20.77,20.49,20.65,4951174
20121219,20.67,21.17,20.55,21.16,9116382
20121220,21.09,21.25,20.8,20.95,7927339
20121221,20.66,21.2,20.66,21.2,7887118
20121226,21.19,21.33,20.73,20.75,6820044
20121227,20.91,20.91,20.37,20.37,7177381
20121228,20.53,20.7,20.4,20.5,8217448
20130102,20.88,21.24,20.84,21,10884627
20130103,21,22.25,21,22.23,21561328
20130104,22.16,22.16,21.45,21.84,16670702
20130107,21.78,21.95,21.57,21.75,9821328
20130108,21.78,22.02,21.67,21.83,7653782
20130109,21.88,22.13,21.71,22.11,8125101
20130110,22.25,22.25,21.67,21.81,11372354
20130111,21.7,21.81,21.55,21.74,9298462
20130114,21.87,22.22,21.77,22.09,8263332
20130115,22.02,22.02,21.73,21.76,7291508
20130116,21.78,21.87,21.43,21.87,6838484
20130117,21.82,22.28,21.79,22.23,8114066
20130118,22.25,22.33,22.06,22.31,7211648
20130121,22.27,22.41,22.16,22.22,3367333
20130122,22.19,22.44,22.05,22.4,8129022
20130123,22.19,22.33,22.04,22.07,6880302
20130124,22.01,22.22,21.83,22.02,7632147
20130128,21.84,21.9,21.25,21.34,12845263
20130129,21.32,21.41,20.97,21.1,15009904
20130130,21,21.24,20.87,20.88,11846722
20130131,20.88,21.35,20.84,21.35,9660301
20130201,21.21,21.39,21,21.24,7985274
20130204,21.13,21.22,20.71,20.95,8912666
20130205,20.9,21.46,20.61,20.93,12136251
20130206,20.96,21.02,20.41,20.58,8301084
20130207,20.61,20.81,20.2,20.41,15015277
20130208,20.42,20.82,20.24,20.82,10398352
20130213,20.99,21,20.64,20.64,7652330
20130214,20.62,20.63,20.24,20.36,7541397
20130215,20.35,21.26,20.35,21.26,16564996
20130218,21.19,21.61,21.06,21.61,8519755
20130219,21.46,21.53,21.15,21.15,13242675
20130220,21.15,21.19,20.5,20.67,11446261
20130221,20.53,20.84,20.26,20.44,10699352
20130222,20.61,20.86,20.48,20.86,12585210
20130225,20.93,21.08,20.76,20.81,11861097
20130226,20.6,20.69,20.03,20.35,14917412
20130227,20.54,20.54,20,20.47,10861976
20130228,20.53,20.76,20.38,20.65,8888998
20130301,20.44,20.99,20.44,20.91,9597865
20130304,20.76,21.16,20.66,21.14,8474888
20130305,21.17,21.5,21,21.19,10044210
20130306,21.32,21.47,20.96,21.16,11519296
20130307,21.22,21.52,20.94,21.38,10786472
20130308,21.22,21.72,21.15,21.7,10549070
20130311,21.65,21.76,21.36,21.7,11017921
20130312,21.67,21.75,21.37,21.53,9255483
20130313,21.43,21.72,21.39,21.59,10494765
20130314,21.74,21.74,21.12,21.53,9409686
20130315,21.64,21.67,21.24,21.67,10986848
20130318,21.5,21.54,21.24,21.29,7890894
20130319,21.4,21.52,20.88,21.01,7608625
20130320,20.97,21.22,20.9,21.19,9233994
20130321,21.19,21.21,20.74,21,10407064
20130322,21.12,21.23,20.74,20.96,6530660
20130325,21.05,21.11,20.65,20.71,6307923
20130326,20.69,21.17,20.69,20.99,7006560
20130327,20.92,21.45,20.89,21.45,8804928
20130328,21.49,21.98,21.4,21.97,12107172
20130401,21.8,22.12,21.65,21.75,6012072
20130402,21.85,21.9,21.45,21.51,9890760
20130403,21.5,21.77,21.33,21.77,10968936
20130404,21.77,21.77,21.27,21.45,7865880
20130405,21.28,21.47,20.96,21.45,10689756
20130408,21.35,21.46,20.96,21.16,9483408
20130409,21.26,21.86,21.25,21.71,5208720
20130410,21.74,22.48,21.72,22.22,15469476
20130411,22.22,22.33,21.9,22.19,6064080
20130412,22.1,22.21,21.8,22.03,10248216
20130415,21.76,21.9,21.37,21.37,7742064
20130416,21.57,21.83,21.42,21.76,7367316
20130417,21.39,21.53,20.75,20.96,18970644
20130418,20.99,21.37,20.49,20.56,12175680
20130419,20.74,20.87,20.29,20.8,8361012
20130422,20.81,21.06,20.58,20.8,6835488
20130423,20.85,21.1,20.71,21.05,8553600
20130424,21.09,21.33,20.9,20.98,5907132
20130425,21.12,21.13,20.78,20.87,6408732
20130426,20.76,21.07,20.22,20.43,9277092
20130429,20.61,20.74,20.25,20.54,5177964
20130430,20.45,21.25,20.36,21.19,8676228
20130502,21.19,21.56,21.01,21.11,6690948
20130503,21.3,21.5,21.09,21.23,8988936
20130506,21.1,21.23,20.77,20.9,7712496
20130507,20.91,21.54,20.89,21.52,7012500
20130508,21.59,21.85,21.47,21.72,8878848
20130509,21.59,21.91,21.27,21.6,9891156
20130510,21.53,21.61,21.31,21.59,7949964
20130513,21.52,21.57,21.11,21.12,8017812
20130514,21.12,21.38,21.04,21.36,11765688
20130515,21.32,21.74,21.23,21.52,9421764
20130516,21.56,21.67,21.43,21.57,12435456
20130517,21.71,22.05,21.54,22.05,15031764
20130520,21.97,22.45,21.88,22.39,12618012
20130521,22.43,22.51,22.12,22.46,6261552
20130522,22.39,22.8,22.24,22.59,7132752
20130523,22.17,22.37,22.01,22.28,9857496
20130524,22.28,22.29,21.89,22.14,14747700
20130527,22.14,22.17,21.91,22.01,3947592
20130528,22.16,22.39,22.1,22.18,6106980
20130529,22.05,22.19,21.68,21.69,9987384
20130531,21.59,22.12,21.55,22.12,16379088
20130603,22.04,22.14,21.36,21.5,17003580
20130604,21.52,21.6,21.02,21.21,9134136
20130605,21.25,21.31,20.5,20.61,10700316
20130606,20.72,20.78,20.33,20.62,9773412
20130607,20.34,20.98,20.32,20.47,10373880
20130610,20.29,20.78,20.17,20.55,7962240
20130611,20.31,20.44,19.71,19.76,19310940
20130612,19.92,19.98,19.44,19.7,11146344
20130613,19.73,19.83,19.31,19.43,13011636
20130614,19.51,19.63,19.02,19.02,10243068
20130617,19.2,19.44,19.15,19.2,8194824
20130618,19.15,19.28,18.88,19.05,10125852
20130619,19.09,19.25,18.45,18.64,14223924
20130620,18.22,18.78,17.88,18.76,19479240
20130621,18.64,18.89,18.31,18.33,13614744
20130624,18.09,18.33,17.56,17.96,16355856
20130625,18.07,18.23,17.75,18.05,9633756
20130626,18.18,18.57,17.94,18.22,11147004
20130627,18.24,18.62,18.19,18.41,8847432
20130628,18.36,18.79,18.23,18.71,14201880
20130701,18.67,18.84,18.45,18.71,6666660
20130702,18.56,18.62,17.61,17.76,14685792
20130703,17.74,18.1,17.45,17.61,13783308
20130704,17.89,17.93,17.55,17.59,8410380
20130705,17.45,17.59,16.57,16.98,22383240
20130708,16.94,17.18,16.6,16.9,13287648
20130710,17.1,17.3,16.89,16.94,10544556
20130711,17.22,17.78,17.17,17.78,13928640
20130712,17.67,17.9,17.58,17.74,11854524
20130715,17.74,18.32,17.55,18.19,10613988
20130716,18.33,18.43,17.91,18.15,8654448
20130717,18.32,18.72,18.23,18.59,17134128
20130718,18.56,18.77,18.34,18.34,11781264
20130719,18.21,18.47,17.83,18.05,10784268
20130722,17.96,18.97,17.75,18.71,22085712
20130723,18.82,19.23,18.71,18.98,12209340
20130724,18.84,18.95,18.37,18.7,9830436
20130725,18.6,18.87,18.5,18.74,11859936
20130726,18.65,18.71,18.08,18.39,10996392
20130729,18.43,18.56,18.12,18.37,5671512
20130730,18.41,18.91,18.24,18.3,11489940
20130731,18.29,18.39,17.94,18,10498092
20130801,18.17,18.63,18.1,18.5,9759816
20130802,18.38,18.75,18.23,18.34,7084704
20130805,18.36,18.39,17.89,17.97,7511064
20130806,18.05,18.05,17.52,17.6,10973292
20130807,17.52,17.81,17.4,17.65,7729392
20130808,17.79,18.28,17.74,18.23,11863632
20130809,18.28,18.51,18.02,18.41,11580492
20130812,18.51,18.96,18.37,18.71,10982796
20130813,18.83,19.16,18.67,19.16,9648672
20130814,18.95,19.18,18.86,18.96,16454724
20130815,18.77,19.03,18.52,18.71,15001800
20130816,18.75,18.9,18.36,18.54,12581052
20130819,18.5,18.64,18.19,18.51,12284580
20130820,18.46,18.6,18.15,18.26,10824660
20130821,18.15,18.29,17.89,17.95,12435324
20130822,18.21,18.25,17.83,17.89,10153704
20130823,17.91,18.37,17.9,18.25,11063448
20130826,18.25,18.38,18.02,18.02,5999004
20130827,17.88,17.88,17.45,17.5,11878944
20130828,17.57,17.69,17.31,17.4,7793808
20130829,17.49,17.97,17.43,17.66,14083212
20130830,17.89,18.13,17.65,18.02,17985132
20130902,18.25,18.58,18.08,18.19,7443084
20130903,18.3,18.33,17.91,18,9007284
20130904,17.93,18.15,17.84,18.09,8110212
20130905,18.1,18.38,18.02,18.3,8512944
20130906,18.39,18.81,18.34,18.65,10751928
20130909,18.69,19.28,18.66,19.2,13216104
20130910,19.2,19.53,19.12,19.43,11136576
20130911,19.38,19.62,19.25,19.62,11547360
20130912,19.6,19.64,19.14,19.24,10362396
20130913,19.35,19.44,19.04,19.4,9780144
20130916,19.5,19.62,19.31,19.48,6775692
20130917,19.49,19.68,19.43,19.68,9085824
20130918,19.66,20.5,19.59,20.34,12117732
20130919,20.24,20.44,20.05,20.42,9394044
20130920,20.28,20.43,19.92,19.92,8976264
20130923,20,20.2,19.94,20.06,6852516
20130924,20.11,20.15,19.79,20.02,7040880
20130925,19.93,20.11,19.79,20.11,6206640
20130926,20.1,20.17,19.98,20.11,4077612
20130927,20.06,20.73,20.04,20.64,11020680
20130930,20.39,20.48,19.78,19.78,17058624
20131001,19.92,20.12,19.6,20.09,6986628
20131002,20,20.32,19.95,20.1,6318312
20131003,20.13,20.3,19.85,20.03,5604060
20131004,20.03,20.08,19.83,19.95,5280924
20131007,19.81,20.14,19.81,20.03,8190468
20131008,20.02,20.13,19.9,20,5781072
20131009,20.01,20.49,20,20.34,8800968
20131010,20.49,20.73,20.36,20.62,10624944
20131011,20.62,20.79,20.48,20.55,7000224
20131014,20.53,21.06,20.38,21,8259768
20131015,20.96,21.13,20.89,21.05,10338768
20131016,21.06,21.54,21.01,21.24,13925208
20131017,21.11,21.5,21.09,21.35,7726752
20131018,21.33,21.63,21.33,21.54,10714176
20131021,21.54,21.67,20.96,21.24,10660452
20131022,21.29,21.6,21.11,21.54,11604516
20131023,21.42,21.48,21.11,21.11,12271776
20131024,21.17,21.23,20.82,21.09,7607028
20131025,21.09,21.2,20.82,20.95,6561984
20131028,20.93,21.12,20.86,20.94,7989300
20131029,21.07,21.27,20.97,21.16,11276760
20131030,21.22,21.28,20.97,21.08,5927856
20131031,21.14,21.23,20.73,21.03,10677480
20131101,21.03,21.14,20.82,21.02,8698404
20131104,21,21.62,21,21.51,10764600
20131105,21.47,21.61,21.12,21.22,6612276
20131106,21.26,21.26,20.84,20.99,10778064
20131107,20.87,21.14,20.64,20.81,16834488
20131108,20.75,20.75,19.93,20.06,20563620
20131111,20.21,20.25,20.04,20.04,7402956
20131112,20.07,20.37,19.76,19.88,8845188
20131113,19.78,20.28,19.65,20.15,12224124
20131114,20.24,20.68,20.21,20.53,7665240
20131118,20.5,20.81,20.45,20.64,8489448
20131119,20.55,20.62,19.86,19.96,10316592
20131121,19.85,19.96,19.7,19.88,7999068
20131122,19.68,20.04,19.21,19.75,15949956
20131125,19.81,19.87,19.27,19.57,8993292
20131126,19.44,20.13,19.35,19.49,13685496
20131127,19.54,20.1,19.54,19.95,10611216
20131128,20.08,20.26,19.76,20.01,5651316
20131129,20.01,20.23,19.94,20.21,8127372
20131202,19.95,20.32,19.63,19.78,15869832
20131203,19.57,19.72,19.13,19.31,10280820
20131204,19.4,19.46,18.95,19.02,11021208
20131205,19.1,19.21,18.78,18.93,14227620
20131206,19.07,19.14,18.74,18.91,11228448
20131209,18.91,19.1,18.76,18.86,7832616
20131210,18.91,19.01,18.74,18.78,6629568
20131211,18.81,18.82,18.31,18.37,9149316
20131212,18.45,18.56,18.13,18.52,11710116
20131213,18.59,18.74,18.45,18.61,9510732
20131216,18.63,18.87,18.51,18.73,10584288
20131217,18.75,18.87,18.62,18.71,10466940
20131218,18.87,18.98,18.67,18.81,11021604
20131219,19.05,19.19,18.74,19.14,8911584
20131220,19.14,19.14,18.84,18.84,7690980
20131223,18.79,19.07,18.79,18.95,5857764
20131226,19.12,19.12,18.9,18.95,3581292
20131227,19.02,19.18,18.9,19.07,5160936
20131230,19.08,19.3,19.02,19.21,4112460
20140102,19.18,19.31,18.99,19.12,9044904
20140103,19.1,19.12,18.78,18.83,17371200
20140106,18.83,19.07,18.73,19.06,10798128
20140107,19.03,19.12,18.65,18.65,7044444
20140108,18.76,18.87,18.44,18.63,9576732
20140109,18.53,18.64,18.01,18.1,10646724
20140110,18.11,18.53,18.03,18.25,8912508
20140113,18.32,18.53,17.98,18.12,7443480
20140114,18.06,18.34,18,18.28,8298444
20140115,18.37,18.49,18.26,18.39,6455064
20140116,18.5,18.56,18.06,18.12,8549640
20140117,18.2,18.2,17.86,17.95,7095660
20140120,17.95,18.03,17.79,17.84,3629736
20140121,17.95,18.26,17.85,18.05,8756220
20140122,18.1,18.35,17.97,18.16,10087440
20140123,18.07,18.4,17.75,17.75,11884620
20140124,17.68,17.85,17.25,17.4,12567720
20140127,17.48,17.64,17.31,17.49,8911188
20140128,17.7,17.87,17.5,17.5,7140144
20140129,17.44,17.49,17.01,17.1,11400972
20140130,17.13,17.36,16.85,16.99,10384836
20140131,16.85,17.3,16.74,17.29,11010252
20140203,17.17,17.17,16.53,16.7,14800632
20140204,16.96,17.26,16.84,17.08,13161852
20140205,17.06,17.23,16.78,17.01,11320584
20140206,17.1,17.48,16.92,17.35,12161160
20140207,17.37,17.62,17.2,17.59,10744932
20140210,17.43,17.64,17.35,17.43,5430612
20140211,17.59,17.77,17.37,17.73,14758656
20140212,17.73,17.79,17.58,17.65,9329232
20140213,17.5,17.62,17.29,17.6,10866372
20140214,17.64,17.84,17.49,17.8,13147596
20140217,17.82,17.96,17.68,17.68,4512816
20140218,17.57,17.86,17.5,17.6,11414568
20140219,17.49,17.97,17.23,17.97,15667740
20140220,17.74,18.19,17.69,17.81,10570956
20140221,17.93,18.23,17.82,18.18,11347908
20140224,18.13,18.51,18.09,18.39,8016624
20140225,18.16,18.36,17.85,17.97,7656792
20140226,17.99,18.09,17.71,17.83,6280824
20140227,18.03,18.4,17.9,18.29,5940528
20140228,18.33,18.53,18.05,18.21,11380776
20140305,18.07,18.19,17.85,18,8468460
20140306,18.03,18.68,17.91,18.68,12866700
20140307,18.58,18.77,18.37,18.44,15041928
20140310,18.35,18.36,17.85,18,10132188
20140311,18.18,18.33,17.91,18.09,8846376
20140312,17.98,18.2,17.93,18.2,10144992
20140313,18.36,18.36,17.78,17.83,9611052
20140314,17.83,17.93,17.51,17.59,8879508
20140317,17.73,18.01,17.63,17.97,10403580
20140318,17.93,18.25,17.87,18.18,10524756
20140319,18.18,18.41,18.03,18.36,8034840
20140320,18.34,18.88,18.19,18.88,13527360
20140321,18.69,18.93,18.54,18.85,15381960
20140324,19.02,19.58,18.96,19.38,13621080
20140325,19.4,19.64,19.2,19.26,16432812
20140326,19.35,19.92,19.29,19.69,17550588
20140327,19.68,20.51,19.6,20.44,28283376
20140328,20.48,20.65,20.24,20.48,14456904
20140331,20.58,20.84,20.34,20.81,13269036
20140401,20.85,21.04,20.68,21.04,10029096
20140402,20.95,21.72,20.9,21.57,22185636
20140403,21.59,21.83,21.19,21.45,12249600
20140404,21.69,21.92,21.13,21.2,18369384
20140407,21.49,22.07,21.34,22.05,12528252
20140408,22.49,23.04,21.56,21.62,24892824
20140409,21.43,21.62,21.19,21.44,13668600
20140410,21.39,21.76,21.29,21.58,8860368
20140411,21.39,22.27,21.25,22.15,10322664
20140414,22.17,22.21,21.75,21.87,7423152
20140415,21.66,21.82,21.05,21.67,9746088
20140416,21.9,22,21.61,21.92,10537428
20140417,21.93,22.36,21.54,22.32,9782784
20140422,22.37,22.37,21.97,22.25,10683684
20140423,22.1,22.23,21.94,22.03,6756420
20140424,22.27,22.49,22.11,22.43,11604516
20140425,22.3,22.41,22.11,22.39,9132156
20140428,22.23,22.27,22.01,22.23,6579144
20140429,22.37,22.88,22.29,22.4,10067112
20140430,22.27,22.39,21.97,22.16,8493540
20140502,22.16,22.84,22.01,22.43,12174096
20140505,22.64,22.94,22.54,22.92,12730212
20140506,22.79,23.09,22.45,23.09,14802612
20140507,23.11,23.45,22.85,23.36,19299984
20140508,23.38,23.44,23,23.1,7655604
20140509,23.17,23.3,22.91,22.91,5168460
20140512,23.02,23.32,23,23.32,5205420
20140513,23.18,23.36,22.99,23.21,7908516
20140514,23.24,23.6,23.09,23.6,10114236
20140515,23.47,23.5,23.05,23.3,5854728
20140516,23.32,23.55,23.26,23.45,6428532
20140519,23.51,23.51,22.98,23.05,8301480
20140520,23.02,23.31,22.53,22.64,13466508
20140521,22.75,22.9,22.06,22.06,13547820
20140522,21.88,22.29,21.62,22.29,19577976
20140523,22.24,22.37,21.68,21.93,8584884
20140526,21.92,21.96,21.59,21.85,4001712
20140527,21.88,22.31,21.45,21.51,11954976
20140528,21.55,22.03,21.45,21.73,13039092
20140529,21.79,21.91,21.33,21.5,7110180
20140530,21.29,21.44,20.85,20.85,11906136
20140602,21.03,21.11,20.73,20.88,11889636
20140603,20.82,21.11,20.76,21.06,11224224
20140604,21.06,21.08,20.81,20.88,8047116
20140605,20.98,21.15,20.7,20.72,9146016
20140606,21.65,21.73,21.29,21.73,24404820
20140609,21.73,22.39,21.55,22.32,14714304
20140610,22.33,22.54,21.97,22.49,9805884
20140611,22.8,23.12,22.58,23.01,16386876
20140613,22.81,23.06,22.76,22.96,8050020
20140616,22.84,22.96,22.63,22.94,8401008
20140617,22.9,22.9,22.54,22.63,4576704
20140618,22.59,23.02,22.28,23.02,11317680
20140620,22.86,23.07,22.68,22.96,6864396
20140623,22.96,23.1,22.5,22.78,5289240
20140624,22.64,23.19,22.46,23.13,10445688
20140625,23.05,23.24,22.07,22.07,14486736
20140626,22.27,22.39,21.93,22.03,7451400
20140627,22.03,22.21,21.72,21.78,7195848
20140630,21.79,21.94,21.46,21.56,8821956
20140701,21.7,21.95,21.48,21.56,5427708
20140702,21.54,21.72,21.28,21.49,8251848
20140703,21.33,21.87,21.28,21.87,8362464
20140704,21.87,21.97,21.68,21.97,880968
20140707,21.8,21.86,21.56,21.81,5839680
20140708,21.79,21.87,21.54,21.57,5525784
20140710,21.84,22.26,21.57,22.21,15406644
20140711,22.11,22.36,21.9,22.34,7297884
20140714,22.48,23.19,22.4,23.15,11315964
20140715,23.08,23.39,22.94,23.36,7558452
20140716,23.37,23.41,22.42,22.59,13623852
20140717,22.49,22.98,22.34,22.49,10807104
20140718,23.29,23.69,23.15,23.57,13065888
20140721,23.48,23.91,23.39,23.76,10721568
20140722,23.8,23.89,23.49,23.68,7087740
20140723,23.29,23.68,23.24,23.65,6363060
20140724,23.68,24.06,23.55,23.96,11784432
20140725,23.96,24.09,23.7,23.76,6914820
20140728,23.84,23.91,23.49,23.51,7922376
20140729,23.45,24.17,23.39,23.62,8778924
20140730,23.69,23.84,23.43,23.49,6783480
20140731,23.39,23.63,23.1,23.29,12074172
20140801,23.19,23.71,23.19,23.52,10468920
20140804,23.67,23.84,23.32,23.84,6795360
20140805,23.79,24.13,23.64,23.64,8913432
20140806,23.58,24.12,23.39,23.65,6185652
20140807,23.84,23.87,23.27,23.4,5862252
20140808,23.24,23.33,22.81,22.9,7635672
20140811,23.17,23.54,22.98,23.54,7040484
20140812,23.46,23.65,23.27,23.54,5442624
20140813,23.6,23.89,23.05,23.31,15117564
20140814,23.18,24.01,23.18,24.01,12551484
20140815,24.15,24.34,24.01,24.34,9551916
20140818,24.58,24.61,24.3,24.51,7547100
20140819,24.32,25.27,24.31,25.25,11997348
20140820,25.08,25.42,25.06,25.39,9961776
20140821,25.35,25.79,25.23,25.72,8640060
20140822,25.52,25.75,25.25,25.32,5174928
20140825,25.57,26.04,25.46,26.04,7430940
20140826,26.01,26.31,25.86,26.18,7673820
20140827,26.26,27.04,26.23,26.88,15693084
20140828,26.72,27.08,26.62,26.84,14768424
20140829,27,27.81,26.94,27.5,14183268
20140901,27.78,28.11,27.43,27.43,8735232
20140902,27.37,28.13,27.04,27.99,9283428
20140903,28.17,28.3,27.43,28.05,12739320
20140904,27.58,27.95,27.04,27.08,12490632
20140905,26.98,27.62,26.95,27.55,14118588
20140908,27.85,28.02,26.78,26.78,14469312
20140909,26.59,26.93,26.29,26.42,12917256
20140910,26.21,26.38,25.58,25.77,14309064
20140911,25.91,26.14,25.53,25.65,9667416
20140912,25.47,25.58,24.78,24.93,18201480
20140915,24.95,25.73,24.73,25.72,9690384
20140916,25.78,27.12,25.77,26.42,17402748
20140917,26.85,27.02,26.45,26.56,10905312
20140918,26.26,26.65,26.01,26.21,11381964
20140919,25.9,26.26,25.51,25.6,8918052
20140922,24.98,25.45,24.87,25.39,8940756
20140923,25.26,25.76,24.99,25.18,8513604
20140924,24.93,25.51,24.8,25.38,7013688
20140925,25.13,25.25,24.68,24.77,10084008
20140926,24.76,25.98,24.69,25.86,9816576
20140929,23.82,24.7,23.82,24.04,20677140
20140930,23.86,24.02,22.91,23.47,18780960
20141001,23.05,23.21,22.58,22.63,17345856
20141002,22.78,23.71,22.72,23.33,15654012
20141003,23.52,23.97,23.19,23.81,9981708
20141006,26.9,26.96,25.56,25.61,29977728
20141007,26.14,26.23,25.45,25.45,17614344
20141008,25.95,26.07,24.77,25.23,13485384
20141009,25.71,26.15,25.34,25.72,11334312
20141010,25.38,25.51,24.48,24.48,11400444
20141013,25.28,26.81,25.17,26.4,19800264
20141014,26.28,26.96,25.98,26.76,16418028
20141015,25.82,26.15,24.64,25.3,19909824
20141016,24.39,25.28,24.27,24.4,15503532
20141017,24.92,25.47,24.67,25.34,14627052
20141020,25.24,25.41,24.74,24.74,12606132
20141021,23.05,23.79,23.05,23.47,23661264
20141022,23.47,24.31,23.34,23.52,12552672
20141023,23.32,23.46,22.11,22.11,23487816
20141024,22.3,23.51,22.22,22.68,18420336
20141027,20.83,22.57,20.76,22.19,37938384
20141028,22.97,23.74,22.74,23.69,16131588
20141029,23.4,23.87,22.73,22.76,12619728
20141030,23.52,24.57,23.51,24.3,17062980
20141031,24.6,25.16,24.39,25.16,11885412
20141103,24.75,24.97,24.31,24.85,8784864
20141104,25.29,25.56,24.59,25.15,9245016
20141105,24.78,25.47,24.71,24.78,11833140
20141106,24.6,24.64,24.16,24.24,10749288
20141107,24.41,24.5,23.83,24.34,9167004
20141110,24.64,24.85,24.47,24.47,7142520
20141111,24.2,24.78,24.2,24.62,6119652
20141112,24.52,25.38,24.37,24.69,8639928
20141113,24.74,24.95,24.03,24.03,7673160
20141114,23.88,24.25,23.3,24.12,9118824
20141117,23.92,24.44,23.52,23.58,6949932
20141118,23.74,24.64,23.51,24.64,9726024
20141119,24.81,25.69,24.68,25.69,12476112
20141121,25.73,27.79,25.73,27.65,21939192
20141124,28.03,28.18,26.93,27.2,17784888
20141125,27.41,27.87,26.86,27.6,12893100
20141126,27.76,27.87,27.16,27.31,10494792
20141127,27.31,27.71,26.62,26.8,8343720
20141128,26.85,27.36,26.65,26.68,7632636
20141201,26.27,26.58,25.2,25.28,12665268
20141202,25.64,25.65,24.58,24.85,9446976
20141203,25.09,25.37,24.86,25.27,4739064
20141204,25.47,25.53,24.63,24.73,6932772
20141205,24.96,25.31,24.59,25.27,6084408
20141208,25.11,25.21,23.86,24.01,7502484
20141209,23.75,24.65,23.71,24.57,10760640
20141210,24.46,24.66,23.62,23.85,9343356
20141211,23.88,24.48,23.66,24.42,10838124
20141212,24.09,24.44,22.99,22.99,15149772
20141215,23.43,23.45,22.13,22.35,16673184
20141216,21.88,22.74,21.72,22.46,21517980
20141217,22.64,24,22.58,23.56,19805544
20141218,23.84,24.28,23.19,23.42,9905544
20141219,23.7,24.02,23.49,24.02,9440112
20141222,24.09,24.23,23.43,24.22,8229144
20141223,24.1,24.54,23.78,24.54,8186508
20141226,24.33,24.63,24,24.02,3355440
20141229,23.98,24.54,23.98,24.19,6643296
20141230,24.22,24.42,24.02,24.02,6152784
20150102,23.81,24.32,23.39,23.5,10242672
20150105,23.11,23.84,22.84,23.55,10186308
20150106,23.56,24.32,23.41,24.32,13008600
20150107,24.64,25.57,24.42,25.29,13926396
20150108,25.37,25.65,24.89,25.42,7574160
20150109,25.17,25.32,24.19,24.32,8268216
20150112,24.13,24.43,23.72,23.89,8253696
20150113,24.06,24.63,23.96,23.96,10680384
20150114,23.65,24.58,23.55,24.21,9523932
20150115,24.26,24.89,23.97,23.97,13065096
20150116,24.1,24.28,23.79,24.2,16457760
20150119,24.06,24.44,23.52,23.69,8259372
20150120,24.13,24.17,23.54,23.62,6902148
20150121,23.97,24.37,23.52,24.19,10998900
20150122,24.48,24.92,24.28,24.46,10782420
20150123,24.3,24.72,23.84,24.25,7889904
20150126,23.89,24.66,23.89,24.64,8933892
20150127,24.28,24.86,24,24.68,12103212
20150128,24.37,24.99,24.09,24.09,12591348
20150129,24.41,24.63,23.46,23.84,12481788
20150130,23.52,23.58,22.95,23.12,13846668
20150202,23.41,23.5,22.72,23.36,11986128
20150203,24.01,24.28,23.68,24.23,11707740
20150204,24.23,25.06,23.97,24.84,13874784
20150205,24.54,24.83,24.42,24.44,9809844
20150206,24.38,24.56,23.94,24.54,9296496
20150209,24.38,24.8,24.32,24.8,10459548
20150210,24.73,25.01,24.28,24.28,8018340
20150211,24.22,24.51,23.44,23.62,12135420
20150212,24.04,24.56,23.86,24.56,8947224
20150213,24.77,25.26,24.55,25.22,9540036
20150218,25.68,25.84,25.33,25.49,10190004
20150219,25.44,25.74,25.22,25.44,6147900
20150220,25.48,25.63,25.16,25.5,3941388
20150223,25.18,25.82,25.17,25.75,6212448
20150224,25.84,26.06,25.51,26.03,8966100
20150225,25.71,26.17,25.57,26.17,10528320
20150226,26.18,26.25,25.87,26.23,6392100
20150227,26.18,26.84,25.88,25.9,15546696
20150302,25.84,26.27,25.34,25.55,12244716
20150303,25.54,25.65,25.31,25.61,10161228
20150304,25.21,25.41,25.01,25.08,12040776
20150305,25.12,25.32,24.74,25.03,8516640
20150306,24.97,25.09,24.49,24.73,9496872
20150309,24.47,24.55,23.79,24.02,9665700
20150310,23.67,24.09,23.22,23.22,14391696
20150311,23.38,23.95,23.34,23.92,8848884
20150312,24.26,24.3,23.47,23.49,13019556
20150313,23.01,23.35,22.86,23.2,12609432
20150316,23.43,23.6,23.16,23.55,9807336
20150317,23.55,24.48,23.32,24.47,13756512
20150318,24.46,25.43,24,25.43,11472120
20150319,25.25,25.29,24.7,25.01,7494036
20150320,25.21,25.68,25.13,25.39,13196040
20150323,25.3,25.68,25.14,25.33,5864100
20150324,25.37,25.62,24.79,25.09,6454404
20150325,25.3,25.48,24.82,25.1,13916364
20150326,24.89,25.01,24.26,24.33,11786940
20150327,24.34,24.34,23.32,23.66,10525240
20150330,23.78,24.16,23.53,24.15,10424810
20150331,23.85,24.63,23.77,24.54,11777480
20150401,24.86,25.66,24.71,25.32,9768000
20150402,25.52,25.92,25.42,25.62,8457790
20150406,25.82,26.05,25.62,25.76,6171110
20150407,25.78,25.99,25.58,25.85,5957050
20150408,26,26.21,25.81,25.91,9526770
20150409,25.45,25.63,25.03,25.45,11026290
20150410,25.25,25.78,25.08,25.72,7440070
20150413,25.53,26.03,25.48,25.66,8763590
20150414,25.94,25.94,25.34,25.88,9221630
20150415,25.98,26.23,25.74,26.23,10561210
20150416,26.21,26.21,25.87,26.16,8098310
20150417,25.87,25.99,25.44,25.49,7110400
20150420,25.57,25.74,25.12,25.31,5910410
20150422,25.31,25.9,25.13,25.65,7842560
20150423,25.51,26.47,25.27,26.22,9863260
20150424,26.44,27.1,26.22,26.85,12802020
20150427,26.62,27.1,26.32,26.45,11855800
20150428,26.51,26.94,26.28,26.85,8984030
20150429,26.74,26.92,26.09,26.22,13866160
20150430,26.09,26.64,26.04,26.61,9556910
20150504,26.8,27.15,26.66,26.74,7578670
20150505,26.51,27.1,26.25,26.82,9930910
20150506,26.8,27.03,25.94,26.14,9445810
20150507,25.96,26.24,25.8,26.21,5380100
20150508,26.55,26.59,25.86,26.29,5693930
20150511,26.41,26.45,25.97,26.21,6611110
20150512,25.97,26.19,25.87,25.94,4298580
20150513,25.87,26.02,25.49,25.56,6614410
20150514,25.67,26.22,25.47,26.18,5654440
20150515,26.18,26.73,26.01,26.73,6106650
20150518,26.74,26.79,25.75,26.07,9904290
20150519,26.05,26.11,25.27,25.69,6387810
20150520,25.34,25.53,24.95,25.05,13440240
20150521,24.82,24.9,24.28,24.62,14619770
20150522,24.44,24.51,23.93,24.09,20149580
20150525,24.09,24.49,23.95,24.23,4580950
20150526,24.11,24.15,23.5,23.51,14406590
20150527,23.65,24.29,23.31,24.15,16514960
20150528,23.99,24.06,23.54,24,9564940
20150529,23.99,23.99,23.34,23.36,15759590
20150601,23.46,23.63,23.18,23.32,7050230
20150602,23.5,24.01,23.45,23.91,9970290
20150603,23.85,23.85,23.25,23.36,12267640
20150605,23.2,23.28,22.81,22.81,9288620
20150608,22.96,23.17,22.78,22.85,6240410
20150609,22.9,23.07,22.51,22.6,10978440
20150610,23.05,23.59,22.93,23.39,11527670
20150611,23.62,23.77,23.1,23.44,10347700
20150612,23.2,23.44,22.96,23.01,8937830
20150615,22.86,23.02,22.45,22.87,10310300
20150616,23.05,23.61,22.92,23.45,9902640
20150617,23.28,23.36,22.87,22.96,9656020
20150618,23.2,23.96,22.88,23.83,9053660
20150619,23.51,23.74,23.15,23.36,10839070
20150622,23.52,23.75,23.28,23.61,10234510
20150623,23.78,24.14,23.66,23.89,6793820
20150624,23.92,24.1,23.71,24.02,4787860
20150625,24.09,24.09,23.39,23.87,9564390
20150626,23.83,24.34,23.83,24.26,6940890
20150629,23.85,24.15,23.52,23.73,7368460
20150630,23.86,24,23.59,23.77,6880280
20150701,23.89,23.98,23.52,23.66,7400140
20150702,23.91,24.18,23.76,24.09,6882810
20150703,23.96,24.04,23.67,23.8,2535830
20150706,23.46,23.76,23.22,23.36,8437550
20150707,23.28,23.33,22.7,23.26,10078860
20150708,23.05,23.42,22.8,22.84,5911840
20150710,23.34,23.83,23.2,23.75,8050460
20150713,24.01,24.29,23.71,24.18,7861480
20150714,24.12,24.5,23.91,24.34,6711210
20150715,24.41,24.41,23.97,24.17,6204330
20150716,24.48,24.53,23.99,24.12,7192790
20150717,24.19,24.44,23.77,23.97,6140200
20150720,23.89,23.97,23.49,23.53,4867940
20150721,23.53,23.59,23.13,23.32,6665890
20150722,23.1,23.23,22.81,23.14,6310040
20150723,22.98,23.15,22.06,22.11,14264030
20150724,22.11,22.31,21.55,22.29,13548260
20150727,22.28,22.75,22.2,22.5,10585300
20150728,22.83,23.11,22.22,22.78,12380720
20150729,22.62,23.26,22.62,23.03,8112610
20150730,23.2,23.2,22.41,22.57,9227020
20150731,22.61,23,22.55,22.76,7925390
20150803,22.15,22.27,21.78,22.05,18581310
20150804,22.07,22.11,21.54,21.73,12802680
20150805,21.88,22.05,21.37,21.67,10343410
20150806,21.42,22,21.31,21.71,8467800
20150807,21.47,21.78,21.01,21.11,11234960
20150810,21.28,21.5,21.18,21.36,6170120
20150811,21.46,21.52,20.97,21.35,8689340
20150812,21.04,21.11,20.62,20.66,15889720
20150813,20.72,20.78,20.22,20.36,12019480
20150814,20.31,20.57,20.1,20.21,12373130
20150817,20.09,20.42,19.88,19.88,5939560
20150818,19.79,20.7,19.49,20.26,20191710
20150819,19.9,19.93,19.37,19.7,13257750
20150820,19.5,19.7,19.27,19.55,14230040
20150821,19.36,19.7,19.12,19.44,17508040
20150824,18.49,19.53,18.16,19.09,20921560
20150825,19.65,19.76,19,19.16,16405180
20150826,19.33,20.11,19.02,20.11,21734130
20150827,20.37,20.92,20.14,20.6,18336340
20150828,20.22,20.74,19.86,20.06,15011150
20150831,19.35,19.5,19.09,19.25,23286670
20150901,18.62,18.99,18.54,18.69,16613740
20150902,18.89,19.08,18.56,19.03,12639220
20150903,19.2,19.51,18.7,19.51,17642460
20150904,18.98,19.25,18.68,18.68,14066800
20150908,19.24,19.24,18.97,19.12,11461230
20150909,19.32,19.84,19.3,19.34,16570510
20150910,18.79,19.28,18.52,18.92,16382850
20150911,18.82,18.92,18.62,18.72,10550540
20150914,18.77,19.64,18.63,19.55,12588510
20150915,19.52,20.07,19.45,19.93,11940830
20150916,20.06,20.68,20.06,20.67,14544970
20150917,20.47,21.11,20.3,20.61,14377440
20150918,20.35,20.44,19.33,19.49,20873380
20150921,19.42,19.63,18.73,18.89,14077910
20150922,18.64,19.15,18.29,18.97,15668400
20150923,18.92,19.18,18.32,18.32,13096270
20150924,17.77,18.7,17.42,18.54,17400130
20150925,18.77,18.91,17.97,18.11,10872070
20150928,17.86,17.95,17.44,17.66,13039730
20150929,17.69,18.06,17.51,17.55,13906090
20150930,18.17,18.2,17.46,17.9,18622890
20151001,17.96,18.26,17.81,18.14,11154000
20151002,18,18.82,17.86,18.82,14191540
20151005,19.22,19.82,19.01,19.37,13578180
20151006,19.3,19.65,19.18,19.56,11693660
20151007,19.98,20.7,19.72,20.26,18510250
20151008,20.01,20.44,19.93,20.28,14114540
20151009,20.58,20.64,19.73,20.06,13880460
20151013,19.61,19.61,18.6,18.96,21269160
20151014,18.84,19.22,18.65,18.86,26475020
20151015,18.91,19.02,18.4,18.8,10718070
20151016,18.76,18.79,18.27,18.44,14930190
20151019,18.5,18.75,18.36,18.41,15603830
20151020,18.52,18.6,17.87,17.98,14671580
20151021,17.98,18.19,17.77,18,10455060
20151022,18.13,18.49,18.07,18.27,11262900
20151023,18.71,18.77,17.98,18.02,11063580
20151026,18.14,18.31,17.61,17.89,12176010
20151027,17.89,18.01,17.69,17.96,13197800
20151028,17.94,18.82,17.8,18.42,22466070
20151029,17.98,18.45,17.59,17.59,16009510
20151030,17.75,17.85,17.43,17.56,14771680
20151103,17.73,18.52,17.51,18.49,18373850
20151104,18.84,18.87,17.97,18.12,18429290
20151105,18.18,18.61,18.02,18.61,12527900
20151106,18.5,18.52,18.12,18.34,15456760
20151109,18.25,18.33,17.86,17.93,16052080
20151110,17.91,17.91,17.36,17.84,12204280
20151111,18.02,18.36,17.87,18.27,12485990
20151112,18.1,18.38,17.65,18.27,12933250
20151113,18.01,18.21,17.8,18,14683680
20151116,18.02,18.15,17.79,18.15,18092910
20151117,18.23,19.11,18.23,18.83,17954640
20151118,18.83,19.3,18.72,18.98,12585100
20151119,19.25,19.58,19.09,19.58,13704900
20151123,19.83,19.95,19.16,19.39,16919100
20151124,19.16,19.36,18.79,19.25,11764940
20151125,18.9,18.98,18.28,18.32,18579880
20151126,18.35,18.84,18.32,18.72,11989450
20151127,18.56,18.58,17.96,18.03,15249080
20151130,17.82,18.01,17.45,17.67,36100680
20151201,17.67,17.88,17.42,17.57,15167020
20151202,17.64,17.9,17.25,17.56,17753010
20151203,18.34,18.96,18.17,18.33,23881330
20151204,18.29,18.29,17.79,18.08,14323320
20151207,18.26,18.56,17.85,17.9,9190830
20151208,17.9,18,17.43,17.5,15913370
20151209,17.78,18.52,17.75,18.38,26553340
20151210,18.25,18.46,17.59,17.59,16517270
20151211,17.38,17.86,17.35,17.43,18356250
20151214,17.37,17.38,17.02,17.12,14753640
20151215,17.25,17.65,17.22,17.39,9798360
20151216,17.17,17.69,16.84,17.54,28535870
20151217,18.08,18.18,17.7,17.81,20015930
20151218,17.31,17.64,16.96,17.13,24637030
20151221,17.29,17.38,16.59,16.63,13958450
20151222,16.75,17.07,16.65,16.78,9879980
20151223,17.04,17.05,16.7,16.91,7528620
20151228,17,17.14,16.8,17.07,6767420
20151229,17.24,17.26,17.03,17.16,6048570
20151230,17.21,17.21,16.73,16.8,9302040
20160104,16.58,16.8,16.37,16.56,11796730
20160105,16.68,16.83,16.41,16.62,8733120
20160106,16.37,16.57,16.1,16.38,16046800
20160107,16.03,16.31,16,16.05,22613250
20160108,16.24,16.29,15.7,15.74,13552550
20160111,15.8,15.98,15.25,15.29,12213740
20160112,15.48,15.52,15.12,15.2,12555840
20160113,15.44,15.48,14.85,14.99,13579830
20160114,15.09,15.44,14.85,15.44,13945690
20160115,15.17,15.17,14.77,15.05,17809660
20160118,15.06,15.18,14.92,14.92,10212290
20160119,15.26,15.28,14.89,15.02,10377730
20160120,14.85,15.11,14.77,15.06,17775120
20160121,14.96,15.2,14.77,14.84,16493400
20160122,14.97,15.16,14.85,15.14,14594470
20160126,14.94,15.13,14.85,14.97,12441550
20160127,14.95,15.34,14.92,15.15,22229570
20160128,15.34,15.34,15.02,15.18,14889050
20160129,15.26,15.83,15.14,15.83,23586420
20160201,15.72,16.25,15.54,16.24,14946470
20160202,15.79,16.06,15.51,15.58,27577110
20160203,16.41,16.67,16.03,16.33,54863160
20160204,16.56,17.7,16.22,17.23,35652432
20160205,17.23,17.49,16.95,17.05,17806030
20160210,16.78,17.29,16.78,17.24,8683510
20160211,16.91,17.08,16.61,16.8,11014080
20160212,17.01,17.01,16.57,16.85,10624570
20160215,17.07,17.24,16.82,16.85,5830330
20160216,16.89,17.59,16.77,17.45,13959770
20160217,17.58,18.09,17.22,17.64,22116710
20160218,17.54,17.54,17.09,17.29,14064160
20160219,17.11,17.51,17.02,17.36,12367080
20160222,17.8,18.4,17.75,18.26,19610910
20160223,17.98,18.5,17.92,18.09,12872420
20160224,17.85,18.07,17.49,18.06,10578040
20160225,17.89,18.38,17.75,18,11626340
20160226,18.37,18.42,17.83,18.06,9432940
20160229,18.33,18.72,18.13,18.63,22759550
20160301,18.75,19.29,18.73,19.16,17731230
20160302,19.13,19.57,18.99,19.57,16932520
20160303,19.79,21.52,19.77,21.32,30148140
20160304,22.72,23.57,22.4,23.52,47974520
20160307,23.5,23.5,22.37,22.86,18318300
20160308,22.72,23.55,22.6,22.97,25413080
20160309,23.35,23.77,21.93,21.93,26880590
20160310,22.41,22.95,21.86,22.59,23293600
20160311,22.59,23.49,22.53,23.39,21469580
20160314,23.47,24.18,23.2,23.24,17375490
20160315,22.39,22.7,21.7,22.02,17388580
20160316,21.56,21.7,20.62,21.53,23822810
20160317,23.77,24.44,22.61,24.34,37103220
20160318,24.22,24.55,23.46,24.01,24399430
20160321,24.03,24.55,23.9,24.41,12072170
20160322,24.2,24.46,23.99,24.16,15726370
20160323,23.83,23.95,23.08,23.37,12306470
20160324,22.72,23.16,22.65,22.95,10208330
20160328,23.93,24.34,23.39,24.06,15373160
20160329,24.18,24.64,23.5,24.48,13264570
20160330,24.69,25.17,24.38,24.52,12942050
20160331,24.34,24.34,23.48,23.65,17806360
20160401,23.18,24.24,23.11,24.12,9947410
20160404,23.67,23.97,23.13,23.23,8252640
20160405,22.95,23.85,22.65,23.36,9883500
20160406,22.93,23.27,22.47,22.64,10970740
20160407,22.95,23.12,22.57,22.84,7585050
20160408,23.69,24.17,23.57,23.96,11795740
20160411,24.26,24.87,24.26,24.47,12724800
20160412,24.82,25.73,24.67,25.48,16187710
20160413,26.23,26.32,25.59,25.71,16355790
20160414,25.84,26.05,24.77,25.09,15588100
20160415,25.28,25.42,24.93,25.21,12772100
20160418,25.01,25.49,24.49,25.06,11518200
20160419,25.39,25.48,24.91,25.12,9406400
20160420,24.99,25.2,24.6,25.1,10522500
20160422,24.52,24.87,24.38,24.57,7827900
20160425,24.52,24.76,23.85,24,8600300
20160426,24.19,25,23.94,24.87,7926700
20160427,24.87,25.95,24.87,25.75,13981000
20160428,25.01,25.67,24.63,25.22,20856900
20160429,25.44,25.52,24.62,24.91,14049200
20160502,24.92,25.03,24.13,24.42,9121500
20160503,23.89,24.39,23.67,23.9,15096700
20160504,24.02,24.92,24.01,24.92,13416300
20160505,25.13,25.36,24.08,24.3,11140500
20160506,24.05,24.77,24.01,24.41,6416000
20160509,24.08,24.83,23.39,24.57,18855300
20160510,24.86,25.63,24.7,25.63,12128100
20160511,25.97,26.4,25.65,25.88,12718300
20160512,26.18,26.75,25.56,26.44,14135400
20160513,26.25,26.43,24.92,25.37,12767600
20160516,25.19,25.55,24.84,24.92,7310400
20160517,25.06,25.17,24.09,24.12,7432800
20160518,23.86,24.83,23.82,24.22,11786400
20160519,24.01,24.08,23.53,23.72,9042800
20160520,24.03,24.15,23.34,23.46,5316700
20160523,22.96,23.77,22.8,23.53,8143400
20160524,23.79,23.97,23.32,23.6,6035800
20160525,23.83,24.09,23.46,23.5,6615900
20160527,23.54,23.83,23,23.16,6323400
20160530,23.1,23.34,22.93,23.1,2190300
20160531,22.95,23.27,21.39,21.94,30432200
20160601,22.23,22.56,21.74,22.35,14203000
20160602,22.34,23.21,22.2,23.06,11565500
20160603,23.21,23.57,22.93,23.18,9952800
20160606,23.29,23.35,22.59,23.04,7845700
20160607,22.97,23.4,22.77,23.34,7310100
20160608,23.5,24.26,23.35,24.08,13839400
20160609,23.93,24.19,23.56,24.11,7667400
20160610,23.78,23.92,23.14,23.15,6056700
20160613,22.97,23.67,22.77,23.54,8539400
20160614,23.47,23.88,22.66,23.07,12196900
20160615,23.21,23.53,22.77,23.11,18944000
20160616,22.74,23.55,22.54,23.46,10235300
20160617,23.79,23.91,23.04,23.31,12240300
20160620,23.83,24.06,23.55,23.7,10568600
20160621,23.44,24.08,23.28,23.98,10425300
20160622,24.03,24.56,23.75,23.93,10210900
20160623,24.32,24.91,24.01,24.69,8164100
20160624,23.69,24.18,23.59,24.08,16967900
20160627,24.1,24.24,22.98,23.13,17465900
20160628,23.74,23.89,23.36,23.7,10589900
20160629,24.01,24.32,23.84,24.27,10735900
20160630,24.15,24.84,24.04,24.41,20073800
20160701,24.5,24.95,24.18,24.83,12610100
20160704,25.03,25.25,24.91,24.94,3851400
20160705,24.83,25.1,24.48,24.93,5669100
20160706,24.68,25.01,24.27,24.93,7296200
20160707,24.91,25.39,24.75,25.02,7809800
20160708,25.22,25.74,25.08,25.71,11237400
20160711,25.8,26.08,25.45,26,7024600
20160712,26.19,26.33,25.68,25.79,11783200
20160713,25.72,26.36,25.59,26.36,9985100
20160714,26.67,27.46,26.67,27.45,20352800
20160715,27.45,27.74,27.22,27.45,9644400
20160718,27.41,28.13,27.37,28.02,12683300
20160719,27.94,28.04,27.67,27.91,7324600
20160720,28.03,28.27,27.6,28.16,9326500
20160721,28.13,28.29,27.48,27.94,11959200
20160722,27.94,28.32,27.71,28.13,6887700
20160725,28.26,28.38,27.75,28.04,6363700
20160726,28.03,28.21,27.75,27.82,6105000
20160727,27.91,28.37,27.81,27.91,10370800
20160728,27.64,27.74,26.41,26.67,23665000
20160729,26.62,27.64,26.58,27.51,11926700
20160801,27.59,28.11,27.48,27.55,6818800
20160802,27.33,27.79,26.76,27.2,14160800
20160803,27.08,27.86,26.98,27.83,8972800
20160804,27.95,28.39,27.9,28.13,10322300
20160805,28.19,28.43,27.78,28.31,7466900
20160808,28.11,28.31,27.91,28.03,5532200
20160809,28.12,28.31,27.75,27.88,6295300
20160810,27.95,28.12,27.07,27.48,9206300
20160811,27.51,28.32,27.3,28.3,9654400
20160812,28.13,28.63,28.1,28.34,7281200
20160815,28.43,28.89,28.31,28.76,5464100
20160816,28.6,28.71,28.21,28.32,11962300
20160817,28.23,28.64,27.88,28.64,9528400
20160818,28.53,28.84,28.32,28.72,7400400
20160819,28.58,28.67,28.11,28.55,7110700
20160822,28.44,28.53,27.68,27.79,6075600
20160823,28.05,28.3,27.46,27.48,11994200
20160824,27.37,27.55,27,27.29,7099300
20160825,27.37,27.66,27.19,27.42,6476800
20160826,27.61,28.26,27.3,27.79,11404300
20160829,27.9,28.48,27.63,28.3,5892700
20160830,28.44,28.52,28.06,28.39,5037900
20160831,28.4,28.89,27.88,28.2,13498400
20160901,28.32,28.37,27.77,27.92,12245800
20160902,28.17,28.84,28.11,28.73,11412200
20160905,28.84,29.11,28.5,28.83,3987600
20160906,29.02,29.13,28.58,29.13,6534500
20160908,29.01,29.58,28.72,29.52,13644800
20160909,29.03,29.12,27.84,27.89,12915000
20160912,27.75,27.99,27.43,27.99,10950300
20160913,27.53,27.62,26.55,26.82,16382400
20160914,27.08,27.33,26.8,27.04,10899500
20160915,27.08,27.94,27.01,27.78,10954800
20160916,27.6,27.73,26.98,27.28,15127400
20160919,27.71,27.94,27.15,27.42,8166400
20160920,27.63,27.88,27.52,27.72,7654600
20160921,28.05,28.32,27.43,28.27,14095500
20160922,28.57,28.94,28.47,28.81,8743000
20160923,28.71,28.91,28.46,28.87,9645500
20160926,28.51,28.63,28.38,28.51,4593700
20160927,28.65,29.13,28.29,29.1,11991900
20160928,29.17,29.37,28.79,29.28,9342500
20160929,29.14,29.42,28.62,28.79,10958700
20160930,28.78,29.18,28.61,28.81,9575400
20161003,28.78,29.55,28.68,29.46,9152300
20161004,29.48,29.96,29.4,29.88,21492600
20161005,29.98,30.37,29.9,30.12,8615800
20161006,30.13,30.26,29.88,30.12,11253900
20161007,30.38,30.54,30.01,30.54,9624000
20161010,30.67,30.91,30.42,30.53,7088000
20161011,30.28,30.49,30.13,30.42,8104500
20161013,30.09,30.64,29.82,30.46,14259100
20161014,30.7,30.98,30.65,30.71,10214300
20161017,30.8,31.32,30.58,31.32,12714100
20161018,31.31,32.25,31.2,32.09,15047800
20161019,31.94,32.38,31.76,31.86,8831900
20161020,31.46,32.4,31.4,32.32,10976100
20161021,32.1,32.3,31.94,32.02,6322500
20161024,32.16,32.34,31.53,31.71,7997900
20161025,31.52,31.8,31.13,31.56,9896400
20161026,31.28,31.76,31.22,31.43,11367900
20161027,31.41,32.25,31.41,31.96,8973300
20161028,31.8,32.24,31.66,32.08,7240100
20161031,32.3,33.14,32.3,33.09,12788800
20161101,33.14,33.24,31.86,32.12,10017600
20161103,31.94,32.57,31.26,31.35,11417600
20161104,31.37,31.83,30.85,31.35,9534200
20161107,32.23,32.61,31.84,32.44,9156900
20161108,32.43,33.12,32.05,32.42,7162600
20161109,31,32.45,31,31.53,14127300
20161110,31.65,31.93,28.53,28.72,40310700
20161111,28.61,29.45,27.69,28.77,30138200
20161114,28.6,29.26,28.38,28.97,15099800
20161116,29.35,29.95,28.9,29.41,11546700
20161117,29.8,29.89,28.44,28.49,10563600
20161118,28.47,29.17,28.33,28.98,10986300
20161121,29.3,29.43,28.7,29.15,10491500
20161122,29.68,29.88,28.92,29.35,10945700
20161123,29.18,29.54,29.05,29.48,6463300
20161124,29.5,29.52,29.06,29.2,2733500
20161125,28.81,29.37,28.63,29.34,6096600
20161128,29.35,29.81,29.03,29.71,6383000
20161129,29.43,29.64,28.77,28.77,9599900
20161130,29.29,29.77,29.14,29.45,9758600
20161201,28.85,29,27.57,27.81,21181300
20161202,27.49,28.45,27.18,28.25,12368600
20161205,28.38,28.45,27.8,28.1,6936700
20161206,27.8,28.85,27.65,28.7,10945000
20161207,28.84,29.12,28.26,28.52,11648400
20161208,28.71,28.8,28.12,28.23,7085400
20161209,28.77,28.79,28.27,28.6,11183600
20161212,28.17,28.4,27.24,27.41,9257100
20161213,27.24,28.15,27.24,27.52,11485600
20161214,27.57,27.78,27.2,27.2,13372500
20161215,27.14,27.51,26.66,27.29,10723300
20161216,27.51,27.7,27.11,27.14,12908300
20161219,27.19,27.41,26.44,26.54,9514700
20161220,26.75,27.45,26.74,27.12,9572000
20161221,27.41,27.41,26.74,26.89,8217600
20161222,26.9,26.97,26.4,26.73,10424000
20161223,26.77,27.53,26.77,27.29,10897100
20161226,27.27,27.85,27.27,27.79,2168900
20161227,27.98,28.06,27.34,27.52,5801000
20161228,27.66,28.58,27.6,28.51,7167700
20161229,28.62,28.98,28.1,28.98,6775000
20170102,28.75,28.78,28.48,28.78,2690000
20170103,29,30.08,28.9,30,13508300
20170104,29.74,30.1,29.66,29.81,8180200
