<DTYYYYMMDD>,<OPEN>,<HIGH>,<LOW>,<CLOSE>,<VOL>
20100601,11.97,11.98,11.58,11.86,572117
20100602,11.89,12.12,11.76,12.01,384765
20100604,11.92,11.99,11.77,11.99,218816
20100607,11.98,11.98,11.62,11.74,717621
20100608,11.74,11.86,11.51,11.75,191344
20100609,11.8,11.84,11.57,11.66,617796
20100610,11.66,11.97,11.66,11.89,321196
20100611,11.75,11.98,11.66,11.94,183678
20100614,11.97,12.04,11.8,11.84,348349
20100615,11.84,12.11,11.84,12.1,76505
20100616,12.03,12.27,11.95,12.14,67881
20100617,12.14,12.23,11.94,12.04,111804
20100618,11.99,12.14,11.99,12.09,241336
20100621,12.23,12.28,12.12,12.19,197254
20100622,12.18,12.24,12.08,12.15,170421
20100623,12.13,12.13,11.95,12.06,24180488
20100624,11.99,12.03,11.74,11.77,130012
20100625,11.79,11.99,11.67,11.99,175692
20100628,12.01,12.14,11.84,11.98,168824
20100629,11.74,11.74,11.35,11.43,467181
20100630,11.43,11.57,11.28,11.47,589845
20100701,11.47,11.82,11.28,11.82,364321
20100702,11.72,12.07,11.68,12,103658
20100705,11.88,11.9,11.73,11.82,111644
20100706,11.9,12.07,11.86,12.07,194698
20100707,12.06,12.62,12.03,12.62,892355
20100708,12.47,12.84,12.47,12.72,761225
20100712,12.72,13.05,12.62,12.75,582019
20100713,12.75,12.79,12.38,12.74,1035784
20100714,12.84,12.84,12.62,12.79,429211
20100715,12.74,12.85,12.63,12.77,321908
20100716,12.84,12.9,12.51,12.51,197617
20100719,12.55,12.85,12.55,12.85,411642
20100720,12.8,13.04,12.68,13.04,179757
20100721,13.04,13.13,12.88,13.08,118338
20100722,13.09,13.37,13.08,13.23,252648
20100723,13.23,13.38,13.23,13.38,142441
20100726,13.25,13.5,13.24,13.36,310728
20100727,13.38,13.51,13.28,13.37,222591
20100728,13.37,13.93,13.31,13.88,987214
20100729,13.95,13.99,13.72,13.9,175401
20100730,13.63,13.99,13.58,13.99,639751
20100802,13.75,14.09,13.75,14.04,8253022
20100803,13.91,13.91,13.69,13.83,244516
20100804,13.83,13.83,13.56,13.81,166254
20100805,13.66,13.85,13.59,13.83,94380
20100806,13.81,13.85,13.61,13.82,385506
20100809,13.91,13.92,13.83,13.9,149846
20100810,13.87,13.87,13.64,13.78,107012
20100811,13.65,13.65,13.36,13.45,406414
20100812,13.35,13.55,13.34,13.51,228835
20100813,13.54,13.67,13.51,13.59,313632
20100816,13.46,13.72,13.4,13.72,89007
20100817,13.72,13.77,13.58,13.77,195584
20100818,13.71,13.8,13.67,13.8,134890
20100819,13.73,13.83,13.54,13.66,140698
20100820,13.52,13.67,13.49,13.61,306517
20100823,13.61,13.67,13.55,13.61,193551
20100824,13.48,13.48,13.22,13.32,321037
20100825,13.32,13.32,13.03,13.18,436761
20100826,13.17,13.2,12.85,13.01,332798
20100827,13.02,13.29,12.9,13.29,337299
20100830,13.21,13.21,12.94,13.02,194277
20100831,13.02,13.39,13.02,13.39,320166
20100901,13.55,13.76,13.48,13.68,7740757
20100902,13.48,13.53,13.38,13.48,8186666
20100903,13.57,13.62,13.3,13.33,372292
20100906,13.27,13.29,13.15,13.24,90459
20100908,13.29,13.43,13.09,13.38,384199
20100909,13.21,13.4,13.21,13.4,7488835
20100910,13.38,13.43,13.32,13.43,185130
20100913,13.43,13.85,13.43,13.84,1044568
20100914,13.78,13.97,13.77,13.88,436616
20100915,13.83,14.07,13.67,14.07,582542
20100916,13.97,13.97,13.84,13.92,158122
20100917,13.89,13.95,13.72,13.78,134310
20100920,13.89,14,13.79,14,425581
20100921,13.99,13.99,13.67,13.84,7504662
20100922,13.82,13.98,13.82,13.84,308404
20100923,13.82,14.05,13.82,14,969500
20100924,14,14.08,13.66,13.86,447361
20100927,13.76,13.92,13.72,13.84,344124
20100928,13.84,14.08,13.79,14.05,594448
20100929,13.95,14.35,13.95,14.35,765349
20100930,14.38,14.62,14.33,14.62,624505
20101001,14.62,14.74,14.44,14.65,1031355
20101004,14.64,14.66,14.2,14.66,8758464
20101005,14.66,15.08,14.66,15.08,956577
20101006,15.01,15.11,14.87,14.93,1431526
20101007,14.93,14.99,14.77,14.95,1609977
20101008,14.93,15.28,14.88,15.27,833593
20101011,15.27,15.27,15.09,15.26,166399
20101013,15.31,15.45,15.21,15.37,508490
20101014,15.43,15.43,15.1,15.15,814862
20101015,15.31,15.36,15.07,15.07,374761
20101018,14.98,15.01,14.69,14.93,1404810
20101019,14.82,15.09,14.65,14.82,1103229
20101020,14.88,15.17,14.76,14.91,683601
20101021,14.91,15.12,14.68,14.69,725419
20101022,14.88,15.12,14.81,15.04,213008
20101025,14.89,15.29,14.89,15.22,708721
20101026,15.15,15.46,15.05,15.46,917954
20101027,15.23,15.23,14.82,14.88,618116
20101028,15.07,15.07,14.66,14.69,329894
20101029,14.7,14.88,14.58,14.88,1054587
20101101,14.88,15.2,14.82,15.2,279655
20101103,15.26,15.53,15.16,15.5,351964
20101104,15.41,15.64,15.38,15.64,507474
20101105,15.55,15.68,15.48,15.64,305500
20101108,15.64,15.75,15.48,15.69,7984257
20101109,15.67,15.69,15.21,15.21,415707
20101110,15.27,15.45,15.16,15.44,223462
20101111,15.27,15.33,15.06,15.06,297950
20101112,15.05,15.05,14.75,15.01,304629
20101116,15.01,15.03,14.58,14.86,315519
20101117,14.78,14.85,14.62,14.76,343107
20101118,14.89,14.94,14.79,14.83,424419
20101119,14.79,14.93,14.67,14.88,673873
20101122,14.88,14.88,14.45,14.63,334395
20101123,14.5,14.53,14.23,14.23,309130
20101124,14.6,14.77,14.45,14.58,7497692
20101125,14.55,14.67,14.53,14.61,211556
20101126,14.5,14.67,14.37,14.67,282849
20101129,14.39,14.55,14.23,14.55,265716
20101130,14.5,14.64,14.24,14.38,521994
20101201,14.42,14.58,14.41,14.48,964128
20101202,14.52,14.65,14.52,14.59,365178
20101203,14.49,14.52,14.18,14.28,645994
20101206,14.16,14.24,14.05,14.11,425581
20101207,14.36,14.36,14.18,14.23,9039861
20101208,14.1,14.26,14.04,14.26,433712
20101209,14.29,14.29,13.91,14.13,481628
20101210,14.29,14.29,13.93,14.09,14729959
20101213,14.08,14.22,13.97,14.2,425436
20101214,14.2,14.2,13.94,14.17,361983
20101215,14.12,14.12,13.95,13.98,443876
20101216,14.01,14.08,13.72,13.84,343833
20101217,13.82,13.94,13.73,13.94,179031
20101220,13.91,13.92,13.73,13.74,484096
20101221,13.84,13.99,13.75,13.99,286770
20101222,13.88,14.24,13.78,14.24,206764
20101223,14.15,14.24,14.05,14.21,159720
20101227,14.13,14.16,13.91,13.96,447361
20101228,14,14,13.83,13.91,218090
20101229,13.96,14.12,13.91,14.08,225350
20101230,14.07,14.24,14.07,14.24,973711
20110103,14.24,14.57,14.24,14.42,388845
20110104,14.52,14.61,14.26,14.47,984165
20110105,14.34,14.63,14.34,14.58,657756
20110106,14.58,14.61,14.09,14.23,335121
20110107,14.15,14.3,13.89,14.12,258891
20110110,13.95,14.07,13.81,14.07,556116
20110111,14.12,14.23,14.06,14.07,340494
20110112,14.11,14.23,14.11,14.23,753878
20110113,14.35,14.35,13.97,13.97,690861
20110114,14.05,14.24,13.92,14.06,993168
20110117,14.12,14.12,13.88,13.91,599240
20110118,13.98,14.01,13.82,14.01,592416
20110119,13.94,14.07,13.84,13.92,959626
20110120,13.82,13.83,13.57,13.74,765204
20110121,13.78,13.86,13.58,13.79,371712
20110124,13.69,13.92,13.58,13.92,395815
20110126,13.92,14.02,13.72,13.86,687231
20110127,13.86,13.92,13.58,13.86,872652
20110128,13.78,13.79,13.36,13.64,1008268
20110131,13.89,13.92,13.37,13.53,434293
20110201,13.69,13.69,13.48,13.58,887898
20110202,13.58,13.67,13.4,13.45,1301572
20110203,13.46,13.62,13.23,13.42,832286
20110204,13.45,13.45,12.98,12.98,1739205
20110207,13.04,13.14,12.81,13.09,704800
20110208,12.98,13.54,12.98,13.42,800052
20110209,13.31,13.36,13.1,13.17,354578
20110210,13.17,13.31,13.12,13.29,436035
20110211,13.22,13.8,13.15,13.75,886736
20110214,13.75,13.92,13.58,13.84,833012
20110215,13.85,14,13.62,14,520106
20110216,13.98,14.27,13.97,14.25,811522
20110217,14.25,14.29,14.05,14.2,506022
20110218,14.16,14.22,14.06,14.09,348625
20110221,14.02,14.06,13.91,13.95,169303
20110222,13.94,13.94,13.52,13.69,282559
20110223,13.73,13.82,13.5,13.75,470448
20110224,13.77,13.95,13.58,13.86,383182
20110225,13.97,13.97,13.57,13.86,217074
20110228,13.86,14.21,13.86,14.14,370550
20110301,14.13,14.22,13.92,14.05,687522
20110302,13.94,14.09,13.8,14.01,801213
20110303,13.98,14.31,13.97,14.3,933055
20110304,14.3,14.36,14.07,14.36,518944
20110309,14.37,14.38,13.94,14.08,441553
20110310,13.91,13.91,13.47,13.61,661676
20110311,13.5,13.7,13.35,13.7,544500
20110314,13.54,13.69,13.46,13.69,417159
20110315,13.47,13.81,13.32,13.75,565263
20110316,13.76,13.76,13.37,13.51,411206
20110317,13.52,13.58,13.3,13.5,480757
20110318,13.59,13.73,13.51,13.65,9005884
20110321,13.65,13.78,13.64,13.74,339042
20110322,13.71,14.19,13.66,14.19,675034
20110323,13.99,14.08,13.89,13.98,677212
20110324,13.98,14.03,13.82,14.03,219252
20110325,14.03,14.03,13.86,13.94,339622
20110328,13.95,14.69,13.95,14.59,13177480
20110329,14.65,15.09,14.51,14.95,3481750
20110330,15.06,15.31,14.84,15.25,1391596
20110331,15.28,15.63,15.07,15.52,3620126
20110401,15.54,15.86,15.54,15.72,1596038
20110404,15.68,15.68,15.45,15.49,715110
20110405,15.54,15.54,15.32,15.46,735583
20110406,15.43,15.6,15.32,15.46,698992
20110407,15.39,15.54,15.36,15.54,476401
20110408,15.35,15.39,15.01,15.26,673582
20110411,15.2,15.2,14.89,15.04,661966
20110412,14.87,14.94,14.7,14.92,726726
20110413,14.96,15.01,14.77,14.92,487291
20110414,14.82,14.93,14.63,14.76,331491
20110415,14.87,14.87,14.53,14.71,835916
20110418,14.69,14.71,14.21,14.68,418756
20110419,14.68,14.76,14.46,14.48,927973
20110420,14.65,14.77,14.59,14.71,577605
20110425,14.73,14.75,14.63,14.7,353852
20110426,14.85,14.9,14.61,14.9,714093
20110427,15.09,15.13,14.68,14.87,31169792
20110428,14.66,14.87,14.38,14.51,344414
20110429,14.54,14.76,14.43,14.76,676922
20110502,14.71,14.73,14.43,14.51,349641
20110503,14.47,14.47,14.06,14.21,452878
20110504,14.21,14.34,14.1,14.15,676777
20110505,14.1,14.39,14.08,14.35,1788573
20110506,14.48,14.63,14.45,14.6,281107
20110509,14.55,14.77,14.36,14.76,549146
20110510,14.76,15.04,14.71,14.99,490630
20110511,14.81,14.86,14.72,14.78,220123
20110512,14.76,14.85,14.69,14.77,517202
20110513,14.75,14.8,14.41,14.55,509797
20110516,14.42,14.69,14.32,14.44,362128
20110517,14.43,14.61,14.18,14.61,265570
20110518,14.55,14.56,14.12,14.12,470593
20110519,14.15,14.43,14.03,14.16,493970
20110520,14.21,14.26,13.98,14.1,686796
20110523,14.07,14.21,13.88,14.13,777110
20110524,14.17,14.49,14.16,14.49,1214888
20110525,14.46,14.46,14.23,14.32,335557
20110526,14.39,14.71,14.32,14.71,812539
20110527,14.66,14.76,14.62,14.69,679681
20110530,14.77,14.77,14.55,14.57,340929
20110531,14.66,14.69,14.47,14.63,469286
20110601,14.57,14.63,14.3,14.42,340348
20110602,14.45,14.63,14.18,14.63,420644
20110603,14.63,14.75,14.26,14.61,689119
20110606,14.58,14.58,14.28,14.33,71351568
20110607,14.4,14.66,14.39,14.64,341946
20110608,14.51,14.65,14.44,14.65,727887
20110609,14.58,14.6,14.43,14.48,301725
20110610,14.5,14.5,14.14,14.3,2787259
20110613,14.23,14.39,14.2,14.33,267168
20110614,14.49,14.49,14.3,14.44,368808
20110615,14.29,14.56,14.25,14.55,421080
20110616,14.44,14.5,14.06,14.38,745166
20110617,14.38,14.44,14.11,14.44,208216
20110620,14.28,14.39,14.18,14.28,373018
20110621,14.34,14.36,14.19,14.36,221430
20110622,14.24,14.48,14.24,14.39,527366
20110624,14.36,14.44,14.25,14.43,560617
20110627,14.35,14.51,14.27,14.49,570200
20110628,14.49,14.84,14.46,14.84,568458
20110629,14.85,15.01,14.74,14.91,795550
20110630,15,15.02,14.75,15.02,936975
20110701,15.01,15.09,14.72,15.03,699138
20110704,15.03,15.15,15.02,15.13,298531
20110705,15.05,15.15,14.96,15.15,359224
20110706,14.98,15.1,14.81,14.93,418030
20110707,15,15,14.53,14.69,531432
20110708,14.62,14.62,14.4,14.57,797874
20110711,14.56,14.56,13.98,14.16,867715
20110712,14.08,14.18,13.77,13.86,526204
20110713,14.01,14.26,13.82,14.11,564973
20110714,14.12,14.12,13.75,13.81,492082
20110715,13.75,13.98,13.57,13.69,302161
20110718,13.67,13.67,13.15,13.3,871635
20110719,13.36,13.53,13.36,13.53,1040358
20110720,13.54,13.84,13.54,13.75,518654
20110721,13.78,14.12,13.72,13.97,523300
20110722,14.03,14.12,13.92,13.95,508200
20110725,13.84,13.84,13.59,13.8,273702
20110726,13.71,13.75,13.56,13.75,622762
20110727,13.75,13.75,13.34,13.63,822412
20110728,13.54,13.98,13.54,13.89,1144611
20110729,13.63,14.03,13.59,14.02,724983
20110801,14.06,14.25,13.83,13.99,918244
20110802,13.85,13.92,13.42,13.5,1205740
20110803,13.6,13.6,13.05,13.26,885139
20110804,13.18,13.21,12.51,12.92,1304331
20110805,13.11,13.3,12.37,13.2,1405536
20110808,12.97,12.97,11.87,12.02,1403648
20110809,12.19,12.55,12.03,12.55,1516614
20110810,12.54,12.61,12.07,12.58,1031936
20110811,12.39,12.89,12.31,12.86,1153323
20110812,12.92,12.97,12.47,12.76,1096405
20110815,12.86,12.99,12.85,12.88,775513
20110816,12.72,12.89,12.55,12.89,1194705
20110817,12.92,13.08,12.78,13.08,409173
20110818,12.85,12.85,12.33,12.61,564247
20110819,12.42,12.62,12.21,12.34,404672
20110822,12.47,12.56,12.23,12.4,368662
20110823,12.44,12.52,11.93,12.52,1701598
20110824,12.52,12.61,12.21,12.6,350948
20110825,12.47,13.08,12.38,12.48,636847
20110826,12.37,12.55,12.13,12.41,491356
20110829,12.63,12.72,12.5,12.72,827059
20110830,12.63,12.98,12.58,12.9,481338
20110831,13,13.28,12.99,13.28,1309268
20110901,13.67,14.21,13.61,14.15,656158
20110902,13.86,13.99,13.54,13.6,836932
20110905,13.49,13.49,13.07,13.19,576879
20110906,13.09,13.67,12.84,13.64,1657603
20110908,13.78,14.04,13.73,13.83,376794
20110909,13.6,13.6,13.23,13.31,290109
20110912,13.02,13.26,12.78,13.11,972114
20110913,13.15,13.31,12.81,13.13,839691
20110914,13.09,13.25,12.81,13.2,871490
20110915,13.2,13.51,13.1,13.29,511249
20110916,13.28,13.49,13.14,13.49,947284
20110919,13.1,13.47,13.1,13.43,618697
20110920,13.4,13.56,13.29,13.38,445473
20110921,13.37,13.49,13.25,13.37,530560
20110922,12.89,12.98,12.49,12.69,738632
20110923,12.69,12.73,12.29,12.46,606645
20110926,12.61,12.61,12.36,12.56,571362
20110927,12.65,13.07,12.65,12.84,725709
20110928,12.81,13.15,12.81,12.83,1116588
20110929,12.93,13.15,12.75,12.92,533610
20110930,12.83,12.89,12.35,12.89,1670380
20111003,12.53,12.78,12.39,12.52,1474651
20111004,12.39,12.64,12.05,12.64,1919108
20111005,12.59,12.68,12.36,12.63,1251333
20111006,12.72,12.96,12.71,12.81,506893
20111007,12.85,12.93,12.37,12.42,599966
20111010,12.51,13.02,12.43,12.93,579348
20111011,12.88,13.26,12.82,13.04,987505
20111013,13.18,13.27,12.98,13.1,1749224
20111014,13.17,13.31,13.06,13.18,326554
20111017,13.02,13.15,12.88,13.07,550162
20111018,13.07,13.41,12.93,13.35,713512
20111019,13.38,13.51,13.25,13.38,433857
20111020,13.38,13.41,13.04,13.34,242484
20111021,13.43,13.79,13.24,13.76,1091904
20111024,13.78,14.17,13.78,14.06,992442
20111025,14.02,14.02,13.54,13.9,1276453
20111026,13.89,14.05,13.63,14.05,694927
20111027,14.62,14.73,14.34,14.42,3854624
20111028,14.34,14.56,14.24,14.3,1090161
20111031,14.17,14.17,13.97,14.06,1132560
20111101,13.87,14.06,13.52,14.02,727452
20111103,14.15,14.23,14.02,14.12,951495
20111104,14.12,14.12,13.81,14.06,512410
20111107,14.06,14.13,13.96,14.06,642219
20111108,14.01,14.19,13.97,14.18,870183
20111109,14.05,14.07,13.78,14.07,541450
20111110,14,14.15,13.78,13.78,358353
20111111,13.84,14.06,13.83,14.01,243645
20111114,13.96,14.35,13.96,14.15,603886
20111116,14.08,14.18,13.96,14.15,735002
20111117,13.97,14.06,13.54,13.73,628280
20111118,13.77,13.79,13.36,13.59,439665
20111121,13.47,13.53,13.12,13.33,2709286
20111122,13.33,13.43,13.11,13.21,828075
20111123,13.12,13.12,12.9,13.08,638734
20111124,13.17,13.19,12.8,13.1,485548
20111125,13.01,13.13,12.85,12.93,551614
20111128,12.98,13.36,12.98,13.23,626538
20111129,13.23,13.41,13.09,13.11,384199
20111130,13.22,13.98,13.05,13.98,1185703
20111201,14.01,14.27,13.92,14.16,920713
20111202,14.3,14.52,14.02,14.21,1044423
20111205,14.21,14.41,14.07,14.27,1466229
20111206,14.21,14.3,14.04,14.3,740229
20111207,14.19,14.31,14.1,14.1,653980
20111208,14.19,14.31,13.96,14.16,662547
20111209,14.16,14.3,14.1,14.19,447796
20111212,14.23,14.23,14.04,14.19,504860
20111213,14.29,14.4,14.18,14.31,846225
20111214,14.21,14.43,14.11,14.11,469576
20111215,14.12,14.21,13.77,13.94,500214
20111216,13.94,14.09,13.66,13.88,873378
20111219,13.75,14.09,13.75,13.94,615938
20111220,14.03,14.4,14.03,14.38,577315
20111221,14.38,14.4,14.1,14.29,339187
20111222,14.34,14.62,14.27,14.55,456073
20111223,14.52,14.72,14.48,14.63,514879
20111226,14.68,14.68,14.45,14.53,186001
20111227,14.43,14.57,14.42,14.56,217654
20111228,14.56,14.56,14.29,14.37,427614
20111229,14.38,14.57,14.24,14.57,946123
20120102,14.53,14.63,14.28,14.58,422096
20120103,14.62,14.76,14.53,14.64,991570
20120104,14.6,14.64,14.43,14.64,670098
20120105,14.41,14.55,14.17,14.53,510813
20120106,14.58,14.79,14.55,14.75,391894
20120109,14.7,14.84,14.58,14.83,855373
20120110,14.87,15.01,14.81,14.9,911420
20120111,14.89,14.97,14.7,14.92,727306
20120112,14.99,14.99,14.67,14.9,561343
20120113,14.91,14.91,14.49,14.56,724402
20120116,14.59,15.22,14.51,15.22,2013343
20120117,15.28,15.48,15.04,15.37,2147362
20120118,15.36,15.57,15.28,15.51,1492075
20120119,15.55,15.56,15.2,15.36,1853913
20120120,15.31,15.48,15.19,15.39,793227
20120123,15.26,15.39,15.02,15.26,726726
20120124,15.1,15.33,14.99,15.28,551179
20120126,15.36,15.56,15.25,15.4,900094
20120127,15.4,15.61,15.27,15.52,473787
20120130,15.36,15.36,15.09,15.33,846080
20120131,15.28,15.28,14.82,14.95,688248
20120201,14.99,15.12,14.65,15,1516614
20120202,14.94,15.01,14.77,14.97,897481
20120203,14.84,15.11,14.82,15.11,553502
20120206,15.08,15.08,14.88,15.02,360967
20120207,14.93,15.09,14.86,15.05,507909
20120208,15.06,15.21,14.9,15.05,518799
20120209,15.05,15.12,14.82,14.89,533029
20120210,14.71,14.81,14.67,14.79,830689
20120213,14.94,15.3,14.82,15.08,765639
20120214,15.1,15.17,14.81,14.93,732534
20120215,15.02,15.02,14.82,14.96,3241299
20120216,14.96,15.12,14.73,15.12,781466
20120217,15.13,15.19,14.92,15.07,195874
20120222,15.19,15.19,14.9,15.01,2927812
20120223,14.96,15.01,14.69,14.86,2286319
20120224,14.89,14.91,14.78,14.87,912001
20120227,14.84,14.84,14.64,14.8,712496
20120228,14.84,15.19,14.71,15.19,2508330
20120229,15.19,15.45,15.1,15.39,3768085
20120301,15.4,15.6,15.4,15.54,784370
20120302,15.58,15.92,15.53,15.78,797148
20120305,15.63,15.71,15.47,15.57,372292
20120306,15.48,15.49,15.15,15.2,2789872
20120307,15.4,15.63,15.26,15.62,6117276
20120308,15.78,16.03,15.71,15.97,2666743
20120309,15.98,16.3,15.89,16.21,924633
20120312,16.21,16.21,15.93,16.07,457525
20120313,16.22,16.47,16.22,16.36,2588044
20120314,16.36,16.41,16.11,16.29,1101342
20120315,16.11,16.36,16.03,16.27,1420056
20120316,16.38,16.53,16.27,16.38,1031355
20120319,16.36,16.4,16.15,16.18,412948
20120320,16.12,16.16,15.9,15.98,208797
20120321,16.01,16.05,15.87,15.95,271233
20120322,15.89,16.05,15.73,15.98,395089
20120323,16.03,16.22,15.97,16.22,632346
20120326,16.23,16.36,16.16,16.3,670533
20120327,16.21,16.3,16.01,16.01,352545
20120328,16.04,16.08,15.72,15.95,774496
20120329,15.85,15.85,15.55,15.8,387248
20120330,15.86,16,15.53,15.79,682149
20120402,15.79,15.85,15.66,15.78,487146
20120403,15.79,15.83,15.6,15.64,686215
20120404,15.45,15.53,15.13,15.13,1096260
20120405,15.16,15.31,14.98,15.11,864956
20120409,15.03,15.03,14.84,14.98,552776
20120410,14.97,15.14,14.72,14.98,694636
20120411,15.13,15.2,15.03,15.03,821832
20120412,15.04,15.4,15.03,15.4,814572
20120413,15.28,15.28,14.92,15.09,579928
20120416,15.15,15.17,14.94,15.08,484532
20120417,15.16,15.22,14.95,15.09,347173
20120418,15.15,15.15,14.84,15,315519
20120419,15.05,15.05,14.78,14.85,782773
20120420,15.02,15.11,14.75,14.77,714674
20120423,14.57,14.86,14.5,14.86,1007833
20120424,14.93,15.03,14.8,15.03,571216
20120425,14.91,15.01,14.54,14.63,547694
20120426,14.57,14.65,14.36,14.64,906193
20120427,14.64,14.93,14.55,14.93,3709569
20120430,14.75,14.98,14.69,14.98,155799
20120502,14.83,15.02,14.57,14.57,544209
20120503,14.57,14.62,14.35,14.41,402349
20120504,14.41,14.61,14.14,14.31,722950
20120507,14.31,14.38,14.08,14.29,487000
20120508,14.26,14.31,14.08,14.19,475384
20120509,14.06,14.18,13.96,14.15,619278
20120510,14.18,14.44,14.07,14.23,644542
20120511,14.08,14.41,13.98,14.29,621746
20120514,14.3,14.3,13.83,13.96,710899
20120515,13.89,14.05,13.56,13.65,1238991
20120516,13.71,14.13,13.26,13.6,583849
20120517,13.59,13.6,13.17,13.23,2339462
20120518,13.25,13.37,13.06,13.35,1450548
20120521,13.38,14.11,13.34,14.11,859438
20120522,14.11,14.22,13.89,14.2,23742958
20120523,14.06,14.06,13.52,14.06,2202248
20120524,13.87,14.05,13.71,13.76,785967
20120525,13.9,14.05,13.76,13.94,356466
20120528,13.97,14.14,13.71,13.89,201247
20120529,13.89,14.06,13.74,13.97,288948
20120530,13.71,14.11,13.54,14.07,614486
20120531,13.93,14.43,13.89,14.43,860890
20120601,14,14.41,13.89,14.29,549146
20120604,14.18,14.32,14.02,14.09,533610
20120605,14.27,14.27,13.72,13.78,892108
20120606,13.84,14.24,13.72,14.23,1294603
20120608,14.27,14.3,14.06,14.19,260198
20120611,14.47,14.54,14.26,14.36,344704
20120612,14.47,14.59,14.42,14.59,340494
20120613,14.57,14.82,14.35,14.52,649334
20120614,14.71,14.82,14.47,14.82,495567
20120615,14.82,14.97,14.67,14.97,780159
20120618,14.75,15.02,14.75,14.94,664144
20120619,14.94,15.17,14.89,15.11,381730
20120620,14.97,15.15,14.61,14.94,830398
20120621,14.78,14.81,14.59,14.59,153331
20120622,14.65,14.66,14.21,14.53,430953
20120625,14.3,14.35,14.03,14.07,584430
20120626,14.31,14.31,13.89,14.01,558439
20120627,14.06,14.49,13.98,14.33,871635
20120628,14.33,14.33,13.92,14.28,685053
20120629,14.56,14.69,14.24,14.59,665596
20120702,14.52,14.59,14.35,14.59,282849
20120703,14.68,14.99,14.59,14.89,924778
20120704,14.81,14.96,14.71,14.89,217074
20120705,14.98,15.01,14.73,14.95,504570
20120706,14.87,14.99,14.48,14.7,699864
20120710,14.7,14.92,14.46,14.6,403801
20120711,14.71,14.71,14.4,14.58,425436
20120712,14.39,14.44,14.16,14.3,392620
20120713,14.36,14.48,14.29,14.42,274282
20120716,14.41,14.42,14.26,14.3,582978
20120717,14.26,14.42,14.21,14.3,724983
20120718,14.26,14.63,14.23,14.58,673728
20120719,14.6,15.13,14.56,14.85,1486702
20120720,14.75,14.83,14.66,14.76,533029
20120723,14.63,14.63,13.84,13.91,1137932
20120724,13.91,14.25,13.89,14.25,1003477
20120725,14.3,14.42,14.14,14.28,420499
20120726,14.52,14.52,14.19,14.36,671114
20120727,14.48,15.18,14.37,15.03,778707
20120730,15.04,15.36,14.88,15.31,913308
20120731,15.24,15.4,14.96,15.3,1200368
20120801,15.18,15.36,14.9,15.34,991716
20120802,15.19,15.29,14.96,15.13,500359
20120803,15.37,15.54,15.33,15.5,763316
20120806,15.52,15.99,15.48,15.99,797293
20120807,15.92,16.32,15.92,15.97,618552
20120808,15.85,16.21,15.82,16.13,591690
20120809,16.13,16.16,15.88,16.07,1621158
20120810,16.1,16.36,15.97,16.36,705381
20120813,16,16.35,16,16.28,254390
20120814,16.31,16.36,16.14,16.17,574846
20120815,16.04,16.35,16.04,16.17,379407
20120816,16.26,16.36,16.17,16.33,889059
20120817,16.38,16.42,16.23,16.42,462026
20120820,16.48,16.52,16.36,16.45,511684
20120821,16.45,16.5,16.14,16.24,719175
20120822,16.24,16.42,16.09,16.42,697395
20120823,16.33,16.36,15.97,16.31,850726
20120824,16.1,16.18,15.97,16.09,571507
20120827,16.08,16.08,15.83,15.95,755766
20120828,16.01,16.15,15.76,16.13,759396
20120829,16.05,16.21,15.89,16.04,865827
20120830,15.91,16.07,15.82,16.07,1056475
20120831,16.16,16.21,15.78,15.83,539272
20120903,15.83,15.96,15.78,15.91,371421
20120904,15.8,15.93,15.66,15.88,528528
20120905,15.92,15.93,15.64,15.86,466382
20120906,15.9,16.14,15.71,15.96,472626
20120910,16.11,16.24,15.84,16.05,368227
20120911,16.02,16.2,16.02,16.07,903289
20120912,16.2,16.35,16.06,16.24,964128
20120913,16.11,16.75,16.05,16.75,807457
20120914,16.72,17.06,16.64,16.73,992732
20120917,16.78,17.07,16.73,16.81,693184
20120918,16.81,16.96,16.57,16.58,425581
20120919,16.72,16.81,16.46,16.69,979809
20120920,16.5,16.65,16.45,16.59,925504
20120921,16.75,17,16.67,16.96,650786
20120924,16.82,16.95,16.62,16.78,935088
20120925,16.6,16.62,15.71,15.8,1208064
20120926,15.78,15.81,15.32,15.63,1267450
20120927,15.65,15.84,15.52,15.79,1484960
20120928,15.62,15.63,15.18,15.61,1017706
20121001,15.54,15.9,15.4,15.79,464640
20121002,15.76,16.01,15.7,15.86,502827
20121003,15.87,15.91,15.36,15.45,400316
20121004,15.51,15.53,15.17,15.53,381295
20121005,15.57,15.68,15.28,15.48,817330
20121008,15.38,15.48,15.19,15.48,441988
20121009,15.42,15.44,14.96,15.01,1102648
20121010,14.98,15.17,14.87,14.98,2112224
20121011,14.96,15.19,14.91,15.15,1938855
20121015,15.53,15.58,15.15,15.25,1752418
20121016,15.33,15.56,15.3,15.56,1413086
20121017,15.56,15.71,15.38,15.71,1207483
20121018,15.67,15.77,15.48,15.71,905176
20121019,15.66,15.71,15.51,15.66,800342
20121022,15.66,15.77,15.39,15.48,908226
20121023,15.5,15.5,15.17,15.32,797583
20121024,15.27,15.48,15.18,15.43,1473489
20121025,15.51,15.75,15.36,15.75,500940
20121026,15.59,15.77,15.51,15.59,2996492
20121029,15.59,15.7,15.42,15.7,223317
20121030,15.58,15.82,15.56,15.82,2007680
20121031,15.83,15.83,15.45,15.64,672856
20121101,15.68,16.24,15.56,16.24,921294
20121105,16.01,16.45,15.89,16.25,1439222
20121106,16.24,16.49,16.17,16.46,727016
20121107,16.28,16.37,15.93,16.1,891092
20121108,16.2,16.27,15.7,15.87,636411
20121109,15.8,15.96,15.65,15.86,805714
20121112,15.68,15.9,15.67,15.69,511684
20121113,15.74,16.07,15.63,16.07,1287488
20121114,15.93,16.08,15.77,15.91,533610
20121116,17.04,17.6,16.74,16.79,10860234
20121119,16.75,17.68,16.75,17.58,2945527
20121121,17.65,17.92,17.45,17.92,4366744
20121122,17.86,18.09,17.76,18.06,1797140
20121123,18.02,18.42,17.82,18.42,2219672
20121126,18.27,18.34,18.01,18.34,2863634
20121127,18.29,18.46,17.95,18.01,7286426
20121128,17.98,17.98,17.35,17.74,5607188
20121129,17.83,18.01,17.44,18.01,5698519
20121130,18.15,19,17.98,19,84405776
20121203,18.94,19.26,18.75,19.12,6711724
20121204,18.98,19.12,18.78,18.94,3491914
20121205,18.98,19.39,18.84,19.25,3001138
20121206,19.25,19.35,18.89,19.04,2868716
20121207,18.98,19.33,18.92,19.21,4867830
20121210,19.04,20.08,19.04,19.67,5534588
20121211,19.56,20.03,19.56,20.03,3059944
20121212,19.87,20.24,19.81,20.22,2838805
20121213,20.13,21.16,20.08,20.68,5631582
20121214,20.91,20.91,19.94,20.39,2020603
20121217,20.39,20.45,20.07,20.13,1306219
20121218,19.93,20.45,19.92,20.36,4201216
20121219,20.51,20.99,20.11,20.99,2533304
20121220,20.82,20.91,20.36,20.48,1453597
20121221,20.38,20.92,20.33,20.92,1102068
20121226,21.04,21.06,20.28,20.28,859293
20121227,20.43,20.57,20.13,20.18,733550
20121228,20.23,20.57,20.12,20.17,1449386
20130102,20.39,21.06,20.39,20.87,1618689
20130103,20.88,22.12,20.82,22.01,3034389
20130104,21.79,21.97,21.41,21.88,1848831
20130107,21.88,21.9,21.42,21.43,1500787
20130108,21.53,21.65,21.23,21.36,1915768
20130109,21.55,21.84,21.42,21.84,1816452
20130110,21.86,21.92,21.53,21.7,3452130
20130111,21.68,21.68,21.36,21.47,972694
20130114,21.5,22.11,21.5,21.86,1505433
20130115,21.82,21.9,21.54,21.54,1380706
20130116,21.38,21.71,21.26,21.71,1750531
20130117,21.7,22.05,21.68,21.86,1748208
20130118,21.93,22.01,21.72,22.01,763171
20130121,21.93,22.11,21.76,21.76,828220
20130122,21.82,22.05,21.61,21.95,807747
20130123,22,22,21.53,21.58,1376060
20130124,21.55,21.77,21.3,21.62,951786
20130128,21.45,21.73,20.86,21.05,3418298
20130129,20.98,21.13,20.34,20.37,5447468
20130130,20.33,20.87,20.17,20.32,5307350
20130131,20.46,21.05,20.39,21.05,2113386
20130201,20.76,21.05,20.69,20.9,1888326
20130204,20.8,20.87,20.47,20.69,1692451
20130205,20.53,21.12,20.36,20.68,1388838
20130206,20.72,20.86,20.24,20.45,1207192
20130207,20.45,20.6,19.97,20.38,7997470
20130208,20.16,20.97,20.03,20.93,3952198
20130213,20.93,21.2,20.93,21.03,3151856
20130214,20.84,21.11,20.77,20.8,3373867
20130215,20.8,21.6,20.78,21.43,5314029
20130218,21.43,21.79,21.28,21.76,1943937
20130219,21.74,21.74,21.36,21.38,2753282
20130220,21.42,21.45,20.91,20.96,1546380
20130221,20.81,21.19,20.67,20.91,3252044
20130222,21.04,21.2,20.87,21.14,3198175
20130225,21.24,21.43,20.99,20.99,1450548
20130226,20.77,20.87,20.36,20.71,3185688
20130227,20.85,20.86,20.27,20.68,1507466
20130228,20.69,21.11,20.65,21,2590948
20130301,20.83,21.37,20.78,21.28,2257424
20130304,21.22,21.57,21.1,21.49,2621876
20130305,21.53,21.76,21.37,21.37,2619988
20130306,21.47,21.6,21.27,21.45,1542895
20130307,21.53,21.8,21.29,21.71,1834311
20130308,21.53,21.95,21.53,21.77,1780006
20130311,21.76,22.02,21.47,21.67,1651359
20130312,21.83,21.95,21.55,21.74,3153453
20130313,21.74,22.18,21.73,22.11,3747612
20130314,22.17,22.28,21.77,22.28,3304171
20130315,22.35,22.76,22.05,22.76,11332860
20130318,22.55,22.64,21.78,21.88,2616068
20130319,22.04,22.25,21.72,21.8,1736156
20130320,21.77,22.07,21.73,21.95,828656
20130321,22.07,22.07,21.63,21.95,1880194
20130322,22.07,22.25,21.67,21.72,1050086
20130325,22.02,22.02,21.52,21.68,1188607
20130326,21.59,22.15,21.59,21.9,1581624
20130327,22,22.3,21.89,22.3,5443416
20130328,22.26,23.1,22.26,23.1,1537140
20130401,23.08,23.2,22.62,22.7,812592
20130402,22.85,22.88,22.52,22.66,1837968
20130403,22.5,23.31,22.49,23.31,1589940
20130404,23.24,23.31,22.79,22.87,2467080
20130405,22.84,22.88,22.22,22.53,2489256
20130408,22.57,22.79,22.2,22.35,1539120
20130409,22.47,23.27,22.47,22.85,1710984
20130410,23.05,23.64,22.87,23.25,2296140
20130411,23.49,23.6,23.06,23.45,2003364
20130412,23.44,23.63,23.21,23.32,1215852
20130415,23.12,23.49,22.99,22.99,1373724
20130416,23.58,23.58,23.17,23.48,1992672
20130417,22.81,22.98,21.9,22.16,3790512
20130418,22.23,22.57,21.86,21.9,1783056
20130419,22,22.18,21.67,22.09,1458468
20130422,22.32,22.32,21.92,22.13,1487508
20130423,22,22.59,22,22.5,5027616
20130424,22.4,22.78,22.37,22.37,1337820
20130425,22.45,22.68,22.28,22.47,1894992
20130426,22.49,22.68,21.93,21.94,2266704
20130429,22.18,22.28,21.9,22.06,1614360
20130430,21.97,22.74,21.9,22.74,3033096
20130502,22.64,23.02,22.46,22.8,1453320
20130503,22.97,23.09,22.53,22.58,6159912
20130506,22.55,22.59,21.86,22.03,3293796
20130507,22.01,22.66,21.96,22.48,1165428
20130508,22.51,22.97,22.51,22.83,814968
20130509,22.83,23.02,22.32,22.49,1337688
20130510,22.43,22.6,22.06,22.36,1222584
20130513,22.24,22.35,21.87,22.07,1278420
20130514,22.07,22.33,21.94,22.06,1031448
20130515,22.04,22.66,22.04,22.24,615648
20130516,22.2,22.78,22.2,22.59,1224036
20130517,22.77,22.91,22.58,22.79,521928
20130520,22.62,23.39,22.62,23.21,817344
20130521,23.21,23.45,22.98,23.32,650892
20130522,23.33,23.69,23.2,23.6,1022076
20130523,23.39,23.44,22.88,22.97,1571460
20130524,22.97,23.12,22.63,22.81,958452
20130527,22.85,22.97,22.66,22.66,367356
20130528,22.84,23.22,22.84,23.02,1262844
20130529,22.85,23.1,22.68,22.83,1505196
20130531,22.62,23.59,22.62,23.45,4392696
20130603,23.28,23.44,22.77,22.99,2668512
20130604,22.95,23.08,22.55,22.65,1194732
20130605,22.87,22.87,21.94,21.94,1957692
20130606,22.1,22.17,21.68,21.89,1043856
20130607,21.38,22.33,21.38,21.65,1019964
20130610,21.55,22.19,21.53,21.82,1530936
20130611,21.77,21.77,21.09,21.09,2180640
20130612,21.23,21.4,20.91,21.16,2942940
20130613,21.16,21.45,20.87,20.94,2171928
20130614,20.99,21.16,20.48,20.48,1677720
20130617,20.65,21.1,20.62,20.72,1419000
20130618,20.58,20.86,20.46,20.59,1505856
20130619,20.59,20.74,19.97,19.99,1199484
20130620,19.66,20.37,19.32,20.16,3156516
20130621,20.08,20.49,19.81,20.16,3540504
20130624,19.83,20.12,19.36,19.59,2787312
20130625,19.78,20.01,19.46,19.72,6802620
20130626,19.83,20.33,19.66,19.84,1002144
20130627,19.87,20.27,19.84,19.93,1682208
20130628,19.89,20.37,19.74,20.24,3580500
20130701,20.34,20.5,20.06,20.37,1881396
20130702,20.41,20.41,19.52,19.72,3896112
20130703,19.52,20.13,19.39,19.66,4362204
20130704,19.96,20.14,19.72,19.72,1944228
20130705,19.33,19.71,18.69,19.02,2596176
20130708,19.03,19.38,18.74,18.89,1368180
20130710,18.97,19.51,18.97,19.06,1808268
20130711,19.39,20.16,19.39,20.01,2520804
20130712,19.89,20.29,19.87,20.07,1724052
20130715,20.22,21.16,20.05,21.08,3258684
20130716,21.28,21.41,20.9,21.18,3341184
20130717,21.28,22.27,21.27,21.77,5678376
20130718,21.58,22.25,21.08,21.08,6204396
20130719,21,21.18,20.36,20.55,4854432
20130722,20.42,21.61,20.09,21.26,6449520
20130723,21.54,21.73,21.31,21.52,1496220
20130724,21.39,21.52,20.78,21.18,1667424
20130725,21.14,21.35,20.88,21.14,1789524
20130726,21.01,21.15,20.47,20.56,1470348
20130729,20.48,20.86,20.46,20.75,1304556
20130730,20.94,21.32,20.65,20.71,1761672
20130731,20.45,20.81,20.36,20.45,1826616
20130801,20.65,21.11,20.6,20.81,1113024
20130802,20.72,21.1,20.41,20.49,1087680
20130805,20.47,20.61,19.92,20.12,1954656
20130806,20.31,20.31,19.47,19.51,1622280
20130807,19.42,19.89,19.4,19.61,1111308
20130808,19.61,20.49,19.61,20.25,1262052
20130809,20.45,20.74,20,20.39,1235784
20130812,20.59,21.16,20.49,20.78,1603932
20130813,20.92,21.32,20.87,21.32,1255452
20130814,21.39,21.39,20.93,21.09,2317260
20130815,20.82,21.22,20.54,20.76,1610400
20130816,20.76,21.12,20.56,20.9,1060224
20130819,20.8,21.11,20.63,20.99,1772628
20130820,20.99,20.99,20.47,20.65,1208196
20130821,20.49,20.69,20.24,20.31,1893804
20130822,20.51,20.65,20.19,20.33,1474176
20130823,20.32,20.99,20.32,20.92,969672
20130826,20.88,21.08,20.6,20.6,922944
20130827,20.38,20.52,20.06,20.1,1416492
20130828,20.29,20.33,19.87,19.9,874896
20130829,19.92,20.47,19.92,20.2,976800
20130830,20.37,20.92,20.2,20.92,7939008
20130902,21.12,21.45,20.92,20.92,1632048
20130903,21.13,21.17,20.54,20.54,2751540
20130904,20.53,20.98,20.47,20.97,2061048
20130905,20.8,21.19,20.78,21.12,3683196
20130906,21.27,21.83,21.2,21.63,2939376
20130909,21.73,22.59,21.67,22.55,3800412
20130910,22.6,23.04,22.55,22.86,5746224
20130911,22.75,22.98,22.73,22.98,3573108
20130912,22.96,22.98,22.54,22.57,2997456
20130913,22.79,22.86,22.37,22.82,1199220
20130916,22.91,23.08,22.77,22.83,1045440
20130917,22.83,23.16,22.79,23.14,1858164
20130918,23.14,24.24,23.06,23.92,2084148
20130919,23.79,23.98,23.46,23.77,2526084
20130920,23.6,23.89,23.28,23.28,2221164
20130923,23.52,23.69,23.28,23.51,1506120
20130924,23.59,23.66,23.27,23.49,1581096
20130925,23.33,23.74,23.2,23.33,1716924
20130926,23.33,23.54,23.18,23.33,1672440
20130927,23.33,24.05,23.26,23.79,2384844
20130930,23.61,23.72,22.85,22.85,2267100
20131001,23.28,23.35,22.73,23.19,1236048
20131002,23.08,23.55,23.08,23.37,986040
20131003,23.2,23.5,23.04,23.37,1470216
20131004,23.19,23.58,23.19,23.39,861300
20131007,23.4,23.63,23.21,23.43,675576
20131008,23.49,23.57,23.17,23.3,1639176
20131009,23.45,24,23.37,23.73,1229712
20131010,23.86,24.13,23.71,24.04,1350228
20131011,23.94,24.2,23.83,23.84,949080
20131014,23.9,24.48,23.67,24.34,1113816
20131015,24.34,24.46,24.11,24.3,1938948
20131016,24.42,24.73,23.37,24.33,3017256
20131017,24.3,24.69,24.3,24.4,1538328
20131018,24.38,24.77,24.37,24.52,1598124
20131021,24.53,24.61,23.89,24.01,1191960
20131022,24.2,24.57,24.07,24.43,1079892
20131023,24.31,24.44,23.85,23.85,1294524
20131024,24.06,24.06,23.49,23.61,1369236
20131025,23.73,23.83,23.43,23.58,1345740
20131028,23.59,23.82,23.46,23.57,1288056
20131029,23.83,23.99,23.62,23.83,1893276
20131030,23.84,24.11,23.57,23.79,1287660
20131031,23.63,23.99,23.41,23.81,1916112
20131101,23.93,23.93,23.41,23.42,1602084
20131104,23.51,24.22,23.51,24.1,1525788
20131105,24.2,24.22,23.74,23.92,1190112
20131106,23.72,23.94,23.36,23.38,2914428
20131107,23.33,23.54,22.74,23,2305644
20131108,22.83,23.1,22.33,22.52,2956668
20131111,22.54,22.79,22.42,22.44,1293996
20131112,22.53,22.91,22.11,22.25,1784904
20131113,22.19,22.7,22.15,22.47,1500972
20131114,22.51,23.28,22.51,23.15,1476288
20131118,22.88,23.43,22.88,23.22,1300860
20131119,23.05,23.17,22.31,22.46,1491600
20131121,22.12,22.52,22.12,22.38,1328976
20131122,22.21,22.62,21.83,22.15,1610664
20131125,22.13,22.4,21.76,21.95,1254264
20131126,21.76,22.72,21.76,22.55,4382004
20131127,22.41,22.92,22.35,22.73,2008776
20131128,23.14,23.14,22.49,22.66,571164
20131129,22.68,23.03,22.68,22.76,943932
20131202,22.38,23.09,22.27,22.27,1184964
20131203,22.04,22.37,21.7,21.73,1503612
20131204,21.91,22.11,21.43,21.44,1574628
20131205,21.47,21.71,21.3,21.4,1503876
20131206,21.43,21.74,21.14,21.19,1438272
20131209,21.5,21.51,21.12,21.12,1364748
20131210,21.01,21.36,20.88,20.88,1831632
20131211,20.98,21.05,20.49,20.53,1368972
20131212,20.59,20.65,20.17,20.51,1801536
20131213,20.61,20.94,20.57,20.59,1878888
20131216,20.59,21.06,20.59,20.64,1509948
20131217,20.74,20.91,20.63,20.77,2362800
20131218,20.92,21,20.59,20.71,3625248
20131219,20.78,21.14,20.67,21.02,3539580
20131220,21.1,21.2,20.8,20.88,9550596
20131223,20.86,21.19,20.77,20.81,1835064
20131226,20.81,21.05,20.81,20.81,449328
20131227,20.89,21.22,20.89,20.99,711612
20131230,21.15,21.52,21.11,21.42,1299540
20140102,21.29,21.5,21.13,21.28,1242780
20140103,21.17,21.24,20.6,20.7,4844664
20140106,20.66,20.99,20.66,20.93,1582020
20140107,20.8,21.13,20.54,20.54,1330032
20140108,20.56,20.8,20.36,20.48,845724
20140109,20.39,20.5,19.83,19.85,1283436
20140110,19.81,20.4,19.79,20.16,1514172
20140113,20.13,20.43,19.79,19.86,1067220
20140114,19.88,20.11,19.76,20.01,908424
20140115,20.17,20.32,20,20.15,840444
20140116,20.36,20.4,19.81,19.91,1568292
20140117,19.99,19.99,19.59,19.6,1263504
20140120,19.6,19.76,19.41,19.41,562320
20140121,19.54,19.99,19.46,19.78,1801404
20140122,19.72,20.13,19.69,20.01,1374120
20140123,19.83,20.29,19.42,19.42,2312112
20140124,19.55,19.55,19.03,19.18,1506120
20140127,19.18,19.46,19.09,19.19,1517076
20140128,19.57,19.67,19.25,19.25,1244364
20140129,19.08,19.23,18.76,18.99,2042832
20140130,18.87,19.26,18.74,18.99,1989636
20140131,18.79,19.33,18.71,19.25,1788864
20140203,19.14,19.14,18.2,18.35,1746888
20140204,18.5,19.13,18.5,18.96,1630992
20140205,18.77,19.07,18.45,18.67,1336104
20140206,18.87,19.32,18.63,19.23,1651320
20140207,19.07,19.58,19.05,19.44,1368972
20140210,19.24,19.47,19.04,19.13,2083620
20140211,19.25,19.6,18.94,19.54,1603140
20140212,19.64,19.64,19.18,19.2,1316568
20140213,19.25,19.31,18.74,19.23,1361712
20140214,19.39,19.58,19.18,19.48,949476
20140217,19.33,19.58,19.26,19.32,561792
20140218,19.16,19.4,18.97,19.01,1206612
20140219,18.87,19.37,18.68,19.37,1675608
20140220,19.25,19.68,19.07,19.24,1334520
20140221,19.18,19.89,19.18,19.81,1421112
20140224,19.68,20.2,19.67,19.9,1097052
20140225,19.71,19.84,19.2,19.2,2048640
20140226,19.33,19.58,18.97,19.23,1078044
20140227,19.43,20.03,19.27,19.74,1371744
20140228,19.89,20.12,19.65,19.7,1970760
20140305,19.65,19.66,19.18,19.3,1157640
20140306,19.3,20.08,19.18,20.05,1382964
20140307,19.86,20.15,19.55,19.76,1300068
20140310,19.61,19.68,19.09,19.36,2016696
20140311,19.41,19.58,19.08,19.28,1260204
20140312,19.09,19.41,19.09,19.35,1619112
20140313,19.55,19.55,18.91,19.04,999636
20140314,18.94,19.31,18.82,18.85,1380060
20140317,18.89,19.3,18.89,19.15,1122924
20140318,19.28,19.68,19.08,19.58,1070124
20140319,19.45,19.86,19.43,19.85,1023132
20140320,19.66,20.49,19.66,20.26,1259412
20140321,19.97,20.32,19.89,19.89,1990164
20140324,19.89,20.94,19.89,20.63,1305480
20140325,20.84,21.08,20.54,20.73,863676
20140326,20.93,21.37,20.79,21.34,1401444
20140327,21.34,22.59,21.29,22.59,4221888
20140328,22.73,23,22.44,22.47,1184568
20140331,22.69,22.81,22.35,22.73,1296372
20140401,22.73,22.87,22.44,22.84,893640
20140402,22.8,23.69,22.73,23.69,1509024
20140403,23.47,23.77,22.92,23.15,2016696
20140404,23.47,23.54,22.42,22.42,3522024
20140407,22.75,23.71,22.67,23.7,1952148
20140408,24.35,25.03,22.88,22.98,6660456
20140409,22.88,23.15,22.58,22.69,2176944
20140410,22.61,23.05,22.38,22.72,9724176
20140411,22.56,23.39,22.46,23.28,2306700
20140414,23.47,23.47,22.75,23.05,1022076
20140415,22.79,23,22,22.67,1914528
20140416,22.88,23.16,22.67,22.91,1297032
20140417,22.94,23.57,22.55,23.57,794772
20140422,23.57,23.68,23.13,23.46,918192
20140423,23.34,23.44,23.1,23.21,614988
20140424,23.28,23.67,23.25,23.67,7434372
20140425,23.45,23.64,23.19,23.49,523776
20140428,23.27,23.59,23.15,23.5,812856
20140429,23.66,24.45,23.53,23.73,1244232
20140430,23.4,23.56,23.03,23.18,1090584
20140502,23.05,24.18,23.01,23.81,1743324
20140505,24.05,24.34,23.83,24.21,868032
20140506,24.36,24.6,23.76,24.34,1259940
20140507,24.57,24.74,24.1,24.58,1258488
20140508,24.55,24.71,24.01,24.22,1241460
20140509,24.22,24.36,23.9,23.93,512688
20140512,24.09,24.38,23.98,23.99,1318284
20140513,23.9,24.17,23.65,23.98,2563176
20140514,24.09,24.49,23.89,24.49,1058508
20140515,24.23,24.37,23.84,24.16,793320
20140516,23.97,24.51,23.97,24.31,2107644
20140519,24.51,24.51,23.94,24.15,679140
20140520,24.27,24.28,23.55,23.7,4382004
20140521,23.85,23.93,23.23,23.29,4307952
20140522,23.02,23.43,22.75,23.23,2265384
20140523,23.31,23.38,22.69,22.94,898392
20140526,22.95,23.03,22.65,22.85,503976
20140527,22.78,23.33,22.29,22.43,854700
20140528,22.41,22.92,22.28,22.49,1600764
20140529,22.59,22.66,21.99,22.18,1459128
20140530,21.97,22.13,21.64,21.64,2025408
20140602,21.82,22.07,21.72,21.81,788172
20140603,21.68,21.86,21.57,21.85,1217436
20140604,21.95,21.95,21.53,21.61,1259940
20140605,21.63,21.95,21.35,21.41,593736
20140606,22.68,22.68,22.18,22.64,1807872
20140609,22.52,23.21,22.49,23,1485000
20140610,22.98,23.43,22.81,23.27,1300728
20140611,23.76,23.84,23.15,23.67,2713392
20140613,23.43,23.73,23.38,23.49,901824
20140616,23.34,23.61,23.17,23.36,1680228
20140617,23.34,23.4,22.97,23.11,789492
20140618,23.17,23.86,22.81,23.85,1277892
20140620,23.75,23.86,23.28,23.55,853776
20140623,23.51,23.51,22.99,23.17,598356
20140624,23.02,23.76,23.02,23.68,1575684
20140625,23.61,23.71,22.63,22.66,943932
20140626,22.8,22.94,22.57,22.71,982476
20140627,22.63,22.86,22.22,22.41,508068
20140630,22.46,22.46,21.93,21.96,1710060
20140701,22.05,22.43,21.9,22.08,741840
20140702,22.02,22.19,21.69,22,926244
20140703,21.69,22.62,21.69,22.62,818796
20140704,22.56,22.58,22.24,22.43,265188
20140707,22.26,22.49,22.01,22.44,559548
20140708,22.35,22.48,22.19,22.36,710688
20140710,22.62,23.3,22.47,23.3,1540572
20140711,23.13,23.41,23.01,23.33,768372
20140714,23.66,24.42,23.56,24.28,1559316
20140715,24.22,24.35,24.07,24.2,1969572
20140716,24.37,24.44,23.39,23.72,1186548
20140717,23.71,24.43,23.51,23.9,1391544
20140718,24.71,25.19,24.68,24.88,1943304
20140721,24.91,25.11,24.75,24.88,1119228
20140722,24.93,25.08,24.6,24.87,1052172
20140723,24.61,24.82,24.13,24.79,669108
20140724,25.02,25.02,24.56,24.78,811272
20140725,24.74,24.89,24.53,24.72,345708
20140728,24.88,24.92,24.35,24.71,778668
20140729,24.7,25.11,24.29,24.44,973500
20140730,24.41,24.7,24.03,24.05,1281456
20140731,23.86,24.16,23.72,24.12,1633764
20140801,23.95,24.44,23.75,24.18,1441968
20140804,24.2,24.59,23.94,24.59,1189452
20140805,24.42,24.91,24.27,24.29,1707948
20140806,24.35,24.82,24.02,24.34,1097184
20140807,24.63,24.63,23.92,24.04,500412
20140808,23.82,24.05,23.6,23.86,1344420
20140811,24.07,24.7,23.91,24.7,2442792
20140812,24.76,24.76,24.27,24.69,769164
20140813,24.79,25.05,23.93,24.59,2308152
20140814,24.32,25.07,24.32,25.07,1235652
20140815,25.17,25.47,24.95,25.21,1791108
20140818,25.53,25.53,25.17,25.23,1110648
20140819,25.23,26.23,25.07,26.23,2035836
20140820,26.09,26.23,25.79,26.09,4214232
20140821,26.08,26.51,25.99,26.33,1717056
20140822,26.14,26.35,25.91,26.05,907104
20140825,26.33,26.73,26.13,26.6,1373196
20140826,26.76,26.78,26.35,26.35,2178924
20140827,26.55,27.28,26.54,27.18,2649108
20140828,26.93,27.31,26.93,27.29,1788996
20140829,27.42,27.86,27.12,27.29,3283896
20140901,27.71,27.95,27.28,27.28,1249116
20140902,27.29,28.13,26.97,27.93,1625712
20140903,28.17,28.18,26.96,27.62,1591260
20140904,27.26,27.6,26.8,26.96,1461636
20140905,26.94,27.3,26.72,27.19,689568
20140908,27.58,27.67,26.3,26.3,1801536
20140909,26.04,26.68,25.97,26.31,1856976
20140910,26.05,26.12,25.57,25.99,1491996
20140911,26.06,26.27,25.84,26,817872
20140912,25.54,25.74,25.09,25.19,3814008
20140915,25.24,26.06,25.01,26.06,741180
20140916,26.06,27.26,26.06,26.51,2468268
20140917,26.84,27.06,26.3,26.45,1443024
20140918,26.15,26.3,25.69,25.91,1646436
20140919,25.67,26.02,25.43,25.69,1720620
20140922,25.05,25.7,25.02,25.59,1350624
20140923,25.4,25.97,25.11,25.37,1026432
20140924,25.05,25.82,24.9,25.63,1207404
20140925,25.35,25.43,25,25,1255452
20140926,25.03,26.11,24.99,26,672936
20140929,23.91,24.96,23.88,24.19,2473416
20140930,23.84,24.31,23.2,23.88,2171928
20141001,23.45,23.63,22.91,23.1,2317128
20141002,23.04,23.94,22.95,23.54,1480776
20141003,23.62,24.17,23.49,23.96,980628
20141006,26.62,27.15,25.45,25.81,3126024
20141007,26.38,26.58,25.49,25.67,1822788
20141008,26.11,26.11,24.67,25.05,2690028
20141009,25.59,25.89,25,25.46,1985280
20141010,25.13,25.3,24.45,24.45,933504
20141013,25.31,26.41,25.19,26.06,2739528
20141014,26.03,26.21,25.54,26.07,2527008
20141015,25.37,25.43,24.16,24.84,2915088
20141016,23.99,24.72,23.69,23.98,1908588
20141017,24.33,25,24.14,25,1703592
20141020,24.71,24.83,24.2,24.39,1911228
20141021,22.7,23.52,22.59,23.15,3858492
20141022,23,23.74,22.76,23.16,1329240
20141023,22.86,22.95,22.19,22.19,3809784
20141024,22.25,23.45,22.05,22.45,2011416
20141027,20.27,21.95,20.19,21.45,5026428
20141028,21.92,23,21.92,22.7,2465628
20141029,22.63,23.02,21.94,22.04,1802460
20141030,22.86,23.84,22.57,23.75,2275812
20141031,23.93,24.9,23.57,24.9,1599312
20141103,24.36,24.57,23.63,24.29,1213872
20141104,24.17,24.78,23.91,24.78,1090056
20141105,24.34,24.87,24.09,24.17,847440
20141106,23.9,24.02,23.45,23.74,1080024
20141107,23.49,24.23,23.33,23.9,824868
20141110,24.22,24.55,23.87,23.87,552684
20141111,23.6,24.18,23.6,24.15,556248
20141112,24.15,24.9,23.86,23.9,839520
20141113,23.97,24.25,23.27,23.27,1098372
20141114,23.28,23.63,22.64,23.59,1624920
20141117,23.46,23.83,22.91,23.01,879912
20141118,23.1,24.1,22.92,24.1,1100880
20141119,24.22,25.01,23.93,25.01,2123484
20141121,25.08,27.1,25.02,26.65,4386756
20141124,27.18,27.23,26,26.28,2001780
20141125,26.57,27.02,25.9,27.02,3588024
20141126,27,27.02,26.2,26.31,1621752
20141127,26.35,26.8,25.69,25.9,610368
20141128,26.02,26.5,25.99,26.06,1211496
20141201,25.75,25.88,24.58,24.96,2356860
20141202,25.15,25.31,24.09,24.53,1122528
20141203,24.84,24.98,24.57,24.9,512556
20141204,25,25.1,24.25,24.33,1297692
20141205,24.33,24.71,24.05,24.53,1565124
20141208,24.51,24.53,23.39,23.74,1334784
20141209,23.44,24.1,23.21,23.78,1690920
20141210,23.6,23.91,23.25,23.51,1118964
20141211,23.67,24.12,23.32,23.97,1780416
20141212,23.58,24.17,22.65,22.65,1736064
20141215,22.96,23.34,21.95,22.22,2131668
20141216,21.47,22.49,21.47,22.2,1891032
20141217,22.55,24.01,22.35,23.47,3158100
20141218,23.54,24.23,23.06,23.24,1449096
20141219,23.51,23.91,23.34,23.67,1090188
20141222,23.67,24.21,23.15,24.07,1417812
20141223,23.81,24.31,23.5,24.31,666468
20141226,24.15,24.51,23.62,23.94,333696
20141229,23.89,24.37,23.65,24.13,464640
20141230,24.26,24.33,23.79,23.79,1416888
20150102,23.33,24.36,23.33,23.7,2315808
20150105,23.21,23.92,23.03,23.4,2035836
20150106,23.44,24.03,23.21,24.03,1287792
20150107,24.19,25.31,23.84,25.09,1317888
20150108,24.97,25.44,24.62,25.14,619344
20150109,25.1,25.21,23.99,24.26,933768
20150112,23.98,24.34,23.64,23.85,3937032
20150113,23.78,24.46,23.61,23.61,1001880
20150114,23.51,24.45,23.37,23.89,893640
20150115,23.89,24.64,23.71,23.71,1210968
20150116,23.69,24.12,23.6,23.78,1001616
20150119,23.47,23.92,22.91,23.15,765600
20150120,23.61,23.65,22.97,22.97,681780
20150121,23.23,24.16,22.97,24.03,1205556
20150122,24.44,24.82,23.78,23.97,1156452
20150123,23.64,24.14,23.49,23.74,711084
20150126,23.3,24.1,23.3,24.01,1147080
20150127,23.59,24.27,23.35,24.27,1700424
20150128,23.89,24.32,23.55,23.55,933636
20150129,23.75,24.1,23.15,23.55,1748868
20150130,22.93,23.33,22.8,23.23,2197800
20150202,23.58,23.86,22.9,23.82,975084
20150203,24.56,24.56,24.07,24.21,1191696
20150204,24.42,24.88,23.99,24.49,1203444
20150205,24.21,24.61,24.16,24.38,984060
20150206,24.09,24.5,23.79,24.42,883740
20150209,24.41,24.47,24.16,24.39,2113320
20150210,24.21,24.64,24.02,24.02,1160412
20150211,23.86,24.13,23.54,23.73,1126224
20150212,24.02,24.77,24.02,24.77,1126224
20150213,24.47,25.31,24.35,25.12,967032
20150218,25.7,25.85,25.08,25.4,1815264
20150219,25.37,25.81,25.12,25.36,378048
20150220,25.49,25.49,25.01,25.24,533544
20150223,24.91,25.69,24.88,25.5,560604
20150224,25.7,25.91,25.27,25.91,822360
20150225,25.56,26.32,25.43,26.32,760188
20150226,26.46,26.46,25.74,25.99,903936
20150227,26.12,26.94,25.94,26.01,1788468
20150302,26,26.23,25.22,25.45,1388904
20150303,25.56,25.59,25.2,25.51,668448
20150304,25.09,25.59,25.09,25.28,1231164
20150305,25.41,25.54,24.92,25.09,672540
20150306,25.07,25.24,24.5,24.77,1208064
20150309,24.47,24.55,24.25,24.45,2023692
20150310,23.86,24.53,23.86,23.94,2209944
20150311,24.19,24.56,23.97,24.43,1369896
20150312,24.98,25,23.69,23.87,1146816
20150313,23.18,23.83,23.18,23.6,1137444
20150316,23.62,23.99,23.62,23.76,866580
20150317,23.9,25.02,23.79,24.81,2225124
20150318,24.87,26.15,24.56,26.06,1520376
20150319,26.02,26.02,25.21,25.58,503976
20150320,26.03,26.34,25.77,25.9,2331252
20150323,25.78,26.33,25.78,25.83,582120
20150324,25.86,26.32,25.44,25.77,672804
20150325,25.99,26.05,25.56,25.78,1339668
20150326,25.58,25.74,24.88,25.14,1379928
20150327,25,25.25,24.08,24.2,2768040
20150330,24.36,24.78,24.08,24.64,1386000
20150331,24.38,25.43,24.38,25.2,1617770
20150401,25.55,26.41,25.44,26.05,1446060
20150402,26.12,26.77,26.12,26.61,1164680
20150406,27.11,27.11,26.34,26.63,1134320
20150407,26.57,26.84,26.27,26.45,638000
20150408,26.88,27.08,26.65,26.66,1340900
20150409,26.45,26.66,25.82,26.1,1058090
20150410,25.84,26.45,25.8,26.31,791010
20150413,26.25,26.66,25.99,26.27,990330
20150414,26.56,26.56,25.77,26,1564530
20150415,26.19,26.2,25.77,26.1,1790910
20150416,26.09,26.09,25.74,26.07,854700
20150417,25.73,25.92,25.29,25.33,886710
20150420,25.38,25.6,24.83,25.22,626670
20150422,25.34,25.94,25.17,25.81,976250
20150423,25.68,26.06,25.39,25.9,2525820
20150424,26.03,26.3,25.77,25.81,2098690
20150427,25.8,26.14,25.54,25.55,1540110
20150428,26.01,26.01,25.09,25.3,3347630
20150429,25.47,25.47,24.77,25.17,2082740
20150430,24.93,25.45,24.78,25.13,1610510
20150504,25.23,25.76,24.97,24.97,2185700
20150505,24.97,25.47,24.7,25.33,988130
20150506,25.04,25.48,24.59,24.95,1412400
20150507,24.73,25.04,24.6,25.04,905190
20150508,25.36,25.36,24.65,24.79,695200
20150511,25.02,25.07,24.61,24.73,1206040
20150512,24.59,24.85,24.33,24.51,653620
20150513,24.36,24.58,24.02,24.17,778030
20150514,24.28,24.78,24.11,24.78,1009800
20150515,24.82,24.99,24.52,24.96,867900
20150518,24.96,24.98,24.24,24.48,1314720
20150519,24.32,24.54,23.87,24.54,1205930
20150520,24.42,24.46,24.05,24.11,1696640
20150521,23.98,23.99,23.46,23.6,1486870
20150522,23.44,23.53,22.73,22.83,1584330
20150525,22.97,23.24,22.77,23.05,492470
20150526,22.99,22.99,22.24,22.5,1555070
20150527,22.45,23.05,22.19,22.94,1694880
20150528,22.76,22.84,22.26,22.75,945120
20150529,22.6,22.76,21.93,21.93,3088580
20150601,21.93,22.3,21.66,22.26,2164030
20150602,22.43,22.7,22.29,22.7,1416250
20150603,22.61,22.61,21.98,21.98,1735800
20150605,21.67,22.02,21.57,21.71,2828540
20150608,21.71,22.03,21.71,21.77,1083280
20150609,21.77,21.87,21.59,21.87,2449480
20150610,22.2,22.6,22.17,22.4,1367410
20150611,22.56,22.75,22.24,22.35,1517120
20150612,22.11,22.35,22.03,22.25,1522950
20150615,22.09,22.4,21.72,22.39,1397110
20150616,22.55,22.86,22.41,22.74,1352450
20150617,22.7,22.99,22.43,22.76,2404050
20150618,22.91,23.39,22.53,23.27,1303830
20150619,23.01,23.19,22.73,22.86,1272370
20150622,23.06,23.5,22.99,23.19,1576410
20150623,23.39,23.66,23.13,23.13,1115950
20150624,23.09,23.45,22.99,23.45,1674420
20150625,23.45,23.58,22.9,23.34,2219470
20150626,23.34,24.11,23.34,23.77,1464210
20150629,23.51,23.68,23.18,23.38,868890
20150630,23.39,23.64,23.22,23.58,1638010
20150701,23.45,23.79,23.32,23.43,1052480
20150702,23.74,23.83,23.34,23.44,1190860
20150703,23.32,23.58,23.2,23.51,750420
20150706,23.24,23.51,22.61,23.05,1941280
20150707,22.89,23.25,22.55,23.09,2854500
20150708,22.91,23.18,22.73,22.76,2241910
20150710,23.15,23.46,22.95,23.32,1045660
20150713,23.48,23.81,23.32,23.58,1846790
20150714,23.47,24.12,23.47,23.88,1006500
20150715,23.87,24.04,23.58,24.01,1711820
20150716,24.17,24.4,23.61,23.72,715330
20150717,23.76,24.01,23.38,23.53,717090
20150720,23.42,23.59,23.25,23.36,712140
20150721,23.36,23.47,22.98,23.26,885830
20150722,23.09,23.43,22.77,23.2,1289640
20150723,23.04,23.14,22.07,22.16,2223540
20150724,22,22.45,21.53,22.19,1331440
20150727,22.15,22.58,22.06,22.27,907170
20150728,22.58,22.92,22.1,22.67,1457500
20150729,22.47,23.26,22.47,23.26,1674860
20150730,23.42,23.46,22.65,22.96,1315710
20150731,22.81,23.38,22.81,23.32,1546820
20150803,22.64,23.1,22.44,23.1,1878140
20150804,23.12,23.15,22.6,22.87,2695000
20150805,23.03,23.12,22.63,22.98,1534940
20150806,22.82,23.23,22.63,22.9,2477420
20150807,22.61,22.78,22.12,22.31,2751320
20150810,22.33,22.64,22.26,22.48,961840
20150811,22.48,22.62,22.05,22.49,1804880
20150812,22.31,22.31,21.59,21.89,2298890
20150813,21.93,21.93,21.41,21.59,2068550
20150814,21.49,21.82,21.34,21.43,4549380
20150817,21.26,21.63,21.04,21.04,1305370
20150818,20.96,22.04,20.69,21.52,2833710
20150819,21.19,21.33,20.74,21.09,2320120
20150820,20.8,21.5,20.67,21.26,2812370
20150821,21.12,21.34,20.74,20.75,1757910
20150824,19.82,21,19.43,20.66,3372820
20150825,21.3,21.63,20.75,20.82,2179430
20150826,20.96,22.09,20.67,21.93,1993640
20150827,22.26,23.19,22,22.78,3451800
20150828,22.69,22.78,22.1,22.28,3982000
20150831,21.71,21.71,21.09,21.23,4130500
20150901,20.43,20.86,20.43,20.58,2273810
20150902,20.68,21.16,20.55,20.99,1826660
20150903,21.2,21.57,20.77,21.48,3256880
20150904,21.06,21.28,20.55,20.59,3211230
20150908,20.92,21.16,20.66,20.95,1430110
20150909,21.13,21.65,21.04,21.05,1965150
20150910,20.24,21.04,20.11,20.68,2163810
20150911,20.68,20.9,20.33,20.72,4103110
20150914,20.84,21.84,20.63,21.8,1678490
20150915,21.75,22.19,21.55,22.19,1553420
20150916,22.19,22.83,22.19,22.81,2396570
20150917,22.5,23.28,22.23,22.67,1527130
20150918,22.43,22.45,21.35,21.64,2648910
20150921,21.64,21.64,20.89,21.24,2466200
20150922,20.73,21.47,20.33,21.19,1606770
20150923,21.15,21.27,20.39,20.51,2409440
20150924,19.61,20.99,19.28,20.66,1839200
20150925,20.91,21.2,20.08,20.22,1858890
20150928,19.93,20.12,19.51,19.62,1148620
20150929,19.62,20.06,19.58,19.75,2281070
20150930,20.28,20.53,19.67,19.94,2793120
20151001,20.08,20.53,19.89,20.27,1784750
20151002,20.12,21.33,20.09,21.12,1828090
20151005,21.5,22.28,21.45,21.61,1581580
20151006,21.67,22.01,21.39,21.88,1937980
20151007,22.21,23.12,22.11,22.64,1788050
20151008,22.59,22.97,22.37,22.68,2406580
20151009,23.23,23.23,22.08,22.51,2150060
20151013,22.27,22.27,21.01,21.25,1747240
20151014,20.94,21.66,20.94,21.29,5098720
20151015,21.29,21.52,20.78,21.14,1556940
20151016,21.16,21.29,20.74,20.9,2368410
20151019,20.85,21.27,20.84,20.84,2198240
20151020,20.84,21.08,20.19,20.5,1832050
20151021,20.47,20.65,20.13,20.35,1695320
20151022,20.49,20.85,20.37,20.59,1617770
20151023,21.16,21.24,20.27,20.28,1795640
20151026,20.33,20.56,20.04,20.35,1682560
20151027,20.34,20.49,20.11,20.34,1783650
20151028,20.24,21.18,20.19,20.65,2501180
20151029,20.17,20.59,19.76,19.85,1793110
20151030,19.94,20.12,19.76,19.8,1527240
20151103,20.1,21.11,19.87,20.95,2403280
20151104,21.38,21.77,20.62,20.83,2655400
20151105,20.82,21.26,20.62,21.07,1278090
20151106,20.95,21.17,20.53,20.71,1265330
20151109,20.6,20.75,20.11,20.11,1070080
20151110,19.98,20.18,19.51,19.93,1275890
20151111,20.18,20.7,20.06,20.21,1305480
20151112,20.27,20.63,19.8,20.4,1921150
20151113,20.14,20.45,19.99,20.11,1586750
20151116,20.22,20.24,19.87,20.04,1424830
20151117,20.28,21.32,20.28,20.96,2319460
20151118,21.01,21.59,20.88,21.41,2700610
20151119,21.68,22.13,21.62,21.92,1860760
20151123,22.08,22.49,21.64,21.8,1275230
20151124,21.64,21.97,21.31,21.89,1530540
20151125,21.48,21.55,20.92,20.96,3592160
20151126,21.1,21.51,20.99,21.47,1349260
20151127,21.31,21.36,20.66,20.66,3073290
20151130,20.33,20.72,20.13,20.3,5742880
20151201,20.21,20.51,20.14,20.38,4120050
20151202,20.33,20.64,20.06,20.46,2189330
20151203,21.21,21.95,21.21,21.21,2495350
20151204,21.22,21.22,20.37,20.59,3637150
20151207,20.74,21.09,20.41,20.54,2189990
20151208,20.54,20.65,19.98,20.21,2672890
20151209,20.46,21.11,20.46,20.84,2701380
20151210,20.95,21.07,20.02,20.02,2310110
20151211,19.87,20.22,19.68,19.68,2567510
20151214,19.54,19.69,19.21,19.28,1761210
20151215,19.34,19.81,19.31,19.37,2226950
20151216,19.18,19.77,18.87,19.47,5549940
20151217,20.11,20.24,19.67,19.9,4235660
20151218,19.38,19.49,18.61,18.79,4617580
20151221,18.92,19.11,18.28,18.34,1759120
20151222,18.47,18.89,18.38,18.39,2613600
20151223,18.62,18.89,18.42,18.61,1272370
20151228,18.63,18.85,18.5,18.75,739750
20151229,18.75,18.85,18.57,18.72,880220
20151230,18.81,18.81,17.93,17.93,3114320
20160104,17.67,17.91,17.48,17.67,2171510
20160105,17.68,17.81,17.49,17.81,1540880
20160106,17.57,17.84,17.31,17.49,1261920
20160107,17.08,17.26,16.93,16.93,1575860
20160108,17.09,17.21,16.61,16.89,1673870
20160111,17.01,17.25,16.46,16.57,2083400
20160112,16.63,16.86,16.52,16.68,1748340
20160113,16.8,16.94,16.47,16.62,2118930
20160114,16.69,16.81,16.41,16.81,1383470
20160115,16.63,16.63,15.92,16.08,2015200
20160118,16.16,16.27,15.99,15.99,943910
20160119,16.36,16.45,15.83,15.97,1204500
20160120,15.67,16.19,15.67,16.06,1514040
20160121,15.96,16.3,15.87,16.15,2529340
20160122,16.38,16.52,16.18,16.19,1185800
20160126,16.13,16.41,16.01,16.19,1366860
20160127,16.26,16.75,16.12,16.53,2347730
20160128,16.66,16.82,16.46,16.81,1431980
20160129,16.97,17.3,16.74,17.15,3547720
20160201,17.23,17.4,16.82,17.36,1903550
20160202,17.02,17.25,16.64,16.64,1958440
20160203,16.8,17.93,16.8,17.7,1615460
20160204,17.89,19.33,17.7,18.88,3157440
20160205,18.75,19.1,18.29,18.29,2919290
20160210,18.17,18.57,18.1,18.41,1033010
20160211,18.14,18.35,17.96,18.1,1609190
20160212,18.3,18.45,18.07,18.16,1989680
20160215,18.47,18.73,18.24,18.24,785730
20160216,18.34,19.08,18.32,18.75,1877370
20160217,18.89,19.57,18.61,18.91,2756930
20160218,18.75,18.97,18.55,18.85,1749110
20160219,18.57,19.14,18.53,18.92,1711270
20160222,19.53,20.16,19.39,19.97,2597210
20160223,19.67,20.18,19.64,19.82,2034340
20160224,19.52,19.93,19.25,19.83,1351460
20160225,19.69,20.17,19.53,19.86,1329240
20160226,20.15,20.46,19.55,19.69,1150710
20160229,20.01,20.47,19.96,20.39,3416050
20160301,20.68,21.15,20.6,20.89,1978680
20160302,20.91,21.64,20.85,21.48,2760230
20160303,21.87,23.1,21.82,22.89,3140500
20160304,23.69,25.16,23.69,24.69,4422330
20160307,24.98,25.01,23.85,24.26,1894640
20160308,24.13,25.32,24.13,24.56,2730860
20160309,25.04,25.41,24.25,24.44,3463570
20160310,24.95,25.8,24.41,25.24,4423760
20160311,25.24,26.28,25.2,26.2,2630100
20160314,26.21,26.88,25.9,26.01,1659020
20160315,24.57,25.47,24.35,24.58,1712150
20160316,24.19,24.37,23.27,23.94,2678280
20160317,25.87,27.32,25.31,26.83,4939220
20160318,27.19,27.35,26.25,26.83,4886970
20160321,26.9,27.46,26.73,27.4,1453760
20160322,27.26,27.4,26.83,27.37,3434860
20160323,27,27.2,26.14,26.49,1792890
20160324,25.89,26.23,25.71,25.87,1612930
20160328,26.83,27.24,26.4,26.72,1279410
20160329,26.92,27.67,26.47,27.32,1401840
20160330,27.65,28.11,27.22,27.32,1227050
20160331,27.17,27.18,26.33,26.37,2619100
20160401,25.84,27,25.84,26.93,1371590
20160404,26.39,26.64,25.9,26.24,1109680
20160405,25.87,26.77,25.59,26.25,979550
20160406,25.81,26.11,25.36,25.5,1170950
20160407,25.85,26.05,25.45,25.81,1043900
20160408,26.75,27.06,26.59,26.93,1973180
20160411,27.19,27.74,27.07,27.31,1402940
20160412,27.8,28.5,27.53,28.09,2242790
20160413,28.91,29.08,28.29,28.43,1763960
20160414,28.65,28.8,27.75,27.94,1963940
20160415,28.22,28.6,27.67,27.9,1918290
20160418,27.64,28.26,27.28,27.8,1985900
20160419,27.99,28.14,27.31,27.56,3445100
20160420,27.4,27.53,26.92,27.25,2483500
20160422,26.64,27.17,26.5,26.98,1728800
20160425,26.98,27.09,26.15,26.54,1003300
20160426,26.7,27.6,26.39,27.37,939300
20160427,27.78,28.22,27.61,28.02,1401100
20160428,27.52,27.79,26.98,27.56,1606300
20160429,27.74,27.76,26.7,27.1,2408500
20160502,27.4,27.4,26.4,26.71,997100
20160503,26.21,26.55,25.81,26.05,1052100
20160504,25.86,27.05,25.86,26.96,1037100
20160505,27.27,27.47,26.18,26.31,967400
20160506,26.07,26.96,26.07,26.42,633900
20160509,26.21,26.84,25.38,26.76,1025600
20160510,27.01,27.58,26.48,27.58,1964400
20160511,28.01,28.25,27.41,27.51,1569600
20160512,27.86,28.57,27.31,28.17,1515400
20160513,27.9,28.09,26.66,27.02,1843800
20160516,26.88,27.21,26.48,26.66,769500
20160517,26.69,26.83,25.77,25.9,1177300
20160518,25.77,26.62,25.6,25.92,1301700
20160519,25.71,25.82,25.33,25.47,797100
20160520,25.72,25.83,25.16,25.2,670300
20160523,24.45,25.43,24.43,24.98,1138800
20160524,25.3,25.48,24.87,25.16,850500
20160525,25.4,25.71,24.95,24.99,850800
20160527,24.91,25.34,24.49,24.65,832800
20160530,24.66,24.96,24.45,24.57,381300
20160531,24.41,24.74,23.13,23.66,3665500
20160601,23.75,24.26,23.56,23.92,1925500
20160602,23.91,24.78,23.78,24.34,1551300
20160603,24.69,25.11,24.37,24.78,1175500
20160606,25.03,25.03,24.21,24.58,787200
20160607,24.39,24.82,24.24,24.64,908700
20160608,24.82,25.45,24.75,25.18,1894900
20160609,25.18,25.42,24.9,25.23,1146600
20160610,25.08,25.08,24.44,24.45,908200
20160613,24.15,24.84,24.06,24.75,945100
20160614,24.71,25.02,24.02,24.37,2015200
20160615,24.43,24.77,23.99,24.24,2536600
20160616,24.15,24.68,23.71,24.57,1335800
20160617,24.89,25.16,24.42,24.62,2016800
20160620,25.35,25.35,24.85,24.98,1201900
20160621,24.75,25.35,24.48,25.26,1557500
20160622,25.12,25.79,25.02,25.34,1207600
20160623,25.61,26.19,25.37,26,981500
20160624,25.19,25.76,25.06,25.55,1551400
20160627,25.43,25.67,24.57,24.88,1163600
20160628,25.31,25.73,25.11,25.46,890000
20160629,25.98,26.14,25.68,25.86,1503400
20160630,25.86,26.49,25.65,26.23,1509000
20160701,26.48,26.58,26.09,26.48,1149000
20160704,26.61,26.73,26.28,26.41,364400
20160705,26.24,26.43,25.85,26.22,720300
20160706,25.95,26.32,25.69,26.09,1518900
20160707,26.09,26.68,25.99,26.2,1153500
20160708,26.56,27.05,26.41,26.76,1086300
20160711,26.84,27.34,26.71,26.82,1812500
20160712,27.17,27.26,26.67,26.86,1651300
20160713,26.72,27.36,26.68,27.27,1023700
20160714,27.69,28.36,27.69,28.18,1810900
20160715,28.18,28.59,27.98,28.32,1190500
20160718,28.18,28.9,28.11,28.78,3866200
20160719,28.85,28.85,28.45,28.72,1559900
20160720,28.72,29.07,28.41,28.96,1338900
20160721,28.86,29.06,28.36,28.81,1287300
20160722,28.76,29.04,28.61,28.86,1086700
20160725,28.81,29.02,28.26,28.67,968800
20160726,28.58,28.86,28.51,28.57,853800
20160727,28.67,29.03,28.57,28.68,894200
20160728,28.54,28.55,27.38,27.85,1596700
20160729,27.76,28.82,27.76,28.39,1758900
20160801,28.4,29.12,28.39,28.67,981200
20160802,28.38,28.88,27.96,28.25,1180400
20160803,28.03,28.68,27.93,28.5,1536400
20160804,28.82,29.23,28.63,29.06,1004900
20160805,29.08,29.19,28.67,28.99,975400
20160808,28.89,29.23,28.76,28.93,605400
20160809,29.19,29.26,28.81,29.04,643400
20160810,29,29.17,28.09,28.2,1542300
20160811,28.06,28.97,28.04,28.88,1902600
20160812,28.63,29.16,28.63,28.98,1447200
20160815,29.03,29.67,28.98,29.43,710400
20160816,28.78,29.33,28.78,29.05,1505700
20160817,28.82,29.25,28.39,29.23,1314300
20160818,29.1,29.41,28.92,29.2,905300
20160819,29.05,29.24,28.71,28.98,1038900
20160822,28.78,28.97,28.04,28.24,1055800
20160823,28.21,28.61,27.65,27.84,932900
20160824,27.53,27.96,27.4,27.81,949500
20160825,27.81,28.33,27.78,27.86,923300
20160826,28.13,28.67,27.65,27.94,1129000
20160829,27.93,28.88,27.9,28.69,1010800
20160830,28.6,28.95,28.35,28.79,511600
20160831,28.67,29.24,28.04,28.29,2065300
20160901,28.3,28.64,28.01,28.36,1737400
20160902,28.52,29.38,28.41,29.14,1218500
20160905,29.16,29.48,28.95,29.31,392200
20160906,29.38,29.66,29.1,29.49,1062900
20160908,29.4,29.66,29.24,29.48,2450400
20160909,29.02,29.16,27.82,27.92,1974000
20160912,27.69,28.06,27.37,27.95,1124800
20160913,27.53,27.53,26.83,27.04,1768400
20160914,27.09,27.24,26.77,27.02,1445900
20160915,27.07,27.55,26.84,27.38,1316900
20160916,27.06,27.42,26.65,26.65,2345900
20160919,27.14,27.62,26.7,26.94,1014200
20160920,27.24,27.47,27,27.33,933500
20160921,27.58,27.98,27.18,27.78,1536300
20160922,28.31,28.31,27.69,27.97,1149800
20160923,27.88,28.23,27.68,27.97,914400
20160926,27.69,27.88,27.46,27.76,789000
20160927,27.96,28.16,27.53,27.89,923600
20160928,27.92,28.22,27.69,28.05,4473400
20160929,28.16,28.3,27.41,27.54,1067000
20160930,27.69,27.94,27.35,27.58,1445400
20161003,27.42,28.22,27.42,28.12,1333200
20161004,28.11,28.55,28.1,28.42,1348500
20161005,28.7,28.97,28.55,28.85,2119200
20161006,28.72,29.12,28.6,28.97,959800
20161007,29.11,29.46,28.92,29.42,1531600
20161010,29.51,29.93,29.51,29.59,863500
20161011,29.55,29.71,29.36,29.61,1499200
20161013,29.46,29.91,29.27,29.66,3074700
20161014,29.75,30.3,29.66,29.87,1295400
20161017,30.01,30.45,29.79,30.18,1083200
20161018,30.33,31.17,30.26,30.94,1744400
20161019,30.94,31.08,30.44,30.73,1092300
20161020,30.42,31.03,30.12,30.9,794400
20161021,30.74,30.95,30.5,30.63,928800
20161024,30.5,30.79,30.27,30.32,678300
20161025,30.32,30.47,29.76,30.2,1004300
20161026,30.05,30.44,29.84,30.15,1110800
20161027,30.13,30.94,30.13,30.6,1075800
20161028,30.55,30.99,30.1,30.5,1427600
20161031,30.61,31.58,30.61,31.42,1677300
20161101,31.34,31.59,30.35,30.65,1383500
20161103,30.57,31.2,30.02,30.02,1224000
20161104,29.81,30.62,29.53,29.86,1430300
20161107,30.48,31.05,30.26,30.85,1461400
20161108,30.94,31.56,30.72,31.08,723300
20161109,30.02,31.17,29.58,30.43,1627400
20161110,30.04,30.04,27.71,28.52,2792900
20161111,28.15,29,27.24,27.61,2709600
20161114,27.41,27.9,26.98,27.52,2013100
20161116,27.99,28.49,27.18,28.09,1949000
20161117,28.43,28.43,27.45,27.61,1091700
20161118,27.5,28.29,27.5,28.05,848500
20161121,28.14,28.65,27.81,28.21,1228100
20161122,28.83,28.96,28.16,28.73,1553600
20161123,28.65,28.92,28.44,28.92,1103700
20161124,28.92,28.93,28.39,28.59,400900
20161125,28.43,28.77,28.02,28.67,694600
20161128,28.57,29.1,28.25,28.94,1064600
20161129,28.72,29.02,28.31,28.33,1090900
20161130,28.85,29.26,28.38,28.87,2596200
20161201,27.95,28.1,26.85,27.18,3847800
20161202,26.64,27.65,26.19,27.33,2147700
20161205,27.51,27.59,26.98,27.35,1025700
20161206,27.21,27.84,26.85,27.74,1722900
20161207,28.16,28.16,27.36,27.36,2662000
20161208,27.71,27.85,27.25,27.54,1503700
20161209,27.75,27.9,27.27,27.83,1407800
20161212,27.16,27.75,27.08,27.51,1995000
20161213,27.26,27.93,27.2,27.6,1421300
20161214,27.72,27.94,27.21,27.24,1838500
20161215,27.26,27.53,26.99,27.26,2057500
20161216,27.31,28.03,27.31,27.62,2076900
20161219,27.6,27.8,26.89,27.05,1264600
20161220,27.27,27.53,26.98,27.26,1055300
20161221,27.44,27.54,26.71,26.76,2735600
20161222,26.86,26.96,26.39,26.68,1882200