<DTYYYYMMDD>,<OPEN>,<HIGH>,<LOW>,<CLOSE>,<VOL>
20130429,14.14,14.14,13.43,13.84,85582800
20130430,13.84,14.24,13.84,14.22,26950200
20130502,14.18,14.59,14.16,14.59,16057200
20130503,14.53,14.89,14.49,14.8,13031000
20130506,14.8,15,14.71,14.95,19911900
20130507,14.92,14.97,14.43,14.92,7255800
20130508,14.84,14.91,14.45,14.59,10770000
20130509,14.57,14.8,14.48,14.8,8355600
20130510,14.76,14.97,14.64,14.94,7967400
20130513,14.84,14.92,14.52,14.87,56360100
20130514,14.76,15.05,14.76,15.01,21295600
20130515,15,15.47,14.97,15.35,15626700
20130516,15.23,15.68,15.18,15.68,6325600
20130517,15.57,15.76,15.51,15.71,6700800
20130520,15.63,15.65,15.26,15.48,2878000
20130521,15.43,15.43,15.14,15.43,3956700
20130522,15.31,15.48,14.95,15.22,4746800
20130523,15.01,15.09,14.77,14.88,9282800
20130524,14.81,15.05,14.68,15.05,3553500
20130527,14.94,15.18,14.91,15.05,2299100
20130528,15.05,15.3,15,15.3,4404600
20130529,15.1,15.16,14.78,15.09,4862800
20130531,15.01,15.4,14.84,15.4,9986700
20130603,15.31,15.38,14.95,15.18,7616500
20130604,15.18,15.18,14.8,14.84,6102100
20130605,14.84,15.1,14.68,14.8,8793800
20130606,14.82,14.96,14.68,14.84,3943400
20130607,14.72,15,14.61,14.93,5410100
20130610,14.77,15.01,14.76,14.97,3395600
20130611,14.89,14.96,13.76,14.56,4884700
20130612,14.61,14.75,14.3,14.39,3808000
20130613,14.33,14.93,14.18,14.93,3606200
20130614,14.91,15.26,14.86,15.13,11471900
20130617,15.1,15.18,14.98,15.1,4869100
20130618,15.01,15.14,14.83,15,4817900
20130619,14.97,15.01,14.44,14.53,7752200
20130620,14.34,14.5,13.93,14.35,8908300
20130621,14.23,14.54,14.03,14.54,4906500
20130624,14.23,14.26,13.33,14.14,12899600
20130625,14.05,14.3,13.73,13.93,6366000
20130626,14.09,14.15,13.86,14.04,3390800
20130627,13.94,14.59,13.94,14.42,6301100
20130628,14.4,14.88,14.28,14.68,5578700
20130701,14.58,14.94,14.39,14.59,4269600
20130702,14.61,14.83,14.01,14.34,3728300
20130703,14.3,14.64,14.09,14.39,4602900
20130704,14.39,14.79,14.3,14.79,5186400
20130705,14.67,14.88,14.48,14.68,7332500
20130708,14.67,15.08,14.59,14.93,4159400
20130710,15.01,15.01,14.68,14.8,4124000
20130711,14.84,14.97,14.7,14.93,4249400
20130712,14.78,14.89,14.69,14.78,3437200
20130715,14.78,14.78,14.39,14.69,5793100
20130716,14.59,14.68,14.3,14.52,3055600
20130717,14.51,15,14.47,14.98,6742200
20130718,14.84,15.33,14.82,15.05,3401100
20130719,14.98,15.05,14.86,14.97,1694200
20130722,14.96,15.1,14.93,15.01,2413200
20130723,14.99,15.05,14.94,15.01,2540100
20130724,14.97,15.05,14.82,15.05,1977700
20130725,14.87,15.16,14.86,15.1,3145900
20130726,15.01,15.26,14.89,15.19,2164100
20130729,15.05,15.37,14.97,15.14,2801100
20130730,15.1,15.34,15.04,15.34,2984800
20130731,15.19,15.39,15.15,15.38,3346600
20130801,15.38,15.65,15.24,15.57,3614400
20130802,15.43,15.9,15.4,15.84,5518300
20130805,15.77,16.26,15.7,16.18,6374100
20130806,16.15,16.25,15.87,16.18,3746700
20130807,16.02,16.56,15.8,16.35,6741200
20130808,16.26,16.68,16.05,16.6,5228100
20130809,16.51,16.67,16.19,16.63,3321900
20130812,16.68,16.76,16.2,16.27,5182100
20130813,16.35,16.51,16.23,16.4,3361100
20130814,16.34,16.49,16.14,16.18,3669100
20130815,16.14,16.38,15.86,16.18,8960800
20130816,16.15,16.46,15.8,16.1,4835900
20130819,16.03,16.1,15.53,15.58,4897900
20130820,15.54,15.85,15.36,15.52,3678700
20130821,15.41,15.86,15.23,15.75,4048100
20130822,15.7,15.97,15.62,15.97,2313000
20130823,15.81,16.59,15.81,16.47,4077600
20130826,16.16,16.25,16.09,16.2,4006000
20130827,15.95,16.17,15.87,16.17,3483700
20130828,16.03,16.16,15.88,16.09,3386300
20130829,16.01,16.22,15.92,16.2,4654200
20130830,16.08,16.41,16.08,16.41,3806100
20130902,16.24,16.42,16.24,16.38,2949600
20130903,16.25,16.46,16.2,16.37,5987400
20130904,16.29,16.46,16.25,16.36,1877100
20130905,16.3,16.75,16.3,16.67,4234200
20130906,16.63,17.04,16.61,16.97,7978400
20130909,16.9,17.54,16.81,17.45,6199300
20130910,17.36,17.66,17.28,17.66,5232200
20130911,17.48,18.01,17.42,17.79,7203600
20130912,17.69,17.92,17.6,17.92,4570000
20130913,17.83,17.99,17.79,17.86,2308400
20130916,17.87,17.95,17.55,17.81,9339900
20130917,17.71,18.14,17.67,18.06,6467500
20130918,18.01,18.77,17.94,18.68,7528000
20130919,18.63,18.76,18.04,18.55,5765500
20130920,18.42,18.55,18.29,18.34,2971200
20130923,18.35,18.51,18.06,18.24,3225900
20130924,18.17,18.41,17.95,18.31,5959400
20130925,18.25,18.66,18.12,18.64,2501600
20130926,18.51,18.87,18.38,18.68,3635100
20130927,18.59,18.9,18.47,18.9,2592200
20130930,18.77,18.8,18.47,18.6,3580300
20131001,18.55,19.16,18.45,19.16,2853100
20131002,19.02,19.14,18.78,18.85,4816600
20131003,18.81,18.94,18.21,18.42,3460000
20131004,18.42,18.59,18.3,18.42,3807900
20131007,18.34,18.77,18.27,18.76,5017800
20131008,18.68,19.11,18.57,19.09,2529000
20131009,19.01,19.49,18.94,19.48,4020200
20131010,19.39,19.96,19.38,19.96,6724800
20131011,19.84,19.99,19.73,19.9,5691900
20131014,19.84,20.3,19.63,20.12,4243600
20131015,20.04,20.29,19.73,20.26,3549600
20131016,20.26,20.37,20.06,20.09,4807000
20131017,20.04,20.39,19.98,20.39,5664100
20131018,20.41,20.76,20.41,20.67,7660700
20131021,20.64,20.98,20.58,20.64,3558200
20131022,20.6,20.77,20.39,20.66,6112500
20131023,20.55,20.62,20.09,20.13,4296000
20131024,20.18,20.46,19.97,20.46,2918500
20131025,20.33,20.47,20.23,20.29,2330400
20131028,20.34,20.36,20.14,20.34,1836800
20131029,20.3,20.41,20.1,20.24,2831200
20131030,20.26,20.59,20.1,20.59,3444800
20131031,20.5,20.87,20.44,20.87,4142800
20131101,20.87,21.09,20.76,21.07,3171700
20131104,20.99,21.14,20.5,20.69,5427900
20131105,20.61,20.81,20.34,20.34,3102400
20131106,20.38,20.4,19.69,19.84,3651600
20131107,19.81,20.13,19.7,19.7,3671300
20131108,19.69,20,19.35,19.79,3305100
20131111,19.96,20.39,19.87,20.18,2847400
20131112,20.13,20.41,19.38,19.58,6258700
20131113,19.52,20.33,19.33,20.2,3907000
20131114,20.2,20.74,20.03,20.58,3324300
20131118,20.58,20.85,20.32,20.56,3459600
20131119,20.39,20.71,19.89,20.27,2510200
20131121,20.04,20.71,20.02,20.56,3732800
20131122,20.48,20.79,20.27,20.57,2900500
20131125,20.62,20.8,20.55,20.66,4697900
20131126,20.56,20.81,20.47,20.81,4317800
20131127,20.73,20.84,20.52,20.84,3790300
20131128,20.79,21.66,20.79,21.45,6908800
20131129,21.54,21.83,21.42,21.67,5423000
20131202,21.5,21.75,21.45,21.65,2171900
20131203,21.67,21.71,21.14,21.41,2965500
20131204,21.41,21.55,20.83,20.92,3710300
20131205,20.94,21.12,20.47,20.79,2924600
20131206,20.84,20.91,20.51,20.53,3051400
20131209,20.52,20.84,20.48,20.77,2727400
20131210,20.87,21.11,20.68,20.81,3031400
20131211,20.77,20.87,20.53,20.77,3071500
20131212,20.81,20.9,20.26,20.45,4368200
20131213,20.5,20.71,20.43,20.59,4039500
20131216,20.63,20.83,20.3,20.59,3954800
20131217,20.51,20.81,20.32,20.79,2749800
20131218,20.66,21.09,20.66,20.75,2510600
20131219,20.73,21.04,20.72,20.94,3964600
20131220,20.9,21.02,20.58,20.7,3067400
20131223,20.7,20.87,20.43,20.43,2878300
20131226,20.39,20.53,20.15,20.2,2387400
20131227,20.2,20.62,20.2,20.62,2525400
20131230,20.52,20.9,20.51,20.9,3582100
20140102,20.85,20.9,20.23,20.43,4713200
20140103,20.47,20.5,19.91,19.98,13834500
20140106,20.09,20.21,19.54,19.7,5645500
20140107,19.69,19.87,19.28,19.57,5951900
20140108,19.62,19.85,19.49,19.82,5959000
20140109,19.71,19.83,19.08,19.39,7295800
20140110,19.28,19.69,19.18,19.64,4537700
20140113,19.57,19.81,19.57,19.74,4672500
20140114,19.62,20.04,19.61,20.03,4428900
20140115,20.02,20.52,20.01,20.44,5091300
20140116,20.43,20.72,20.27,20.6,5405000
20140117,20.59,20.65,20.37,20.45,4853400
20140120,20.38,20.52,20.13,20.38,3368000
20140121,20.47,20.48,19.9,20.24,4361000
20140122,20.28,20.68,20.22,20.6,4848100
20140123,20.47,20.76,20.34,20.39,5604400
20140124,20.3,20.45,19.59,19.87,5401700
20140127,20,20.1,19.54,19.64,3004900
20140128,19.87,20.07,19.63,19.7,3265700
20140129,19.5,19.69,19.26,19.45,3682600
20140130,19.43,19.69,19.23,19.33,5108800
20140131,19.11,19.39,18.89,19.36,3730000
20140203,19.28,19.35,18.6,18.62,4185900
20140204,18.62,19.23,18.37,19,4223500
20140205,19.07,19.52,18.95,19.42,8450300
20140206,19.52,20.21,19.37,20.2,5282600
20140207,20.18,20.38,19.62,19.92,5632600
20140210,19.83,20.09,19.69,20.04,4171300
20140211,20.9,20.98,20.36,20.9,11016600
20140212,20.84,20.97,20.26,20.39,8566300
20140213,20.26,20.73,19.87,20.47,8929300
20140214,20.48,20.76,20.42,20.76,8361500
20140217,20.85,20.87,20.38,20.6,2378000
20140218,20.55,20.74,20.25,20.41,3751100
20140219,20.3,20.51,19.82,20.51,3244900
20140220,20.26,20.89,20.22,20.52,2750100
20140221,20.5,20.71,20.31,20.54,2985900
20140224,20.44,20.55,20.33,20.36,3361800
20140225,20.32,20.7,20.11,20.54,2558500
20140226,20.44,20.68,20.39,20.5,3489600
20140227,20.58,20.77,20.46,20.58,3958900
20140228,20.65,20.76,20.14,20.37,2901300
20140305,20.54,20.58,19.9,20.48,2819800
20140306,20.41,20.58,20.23,20.56,5228500
20140307,20.43,20.52,20.05,20.28,3155200
20140310,20.17,20.23,19.62,19.94,4512500
20140311,20.02,20.02,19.67,19.71,4535300
20140312,19.53,19.9,19.45,19.56,4913400
20140313,19.59,19.67,19.29,19.45,11909700
20140314,19.39,19.74,19.3,19.55,11630200
20140317,19.49,19.7,19.4,19.58,10306800
20140318,19.6,20.41,19.5,20.36,6307700
20140319,20.36,20.95,20.29,20.83,6727800
20140320,20.63,20.88,20.34,20.72,7458500
20140321,20.45,20.95,20.33,20.33,5960600
20140324,20.48,20.76,20.44,20.62,3821800
20140325,20.8,20.98,20.64,20.93,4041200
20140326,20.98,21.23,20.57,20.71,6782900
20140327,20.71,21.5,20.65,21.11,10103000
20140328,21.24,21.58,21.01,21.11,8120900
20140331,21.24,21.95,21.24,21.95,8638400
20140401,21.95,22.27,21.62,22.11,6917400
20140402,22.11,22.52,22.05,22.28,8434300
20140403,22.38,22.38,21.92,22.11,9100400
20140404,22.21,22.5,21.76,21.98,3851600
20140407,22.19,22.59,21.96,22.52,4412300
20140408,22.73,22.73,21.43,21.9,7090700
20140409,21.69,22.05,21.53,21.96,4831700
20140410,21.87,22.03,21.55,21.9,6779700
20140411,21.85,22.55,21.6,22.46,8866400
20140414,22.46,22.73,22.34,22.69,4724700
20140415,22.59,23.01,22.35,22.9,5763300
20140416,22.95,23.08,22.48,22.99,6018000
20140417,22.88,23.07,22.59,23.02,3972400
20140422,22.99,23.37,22.84,23.12,3479600
20140423,23.29,23.32,22.86,22.96,6649900
20140424,23,23.35,22.66,23.35,2977500
20140425,23.08,23.46,22.92,23.03,3103900
20140428,22.95,23.24,22.87,23.11,2260000
20140429,23.15,23.45,23.05,23.16,4031200
20140430,23.12,23.41,22.82,22.84,5582400
20140502,22.94,23.37,22.92,23.29,8590600
20140505,23.29,23.71,23.01,23.64,7457300
20140506,23.83,24.47,23.71,24.47,7987800
20140507,24.37,24.65,24.12,24.47,5497000
20140508,24.43,24.89,24.3,24.65,4212800
20140509,24.66,24.72,24.46,24.69,2341700
20140512,24.74,24.89,24.51,24.82,2120300
20140513,24.82,24.82,24.51,24.65,2220100
20140514,24.64,24.91,24.58,24.91,3640400
20140515,24.72,25.25,24.72,25.04,3397400
20140516,25.01,25.33,24.92,25.1,3171500
20140519,25.08,25.17,24.87,25.17,4232100
20140520,25.21,25.34,24.75,24.94,5375900
20140521,24.88,25.03,24.31,24.43,4912600
20140522,24.46,24.75,23.86,24.58,4217400
20140523,24.47,24.89,24.38,24.61,2697900
20140526,24.61,25.15,24.61,25.13,1424700
20140527,25.15,25.15,24.12,24.4,5240800
20140528,24.29,24.87,24.18,24.61,4267600
20140529,24.61,24.88,24.25,24.51,3461400
20140530,24.42,24.91,24.34,24.91,10073000
20140602,24.99,25.09,24.68,24.95,3135800
20140603,24.96,25.7,24.88,25.7,4085900
20140604,25.79,25.96,25.27,25.96,3997200
20140605,25.96,26.38,25.96,26.38,5593100
20140606,27.1,27.1,26.53,26.77,5801700
20140609,26.77,27.5,26.66,27.23,3480900
20140610,27.3,27.62,27.11,27.62,4528600
20140611,27.97,28.14,27.46,27.87,5231400
20140613,28.01,28.4,27.75,28.32,3886000
20140616,28.41,28.74,28.02,28.62,3402900
20140617,28.63,28.66,27.78,27.89,3162400
20140618,27.92,28.28,27.11,28.28,6379100
20140620,27.89,28.14,27.65,27.77,2657600
20140623,27.68,27.76,27.19,27.37,1356300
20140624,27.48,28.63,27.21,28.42,7250900
20140625,28.39,28.44,27.66,27.97,5147100
20140626,28.02,28.44,27.65,28.44,2172700
20140627,28.25,28.37,28.07,28.14,2699500
20140630,28.14,28.36,27.85,28.36,2055200
20140701,28.24,29.11,28.1,28.89,4653300
20140702,28.94,29.11,28.34,28.41,4155700
20140703,28.19,28.62,28.15,28.62,2720500
20140704,28.54,28.67,28.24,28.67,732500
20140707,28.58,28.77,28.41,28.58,3167500
20140708,28.48,28.93,28.48,28.87,3194100
20140710,29.06,29.3,28.9,29.17,4202800
20140711,29.12,29.24,28.94,28.98,2286300
20140714,29.15,29.35,28.76,28.84,4225600
20140715,28.84,29.06,28.51,28.71,2787500
20140716,28.93,29.06,27.99,28.23,3534400
20140717,28.21,28.32,27.42,28.17,4432300
20140718,28.85,29.33,28.55,28.64,3847800
20140721,28.63,29.55,28.62,29.55,4211400
20140722,29.72,30.15,29.67,29.9,3477500
20140723,29.78,30.18,29.46,30.16,3992600
20140724,30.22,30.86,30.13,30.51,5605100
20140725,30.45,30.72,30.4,30.65,2712600
20140728,30.72,30.72,30.38,30.72,2676200
20140729,30.7,30.7,30.18,30.36,4222100
20140730,30.29,30.41,29.34,29.7,3016500
20140731,29.46,29.46,28.71,28.93,4219300
20140801,28.92,30,28.64,29.63,3941900
20140804,29.82,30.1,29.55,29.9,4838300
20140805,29.8,30.06,29.15,29.23,2940600
20140806,29.2,29.2,28.23,28.32,8507100
20140807,28.68,28.96,27.98,28.23,3615100
20140808,28.07,28.37,27.88,28.07,4052400
20140811,28.34,28.84,28.17,28.79,2882100
20140812,29.26,29.34,29.04,29.28,4728100
20140813,29.41,29.72,28.37,29.5,5881900
20140814,29.37,29.85,29.21,29.59,4447200
20140815,29.64,30.07,29.64,29.91,2366000
20140818,29.95,30.59,29.93,30.54,3292400
20140819,30.41,30.68,30.28,30.65,4633700
20140820,30.43,31.09,29.76,29.98,5337000
20140821,29.76,30.59,29.44,30.11,4526800
20140822,29.93,30.46,29.84,30.02,2622200
20140825,30.25,30.88,30.12,30.88,3030100
20140826,30.77,31.57,30.77,31.4,4329700
20140827,31.4,31.56,31.16,31.22,3757900
20140828,31.13,31.51,30.7,31.14,3885800
20140829,31.23,31.91,30.9,31.79,6729000
20140901,31.6,32.01,31.16,31.21,3019300
20140902,31.13,31.37,30.58,30.81,4695700
20140903,30.9,31.19,30.45,31.13,4190700
20140904,30.91,31.53,30.71,31.51,3258900
20140905,31.28,31.56,31.06,31.22,2179900
20140908,31.36,31.52,30.31,30.58,3473000
20140909,30.3,31.03,29.74,30.25,4602600
20140910,29.98,30.35,29.68,30.16,4195200
20140911,30.08,30.58,29.77,30.38,3348000
20140912,30.11,30.17,28.79,29.1,9168400
20140915,29.04,29.91,28.86,29.18,4213200
20140916,29.22,30.64,29.18,29.58,5606700
20140917,29.89,30.01,29.2,29.37,2999800
20140918,29.18,29.29,28.42,28.66,3324100
20140919,28.47,28.96,28.39,28.82,3216900
20140922,28.38,28.52,27.27,28.22,3080400
20140923,28.03,28.43,27.58,28.02,5440800
20140924,27.75,28.79,27.61,28.46,4266100
20140925,28.39,28.91,28.24,28.46,3483900
20140926,28.47,28.47,27.59,27.75,6446400
20140929,26.68,28.42,26.52,28.29,5291900
20140930,27.91,29,27.91,28.64,5586900
20141001,28.5,29.06,27.59,28.21,6832000
20141002,28.04,28.33,27.62,28.11,4483200
20141003,28.11,28.32,27.75,28.2,3658600
20141006,29.35,29.6,28.08,28.51,7052700
20141007,28.75,28.87,28.29,28.47,5919500
20141008,28.67,28.69,27.77,28.12,5218900
20141009,28.54,28.72,28.09,28.09,3912700
20141010,27.92,28.15,26.69,27.23,5587400
20141013,27.63,28.16,27.32,27.71,6300100
20141014,27.87,28.1,27.29,27.76,3494100
20141015,27.37,27.47,26.22,27.17,6431800
20141016,26.21,26.85,25.89,26.45,4385800
20141017,26.86,27.3,26.6,27.04,5069500
20141020,26.85,27.01,26.34,26.46,2821400
20141021,25.8,26.31,25.35,26.13,6104400
20141022,26.05,26.48,25.83,26.13,2624500
20141023,25.62,26.06,25.37,25.8,5382800
20141024,25.62,26.33,25.41,25.93,4004800
20141027,24.91,27.24,24.89,26.37,10237700
20141028,26.56,27.5,26.56,27.26,8639500
20141029,27.08,28.22,27.04,27.58,6051900
20141030,27.9,28.61,27.75,28.43,4025400
20141031,28.61,29.42,28.39,29.41,5248200
20141103,29.52,29.55,28.33,29.19,3223900
20141104,29.36,29.55,28.61,29.31,2996400
20141105,29.04,29.32,28.42,29.02,3303100
20141106,28.9,28.9,27.58,27.86,4968200
20141107,27.77,28.29,27.71,28.12,4388600
20141110,28.42,28.89,28.35,28.55,4433700
20141111,28.44,28.77,28.05,28.42,2342300
20141112,28.41,28.87,28.32,28.74,3872100
20141113,28.72,28.87,27.84,27.84,2753500
20141114,27.53,27.88,27.32,27.58,4639000
20141117,27.56,28.01,27.31,27.74,5226100
20141118,27.74,28.94,27.61,28.74,3310600
20141119,28.55,29.61,28.55,29.61,5651100
20141121,29.61,30.91,29.48,30.91,6747800
20141124,31.08,31.31,29.44,29.71,4131400
20141125,29.94,30.41,29.8,29.8,3652600
20141126,29.9,30.18,29.45,29.71,2253000
20141127,29.64,30.01,29.15,29.78,2959000
20141128,29.69,30.07,29.23,29.86,4290700
20141201,29.54,29.6,28.12,28.5,4965800
20141202,28.55,28.71,28.2,28.65,3754500
20141203,28.62,28.64,28.15,28.33,4430500
20141204,28.42,28.5,27.58,28.02,2577500
20141205,28.12,28.46,27.58,28.46,4573800
20141208,28.46,28.86,27.99,28.07,5197800
20141209,27.97,28.37,27.68,28.2,4708400
20141210,28.19,28.21,27.58,28.15,2651700
20141211,28.12,28.69,27.6,28.55,3624000
20141212,28.2,28.34,27.17,27.88,4886000
20141215,27.91,28.1,26.76,27.34,3802400
20141216,26.79,27.04,25.98,26.84,4640500
20141217,26.79,28.1,26.36,27.77,6155900
20141218,27.85,28.27,27.24,27.75,3843700
20141219,28.01,28.01,27.43,27.66,3182600
20141222,27.58,28.02,27.16,27.86,3031100
20141223,27.76,28.56,27.73,28.56,2240100
20141226,28.26,29.19,28.07,29.11,2145000
20141229,29.01,29.17,28.65,28.88,3161700
20141230,28.8,29.12,28.29,28.61,3635400
20150102,28.33,28.38,26.6,27.1,3504700
20150105,26.99,27.04,25.78,26.25,4180000
20150106,26.2,27.27,26.14,27.27,5161700
20150107,27.42,27.57,26.54,26.95,7295300
20150108,27.21,27.21,26.29,26.83,5608900
20150109,26.58,26.82,25.8,26.06,4997700
20150112,25.93,26.81,25.7,26.69,6993900
20150113,26.55,27.02,26.04,26.04,4660400
20150114,25.81,26.07,25.22,25.31,6394600
20150115,25.44,26.21,25.44,25.93,6291100
20150116,25.8,27.17,25.8,26.91,3765500
20150119,26.78,27.02,26.23,26.42,3485500
20150120,26.82,26.85,25.86,25.86,2912100
20150121,26.02,27.3,26.02,27.16,4268600
20150122,27.17,27.58,26.2,27,4916800
20150123,26.65,26.91,26.46,26.91,3867600
20150126,26.52,27.01,26.34,26.79,4154500
20150127,26.51,26.78,25.68,26.33,3818700
20150128,25.97,26.13,25.6,25.8,5098000
20150129,25.66,26.3,25.36,26.24,4114600
20150130,25.75,26.23,25.45,26.15,6019700
20150202,26.51,26.94,26.41,26.69,4219300
20150203,27.03,27.08,26.66,26.93,5497800
20150204,26.93,27.1,26.04,26.82,4661300
20150205,26.45,27.38,26.45,26.69,4859900
20150206,26.53,26.85,25.67,26.23,8463000
20150209,25.99,26.78,25.72,26.71,5224100
20150210,27.12,27.29,25.81,26.07,12945800
20150211,26.07,26.46,25.22,26.13,15612400
20150212,26.24,27.12,26.21,26.79,6847500
20150213,27.14,27.35,26.83,27.35,5342000
20150218,27.41,28.01,27.38,27.77,3660100
20150219,27.68,29.2,27.65,28.98,7596900
20150220,28.7,29.12,28.46,28.98,2849200
20150223,28.81,29.24,28.58,29.24,4015400
20150224,29.19,30.26,28.85,29.85,6402600
20150225,29.45,30.23,29.45,30.15,6613500
20150226,29.95,30.33,29.75,30.21,3244600
20150227,30.04,30.43,29.25,29.6,4456900
20150302,29.33,29.97,29.25,29.84,2770600
20150303,29.88,30.12,29.61,29.92,9880300
20150304,29.42,29.52,28.71,28.96,3575000
20150305,29.01,29.29,28.45,28.97,2882000
20150306,28.77,28.9,27.88,27.91,5020700
20150309,27.81,27.87,27.14,27.32,4310700
20150310,26.64,27.71,26.63,27.33,11920700
20150311,27.32,28.05,27.26,27.78,7212900
20150312,28.28,28.32,27.05,27.15,6060100
20150313,26.69,27.52,26.69,27.08,3946600
20150316,27.15,27.64,27.1,27.46,4626000
20150317,27.47,29.01,27.47,28.84,4347000
20150318,28.62,29.91,28.42,29.86,7560400
20150319,29.7,29.88,29.48,29.88,3387100
20150320,30.06,30.54,29.67,30.15,4575200
20150323,30.08,30.33,29.8,29.99,4347300
20150324,30.23,30.33,29.27,29.97,4970200
20150325,30.13,30.32,29.46,29.97,3068200
20150326,29.75,29.96,28.47,28.84,6471300
20150327,28.69,29.61,28.69,29.24,4436700
20150330,29.19,30.15,29.1,30.11,3351700
20150331,29.79,30.27,29.63,29.97,3711500
20150401,30.16,30.88,30.08,30.62,3110600
20150402,30.42,31.91,30.31,31.66,7321700
20150406,31.98,32.81,31.52,32.81,6758400
20150407,32.71,33.32,31.29,31.7,9710400
20150408,32.09,32.34,30.86,30.93,10925300
20150409,30.88,31.33,30.54,31.07,2890400
20150410,31.03,32.44,30.91,32.25,4646700
20150413,31.97,32.67,31.97,32.44,4565800
20150414,32.44,32.87,31.49,31.98,6938900
20150415,32.21,32.88,32,32.8,5255700
20150416,32.89,33.53,32.56,33,6308400
20150417,32.45,32.61,32.03,32.25,3301600
20150420,32.53,32.53,31.35,32.03,2340400
20150422,31.91,32.92,31.86,32.64,4229700
20150423,32.21,33.35,32.21,33.35,5181300
20150424,33.36,33.48,32.92,32.98,5405400
20150427,32.82,32.96,31.35,31.52,6696700
20150428,31.37,32.12,31.37,32,3332800
20150429,31.53,31.89,31.53,31.67,2716400
20150430,31.43,32.21,31.17,32.21,6498300
20150504,32.22,32.43,31.57,31.96,2788900
20150505,31.86,32.34,31.73,32.11,2581800
20150506,31.98,32.73,31.59,32.73,3977500
20150507,33.33,33.69,32.73,32.98,8842000
20150508,33.33,34.16,33.19,34.07,7068500
20150511,33.9,34.4,33.9,34.18,9187000
20150512,34.16,34.26,33.56,33.62,3875000
20150513,33.52,33.87,32.97,33.26,3631200
20150514,33.3,33.62,32.75,33.24,3661700
20150515,32.95,33.92,32.95,33.67,2886600
20150518,33.81,33.89,32.76,32.93,4099600
20150519,32.9,33.09,31.95,32.07,4806100
20150520,32.3,32.3,31.57,31.88,6065100
20150521,31.86,32.15,31.61,31.98,2956200
20150522,31.99,31.99,30.61,30.91,5644800
20150525,30.84,31.93,30.72,31.52,2127300
20150526,31.11,31.41,30.91,31.16,2962700
20150527,31.2,31.29,30.81,31.25,4261500
20150528,31.12,31.21,30.4,31.18,3028100
20150529,31.07,31.2,30.47,30.47,4296100
20150601,30.53,30.96,30.24,30.69,4605200
20150602,30.86,31.84,30.7,31.8,5852000
20150603,31.74,32.01,31.18,31.42,6273700
20150605,31.42,31.74,30.97,31.07,3386400
20150608,31.18,31.72,30.98,31.68,4349500
20150609,31.57,31.72,30.55,30.7,4298900
20150610,31.18,31.18,30.08,30.97,4686400
20150611,30.98,31.12,30.48,30.61,3748100
20150612,30.44,30.76,29.97,30.2,2983500
20150615,29.93,30.29,29.91,30.02,3979800
20150616,30.11,30.75,30.08,30.47,4228700
20150617,30.48,30.79,30.18,30.48,2351100
20150618,30.52,31.33,30.46,31.25,3760400
20150619,31.07,31.25,30.74,30.9,2899500
20150622,31.08,31.66,31.08,31.23,4905400
20150623,31.7,31.71,31.17,31.52,3991900
20150624,31.4,31.77,31.29,31.41,2598400
20150625,31.16,32.39,31.16,32.21,4257300
20150626,31.98,32.57,31.71,31.95,4324800
20150629,31.43,31.78,31.1,31.75,2172600
20150630,31.84,31.91,31.07,31.16,7279200
20150701,31.25,31.61,30.85,31.29,4889800
20150702,31.3,31.83,31.13,31.32,2276000
20150703,31.17,31.61,30.61,31.1,3295900
20150706,30.79,31.52,30.56,30.93,4727000
20150707,30.82,31.2,30.24,30.88,2946700
20150708,30.61,30.86,30.32,30.32,2822100
20150710,30.52,30.88,30.16,30.62,2345500
20150713,30.78,30.97,30.41,30.97,3066600
20150714,30.79,31.05,30.54,30.84,2556300
20150715,30.69,31.05,30.44,30.93,2325600
20150716,30.99,30.99,30.54,30.79,1825900
20150717,30.7,30.94,30.18,30.3,2559900
20150720,30.26,30.32,29.66,29.96,2760000
20150721,29.99,30.12,29.49,29.92,4120700
20150722,29.68,29.91,29.26,29.38,5067300
20150723,29.39,29.42,27.57,28,9668900
20150724,28.13,28.13,27.06,27.82,6786600
20150727,27.59,28.44,27.35,27.72,6680600
20150728,28.42,28.78,27.8,28.19,3750800
20150729,27.99,28.78,27.96,28.78,4215300
20150730,28.52,29.15,28.52,29.01,3682100
20150731,29.16,29.86,28.98,29.47,4349100
20150803,29.47,29.52,28.94,29.12,2113600
20150804,29.26,29.44,28.67,28.74,1820200
20150805,28.91,29,28.06,28.06,2777800
20150806,27.89,28.14,27.25,27.41,3112200
20150807,27.27,27.75,27.18,27.69,4190600
20150810,27.97,29.18,27.79,29.15,5250600
20150811,29.24,29.7,28.53,29.7,5425100
20150812,29.5,29.69,28.33,28.4,6083700
20150813,28.68,29.11,28.12,28.75,2407600
20150814,28.75,29.24,28.59,28.63,2348400
20150817,28.62,29.04,28.24,28.58,2387400
20150818,28.34,29.79,28.13,29.53,3765900
20150819,29.13,29.22,28.49,29.1,3455400
20150820,28.64,28.79,28.31,28.5,3340900
20150821,28.26,28.47,27.97,28.07,3236900
20150824,26.68,28.18,25.9,27.22,5916800
20150825,27.87,28.11,27.22,27.22,3162600
20150826,27.31,27.97,26.75,27.83,5342300
20150827,27.99,29.21,27.86,28.52,4849700
20150828,28.02,28.65,27.79,27.97,2988700
20150831,27.78,27.92,26.62,26.99,6657400
20150901,26.47,26.79,25.9,26.11,5512300
20150902,26.29,26.64,25.72,25.9,4327800
20150903,26.3,26.89,25.96,26.77,4559200
20150904,26.29,26.76,25.73,25.74,6094600
20150908,26.23,26.23,24.76,24.83,6332900
20150909,25.14,25.33,24.12,24.4,9263900
20150910,23.46,24.14,23.27,23.96,9783600
20150911,24,25.48,23.86,25.34,6715800
20150914,25.34,26.57,24.94,26.28,8924000
20150915,26.15,26.31,25.59,26.13,6645100
20150916,26.33,27.15,26.21,26.98,5111000
20150917,26.66,27.05,26.44,26.44,4013800
20150918,26.32,26.57,24.99,25.21,4531200
20150921,25.11,25.43,24.39,24.63,2661800
20150922,24.09,24.29,23.41,24.03,6888800
20150923,23.98,24.41,23.42,23.42,7243200
20150924,22.77,24.02,22.49,23.65,8508900
20150925,24.05,24.05,23.25,23.51,3659300
20150928,23.13,23.39,22.88,23.08,3816100
20150929,23.22,23.43,22.57,22.57,5058700
20150930,23.31,23.34,22.58,23.33,8589100
20151001,23.57,23.85,22.91,23.56,9759700
20151002,23.44,25.1,23.23,25.08,6113700
20151005,25.34,25.42,24.61,25.35,4732500
20151006,25.28,25.65,24.95,25.37,5040600
20151007,25.74,26.64,25.57,26.61,11040500
20151008,26.52,27.26,26.36,26.57,6497600
20151009,26.89,27.54,26.67,27.54,5746000
20151013,27.38,27.54,26.91,27.13,6395400
20151014,26.99,27.24,26.44,26.52,7971300
20151015,26.91,27.08,25.94,26.53,6480900
20151016,26.53,27.16,26.14,26.99,4059400
20151019,26.85,27.52,26.65,27.42,2287800
20151020,27.46,27.81,26.38,26.76,3522500
20151021,26.7,27.07,26.55,26.74,4314700
20151022,26.88,27.34,26.67,26.85,2948300
20151023,27.41,27.87,26.61,26.75,4183700
20151026,26.92,27.24,26.48,26.59,3344800
20151027,26.7,26.74,25.76,25.99,4073700
20151028,25.9,26.57,25.45,25.62,7501600
20151029,25.34,25.91,24.96,24.98,4361000
20151030,24.92,25.08,24.47,25.01,7519400
20151103,25.24,26.62,25.24,26.53,7318800
20151104,26.79,27.54,26.36,26.47,3750300
20151105,26.46,27.49,26.26,27.46,4542800
20151106,27.3,27.7,26.15,26.84,3403900
20151109,26.7,27.36,25.86,25.86,2484700
20151110,25.91,26.37,24.89,26.37,3048800
20151111,26.52,26.84,25.58,26.2,5666100
20151112,26.35,26.7,25.92,26.29,6190400
20151113,26.07,26.65,25.85,25.85,6529300
20151116,25.86,26.69,25.68,26.44,3394100
20151117,26.7,27.26,26.23,26.52,5041600
20151118,26.61,27.25,26.49,26.77,2245300
20151119,27.26,27.54,26.8,27.46,2807500
20151123,27.64,28.2,26.8,26.8,2704800
20151124,26.71,27.24,26.1,27.05,3246200
20151125,26.64,26.7,25.96,26.33,4865400
20151126,26.23,26.75,26.19,26.75,2143700
20151127,26.37,26.56,25.11,25.48,3441900
20151130,25.12,25.51,24.42,24.42,7531700
20151201,24.58,25.1,24.46,25.1,4448700
20151202,24.83,25.34,24.27,24.54,5621800
20151203,25.03,26.66,25.03,26.61,6331000
20151204,26.21,26.31,25.15,25.31,4555800
20151207,25.52,26.08,25.37,25.9,2599600
20151208,25.78,25.79,24.74,24.92,3693600
20151209,25.39,27.1,25.23,26.8,6371600
20151210,26.48,26.88,25.84,26.37,5414200
20151211,25.9,26.68,25.7,26.42,3457600
20151214,26.53,26.53,25.72,26.08,2947800
20151215,26.09,26.14,25.12,25.13,6567100
20151216,24.92,25.57,24.11,25.43,4977800
20151217,25.92,26.31,25.56,25.61,3909900
20151218,24.66,24.72,23.67,23.74,6661900
20151221,23.79,24.32,22.92,23.16,5812700
20151222,23.32,23.95,22.73,23,7138500
20151223,23.25,23.68,23.13,23.35,3787500
20151228,23.35,23.66,22.9,22.9,2886100
20151229,22.98,23.18,22.47,22.66,3549600
20151230,22.75,22.9,22.44,22.88,3582100
20160104,22.42,22.71,21.23,21.47,6505000
20160105,21.79,22.88,21.72,22.84,6276000
20160106,22.61,23.14,22.35,22.66,4376300
20160107,22.09,22.65,21.74,21.77,5940300
20160108,22.02,22.4,21.91,22.18,4878400
20160111,22.19,22.47,21.39,21.48,4818400
20160112,21.64,22.54,21.54,21.84,4969100
20160113,22.27,22.42,21.5,21.66,4119100
20160114,21.82,22.38,21.39,22.38,3603600
20160115,21.82,22,21.26,21.44,8038700
20160118,21.6,21.61,20.89,20.92,2733900
20160119,21.63,21.72,21,21.33,4163600
20160120,20.91,21.78,20.53,21.57,7307300
20160121,21.49,21.54,20.42,20.42,11771000
20160122,20.77,21.2,20.55,20.67,6843600
20160126,20.37,20.96,19.74,19.74,8309100
20160127,19.74,20.15,19.65,19.8,11857200
20160128,19.95,20.64,19.7,20.45,9863500
20160129,20.73,21.75,20.65,21.75,11649200
20160201,21.56,22.33,21.4,22.1,4832200
20160202,21.79,21.95,20.99,21.16,4792300
20160203,21.38,21.72,20.95,21.69,4600700
20160204,21.88,22.42,21.71,22.04,6049300
20160205,21.94,22.65,21.92,22.57,6683200
20160210,22.28,22.57,21.95,22.57,4122400
20160211,22.2,22.37,21.36,21.72,6032500
20160212,22,22,21.47,21.72,4523200
20160215,22.09,22.38,21.92,22.1,2311900
20160216,21.99,22.44,21.97,22.28,3565600
20160217,22.47,23.46,22.33,23.33,8100900
20160218,23.33,23.33,22.51,22.61,4376100
20160219,22.47,22.93,22.25,22.76,2704700
20160222,23.35,23.89,23.08,23.74,7047600
20160223,23.82,23.85,23.08,23.53,4042900
20160224,23.02,23.11,22,22.76,6563500
20160225,22.47,23.27,22.47,22.95,7303700
20160226,23.25,23.73,22.95,22.95,4191100
20160229,23.44,23.92,23.12,23.46,6126800
20160301,23.64,24.82,23.55,24.74,6961200
20160302,24.81,25.54,24.52,25.28,5980300
20160303,25.48,26.94,25.34,26.16,8569500
20160304,26.94,28.73,26.76,27.36,13672200
20160307,27.72,27.72,26.37,27.32,7208700
20160308,27.23,29.02,26.88,28.74,10022400
20160309,28.99,29.18,28.36,28.98,6227300
20160310,29.28,31.7,28.94,31.06,12471500
20160311,30.83,30.89,29.7,30.53,9960600
20160314,30.82,31.03,29.8,29.8,3797100
20160315,28.58,28.93,26.83,26.85,8094600
20160316,26.43,27.22,26.37,27.02,8313000
20160317,30.2,30.3,29.02,29.97,8824300
20160318,29.98,30.48,29.3,29.95,3523200
20160321,30.13,30.13,29.31,30.01,4406000
20160322,29.69,29.79,28.35,28.35,6193100
20160323,28.29,28.71,27.38,28.07,4128000
20160324,27.63,27.97,27.38,27.76,3804100
20160328,28.31,29.28,28.31,29.22,4212000
20160329,29.33,30.17,28.77,29.91,4507000
20160330,30.1,30.4,29.06,29.49,4872600
20160331,29.07,29.34,28.51,28.89,4661700
20160401,28.65,28.65,28.03,28.64,7314600
20160404,28.4,28.4,27.58,27.89,2994800
20160405,27.72,28.08,26.99,27.88,4959900
20160406,27.44,28.02,27.16,27.42,4444400
20160407,27.87,28.35,27.45,28.35,4400800
20160408,29.08,30.04,29,30.04,4457400
20160411,30.15,30.45,29.26,29.56,4028300
20160412,29.72,31.19,29.72,31.08,5289000
20160413,31.43,32,31.04,31.56,7451700
20160414,31.79,32.49,31.16,31.52,8091600
20160415,31.56,32.53,31.54,32.34,9659700
20160418,32.1,32.69,31.85,32.44,8214500
20160419,32.44,32.88,32.18,32.63,6906300
20160420,32.42,32.68,31.87,32.64,2325100
20160422,31.94,32.83,31.47,32.83,4714500
20160425,32.43,32.43,29.92,30.4,5780500
20160426,30.79,30.79,29.8,30.53,4279100
20160427,30.25,30.93,29.48,30.45,5814500
20160428,30.34,30.35,28.84,29.13,5662100
20160429,29.37,29.66,28.71,29.18,6449500
20160502,29.29,29.47,28.51,28.7,5219800
20160503,28.59,28.69,27.6,27.61,8533200
20160504,27.75,28.33,27.39,27.64,5022700
20160505,27.77,27.84,26.88,27.11,6398800
20160506,26.99,27.25,26.14,26.84,11034800
20160509,26.87,27.53,25.64,26.89,4837600
20160510,27.22,27.81,26.56,27.78,7385700
20160511,28.04,28.26,27.41,27.41,5977600
20160512,27.66,27.8,26.97,27.48,5934100
20160513,27.34,27.44,26.59,27.23,4153600
20160516,27.15,27.15,26.2,26.25,4584300
20160517,26.07,26.16,24.95,25.44,6939000
20160518,25.24,26.52,25.13,26.31,7691900
20160519,26.36,26.95,26.05,26.95,4757800
20160520,26.95,27.19,26.36,26.46,3398900
20160523,26.07,26.25,25.86,26.02,2955700
20160524,26.26,26.6,26.14,26.53,5221200
20160525,26.58,27.22,26.51,26.86,5853900
20160527,26.76,27.03,26.6,26.85,4444400
20160530,26.85,26.85,26.46,26.65,3184900
20160531,26.64,26.86,26.38,26.51,5564500
20160601,26.38,26.5,25.91,26.37,4974500
20160602,26.5,26.99,26.27,26.75,4168200
20160603,26.94,27.21,26.2,26.85,3340000
20160606,26.89,27.06,26.55,26.62,3832800
20160607,26.46,26.65,26.03,26.15,3369200
20160608,26.43,26.75,26.17,26.52,4857600
20160609,26.57,27.12,26.52,26.89,3545400
20160610,26.82,26.84,26.02,26.02,1704400
20160613,26.13,26.13,25.31,26.02,3688100
20160614,25.79,25.97,25.1,25.53,4491500
20160615,25.65,26.27,25.52,26.24,9473100
20160616,25.99,26.58,25.58,26.51,5969400
20160617,26.65,26.99,26.09,26.41,5618300
20160620,26.73,27.55,26.65,27.05,5493900
20160621,26.92,27.2,26.59,27.16,4731100
20160622,27.19,27.28,26.26,26.44,4474100
20160623,26.63,27.3,26.5,27.07,3084000
20160624,26.02,26.54,25.81,26,4169500
20160627,25.97,26.68,25.97,26.5,3874500
20160628,27.02,27.03,26.6,26.83,3055500
20160629,27.19,27.46,27.03,27.24,3997000
20160630,27.14,27.41,26.8,27.34,5168400
20160701,27.4,27.4,26.76,26.85,3566000
20160704,27.14,27.2,26.86,26.89,1362300
20160705,26.81,26.9,26.09,26.15,4827000
20160706,26.07,26.2,25.66,26,6123800
20160707,26.01,26.34,25.67,25.76,4826500
20160708,25.98,27.13,25.95,26.99,7283000
20160711,27.16,27.23,26.71,26.85,4000000
20160712,27.13,27.51,26.89,27.33,5515800
20160713,27.28,27.5,26.86,27.42,4807000
20160714,27.62,28.45,27.62,28.25,9302500
20160715,28.3,28.63,28.24,28.42,6386800
20160718,28.35,29.17,28.3,29.03,4797800
20160719,28.99,29.07,28.39,28.88,3179700
20160720,28.89,29.44,28.77,29.25,5321400
20160721,29.18,29.37,28.73,28.86,2540900
20160722,28.75,29.16,28.75,28.89,1980900
20160725,29.05,29.05,28.24,28.55,4373200
20160726,28.56,28.96,28.42,28.62,2607000
20160727,28.65,28.92,28.04,28.26,3265600
20160728,28.02,28.68,27.75,28.56,2142600
20160729,28.54,29.45,28.24,29.32,3442600
20160801,29.43,30,28.88,29.32,4080300
20160802,29.13,29.31,28.52,28.99,3470400
20160803,28.77,29.12,28.4,29.08,2619800
20160804,29.18,29.74,28.86,29.51,3163700
20160805,29.57,29.67,29.14,29.45,4043500
20160808,29.41,29.41,28.67,29.15,2645400
20160809,29.16,29.85,28.82,28.98,2932400
20160810,29.15,29.37,28.95,29.06,3499200
20160811,29.19,29.94,28.89,29.8,5318700
20160812,30.12,30.24,29.64,29.81,4031100
20160815,29.87,30.07,29.72,29.81,2373200
20160816,29.69,29.93,29.51,29.55,2621200
20160817,29.55,29.64,28.8,29.45,4351700
20160818,29.5,30,29.05,29.05,4571000
20160819,29.07,29.11,28.06,28.8,3464800
20160822,28.68,28.82,27.91,28.24,3134200
20160823,28.35,28.98,28.22,28.23,2830100
20160824,28.24,28.8,28.03,28.6,2343800
20160825,28.7,29.11,28.33,29.02,3490300
20160826,29.2,29.4,28.57,28.71,4004800
20160829,28.7,29.29,28.54,29,2517100
20160830,29.08,29.35,28.83,29.2,2767800
20160831,29.32,29.64,29.02,29.15,8874900
20160901,29.05,30,29.03,30,7380300
20160902,29.95,30.75,29.95,30.74,3546500
20160905,30.69,30.98,30.37,30.67,2952600
20160906,30.7,31.34,30.41,31.18,5473300
20160908,31,31.29,30.55,31.11,4091200
20160909,30.61,30.9,29.77,30.24,4319300
20160912,29.8,30.64,29.8,30.46,3046200
20160913,30,30.18,29.54,29.75,3670900
20160914,29.66,30,29.61,29.9,2360700
20160915,30,30.8,29.82,30.59,3017900
20160916,30.3,30.43,29.82,29.94,3328700
20160919,30,30.48,29.65,29.81,2547600
20160920,29.82,29.97,29.63,29.63,2579900
20160921,29.76,30.33,29.4,30.17,2747300
20160922,30.45,31.03,30.2,31.03,3130700
20160923,30.99,31.48,30.67,31.17,3190200
20160926,30.85,31.1,30.22,30.54,3581200
20160927,30.5,31.05,30.11,30.91,1973900
20160928,31,31.18,30.5,30.82,2228000
20160929,31,31.07,30.29,30.33,4128100
20160930,30.42,30.55,29.88,29.88,5192900
20161003,30.05,30.62,29.85,30.45,4317600
20161004,30.31,30.6,30.15,30.56,3676700
20161005,30.58,30.9,30,30.11,4123700
20161006,30.16,30.28,29.96,30.07,2667300
20161007,30.23,30.41,30,30.41,2995700
20161010,30.47,30.86,30.47,30.84,1897100
20161011,30.5,30.78,30.3,30.45,2823500
20161013,30.3,31.05,30.01,30.9,4358900
20161014,31,31.67,30.86,31.53,3844900
20161017,31.43,31.99,31.22,31.92,2489800
20161018,31.92,32.34,31.75,32.3,4871000
20161019,32.27,32.7,32.01,32.33,3088200
20161020,32,32.58,31.81,32.33,2606000
20161021,32.39,32.39,31.73,32.05,2361200
20161024,32.4,32.4,31.6,31.81,2270200
20161025,31.74,32.09,31.4,31.64,2049100
20161026,31.41,31.78,31.03,31.22,1765800
20161027,31.2,31.92,31.11,31.45,1558100
20161028,31.63,31.96,30.84,31.34,3001200
20161031,31.5,32.14,31.3,32.14,2989200
20161101,32.25,32.25,31.07,31.11,2464000
20161103,31.11,31.11,29.51,29.8,8483500
20161104,29.8,30.13,29.5,29.55,4604700
20161107,30.15,31.03,30,30.78,3428200
20161108,30.43,30.99,30.09,30.5,3708000
20161109,29.51,30.43,29.21,30.18,2708000
20161110,30.4,30.4,28.32,28.7,7698700
20161111,28.42,29.47,27.6,28.1,5919900
20161114,27.99,28.52,27.66,28.1,5892100
20161116,28.12,29.41,27.93,29.07,4354700
20161117,29.15,29.3,28.11,28.65,3125100
20161118,28.5,29.39,28.33,28.99,4452400
20161121,29.32,29.32,28.58,28.91,2910000
20161122,29.2,29.77,28.77,29.13,2678400
20161123,28.9,29.1,28.57,28.71,3206900
20161124,28.71,28.89,28.05,28.16,2761500
20161125,28,28.26,27.62,27.92,2205000
20161128,28.1,28.9,27.42,28.65,3334800
20161129,28.45,28.62,27.91,27.94,2966600
20161130,28.28,28.59,27.98,28.29,4635500
20161201,27.69,27.8,26.58,26.95,4518800
20161202,26.5,27.6,26.13,27.5,6448600
20161205,27.3,27.47,26.81,27,3629000
20161206,26.8,27.43,26.3,27.2,4992200
20161207,27.5,27.8,27.01,27.4,3903400
20161208,27.8,27.8,26.7,27,2708300
20161209,27.13,27.26,26.56,26.71,4411300
20161212,26.55,26.65,25.54,25.82,6633400
20161213,25.61,27.05,25.6,26.66,5432400
20161214,26.47,26.63,26.03,26.31,4360400
20161215,26.3,26.9,26.01,26.62,6127500
20161216,26.53,27.2,26.21,26.47,5177200
20161219,26.47,26.8,26.12,26.3,3695300
20161220,26.52,26.52,26.11,26.49,2785100
20161221,26.5,26.69,26.16,26.28,2728500
20161222,26.18,27.1,26.1,27.1,3629500
20161223,27.1,27.35,26.79,27.25,2576800
20161226,27.34,27.47,27.04,27.33,1446200
20161227,27.58,27.58,26.72,26.91,2821400
20161228,27.01,27.99,26.55,27.99,2265900
20161229,27.99,28.42,27.6,28.3,2377500
20170102,27.85,28.61,27.81,27.82,1035100
20170103,28.3,28.95,28.08,28.81,3355900
20170104,28.95,29.85,28.47,29.72,6728900
