<DTYYYYMMDD>,<OPEN>,<HIGH>,<LOW>,<CLOSE>,<VOL>
20100601,20.92,21.06,20.49,20.79,1937100
20100602,20.7,21.11,20.61,20.93,1614800
20100604,20.84,20.88,20.41,20.79,1693200
20100607,20.79,21.51,20.79,21.29,2221800
20100608,21.19,22.23,21.02,21.83,2413600
20100609,21.83,22.16,21.33,21.63,1847600
20100610,21.56,22.17,21.56,21.91,1778200
20100611,21.52,22.12,21.42,21.91,1391000
20100614,21.88,22.34,21.83,22.08,2203200
20100615,22.23,22.81,22.12,22.63,2227900
20100616,22.27,22.92,22.14,22.63,3491500
20100617,22.6,22.85,22.26,22.54,2491200
20100618,22.71,22.98,22.46,22.73,1996900
20100621,23.08,23.13,22.7,22.86,1508000
20100622,22.9,23.33,22.53,22.81,2192900
20100623,22.62,23.06,22.53,23.04,1377600
20100624,22.63,22.9,22.32,22.8,2766600
20100625,22.45,23.15,22.35,22.95,1974700
20100628,22.9,23.53,22.9,23.18,2398900
20100629,22.87,23.32,22.52,22.78,4140700
20100630,21.65,21.96,21.24,21.34,8405400
20100701,21.61,21.61,20.9,21.2,3317000
20100702,21.2,21.52,21.04,21.11,1670700
20100705,21.25,21.25,20.42,20.57,1538700
20100706,20.81,21.4,20.79,21.34,2529500
20100707,21.38,21.47,20.88,20.98,2372400
20100708,21.2,21.25,20.71,21.11,2935600
20100712,21.38,21.38,20.89,21.22,1859700
20100713,21.26,21.57,21.08,21.38,2421000
20100714,21.26,21.79,20.93,21.72,2509500
20100715,21.88,22.37,21.53,22.16,3421500
20100716,22.17,22.28,21.84,22.11,2139400
20100719,21.98,22.44,21.98,22.44,1457000
20100720,22.4,22.57,22.14,22.51,1910700
20100721,22.87,22.87,22.33,22.46,1265000
20100722,22.75,22.96,22.07,22.07,2427000
20100723,22.11,22.17,21.44,21.72,2908900
20100726,21.73,21.83,21.43,21.62,2422900
20100727,21.8,21.88,21.48,21.61,3022300
20100728,21.51,21.76,21.29,21.39,1694800
20100729,21.52,21.57,20.9,21.16,1914200
20100730,21.16,22.25,20.99,22.25,3291600
20100802,22.41,22.66,22.15,22.42,2207100
20100803,22.41,22.6,21.83,21.84,2665500
20100804,22.1,22.17,21.21,21.76,3217200
20100805,21.78,21.87,21.34,21.47,2010500
20100806,21.57,21.59,21.05,21.12,2217500
20100809,21.38,21.38,20.96,21.1,1526300
20100810,20.93,21.5,20.81,21.38,2304000
20100811,21.17,21.59,20.75,20.76,1555300
20100812,20.81,20.87,20.57,20.62,1692300
20100813,20.71,21.13,20.62,21.05,1368800
20100816,21.02,21.54,20.72,21.01,2690200
20100817,21.16,21.43,20.93,21.35,1888000
20100818,21.35,21.44,21.03,21.44,2619000
20100819,21.46,21.53,21.07,21.08,1982800
20100820,21.02,21.12,20.8,20.85,1690600
20100823,20.92,21.08,20.57,20.58,1648100
20100824,20.48,20.67,20.27,20.27,1960300
20100825,20.26,20.72,20.08,20.63,1669700
20100826,20.63,20.83,20.12,20.12,1999800
20100827,20.27,20.68,20.12,20.63,2188200
20100830,20.4,20.59,20.18,20.27,1397700
20100831,20.17,21.2,20.17,21.2,4797600
20100901,21.16,21.45,20.95,21.42,2733300
20100902,21.47,21.47,20.96,20.99,1617800
20100903,21.21,21.38,20.75,20.81,1341100
20100906,20.84,20.84,20.57,20.79,502400
20100908,20.58,21.05,20.57,20.95,936800
20100909,20.81,21.17,20.81,21.15,562900
20100910,21.14,21.82,21.14,21.68,1871900
20100913,21.79,22.1,21.7,22.01,1613600
20100914,21.83,22,21.45,21.8,1628300
20100915,21.61,22.24,21.52,22.24,1402600
20100916,22.07,22.28,21.98,22.28,1100300
20100917,22.07,22.33,21.87,21.96,1540200
20100920,21.8,22.33,21.8,22.13,1124300
20100921,22.01,22.33,21.94,22.22,1412000
20100922,22.01,22.51,21.75,22.19,2360200
20100923,21.98,22.87,21.93,22.62,2345900
20100924,22.62,22.85,22.01,22.25,1792500
20100927,22.24,22.73,22,22.73,1499500
20100928,22.64,22.77,22.34,22.73,1164700
20100929,22.46,22.74,22.33,22.73,1772200
20100930,22.77,23.2,22.57,23.18,2606000
20101001,23.22,23.5,22.99,23.5,2126300
20101004,23.54,23.82,23.39,23.78,1448100
20101005,23.86,23.99,23.64,23.99,1835400
20101006,23.93,23.93,23.21,23.57,2436900
20101007,23.67,23.67,22.53,22.77,3372200
20101008,22.89,22.89,22.25,22.47,7737200
20101011,22.51,22.63,22.26,22.42,1234800
20101013,22.63,22.73,22.24,22.37,3256900
20101014,22.46,22.58,22.25,22.5,1793300
20101015,22.52,22.72,22.19,22.28,2086700
20101018,22.29,22.44,22.15,22.25,1316500
20101019,22.13,22.2,21.62,21.62,2300300
20101020,21.91,21.92,21.42,21.6,2452600
20101021,21.81,22.12,21.61,22.12,1863000
20101022,22.13,22.13,21.48,21.52,2703100
20101025,21.62,21.86,21.43,21.61,1177500
20101026,21.51,22.1,21.51,22.06,1764300
20101027,21.97,22.34,21.62,22.1,956400
20101028,22.35,22.35,21.8,21.98,870500
20101029,22.13,22.22,21.83,22.22,1804200
20101101,21.98,22.31,21.88,22.06,1208500
20101103,22.06,22.42,21.96,22.28,1451900
20101104,22.51,22.73,22.14,22.42,3052200
20101105,22.42,22.49,22.2,22.49,2984500
20101108,22.46,22.73,22.25,22.6,1540100
20101109,22.66,22.91,22.53,22.91,1680800
20101110,22.66,23.17,22.66,23.14,3007600
20101111,22.96,22.96,22.51,22.69,1264000
20101112,22.51,22.85,22.33,22.63,2162400
20101116,22.41,22.84,21.74,22.6,1847200
20101117,22.36,22.64,22.24,22.24,1262500
20101118,22.51,22.59,22.34,22.42,1732800
20101119,22.37,22.48,21.97,22.3,1888200
20101122,22.08,22.27,21.97,21.97,1277400
20101123,21.96,22.14,21.52,21.52,3175200
20101124,21.92,22.61,21.61,22.61,2493900
20101125,22.51,22.72,22.25,22.42,740000
20101126,22.22,22.63,21.97,22.27,1660800
20101129,21.96,22.69,21.93,22.69,2045000
20101130,22.51,23.41,22.22,22.96,4329100
20101201,23.23,23.43,22.65,23.27,2771800
20101202,23.38,24.49,23.29,24.12,3810800
20101203,24.04,24.16,23.04,23.96,2288200
20101206,23.76,23.86,23.48,23.59,1719700
20101207,23.77,24.22,23.34,23.59,1780000
20101208,23.59,23.82,23.07,23.09,1283400
20101209,23.39,23.48,22.98,23.41,2257100
20101210,23.62,23.84,23.14,23.58,2025700
20101213,23.78,23.78,23.26,23.27,1318600
20101214,23.36,23.45,23.09,23.32,1116000
20101215,23.09,24.08,23.05,23.14,2630000
20101216,23.36,23.99,23.14,23.99,2344500
20101217,23.79,24.88,23.7,24.78,3672400
20101220,24.97,25.12,24.17,24.49,2376100
20101221,24.69,24.97,24.43,24.58,1607400
20101222,24.74,24.74,24.19,24.66,841200
20101223,24.41,24.85,24.26,24.85,866700
20101227,24.62,24.78,24.31,24.49,753100
20101228,24.35,24.91,24.28,24.79,967200
20101229,24.84,25.32,24.54,24.98,1092000
20101230,25.07,25.29,24.7,24.83,2411400
20110103,25.24,25.43,24.34,24.65,2554100
20110104,24.72,25.17,24.6,24.89,2913700
20110105,24.87,25.43,24.4,25.43,3071200
20110106,25.42,25.92,25.07,25.57,3649700
20110107,25.38,26.05,25.29,25.87,2025600
20110110,25.66,25.93,25.52,25.86,1318200
20110111,26,26.32,25.61,26.18,2408100
20110112,26.28,26.39,25.91,26.02,3018600
20110113,26.11,26.31,25.61,25.61,2218200
20110114,25.82,25.82,25.28,25.34,1620600
20110117,25.27,25.46,25.08,25.46,843700
20110118,25.6,26.73,25.57,26.49,3139100
20110119,26.57,26.75,26.2,26.2,2212200
20110120,26.03,26.66,26.03,26.38,2030100
20110121,26.49,26.59,25.52,25.61,1746100
20110124,25.51,26.08,25.48,25.93,861200
20110126,25.72,26.52,25.59,26.05,2135500
20110127,26.01,26.5,25.29,25.61,2351900
20110128,25.7,25.74,24.61,24.9,2368200
20110131,24.99,25.35,24.68,24.84,1246500
20110201,25.07,25.57,24.86,25.37,1333300
20110202,25.19,25.52,24.81,24.95,1282600
20110203,24.94,25.19,24.7,25.03,1089500
20110204,24.84,25.24,24.66,24.75,1976800
20110207,24.8,25.55,24.67,25.07,1279500
20110208,24.97,25.39,24.69,24.86,2480400
20110209,24.73,24.82,24.25,24.29,1887400
20110210,24.28,24.5,24.07,24.13,3423700
20110211,24.35,25.02,24.09,24.59,2440900
20110214,24.59,25.24,24.23,24.82,1557000
20110215,24.64,25.25,24.39,25.16,2154000
20110216,24.79,26.34,24.73,26.09,2167000
20110217,26.06,26.47,25.79,26.08,3686800
20110218,26.52,27.23,26.52,26.93,3034900
20110221,26.77,27.38,26.48,26.97,1409800
20110222,26.83,27.25,26.56,26.57,2388800
20110223,26.48,26.77,25.92,26.05,4000100
20110224,25.95,26.68,25.64,26.16,1700000
20110225,26.17,26.57,25.79,26.02,1293600
20110228,26.34,26.43,26.09,26.25,3233200
20110301,26.54,26.67,25.87,26.16,1893300
20110302,26.15,26.35,26.02,26.24,3585600
20110303,26.58,26.59,26.01,26.16,2204100
20110304,26,26.3,25.84,25.88,1741300
20110309,25.98,26.45,25.98,26.18,1199600
20110310,25.79,26.27,25.75,25.94,2081000
20110311,26.06,26.47,25.75,26.16,1950700
20110314,26.32,26.34,25.88,26.16,1577400
20110315,26.11,26.88,25.87,26.41,3714400
20110316,26.41,26.51,25.33,25.62,2643500
20110317,25.79,26.01,25.58,25.83,1327500
20110318,26.18,26.2,25.89,25.98,2039800
20110321,26.27,26.58,26.02,26.48,2353300
20110322,26.52,26.84,26.2,26.3,2062800
20110323,26.27,27.19,26.22,27.19,1557100
20110324,27.15,27.79,27.07,27.6,2575700
20110325,28.07,28.49,27.49,27.66,3603500
20110328,27.7,27.88,27.3,27.38,1131400
20110329,27.39,27.86,27.17,27.43,1603600
20110330,27.47,27.75,27.31,27.61,1558700
20110331,27.7,28.16,27.34,28,2374000
20110401,28.05,28.43,27.97,28.33,3021000
20110404,28.25,28.59,27.92,28,1440800
20110405,28.06,28.46,27.96,28.25,1233500
20110406,28.17,28.46,27.58,27.79,979700
20110407,27.89,27.9,27.23,27.29,1938900
20110408,27.38,27.67,27.05,27.07,1579300
20110411,27.17,27.55,27.12,27.16,954500
20110412,27.21,27.4,26.99,27.01,1715100
20110413,27.25,27.55,27.25,27.55,1242900
20110414,27.4,28.22,27.4,27.96,1551100
20110415,28.06,28.2,27.37,27.93,996200
20110418,28.01,28.16,27.48,28.11,993300
20110419,28.2,28.22,27.79,27.88,1568500
20110420,28.13,28.56,27.96,28.52,1961700
20110425,28.26,28.78,27.8,28.66,1714100
20110426,28.66,29.01,28.43,28.84,1779500
20110427,28.84,28.86,28.26,28.75,1439400
20110428,28.51,28.97,28.28,28.73,1833400
20110429,28.7,29.1,28.31,28.64,2808900
20110502,28.59,29.07,27.93,27.93,2946700
20110503,27.65,28.21,27.65,28.06,1877900
20110504,28.45,28.56,27.35,27.39,2664100
20110505,27.27,28.17,26.93,27.43,2080300
20110506,28.05,28.4,27.67,28.4,1889300
20110509,28.43,29,28.01,28.93,1241300
20110510,27.07,27.61,26.87,26.87,6255900
20110511,26.7,27.01,26.26,26.39,4656600
20110512,26.25,27.57,26.18,27.43,4360400
20110513,27.34,27.79,26.98,27.47,1490500
20110516,27.88,27.93,26.98,27.02,2801000
20110517,26.88,27.11,26.35,26.43,2958300
20110518,26.44,27.2,26.08,26.08,2846200
20110519,26.18,26.62,26.09,26.14,2070900
20110520,26.11,26.6,26.11,26.29,1403000
20110523,26.2,26.43,25.88,26.08,1064700
20110524,26.13,26.43,26.02,26.43,1756300
20110525,26.35,26.79,26.16,26.79,2216400
20110526,26.79,26.87,26.48,26.79,1870300
20110527,26.93,26.93,26.48,26.54,2061100
20110530,26.7,26.77,26.07,26.13,858900
20110531,26.26,26.59,26.25,26.59,5694700
20110601,26.66,26.66,26.02,26.43,3692800
20110602,26.34,26.34,25.63,25.98,3316700
20110603,25.98,26.28,25.44,25.54,4246400
20110606,25.66,25.66,24.99,25.39,3695000
20110607,25.43,25.79,25.09,25.34,4184900
20110608,25.29,25.36,23.38,23.75,13324100
20110609,22.42,23.25,22.1,22.99,18671500
20110610,23.19,23.7,22.93,22.93,3493600
20110613,23.07,23.2,21.85,21.88,4223400
20110614,22.19,22.59,21.72,22.23,3414600
20110615,22.17,23.29,22.17,22.28,4740100
20110616,22.07,22.61,21.57,22.43,1843600
20110617,22.8,22.8,22.36,22.58,1591400
20110620,22.38,23.09,22.38,22.98,2223300
20110621,23.14,23.6,22.75,23.52,3062200
20110622,23.48,23.79,23.32,23.55,3706400
20110624,23.61,23.84,23.38,23.52,1023200
20110627,23.53,23.9,23.53,23.67,2198500
20110628,23.63,23.87,23.17,23.75,1142400
20110629,23.79,24.2,23.7,24.2,1393700
20110630,24.2,24.57,24.08,24.38,2247000
20110701,24.38,25.02,24.26,24.47,1653500
20110704,24.65,24.72,24.33,24.42,546500
20110705,24.42,24.84,24.37,24.38,2194000
20110706,24.28,24.74,23.41,23.47,3581900
20110707,23.55,23.91,23.06,23.55,1547100
20110708,23.26,23.41,22.78,23.15,2299600
20110711,22.87,23.64,22.87,23.41,2459300
20110712,23.65,24.39,23.46,23.92,3579400
20110713,26.49,26.81,26.14,26.26,11323400
20110714,26.49,27.4,26.47,27.32,9207900
20110715,27.32,27.55,26.41,27.14,2974200
20110718,26.54,26.72,26.22,26.58,1969600
20110719,26.62,26.74,25.89,26.21,2524300
20110720,26.2,26.94,25.92,26.56,2345300
20110721,26.54,27.27,26.54,27.09,2600100
20110722,26.91,27.14,26.86,27.09,1563200
20110725,26.94,27.39,26.68,27.14,1945300
20110726,27.12,27.37,26.79,27.23,2126800
20110727,26.99,27.22,26.79,26.86,1916300
20110728,27.04,27.37,26.95,27.37,2464800
20110729,27.29,27.38,26.91,27.14,2298200
20110801,27.14,27.23,26.77,27,1587300
20110802,26.98,27.18,26.44,26.45,2537300
20110803,26.22,26.65,25.62,26.49,2057100
20110804,26.03,26.44,25.11,25.11,5321800
20110805,25.12,25.99,24.61,25.99,3012100
20110808,24.84,25.29,23.69,24.28,3491100
20110809,24.47,25.94,24.42,25.66,4252500
20110810,25.26,26.4,24.84,25.94,3121100
20110811,26.25,27.21,25.99,26.63,3660400
20110812,27.41,27.41,26.86,26.86,2687900
20110815,27.18,27.47,27,27.16,2639900
20110816,27.14,27.6,26.7,27.5,2942300
20110817,27.6,27.87,27.27,27.6,2619200
20110818,27.01,27.1,26.46,26.81,3119600
20110819,26.24,26.81,26.24,26.58,1980500
20110822,27.01,27.32,26.45,27,1792700
20110823,26.88,27.55,26.49,27.47,2138100
20110824,27.37,27.6,27.01,27.36,4164900
20110825,27.28,27.6,27.04,27.39,1068000
20110826,27.29,27.63,26.91,27.34,1183800
20110829,27.72,28.01,27.41,27.6,1413300
20110830,27.49,28.07,27.16,27.78,2046600
20110831,28.06,28.7,27.73,28.64,2570900
20110901,29.02,30.25,28.52,29.11,4838000
20110902,28.52,29.14,28.22,28.61,3206500
20110905,27.98,28.4,27.7,28.06,1039800
20110906,27.7,28.98,27.46,28.88,1831600
20110908,29.71,30.01,29.17,29.25,2473200
20110909,28.91,29.11,28.52,28.98,1532600
20110912,28.87,28.97,28.17,28.79,1511900
20110913,28.89,29.54,28.88,29.47,2234300
20110914,29.44,29.71,28.95,29.69,2189100
20110915,29.71,30.08,29.47,29.68,2794900
20110916,29.53,30.03,29.53,29.93,2820400
20110919,29.44,30.37,29.44,30.31,2136100
20110920,30,30.64,29.62,29.67,1562600
20110921,30.08,30.6,29.47,29.67,1779000
20110922,29.07,29.17,27.32,27.65,3752300
20110923,27.6,28.75,27.44,28.38,2197900
20110926,28.46,29.11,27.75,28.69,1653900
20110927,29.07,29.07,28.42,28.56,1915000
20110928,28.58,29.27,28.58,28.79,1289600
20110929,28.86,29.62,28.86,29.47,1260500
20110930,29.25,29.85,29.04,29.6,2952400
20111003,29.56,29.76,28.75,28.93,3450200
20111004,29.07,29.16,27.81,28.65,3910900
20111005,28.29,28.92,28.06,28.52,1387400
20111006,29.02,29.62,29.02,29.56,1792000
20111007,29.81,29.89,29.2,29.53,1469500
20111010,29.86,29.86,29.12,29.53,1655700
20111011,29.44,29.99,29.16,29.8,1365800
20111013,30.26,30.99,29.97,30.95,2338700
20111014,31.1,31.28,30.45,30.72,1594800
20111017,30.68,31.09,30.17,31.09,1256000
20111018,31.14,31.92,30.91,31.87,1872600
20111019,31.87,32.15,31.23,31.92,3109200
20111020,31.99,32.01,30.92,31,1568500
20111021,31.1,31.55,31.09,31.51,2394600
20111024,31.61,32.04,31.51,31.82,1348700
20111025,31.69,31.91,31.05,31.63,1268700
20111026,31.92,32.06,31.42,31.91,1485400
20111027,32.2,32.61,32.08,32.2,3587500
20111028,32.54,33.3,32.23,32.69,2498500
20111031,32.2,33.12,32.15,32.89,2581700
20111101,31.85,32.62,31.57,32.15,2493300
20111103,32.89,32.93,32.09,32.46,2029600
20111104,32.28,32.39,31.83,32.17,1305900
20111107,32.46,33.11,32.2,32.88,1827200
20111108,33.1,33.1,32.43,32.89,1812900
20111109,32.66,32.96,32.12,32.75,1812300
20111110,32.73,32.79,31.6,31.69,1556900
20111111,31.93,32.56,31.51,31.99,1259400
20111114,31.94,32.32,31.46,31.64,987900
20111116,31.97,31.99,31.13,31.13,1731300
20111117,31.12,31.4,30.59,30.81,2114700
20111118,31.05,31.74,30.21,30.95,1265800
20111121,30.57,31.29,30.46,31,1298900
20111122,31,31.27,30.59,31.14,1282300
20111123,31.05,31.51,30.81,31.21,1355500
20111124,31.41,31.94,30.72,31.64,435600
20111125,31.23,32.2,31.14,31.48,973300
20111128,32.02,32.51,31.74,32.1,2172700
20111129,32.11,32.47,31.43,31.64,1406700
20111130,32.38,33.12,32.01,32.47,2432600
20111201,32.98,33.58,32.56,33.53,1607500
20111202,33.94,34.18,33.03,33.44,1796000
20111205,33.5,33.78,33.37,33.78,2412800
20111206,33.78,34.68,33.49,34.5,1344500
20111207,34.5,34.86,34.13,34.82,1973400
20111208,34.86,34.86,33.74,33.94,2704200
20111209,34.08,34.68,33.76,34.38,1725600
20111212,34.3,34.53,33.72,33.73,1443500
20111213,34.14,34.4,33.94,34.31,1936500
20111214,34.27,34.27,33.2,33.2,4283600
20111215,33.31,33.78,33.12,33.59,2372300
20111216,33.76,33.9,32.64,32.84,1348700
20111219,33.09,33.46,32.85,33.07,1249200
20111220,33.34,33.35,32.8,32.93,1714000
20111221,32.92,33.17,32.25,33.02,2132700
20111222,33.25,33.35,33.12,33.35,1490000
20111223,33.35,33.9,33.34,33.67,2681800
20111226,33.78,33.85,33.45,33.45,274400
20111227,33.66,33.84,33.43,33.76,558700
20111228,33.9,33.9,32.98,33.27,871300
20111229,33.48,34.25,32.71,33.87,1579800
20120102,33.93,34.03,33.06,33.06,991100
20120103,33.27,33.61,33.2,33.46,1551700
20120104,33.56,33.73,33.21,33.73,1841800
20120105,33.72,33.92,33.24,33.92,2650100
20120106,33.85,34.04,33.58,34.03,1065500
20120109,33.93,33.93,33.1,33.38,2737600
20120110,33.39,33.44,31.99,32.08,3580700
20120111,31.99,32.22,31.22,31.88,3246700
20120112,31.94,32.59,31.94,32.08,1694000
20120113,32.04,32.6,32.04,32.55,1494700
20120116,32.64,33.1,32.64,32.88,1533200
20120117,32.57,33.09,32.25,32.3,1553200
20120118,32.22,32.87,31.71,32.84,2709400
20120119,33,33.08,32.55,32.76,1562300
20120120,32.81,33.06,32.57,32.83,1873600
20120123,32.83,32.99,32.44,32.59,1318400
20120124,32.36,32.71,32.14,32.54,2115400
20120126,32.83,32.99,32.31,32.55,3258400
20120127,32.55,32.73,32.24,32.24,1190300
20120130,32.08,32.31,31.69,32.04,3118800
20120131,32.09,32.31,31.85,32.17,3014600
20120201,32.21,33.2,32.21,32.88,3112800
20120202,32.92,33,32.13,32.45,2353700
20120203,32.27,32.77,32.04,32.23,1960800
20120206,32.32,32.41,31.68,31.77,2067800
20120207,31.86,32.04,31.24,31.45,2444300
20120208,31.48,31.51,30.59,30.59,4439300
20120209,30.59,31.06,30.09,31.01,5088300
20120210,30.87,31.6,30.69,31.48,4223700
20120213,31.6,31.8,31.37,31.62,1943000
20120214,31.71,31.71,30.97,30.97,2227600
20120215,31.28,31.92,31.24,31.8,2782500
20120216,31.71,32.45,31.29,32.45,2865200
20120217,32.55,33.53,32.44,33.44,2994900
20120222,33.1,33.1,32.34,32.84,1591800
20120223,32.66,32.97,32.06,32.32,1972000
20120224,32.27,32.71,32.17,32.46,1379600
20120227,32.27,33,32.27,32.97,1783300
20120228,32.98,33.31,32.91,32.91,1809800
20120229,32.91,33.38,32.28,33.38,2891500
20120301,33.28,33.45,33.1,33.3,2052300
20120302,33.38,33.53,32.51,32.81,2770000
20120305,32.78,32.8,32.2,32.55,2241800
20120306,32.44,32.5,31.86,32.17,2502900
20120307,32.55,32.85,32.3,32.76,2718900
20120308,33.17,33.77,33.08,33.57,1975000
20120309,33.65,34.3,33.38,33.94,3002600
20120312,33.93,34.73,33.57,34.41,2881200
20120313,34.41,35.2,34.41,34.87,2895500
20120314,34.69,35.57,34.69,35.52,1853400
20120315,35.51,35.62,35.08,35.57,1166900
20120316,35.57,35.96,35.1,35.1,1615800
20120319,35.1,35.52,34.87,35.5,1354400
20120320,35.15,35.5,34.61,34.64,1334300
20120321,34.69,34.96,34,34.21,1923100
20120322,33.94,34.48,33.81,33.99,1938000
20120323,33.34,33.73,32.56,33.38,6129100
20120326,33.62,34.64,33.62,34.49,4029100
20120327,34.59,34.83,34.24,34.55,2050300
20120328,34.31,34.81,34.13,34.46,2412500
20120329,34.46,34.8,34.27,34.59,2802800
20120330,34.59,34.59,33.45,33.48,6200600
20120402,33.48,33.99,32.87,33.49,3131700
20120403,33.75,33.88,33.29,33.29,1722800
20120404,33.04,33.34,32.74,32.74,1897200
20120405,32.91,33.12,32.5,32.56,1115200
20120409,32.36,32.9,32.27,32.45,1329600
20120410,32.27,32.43,31.97,32.22,2341500
20120411,32.35,32.55,31.71,31.9,3811600
20120412,31.91,32.71,31.71,31.87,2172400
20120413,31.86,32.11,31.12,31.48,2005200
20120416,31.29,31.87,31.29,31.71,2708200
20120417,31.8,32.37,31.71,32.37,2069000
20120418,32.23,32.55,31.44,31.85,3403800
20120419,31.71,32.37,31.64,32.37,1753200
20120420,32.47,32.89,32.29,32.5,2354200
20120423,31.53,32.24,31.53,32.08,1925700
20120424,31.8,33.2,31.68,33.16,2685600
20120425,33.16,33.35,32.67,32.96,2739100
20120426,32.92,33.38,32.36,33.29,2060200
20120427,33.38,33.43,32.85,33.33,1302600
20120430,32.77,32.77,31.86,32.41,3572700
20120502,32.17,32.31,31.49,31.51,3536700
20120503,31.52,31.9,31.38,31.64,2609100
20120504,31.64,31.76,31.34,31.65,2874700
20120507,31.9,32.03,31.2,31.61,1822600
20120508,31.2,31.62,30.66,30.84,2604200
20120509,30.59,31.08,30.42,30.84,2109500
20120510,31.02,31.6,31.02,31.43,1738700
20120511,31.21,31.62,31.17,31.48,1619000
20120514,31.16,31.33,30.65,30.87,1464700
20120515,30.74,31.22,30.22,30.31,2451100
20120516,30.69,30.85,30.22,30.68,2802600
20120517,30.69,31.78,30.18,30.31,2323500
20120518,30.31,30.59,29.85,29.94,2434500
20120521,29.93,30.56,29.85,30.45,1287500
20120522,30.45,30.84,30.03,30.5,2031700
20120523,30.5,30.55,29.48,29.8,2253800
20120524,29.8,30.18,29.1,29.69,2125500
20120525,29.75,29.78,29.34,29.43,1377800
20120528,29.72,30.54,29.51,30.49,662300
20120529,30.48,30.69,29.38,29.39,2313300
20120530,29.01,29.34,28.57,28.57,2876100
20120531,28.66,29.19,28.56,29.19,3262500
20120601,28.65,29.09,27.95,28.13,3465800
20120604,28.13,29.45,27.91,29.2,2449900
20120605,29.09,29.57,28.65,28.65,1434400
20120606,28.94,29.82,28.36,29.79,2736900
20120608,30.03,30.61,29.36,30.22,2451000
20120611,30.31,30.5,29.59,29.85,1811600
20120612,29.77,30.27,29.68,30.27,1183500
20120613,29.58,30.88,29.58,30.34,2862300
20120614,30.62,31.15,30.23,31.15,2345400
20120615,30.87,31.15,30.29,30.59,1927500
20120618,30.05,30.88,29.91,30.64,2260700
20120619,30.59,31.38,30.59,31.02,2156800
20120620,30.99,30.99,30.58,30.87,1354000
20120621,30.87,30.88,29.06,29.06,3739500
20120622,29.27,29.35,28.85,29.01,1563400
20120625,28.65,29.08,28.6,28.73,2973300
20120626,28.88,28.97,28.37,28.37,1316900
20120627,28.73,29.11,28.38,28.58,1287700
20120628,28.46,29.04,28.3,28.32,1149300
20120629,28.84,29.12,28.14,28.37,2704800
20120702,28.11,28.37,27.86,27.86,2317100
20120703,27.92,28.45,27.64,28.19,2665800
20120704,28.04,28.18,27.72,27.72,1602100
20120705,27.87,28.08,27.49,27.77,3016000
20120706,27.63,27.83,27.26,27.54,1644700
20120710,27.73,27.89,26.6,26.6,2100300
20120711,26.74,26.78,25.94,26.23,4695900
20120712,26.13,26.26,25.77,26.1,1985600
20120713,26.1,26.64,25.87,26.28,1387500
20120716,26.28,26.51,25.84,26.08,1527900
20120717,26.18,26.88,25.84,26.57,1304100
20120718,26.74,26.84,26.37,26.7,1571300
20120719,26.63,27.9,26.56,27.68,2421000
20120720,27.53,27.53,26.95,27.07,2831900
20120723,26.04,26.74,26.04,26.48,2935500
20120724,26.5,26.68,26.06,26.14,2093800
20120725,26.28,26.6,25.81,25.89,2071400
20120726,26.37,26.37,25.7,26,1840400
20120727,26,27.35,25.94,26.84,3393100
20120730,26.79,27.58,26.56,27.54,5210600
20120731,27.71,27.76,27.18,27.39,3116700
20120801,27.2,27.44,26.74,26.98,1826400
20120802,26.61,26.87,26.18,26.43,2758300
20120803,26.7,27.47,26.7,27.38,1935700
20120806,27.39,28.03,27.15,27.79,1638600
20120807,27.82,28.14,27.47,27.77,1849500
20120808,27.75,28.38,27.57,28.38,2862600
20120809,28.19,28.41,27.54,27.56,1589600
20120810,27.82,27.9,27.33,27.82,2087400
20120813,27.54,27.83,27.03,27.08,2297500
20120814,26.68,27.98,26.51,27.72,5861100
20120815,27.54,28.17,27.44,28.1,3387600
20120816,28.22,28.94,28.02,28.89,3939700
20120817,28.77,28.93,28.37,28.57,1854900
20120820,28.65,29.1,28.64,28.84,2456200
20120821,28.95,30.29,28.95,30.29,4320000
20120822,30.06,30.56,29.82,30.56,2585000
20120823,30.34,31.2,30.27,31.17,3338100
20120824,31.12,31.21,30.69,30.97,2943100
20120827,30.8,31.06,30.59,30.73,1064300
20120828,30.9,31.6,30.82,31.31,1746200
20120829,31.38,31.38,30.5,30.5,2964300
20120830,30.38,30.71,29.93,30.24,2370600
20120831,30.11,30.94,30.11,30.44,1912800
20120903,30.32,31.17,30.32,30.8,1219700
20120904,30.64,31.06,30.1,30.8,2156000
20120905,30.99,30.99,30.59,30.78,1502600
20120906,30.62,30.92,30.24,30.63,3319100
20120910,30.71,31.12,30.27,30.63,3794300
20120911,30.63,30.94,30.5,30.8,1849200
20120912,30.68,31.9,30.68,31.82,2881700
20120913,31.86,32.72,31.5,32.58,5220400
20120914,32.45,33.98,32.45,33.7,5141300
20120917,33.6,33.82,33.16,33.32,1493200
20120918,33.6,33.6,33.18,33.4,1787300
20120919,33.6,33.71,33.27,33.52,1742100
20120920,33.52,33.59,32.93,33.2,1425700
20120921,33.38,33.39,32.83,32.96,1869100
20120924,32.7,33.55,32.66,33.44,1968600
20120925,33.42,33.54,32.85,33.21,1873300
20120926,33.14,33.81,32.75,33.45,2224700
20120927,33.57,33.78,33,33.23,1748200
20120928,32.67,32.79,31.58,32.68,3946300
20121001,32.6,33.59,32.48,33.44,2221100
20121002,33.6,33.6,33.16,33.32,1257500
20121003,33.5,33.57,33.14,33.51,1279700
20121004,33.39,33.73,33.28,33.53,1393800
20121005,33.69,34.71,33.57,34.3,1883600
20121008,34.33,34.44,33.98,34.34,2142600
20121009,34.51,34.53,33.79,34.14,1309300
20121010,34.31,34.54,34.07,34.54,1422900
20121011,34.43,34.54,34.29,34.54,990600
20121015,34.55,34.72,34.25,34.72,2147200
20121016,34.72,34.94,34.58,34.77,1760600
20121017,34.77,34.79,34.35,34.64,2616500
20121018,34.82,34.82,34.18,34.72,3115800
20121019,34.72,34.9,34.25,34.55,2628200
20121022,34.21,35.17,34.21,35.1,3304900
20121023,34.99,35.13,34.82,35.1,1576000
20121024,34.92,35.51,34.75,35.47,2740800
20121025,35.39,35.91,35.31,35.49,2061000
20121026,35.3,35.3,34.79,35.19,1715600
20121029,34.91,35.12,34.55,34.98,748700
20121030,35.18,35.32,34.67,34.68,796700
20121031,34.24,34.64,34.24,34.49,2237500
20121101,34.91,34.91,34.27,34.54,1778200
20121105,34.71,35.24,34.55,35,1859000
20121106,35.14,35.36,34.69,35.1,1390200
20121107,35.36,35.36,34.84,34.99,1438400
20121108,34.83,35.09,34.37,34.68,1588200
20121109,34.67,34.85,33.79,34.15,1184100
20121112,34.33,34.53,33.92,33.98,933300
20121113,34.08,35.47,34.08,35.19,4219400
20121114,35.05,35.38,34.72,35.17,1996200
20121116,34.99,35,34.47,34.63,1405200
20121119,34.3,35.7,34.3,35.47,1916800
20121121,36.3,36.67,36.09,36.29,3930200
20121122,36.4,36.66,35.88,36.51,1266700
20121123,36.51,37.19,36.26,37,2561300
20121126,36.87,37.34,36.34,37.24,1815500
20121127,37.06,37.22,36.62,36.87,2668400
20121128,36.44,36.74,36.31,36.54,2399600
20121129,36.68,36.93,35.61,36.03,2297100
20121130,36.21,36.61,35.52,36.22,4278900
20121203,36.4,36.86,35.94,36.43,1945500
20121204,36.27,36.68,35.98,36.58,1427900
20121205,36.65,36.65,36.08,36.4,3295600
20121206,36.58,36.78,36.12,36.54,2052100
20121207,36.59,36.59,36.03,36.31,2575600
20121210,35.98,36.26,35.77,36.03,3358000
20121211,36.17,37.51,35.75,37.34,4433600
20121212,37.34,38.16,36.97,37.99,3803800
20121213,37.9,38.09,37.52,37.83,3754500
20121214,37.86,38.21,37.48,38,2416000
20121217,37.81,38.32,37.66,38.32,1797500
20121218,38.62,38.92,38.13,38.92,2111500
20121219,38.73,39.16,38.46,39.16,4519400
20121220,39.15,39.61,38.65,39.52,2534700
20121221,38.65,39.84,38.61,39.84,2062000
20121226,39.5,40.09,39.45,39.94,1547100
20121227,39.91,39.95,39.53,39.86,1789300
20121228,39.58,40.09,39.3,39.38,5606100
20130102,39.85,40.33,39.05,40.21,1746500
20130103,40.3,40.8,40.02,40.75,2675800
20130104,40.74,41.36,39.88,41.36,3990700
20130107,41.13,41.41,40.44,41.36,2135400
20130108,41.27,41.7,41.02,41.12,1356300
20130109,41.27,43,41.27,42.44,3738600
20130110,42.43,42.46,41.64,42.16,4012500
20130111,42.2,43.07,41.83,42.21,2472800
20130114,42.68,42.77,41.74,42.39,1828100
20130115,41.97,42.22,40.89,41.12,4166500
20130116,41.03,41.42,40.73,41.41,3748100
20130117,41.39,42.96,41.29,42.89,2815300
20130118,42.76,43.85,42.21,42.78,9871400
20130121,42.77,43.14,42.21,42.3,1071900
20130122,42.59,42.97,41.97,42.28,1765600
20130123,42.38,43.15,42.24,43.13,1512400
20130124,43.13,43.15,42.51,42.77,1969200
20130128,42.94,42.94,42.08,42.29,2163300
20130129,42.2,42.8,41.94,42.2,1394200
20130130,41.91,42.17,40.89,41.03,2183800
20130131,41.13,41.7,41,41.03,2434700
20130201,41.02,41.06,39.66,39.92,3149600
20130204,40.03,41.06,39.92,40.1,2234100
20130205,40.61,40.61,39.97,40.24,1976600
20130206,40.3,40.53,39.51,39.77,1542600
20130207,39.76,40.42,39.1,39.38,1506700
20130208,39.29,39.29,38.54,38.6,2146600
20130213,39.06,39.17,38.66,39.02,2926400
20130214,38.93,39.21,38.7,38.83,1087600
20130215,38.92,38.92,38.5,38.55,1526400
20130218,38.75,38.75,38.31,38.67,1491000
20130219,38.76,40,38.76,39.62,3369200
20130220,39.73,39.96,39.11,39.3,2552400
20130221,39.11,39.78,38.35,38.92,2849400
20130222,38.92,40.9,38.92,40.9,3780800
20130225,40.94,41.03,39.86,39.86,2524800
20130226,39.58,40.19,39.51,39.86,1616300
20130227,39.77,40.47,39.66,40.33,1436400
20130228,40.05,40.5,39.99,40.28,1365500
20130301,40.05,40.2,39.63,40.2,1359100
20130304,39.84,40.62,39.77,40.62,1449900
20130305,41.14,41.88,40.79,41.38,3678800
20130306,41.74,41.81,40.66,41.13,2293200
20130307,41.38,42.44,41.11,41.88,1979400
20130308,41.69,42.47,41.47,42.21,2002700
20130311,41.69,41.93,40.23,40.39,3737100
20130312,39.72,41.2,39.08,40.83,2712600
20130313,40.8,41.27,40.33,40.47,1566500
20130314,40.47,41.22,40.4,40.57,1837900
20130315,40.63,41.01,39.45,40.99,4222400
20130318,40.52,40.82,40.05,40.55,2750700
20130319,40.58,40.89,39.83,40.33,1806300
20130320,40.19,40.59,40.09,40.47,1102000
20130321,40.5,40.65,40.09,40.57,1646100
20130322,40.42,40.7,40.16,40.51,1595500
20130325,40.75,41.18,40.24,40.6,1477700
20130326,40.85,41.78,40.52,41.78,1371100
20130327,41.33,41.88,41.12,41.73,1351300
20130328,41.69,42.09,41.21,41.83,1876700
20130401,41.83,43.15,41.46,43.04,1592700
20130402,43.14,43.67,42.31,42.68,1617600
20130403,42.44,42.82,41.72,42.58,1499400
20130404,42.51,42.57,41.89,42.19,1161100
20130405,42.09,42.16,40.76,41.75,2442900
20130408,41.75,42.96,41.37,42.96,1786400
20130409,43.02,43.33,42.08,42.34,2395900
20130410,42.68,43.44,42.39,42.39,2297400
20130411,42.68,43.98,42.68,43.98,3046700
20130412,43.77,44.46,42.9,43.3,1763300
20130415,42.92,43.66,42.58,42.72,2135200
20130416,43.04,43.51,42.68,43.33,1575600
20130417,42.72,43.33,42.68,43.33,2448800
20130418,43.16,45.31,42.96,44.93,2902300
20130419,45.3,45.83,44.84,45.4,1684200
20130422,45.08,45.69,44.61,45.54,788600
20130423,45.17,45.91,45.12,45.83,1033100
20130424,45.51,46.17,44.98,44.98,1258200
20130425,45.26,46.08,44.98,45.57,1290400
20130426,45.34,45.76,44.66,44.82,1562500
20130429,44.79,45.15,44.28,44.99,1419400
20130430,46.36,46.74,45.67,46.48,4662800
20130502,46.67,46.94,46.01,46.29,1654100
20130503,46.38,46.48,45.54,45.62,3024700
20130506,45.97,46.56,45.62,46.2,2196600
20130507,45.99,46.76,45.64,45.74,2635500
20130508,45.54,46.01,45.45,45.73,2470400
20130509,45.81,46.53,45.74,46.38,2727900
20130510,46.01,47.2,46.01,46.68,1790200
20130513,46.48,46.57,45.84,45.84,1369700
20130514,45.84,47.03,45.84,46.85,1997000
20130515,46.85,47.04,46.17,46.39,1133200
20130516,46.25,46.85,46.2,46.38,1570500
20130517,46.53,46.81,46.09,46.76,1132500
20130520,46.76,46.83,46.21,46.69,1037400
20130521,46.69,46.69,46.21,46.57,890900
20130522,46.57,46.57,45.37,45.73,1856900
20130523,45.37,45.93,44.93,45.73,2164000
20130524,45.74,46.38,45.6,46.38,2820900
20130527,46.37,46.52,46.07,46.18,515400
20130528,46.23,46.76,46.12,46.29,1753200
20130529,46.01,47.16,45.76,46.67,1901100
20130531,46.61,47.08,45.95,46.87,2689200
20130603,46.86,46.94,46.08,46.54,1572700
20130604,46.53,46.75,46.01,46.53,1592300
20130605,46.02,46.14,45.29,46.08,1869100
20130606,46.01,46.01,45.19,45.66,1586200
20130607,45.18,46.66,45.18,45.91,1967400
20130610,46.01,46.01,44.93,45.23,2706400
20130611,44.55,44.86,43.99,44.13,2454300
20130612,44.28,44.3,43.63,43.76,2228600
20130613,43.62,43.91,43.29,43.38,1903800
20130614,43.38,43.85,43,43.29,2392500
20130617,43.44,44.03,43.16,43.2,1474200
20130618,42.87,43.89,42.77,43.65,1554900
20130619,43.51,43.69,42.47,42.72,1378800
20130620,42.21,43.98,41.69,43.82,3797400
20130621,43.24,44.41,43.17,44.15,2697500
20130624,44.6,44.6,43.14,43.94,2601400
20130625,44.32,44.33,43.15,43.94,2463700
20130626,43.86,45.1,43.8,44.79,3257300
20130627,44.91,45.99,44.91,45.09,2399800
20130628,45.07,45.91,44.68,45.49,3871700
20130701,45.92,46.6,45.41,45.64,2686400
20130702,45.46,46.15,44.61,44.79,2235900
20130703,44.51,45.8,44.23,44.23,1644100
20130704,44.59,45.3,44.3,44.79,996700
20130705,44.84,45.5,44.18,45.22,1841700
20130708,45.45,45.5,44.7,44.98,1396800
20130710,44.74,46.2,44.6,45.15,1551400
20130711,45.75,46.09,45.3,45.74,1955000
20130712,45.66,46.38,45.05,45.49,1696300
20130715,45.79,46.29,45.17,45.31,1710000
20130716,45.71,45.71,44.94,45.5,1013800
20130717,45.52,45.92,45.09,45.67,1388300
20130718,45.27,45.74,45.14,45.44,1333100
20130719,45.18,45.74,45.12,45.74,1030900
20130722,45.65,46.12,45.38,45.83,1816500
20130723,45.79,46.29,45.56,45.74,1317700
20130724,46.01,46.01,44.89,45.4,1760400
20130725,45.09,46.21,44.95,45.96,1024400
20130726,45.73,45.96,45.17,45.54,1464700
20130729,45.53,46.41,45.05,45.98,2150300
20130730,46.2,46.55,45.68,46.55,1887400
20130731,46.19,46.53,45.79,46.02,2067900
20130801,46.54,47.15,46.03,47.05,2181700
20130802,46.92,48.14,46.71,47.54,3557900
20130805,47.63,47.72,46.99,47.25,1575400
20130806,47.32,47.33,45.87,46.12,2852700
20130807,45.93,46.33,45.62,45.91,1548400
20130808,46.27,47.14,45.7,46.77,2101700
20130809,47.1,47.97,46.92,47.82,2345200
20130812,48.57,49.24,48.03,48.45,3248900
20130813,48.44,49.34,48.26,49.34,1861200
20130814,49.38,51.33,49.38,51,7748400
20130815,50.48,53.24,50.48,52.65,6417800
20130816,52.75,53.5,52.33,53,3119700
20130819,52.63,53.74,51.93,53.7,2369300
20130820,53.69,53.69,52.48,52.84,1716600
20130821,52.65,52.81,51.03,51.46,2950100
20130822,52.04,52.04,50.31,51.14,4790100
20130823,50.86,51.47,50.34,51.16,1316900
20130826,51.23,51.5,50.59,50.92,887000
20130827,50.57,51.03,49.94,50.16,2410000
20130828,49.96,50.46,49.63,50.31,1437300
20130829,50.19,51.42,50.13,50.86,1417800
20130830,51.04,52.28,50.43,52.28,4766100
20130902,53.21,53.51,52.31,52.71,1416600
20130903,52.29,52.98,51.41,51.48,1949000
20130904,51.32,52.93,50.92,52.73,2081200
20130905,52.81,53.21,52.31,53.03,1660600
20130906,53.22,53.97,52.97,53.5,1814000
20130909,53.5,55.69,53.5,55.36,2755300
20130910,55.36,56.18,54.59,55.07,2787400
20130911,54.93,55.97,54.83,55.84,1829200
20130912,55.87,56.06,53.95,53.95,2439500
20130913,54.16,54.45,53.93,54.31,1200400
20130916,54.43,55.73,54.03,54.36,1179600
20130917,54.46,54.46,53.29,53.89,2566800
20130918,53.88,54.84,53.46,54.38,2098500
20130919,54.74,55.04,53.45,54.69,2259500
20130920,54.61,54.91,53.45,53.51,1816400
20130923,53.58,54.16,52.96,53.38,1318200
20130924,53.67,53.91,52.54,53.34,1530900
20130925,53.23,53.82,52.47,52.88,2211000
20130926,52.97,53.39,52.69,53.07,1955200
20130927,53.2,53.21,52.24,52.51,2180900
20130930,52.32,52.51,51.14,51.14,3661800
20131001,51.52,52.18,51.22,52.18,1938500
20131002,51.97,52.51,51.65,52.16,1406900
20131003,52.14,52.29,50.22,50.67,2754500
20131004,50.63,51.81,50.19,51.81,1859900
20131007,51.6,52.01,50.94,52.01,1692000
20131008,52.06,52.06,51.25,51.38,1423000
20131009,51.78,51.92,50.95,51.56,1593000
20131010,51.86,52.46,50.86,52.46,2886700
20131011,52.32,52.89,51.67,52.89,1300500
20131014,52.83,52.86,52.28,52.58,1970400
20131015,52.69,52.87,51.65,52.04,2634300
20131016,51.94,52.24,50.96,51.61,2407100
20131017,51.46,52.27,51.44,51.8,1238400
20131018,51.9,52.08,51.14,51.79,1906300
20131021,51.79,52.52,51.4,52.47,977700
20131022,52.46,53.48,52.32,53.22,2032800
20131023,53.31,53.37,52.37,52.47,1635300
20131024,52.48,53.06,51.85,52.51,1450400
20131025,52.56,52.68,51.82,52.18,974300
20131028,51.96,51.99,49.91,50.2,4851900
20131029,50.52,50.57,48.47,48.55,5070000
20131030,48.76,49.78,48.05,49.62,2676800
20131031,49.79,50.17,48.97,49.81,2242800
20131101,49.24,49.74,48.8,49.35,2172500
20131104,49.07,49.61,48.41,49.15,1289700
20131105,48.94,50.19,48.68,49.71,1686600
20131106,49.39,50.88,49.28,50.32,4779300
20131107,50.19,51.09,49.89,50,1766600
20131108,49.76,50.56,49.61,50.05,1844800
20131111,50.2,50.39,49.92,50.03,1460700
20131112,50.12,50.45,49.69,50.19,2834200
20131113,50.18,50.18,49.29,49.62,2076600
20131114,49.65,50.19,49.55,49.78,1660600
20131118,49.52,49.94,49.43,49.53,2670900
20131119,49.35,49.79,49.14,49.41,2803300
20131121,49.1,49.21,48.64,48.87,2432300
20131122,48.58,49.42,48.39,48.69,771000
20131125,48.7,48.99,48.16,48.34,1024400
20131126,48.14,48.66,47.92,48.16,1339400
20131127,48.16,48.51,47.97,48.12,1293200
20131128,48.31,48.36,47.82,47.86,1384100
20131129,48.1,48.96,47.83,48.4,1400300
20131202,48.2,48.83,47.93,48.45,1167600
20131203,48.17,48.17,47.35,47.63,1392600
20131204,47.91,47.91,46.72,46.72,1918100
20131205,47.05,47.44,46.73,46.84,2955800
20131206,47.2,47.29,46.63,46.63,1100800
20131209,46.63,48.34,46.62,47.96,1820100
20131210,47.82,47.82,47.24,47.62,1265900
20131211,47.88,47.88,47.03,47.27,977500
20131212,47.35,47.35,46.78,47.11,1311700
20131213,47.11,47.27,46.5,46.73,1378600
20131216,46.59,46.89,46.21,46.45,1435900
20131217,46.42,46.63,46.21,46.38,1526800
20131218,46.64,46.82,45.98,46.17,2061300
20131219,46.2,47.12,46.09,46.32,1448900
20131220,46.22,46.92,45.98,46.02,1659700
20131223,46.26,46.48,45.85,45.99,1278200
20131226,45.7,46.11,45.46,45.62,974600
20131227,45.54,45.85,45.5,45.85,648800
20131230,45.74,46.68,45.57,46.64,2054200
20140102,46.75,47.03,46.13,46.35,2079600
20140103,46.35,46.78,45.06,45.06,6119500
20140106,45.08,45.88,44.9,45.13,1768200
20140107,45,46.03,45,45.37,2196300
20140108,45.13,45.31,43.75,43.84,6737800
20140109,43.6,43.73,42.5,42.6,4332500
20140110,42.83,43.39,42.02,42.03,2769800
20140113,42.35,42.94,42.1,42.45,1530400
20140114,42.46,43.41,42.18,42.79,1408600
20140115,42.82,43.17,42.43,42.7,1571500
20140116,42.79,42.9,41.4,41.4,2762200
20140117,41.62,41.67,41.07,41.24,2179500
20140120,41.23,41.5,40.72,40.72,1185800
20140121,41.05,41.34,40.12,40.29,1914500
20140122,40.53,41.64,40.33,41.51,3627400
20140123,41.33,42.32,40.96,41.69,5248900
20140124,41.64,41.64,40.68,41.47,2955700
20140127,41.47,42.01,41.46,41.46,3087200
20140128,41.69,42.01,41.31,41.31,3028500
20140129,41.17,42.16,40.96,41.69,2400800
20140130,41.59,42.37,41.21,41.31,1340000
20140131,40.93,41.46,40.14,41.3,3075500
20140203,41.17,41.17,39.32,39.32,2866200
20140204,39.36,40.14,39.04,39.92,1902600
20140205,39.63,40.41,39.14,39.42,2136600
20140206,39.67,40.53,38.7,39.71,2342700
20140207,39.92,40.47,39.16,39.73,2311000
20140210,39.74,39.75,39.11,39.18,2049100
20140211,39.27,39.39,38.29,39.11,3472500
20140212,39.3,39.44,38.9,38.92,1660900
20140213,38.92,38.92,38.21,38.67,2611600
20140214,38.67,39.13,38.35,39.06,845300
20140217,39.06,39.32,38.49,38.49,628500
20140218,38.3,39.17,38.2,38.2,3935200
20140219,38.01,39.14,37.53,39.14,2826700
20140220,38.78,39.52,38.63,39.02,2062300
20140221,39.02,39.3,38.39,38.45,1701600
20140224,38.29,38.65,38.03,38.33,2041800
20140225,38.25,38.52,38.12,38.26,2278600
20140226,38.2,38.54,38.2,38.25,2729300
20140227,38.59,39.37,38.41,39.06,1502400
20140228,38.75,41.27,38.59,40.99,8713800
20140305,41.88,43.02,41.45,42.69,2925800
20140306,42.98,42.98,42.11,42.26,4005600
20140307,42.26,42.84,41.79,41.8,3729800
20140310,41.56,41.91,41.51,41.91,4437700
20140311,42.35,42.35,41.57,41.86,2934500
20140312,41.45,41.9,41.45,41.78,3711300
20140313,41.83,42.2,41.26,41.37,3718700
20140314,41.55,42.46,41.29,41.83,2074900
20140317,41.63,42.27,41.63,41.93,2775500
20140318,41.93,42.5,41.75,42.37,3219900
20140319,42.5,42.55,41.85,41.85,1763300
20140320,41.84,42.27,41.51,41.76,2721600
20140321,41.38,42.49,41.38,42.03,2998100
20140324,42.3,42.38,41.85,42,2923500
20140325,42.22,42.41,41.76,42.17,1974600
20140326,42.37,43.22,42.23,42.51,1605800
20140327,42.78,44.49,42.76,44.41,3838400
20140328,44.6,45.02,43.17,43.17,3159600
20140331,43.4,43.55,42.85,43.27,3750500
20140401,43.44,43.69,43.16,43.41,1601900
20140402,43.41,44.46,43.37,44.27,3499300
20140403,44.32,44.66,43.92,44.06,1970500
20140404,44.89,45.09,43.84,43.89,2861200
20140407,44.32,44.6,44,44.46,2488700
20140408,45.19,45.19,44.03,44.84,4021500
20140409,44.4,45.88,44.25,45.38,2535400
20140410,45.38,45.85,45.1,45.33,2538400
20140411,45.27,46.81,44.73,46.61,4798900
20140414,46.3,47.07,45.99,46.8,2204600
20140415,46.71,46.71,45.11,45.76,2122700
20140416,46,46.94,45.85,46.6,2034000
20140417,46.61,47.35,46.61,46.83,1708500
20140422,47.33,47.76,46.78,46.78,1974600
20140423,46.57,46.9,46.21,46.42,1543000
20140424,46.79,46.79,45.76,46.4,994700
20140425,45.97,46.65,45.88,46.31,1292100
20140428,46.1,46.81,46.02,46.45,1240000
20140429,46.99,48.36,46.8,47.76,2561100
20140430,47.57,48.23,47.37,48.23,3155000
20140502,48.23,48.69,47.56,48.27,4095700
20140505,48.42,49.43,48.03,49.01,2240600
20140506,48.71,49.62,48.69,49.26,2176700
20140507,49.42,49.61,48.97,49.33,2021700
20140508,49.57,49.57,48.78,49.19,1002000
20140509,49.19,49.73,48.94,49.52,1258800
20140512,49.67,50.06,49.52,49.81,1357500
20140513,49.86,50.11,49.47,49.57,1803700
20140514,49.67,50.13,49.65,49.86,1828600
20140515,49.52,49.74,49.26,49.53,1422000
20140516,49.53,50.1,49.39,49.67,1221700
20140519,49.86,49.86,48.36,48.38,2138100
20140520,49.09,49.46,47.4,47.7,2743400
20140521,47.71,48.22,47.29,47.38,2047400
20140522,47.28,48.51,47.27,48.38,1192200
20140523,48.52,48.52,47.57,47.57,1841900
20140526,47.34,48.43,47.34,48.23,561000
20140527,48.02,48.43,47.32,47.32,1413300
20140528,47.32,47.92,46.95,47.55,1296100
20140529,47.57,47.75,46.61,46.71,1060600
20140530,46.21,46.67,45.88,46.05,2393300
20140602,46.14,46.98,46.06,46.71,1219500
20140603,46.79,49.38,46.65,48.24,2953700
20140604,48.28,48.51,47.86,48.25,1133000
20140605,48.24,48.88,47.82,47.92,1165300
20140606,49.48,49.48,48.61,48.9,1992400
20140609,48.72,50.15,48.69,49.71,2148100
20140610,49.81,50.34,49.74,50.31,2247300
20140611,50.81,51.39,50.05,50.43,2580500
20140613,50.62,50.72,49.81,49.95,1342200
20140616,49.95,50.58,49.85,50.38,1607400
20140617,50.38,50.6,50.12,50.29,802400
20140618,50.34,50.58,50.03,50.47,1927700
20140620,50.33,50.67,50.06,50.48,1385900
20140623,50.47,50.47,49.53,49.89,1118500
20140624,49.77,51.1,49.3,50.81,1329900
20140625,50.44,51.46,50.34,50.62,3165700
20140626,50.43,50.52,49.7,49.84,2194600
20140627,49.67,50.9,49.51,50.86,3706900
20140630,50.63,51.3,50.04,51.01,1492500
20140701,51.45,51.69,50.85,50.99,843100
20140702,50.99,51.38,50.49,51.36,1369200
20140703,50.97,52.37,50.78,52.37,1820100
20140704,52.31,52.85,51.84,52.72,387900
20140707,52.38,52.65,51.89,52.22,1367700
20140708,51.97,52.54,51.79,52.28,876200
20140710,52.85,52.94,52.32,52.85,1883400
20140711,53.06,53.31,52.73,52.99,2312200
20140714,53.43,53.76,52.66,53.42,1838700
20140715,53.12,53.74,53.09,53.38,1584300
20140716,53.6,53.99,53.13,53.71,1691000
20140717,53.7,54.28,53.23,53.91,1289100
20140718,55.15,55.54,54.7,54.7,1928600
20140721,54.85,55.77,54.57,55.77,1319500
20140722,55.89,56.27,55.67,56.22,1756700
20140723,55.79,55.97,54.74,54.87,2071000
20140724,54.99,55.69,54.68,55.48,1766700
20140725,54.91,55.46,54.87,55.21,1155500
20140728,55.49,55.66,54.94,55.4,1624400
20140729,54.89,55.51,54.68,54.68,1380000
20140730,54.86,55.57,54.35,54.68,827300
20140731,54.52,54.52,52.97,53.43,2022300
20140801,53.91,55.3,53.66,55.11,2019200
20140804,55.11,55.78,54.77,55.51,1191900
20140805,54.98,56.39,54.98,56.05,1543600
20140806,56.05,56.12,54.88,55.51,1515500
20140807,55.95,56.07,55.16,55.37,1155000
20140808,55.14,55.54,54.22,54.87,1397400
20140811,55.25,56.31,55.14,56.22,1846800
20140812,55.88,56.59,55.88,56.12,1285900
20140813,56.52,56.7,54.92,55.79,2078000
20140814,55.36,56.6,55.36,56.26,1145000
20140815,54.87,55.6,54.41,55.3,4911300
20140818,55.57,56.02,55.45,55.69,3164500
20140819,55.46,55.56,54.94,55.21,3211400
20140820,55.51,55.51,54.87,55.16,2142200
20140821,55.16,55.73,54.92,55.59,1437600
20140822,55.5,55.87,54.78,55.3,1033300
20140825,55.83,56.9,55.48,56.72,1466900
20140826,56.85,57.89,56.46,57.44,1917700
20140827,57.85,58.22,56.93,57.57,1605400
20140828,57.09,57.83,56.83,56.83,1559600
20140829,57.28,57.76,56.39,57.66,2048800
20140901,58.35,58.45,56.64,56.64,873800
20140902,56.8,57.37,55.67,57.31,1121600
20140903,57.7,58.29,57.38,58.14,1429000
20140904,57.76,58.14,57.06,57.49,1671000
20140905,57.56,57.83,56.37,57.28,1491900
20140908,57.6,58.14,55.67,56.06,2211100
20140909,54.87,56.45,54.77,55.54,2433000
20140910,55.26,56.21,54.78,56.21,1541800
20140911,56.32,56.8,55.64,56.14,1317400
20140912,55.4,55.63,54.28,55.01,2862800
20140915,54.87,55.52,54.55,55.22,1363500
20140916,55.29,57.01,55.25,55.73,1940800
20140917,55.91,56.01,55.13,55.2,1683800
20140918,54.86,56.49,54.86,55.9,2465900
20140919,55.2,56.7,54.44,55.18,2705500
20140922,54.41,54.95,53.57,54.95,1407100
20140923,54.4,55.61,54.31,55.46,1730300
20140924,54.94,55.09,54.4,54.79,2552900
20140925,54.63,54.7,54.02,54.44,2115900
20140926,55.15,56.81,55.06,56.17,2250300
20140929,54.18,56.2,54.12,55.88,2608800
20140930,55.16,56.36,55.01,56.06,4103500
20141001,55.25,56.62,55.24,56.55,4026200
20141002,56.55,57.56,55.5,57.06,2640000
20141003,57.18,57.94,56.66,57.52,1989300
20141006,59.68,60.2,57.66,58.51,4360200
20141007,58.99,59.68,58.12,58.27,3079300
20141008,59.29,59.47,58.3,58.77,3801600
20141009,59.35,60.26,59.32,59.5,3609500
20141010,59.43,59.97,58.45,58.45,1564800
20141013,59.43,60.64,58.61,59.16,2565400
20141014,59.49,59.63,58.86,59.04,2000000
20141015,58.16,59.26,56.9,58.65,2410800
20141016,57.28,58.31,55.84,56.67,2626500
20141017,57.6,58.17,56.8,58,2700500
20141020,57.54,58.05,56.8,57.27,1804500
20141021,55.64,57.09,54.87,55.14,3433500
20141022,54.88,57.02,54.79,56.59,2177600
20141023,56.23,56.23,54.54,55.37,3608100
20141024,55.24,56.89,54.4,55.06,2773100
20141027,53.47,55.96,53.35,55,5033400
20141028,55.41,57.28,54.48,56.9,2696500
20141029,56.91,58.31,56.43,57.28,2303400
20141030,57.28,58.99,57.28,58.99,2787500
20141031,59.74,62.08,59.74,62.08,3659400
20141103,62.19,62.36,60.41,61.68,2312900
20141104,61.68,63,60.71,62.85,2437500
20141105,62.23,62.84,61.8,62.48,1290300
20141106,62.1,62.78,60.85,62.57,1695300
20141107,62.95,62.99,62.16,62.63,2045100
20141110,63,63.2,62,62,1468700
20141111,61.75,62.13,61.22,61.8,1837300
20141112,61.52,62.85,60.86,62.48,1562500
20141113,62.14,62.57,60.99,60.99,1390200
20141114,60.99,62.66,60.39,62.66,1584900
20141117,62.57,63.05,61.88,62.3,1088400
20141118,62.56,63.03,62.25,62.95,1699500
20141119,63.05,65.09,63,65.09,3079400
20141121,64.88,65.83,63.75,65.32,4577900
20141124,66.57,66.57,64.05,64.69,2732200
20141125,65.46,65.84,63.89,63.93,2640700
20141126,64.47,65.07,63.33,63.53,1958500
20141127,63.68,64.35,63.25,63.4,2261500
20141128,63.48,64.96,63.46,63.92,2322500
20141201,63.27,63.84,61.83,62.96,3255300
20141202,62.53,62.73,61.19,61.8,3089800
20141203,62.43,62.89,61.82,62.57,1391900
20141204,63,63.2,60.31,61.03,2201000
20141205,61.02,61.64,60.21,60.55,1222300
20141208,60.46,61.55,59.3,59.68,2193000
20141209,59.67,60.74,58.27,59.06,2111900
20141210,58.72,59.44,57.9,58.37,1432100
20141211,58,59.46,57.19,58.13,2236700
20141212,57.73,58.59,56.41,56.46,2767800
20141215,56.81,57.25,54.1,55.35,2944900
20141216,54.2,57.02,53.71,56.84,4186200
20141217,57.57,60.12,57.32,59.68,4676700
20141218,60.1,60.1,58.48,59.2,2099200
20141219,60.97,61.99,59.92,61.99,3975600
20141222,61.98,61.99,60.16,61.21,1549000
20141223,61.02,61.55,60.28,61.45,2401300
20141226,61.45,61.46,60.12,60.55,772500
20141229,60.52,62.1,59.98,61.45,977300
20141230,61.75,61.86,60.41,61.07,3805600
20150102,60.13,62.4,59.13,60.3,3769200
20150105,59.74,60.6,58.7,59.16,2193300
20150106,59.48,60.34,58.88,59.69,3245800
20150107,59.93,62.7,59.93,62.36,2742600
20150108,62.65,62.84,60.95,61.24,1833700
20150109,61.1,61.14,59.17,59.91,2178600
20150112,59.16,60.73,59.16,60.41,1759800
20150113,60.81,61.1,58.56,58.9,1921200
20150114,58.69,60.66,58.69,59.91,1707800
20150115,59.93,61.3,59.64,60.21,2573300
20150116,60.21,61.86,60.21,61.68,1696100
20150119,61.29,62.55,60.32,61.28,1705700
20150120,62.07,62.13,58.61,58.97,3128700
20150121,59.59,60.18,58.93,60.16,2609900
20150122,60.59,61.84,59.64,60.23,2386600
20150123,59.72,60.56,59.39,59.79,1625200
20150126,59.07,60.79,59.07,60.42,1855400
20150127,59.95,60.77,59.07,60.53,2514400
20150128,59.93,61.35,59.71,60.8,3369400
20150129,60.71,61.53,60.14,61,2862800
20150130,60.32,62.44,59.91,62.44,4513600
20150202,62.67,62.84,61.97,62.26,2876800
20150203,62.65,63.17,62.47,62.82,2502700
20150204,62.82,63.46,62.23,63.04,2554300
20150205,62.79,63.49,62.79,63.04,1746200
20150206,62.84,63.04,61.84,62.65,2626500
20150209,62.74,63.16,62.12,62.65,2522700
20150210,62.55,63.43,62.39,62.75,2407300
20150211,62.75,63.08,61.33,61.33,2181700
20150212,62.07,62.82,61.87,62.12,1577600
20150213,62.31,62.47,61.58,62.06,1349800
20150218,62.86,63.6,62.5,62.86,2466500
20150219,63.04,64.16,62.42,64,1513400
20150220,64.01,64.02,62.17,63.62,1594200
20150223,63.44,64.37,63.43,64.29,1447700
20150224,63.84,64.68,63.76,64.68,1797900
20150225,64.4,64.44,63.87,64.4,1499200
20150226,64.73,65,63.72,64.98,2183300
20150227,65.66,65.93,62.38,62.48,5197800
20150302,62.55,62.55,61.59,61.97,1759800
20150303,62.11,62.72,62.1,62.46,2343400
20150304,61.73,62.18,60.13,60.81,4788400
20150305,61.07,61.94,61.07,61.77,1810800
20150306,61.72,61.99,61.1,61.4,1835200
20150309,61.09,61.55,60.61,61.49,1811200
20150310,60.42,61.51,60.42,60.54,2115300
20150311,60.27,60.62,59.21,60.41,3077400
20150312,61,61.24,60.68,60.68,1592100
20150313,59.46,60.71,59.31,60.48,2466600
20150316,60.61,61.26,60.22,60.22,1608600
20150317,59.91,61.29,59.89,61,2164300
20150318,60.99,62.5,60.66,62.02,2499300
20150319,62.2,62.2,61.34,62.04,1546000
20150320,62.55,63.48,61.83,61.83,2570000
20150323,62.07,62.34,60.9,61.1,1873600
20150324,60.9,61.96,60.61,61.19,1806500
20150325,61.71,62.53,61.58,61.77,1767400
20150326,61.31,61.56,60.48,60.98,2001200
20150327,60.55,61.9,60.14,61.37,1851600
20150330,60.14,61.14,59.64,61.1,1684700
20150331,60.68,61.66,60.27,61.39,2436600
20150401,61.44,62.94,61.19,61.45,3086800
20150402,61.87,62.26,61.44,61.53,2435600
20150406,61.95,63.12,61.7,62.55,1632600
20150407,62.49,63.05,62.24,62.75,1307300
20150408,63.13,63.62,62.39,63.05,3003900
20150409,63.21,63.72,62.85,63.28,2377300
20150410,63.28,63.28,61.51,62.02,3208400
20150413,61.85,62.07,60.99,61.52,2110200
20150414,61.94,61.94,60.54,61.05,1751300
20150415,61.46,61.57,60.8,60.97,1733600
20150416,60.61,61.4,60.15,61.22,1536100
20150417,60.44,60.97,59.87,60.13,1313900
20150420,60.05,60.65,59.48,59.91,964600
20150422,60.22,60.67,59.31,59.84,1961700
20150423,59.59,60.88,59.34,60.42,1409700
20150424,60.85,61.08,58.88,59.17,1596400
20150427,59.33,59.55,58.16,58.54,2630900
20150428,58.58,58.59,57.68,57.95,3488100
20150429,61.58,63.39,60.45,63.15,6571900
20150430,63.19,64.01,62.45,62.46,5574300
20150504,63.04,63.9,62.65,62.79,3423000
20150505,62.36,63.01,62.27,62.55,1733400
20150506,62.12,62.55,61.63,61.87,1559600
20150507,62.52,62.53,61.39,61.98,788400
20150508,62.48,62.84,61.51,62.65,1656700
20150511,62.97,63.61,62.92,63.12,2928600
20150512,62.6,63.53,62.27,62.34,1648100
20150513,62.47,62.56,61.41,62.14,1362300
20150514,62.46,63.08,62.13,62.89,1263300
20150515,62.96,63.52,62.24,63.52,1732300
20150518,63.53,63.69,62.78,63.29,2000600
20150519,63.29,63.81,62.69,63.81,1755400
20150520,63.52,63.79,63.04,63.07,1598000
20150521,62.94,63.19,61.92,62.84,1931300
20150522,63.04,63.21,61.8,62.15,2366200
20150525,61.8,63.35,61.78,63.23,824600
20150526,62.78,62.93,61.63,61.73,1672300
20150527,61.73,62.91,61.42,62.89,1740700
20150528,62.25,62.8,61.81,62.8,1343700
20150529,62.34,63.03,61.78,62.5,3565600
20150601,62.5,63.12,61.95,62.55,1695100
20150602,62.55,64.01,62.2,63.81,2448400
20150603,63.64,63.64,62.21,63.23,2079500
20150605,62.91,64.7,62.49,64.4,2751800
20150608,64.37,64.51,63.81,64.3,2138100
20150609,64.3,64.93,64.03,64.93,2870300
20150610,64.99,66.77,64.99,66.77,3551400
20150611,66.77,66.92,65.9,66.11,3394900
20150612,65.84,65.99,64.89,65.78,1273200
20150615,65.26,65.66,64.68,65.37,1557700
20150616,65.45,66.43,64.98,66.19,2213200
20150617,65.86,65.86,65,65.72,2555400
20150618,65.55,66.19,65.4,65.66,2844800
20150619,65.54,65.81,65.1,65.81,2349000
20150622,65.85,66.55,65.76,66.55,2684700
20150623,66.67,66.92,66.15,66.39,1791300
20150624,66.44,66.58,65.82,66.19,1771500
20150625,66.33,66.33,65.05,65.41,3620000
20150626,65.26,65.97,64.98,65.46,2097300
20150629,64.88,65.37,63.47,63.72,3656200
20150630,63.64,64.04,63.31,63.7,2768200
20150701,63.73,63.78,61.74,62.29,2843500
20150702,62.04,63.82,61.82,63.82,2460300
20150703,63.1,63.99,62.52,63.94,1328200
20150706,63.06,64.09,62.95,64.07,2441000
20150707,64.18,67.49,64.02,67.42,7488500
20150708,66.75,68.16,66.55,67.94,4454000
20150710,67.68,68.13,66.57,67.61,3431800
20150713,68.07,68.18,67.65,67.75,2732900
20150714,67.76,68.04,67.14,67.45,1876100
20150715,67.43,67.43,66.69,67.06,1496700
20150716,67.42,67.94,67.27,67.36,1563300
20150717,67.36,68.08,66.98,67.35,1123800
20150720,67.31,67.64,66.87,67.06,1050500
20150721,67.25,67.6,66.92,67.31,1254300
20150722,66.84,67.19,66.34,66.92,1485700
20150723,66.57,67.08,65.43,66.38,2487800
20150724,66.36,66.36,64.91,65.74,2136700
20150727,65.59,65.86,64.89,65.64,1628000
20150728,66.1,66.76,64.84,66.57,2581200
20150729,66.33,67.34,66.06,67.34,2221600
20150730,67.35,67.53,66.67,67.44,1826200
20150731,67.5,70.16,67.5,70.16,5097400
20150803,70.02,70.58,69.4,69.89,2368700
20150804,69.89,70.31,69.44,70.23,2013200
20150805,70.52,70.56,69.88,70.35,942600
20150806,70.04,70.58,69.6,70.04,2891000
20150807,69.35,69.78,68.55,69.06,2070400
20150810,69.41,69.41,68.81,69.21,1615300
20150811,68.83,70.04,68.35,70.04,3524600
20150812,69.8,69.99,68.41,69.01,4196400
20150813,68.82,69.86,68.59,69.8,2568300
20150814,69.5,69.73,69.02,69.31,1785200
20150817,69.04,69.76,68.74,68.92,1930700
20150818,68.72,69.6,68.33,69.08,3816900
20150819,68.6,68.77,67.83,68.33,2618300
20150820,67.5,68.31,67.5,67.81,1638800
20150821,67.47,67.78,65.67,65.67,2332500
20150824,63.46,65.54,61.01,64.64,3518700
20150825,66.01,66.01,64.7,65.19,2091900
20150826,65.4,66.64,64.63,66.62,2605600
20150827,66.67,68.18,66.27,67.41,2107900
20150828,67.4,68.14,66.37,67.6,2707200
20150831,66.94,67.86,66.19,67.86,4198800
20150901,66.84,68.03,66.67,67.44,3232100
20150902,67.45,68.34,67.15,68.34,3047000
20150903,68.51,70.52,68.51,69.8,3941200
20150904,69.8,70.64,68.97,69.84,5062300
20150908,70.09,70.74,69.3,69.79,2228900
20150909,70.26,70.43,68.56,68.77,2539800
20150910,68.15,68.81,67.67,67.79,2992100
20150911,67.36,68.58,67.36,68.31,2184900
20150914,68.79,68.79,68.07,68.33,2904000
20150915,68.82,69.21,68.18,68.62,2274900
20150916,68.97,69.07,68.43,68.58,2513600
20150917,68.59,69.99,68.1,69.43,2488700
20150918,69.05,69.06,67.15,67.79,3402300
20150921,66.87,67.93,66.77,67.09,1848000
20150922,66.77,67.51,66.31,67.45,2036500
20150923,67.32,67.82,66.85,67.45,1861100
20150924,66.48,67.84,66.48,67.64,3670700
20150925,68.09,68.52,67.44,67.9,2868400
20150928,67.35,68.43,67.25,68.02,2176700
20150929,67.84,68.54,67.56,68.54,2349000
20150930,68.92,69.85,68.76,68.91,5101300
20151001,68.54,69.06,67.96,68.36,4468100
20151002,68.69,69.75,68.16,69.75,2596800
20151005,70.04,70.08,68.93,69.62,2746800
20151006,69.58,69.59,66.77,67.26,2952600
20151007,65.89,66.28,63.95,64.89,4907900
20151008,65.28,66.29,64.2,64.43,3025300
20151009,64.43,65.38,64.06,65.03,2969300
20151013,65.01,66.18,63.97,64.49,3400300
20151014,63.95,64.62,62.47,62.67,5548700
20151015,62.99,64.39,62.66,64.39,2622100
20151016,64.43,66.03,64.13,65.7,2403800
20151019,65.24,66.44,64.77,65.21,1702400
20151020,65.29,66.08,64.79,66.08,1616300
20151021,65.94,66.92,65.46,66.92,2688700
20151022,66.98,68.32,66.76,68.01,1916400
20151023,68.33,69.21,67.63,67.76,3034000
20151026,67.74,68.38,66.82,67.24,2105200
20151027,67.23,67.75,66.53,67.07,2024500
20151028,66.67,67.62,66.42,67.08,2405900
20151029,66.03,66.18,64.69,64.87,2323100
20151030,61.28,61.28,57.4,58.67,15066400
20151103,57.11,58.02,56.17,56.44,9438900
20151104,57.46,57.56,54.27,54.6,5417900
20151105,54.62,56.75,54.62,56.75,6048100
20151106,56.42,57.19,54.27,54.66,3999600
20151109,54.86,55.12,53.84,54.37,2737600
20151110,54.27,54.27,51.85,52.62,3716500
20151111,52.62,55.02,52.59,54.48,3112500
20151112,54.47,55.26,53.36,53.67,2210100
20151113,53.06,54.83,52.95,54.24,3134000
20151116,54.62,54.76,53.83,54.29,2157900
20151117,54.76,56.31,54.27,55.1,2756200
20151118,55.2,55.58,53.72,54.18,1959700
20151119,54.58,55.61,54.58,54.9,2525400
20151123,54.67,56.19,54.66,55.32,2844000
20151124,54.93,55.67,53.8,54.68,1638400
20151125,54.25,56.27,53.95,56.18,3113900
20151126,56.12,56.12,55.08,55.68,1798400
20151127,55.44,55.52,54.18,54.37,1836900
20151130,54.08,55.3,53.09,53.73,5835100
20151201,54.09,55.3,53.63,54.96,3545900
20151202,55.2,55.51,53.55,54.88,5353500
20151203,55.54,56.86,54.84,55.4,3910200
20151204,54.91,56.11,54.5,55.85,2939000
20151207,55.86,56.85,55.85,56.51,2717600
20151208,56.51,56.71,55.03,56.26,2771000
20151209,56.61,57.2,56.31,56.64,2794400
20151210,57.1,57.48,55.52,56.23,2829500
20151211,55.73,56.47,55.19,56.14,2505900
20151214,55.74,56.74,55.4,55.74,2733400
20151215,55.83,56.03,54.7,55.2,1816600
20151216,54.62,55.6,53.83,55.6,2354900
20151217,56.3,57.24,55.7,55.98,2195000
20151218,55.28,56.57,55.11,55.86,3337300
20151221,55.74,57.29,55.55,56.62,3736400
20151222,56.7,58.11,56.34,57.61,3466700
20151223,58.01,58.81,57.41,57.7,1528400
20151228,57.84,57.86,56.77,57.62,1687800
20151229,57.34,57.83,55.88,55.98,1104100
20151230,55.98,56.36,54.08,54.08,5513800
20160104,53.69,54.63,52.72,53.52,3986600
20160105,53.51,54.58,53.4,54.53,2129900
20160106,53.69,54.14,52.89,53.45,2218500
20160107,52.77,53.01,51.34,51.34,2957300
20160108,51.58,52.54,51.04,52.33,2615900
20160111,52.31,53.67,51.11,51.11,2041700
20160112,51.45,51.65,49.16,49.62,2907900
20160113,49.96,50.11,48.81,48.94,2060100
20160114,48.87,49.62,48.18,48.87,1241000
20160115,47.87,48.29,46.61,47.42,3193000
20160118,47.29,47.84,45.98,46.12,1950200
20160119,47.08,47.2,45.74,46.54,1966300
20160120,46.06,46.79,45.46,46.39,2349700
20160121,46.54,46.64,45.45,46.39,1742300
20160122,46.68,47.08,45.89,46.39,2267600
20160126,46.32,46.32,45.03,45.03,2506300
20160127,45.03,46.03,44.76,45.93,4072200
20160128,46.16,46.57,45.13,45.55,1832500
20160129,45.98,47.99,45.98,47.6,3133700
20160201,47.27,48.31,47.19,48,1781400
20160202,46.93,48.13,46.83,47.23,2123600
20160203,47.63,48.94,47.26,48.71,2549300
20160204,49.83,50.09,48.44,49.28,2683500
20160205,49.26,51.04,48.77,50.15,2031800
20160210,50.33,50.55,49.64,50.04,890000
20160211,49.44,49.63,48.39,49.02,2300400
20160212,49.6,50.27,48.69,50.04,1520900
20160215,50.93,51.21,50.49,50.49,1041400
20160216,50.49,51.56,49.93,51.43,1615000
20160217,52.07,52.28,51.03,51.6,2962500
20160218,51.59,53.07,50.98,52.57,1920700
20160219,52.2,53.55,51.82,53.01,1484900
20160222,53.98,55.18,53.96,54.78,3152500
20160223,55.07,55.55,54.16,54.78,2254400
20160224,53.79,54.23,53.02,54.23,1798200
20160225,53.86,54.39,52.86,53.46,2181000
20160226,51.23,51.28,48.54,49.35,5666200
20160229,49.86,51.33,49.4,50.73,5432600
20160301,50.83,52.87,50.83,52.22,2574500
20160302,52.39,52.71,51.4,51.85,2433200
20160303,52.56,52.72,51.33,52.03,3435000
20160304,52.51,53.06,50.11,51.51,4386000
20160307,52,53.29,51.46,52.17,2958300
20160308,52.3,52.8,50.68,51.77,3522700
20160309,52.26,52.8,51.44,52.8,3530700
20160310,53,53.58,51.94,53.04,3085900
20160311,52.93,53.55,51.89,51.94,2738100
20160314,52.33,52.73,51.38,51.98,1512900
20160315,51.42,52.15,51.17,51.84,1842700
20160316,51.78,52.58,51.04,52.32,1912100
20160317,52.92,54.61,52.65,53.71,4250500
20160318,53.97,54.41,52.93,53.52,2403000
20160321,53.55,54.72,53.51,54.72,1717800
20160322,54.81,55.31,54.36,54.65,1732000
20160323,54.02,54.61,51.86,51.86,2699900
20160324,51.44,52.01,51.23,51.56,1293100
20160328,52.43,53.14,51.96,52.71,1656800
20160329,53.27,53.46,52.37,53.05,1504200
20160330,53.59,53.65,52.11,52.44,1957400
20160331,51.55,51.9,50.7,50.76,2675400
20160401,50.45,51.27,50.05,51.04,1835900
20160404,51.03,51.03,49.15,49.45,1623300
20160405,49.02,50.05,49.02,49.62,1436000
20160406,49.13,50.01,49.07,49.47,2421300
20160407,49.98,50.24,49.32,49.51,1553800
20160408,50.41,50.81,48.96,49.12,1840200
20160411,49.46,49.76,47.79,47.86,1116200
20160412,47.93,48.79,47.43,47.77,3052400
20160413,48.76,48.76,47.53,47.55,2549200
20160414,47.48,48.46,47.38,47.52,2853100
20160415,47.56,48.82,47.48,48.77,2717600
20160418,48.82,49.28,48.36,48.86,1474000
20160419,48.69,49.15,48.18,48.38,1799900
20160420,48.12,48.36,47.59,47.73,2116500
20160422,47.73,48,47.14,47.48,3050200
20160425,47.88,47.93,46.9,47.38,2049000
20160426,47.78,48.64,47.6,48.53,1642400
20160427,48.92,49.01,48.25,48.88,2144100
20160428,48.85,48.96,48.3,48.47,2388700
20160429,47.45,50.3,47.14,48.67,6562600
20160502,48.45,48.92,47.88,47.94,2089000
20160503,47.63,48.06,46.31,46.31,2878400
20160504,46.38,46.57,45.45,46.18,3607700
20160505,46.4,46.71,46.11,46.39,1994000
20160506,46.4,46.61,46.01,46.25,1829900
20160509,46.11,46.46,45.24,45.43,1613400
20160510,47.99,48.98,47.66,48.77,6182000
20160511,49.46,49.46,46.72,46.72,2940100
20160512,47.32,47.74,46.77,47.09,5351900
20160513,46.76,47.26,46.38,47.04,3155700
20160516,46.44,47.39,46.4,46.75,1731500
20160517,46,46.76,45.97,46.02,2012100
20160518,45.87,46.61,45.64,46.04,3183100
20160519,45.93,46.32,45.4,45.73,2040400
20160520,45.97,46.27,45.37,45.37,2827600
20160523,45.3,45.45,44.24,44.42,3352500
20160524,44.42,45.24,44.22,45.01,3044200
20160525,45.01,46.29,45.01,45.52,1896400
20160527,45.21,47.11,45.19,45.5,2191900
20160530,45.5,45.99,45.01,45.01,813600
20160531,45.5,45.62,44.42,45.18,8598300
20160601,45.3,45.84,44.75,45.84,2576900
20160602,45.89,47.69,45.65,47.63,2945700
20160603,47.98,48.38,47.36,48.3,2268600
20160606,47.98,48.36,47.37,47.38,1569300
20160607,46.99,47.46,46.69,47.36,2251300
20160608,47.42,48.38,47.3,48.18,2464500
20160609,48.18,48.27,47.57,47.62,1593700
20160610,47.47,47.65,46.58,46.58,2609700
20160613,45.69,46.61,45.69,46.27,2386200
20160614,46.27,46.28,44.57,44.93,3869600
20160615,44.87,45.18,44.33,44.99,4036900
20160616,44.67,44.78,43.97,44.53,3295600
20160617,45.13,45.15,44.18,44.52,3462700
20160620,44.99,45.5,44.69,45.06,1085100
20160621,45.07,45.81,44.53,45.31,1206500
20160622,45.36,45.85,43.51,43.62,2607800
20160623,44.11,44.94,43.6,44.7,1081100
20160624,43.49,43.86,42.56,43.33,3796000
20160627,43.18,43.28,42.35,43.2,1899800
20160628,43.57,43.94,42.67,42.79,1326000
20160629,43.43,44.42,43.13,44.38,3240500
20160630,44.26,44.64,43.49,44.64,3085700
20160701,44.91,46.93,44.8,46.51,4633600
20160704,46.54,49.15,46.54,48.39,2900100
20160705,47.91,48.17,47.08,47.61,3042200
20160706,47.19,48.24,46.94,48.24,1697900
20160707,48.24,48.86,47.85,48.48,1520800
20160708,48.61,49.17,48.27,48.97,1686000
20160711,49.18,50.32,49.16,50.08,1838300
20160712,50.75,50.95,50.14,50.65,2448600
20160713,50.54,50.98,49.78,50.51,1920900
20160714,51.15,51.28,50.1,50.92,1584800
20160715,50.79,51.08,50.25,50.41,2112600
20160718,50.2,50.97,49.83,50.97,1642700
20160719,50.85,50.96,50.36,50.96,1386200
20160720,50.98,51.3,50.4,50.7,2168600
20160721,50.51,50.83,50.15,50.55,2186000
20160722,52.7,53.46,51.35,51.65,2213900
20160725,51.75,51.94,50.47,51.55,931700
20160726,51.57,51.8,51.12,51.23,1135900
20160727,51.37,51.42,50.55,50.73,1870800
20160728,50.36,51.15,49.88,51,1899900
20160729,50.01,54.42,50.01,54.3,5995000
20160801,54.3,54.76,53,53.23,2413700
20160802,52.66,52.99,51.96,52.5,3164500
20160803,51.8,52.66,51.18,52,1995400
20160804,52.52,52.57,51.45,52.29,2170400
20160805,52.2,52.74,52.11,52.45,2199600
20160808,52.29,53.98,52.05,53.3,1104600
20160809,53.1,54.6,53.1,53.64,1784900
20160810,53.69,53.92,52.18,52.69,1807700
20160811,52.17,53.23,52,52.97,2073200
20160812,53.25,53.98,53.14,53.87,2364100
20160815,53.87,54.87,53.27,54.6,1624800
20160816,54.6,55.2,54.09,54.88,2055600
20160817,54.56,54.8,53.02,53.99,3212900
20160818,53.95,54.2,53.23,53.85,2111900
20160819,53.73,54.07,53.25,53.8,1608300
20160822,53.87,54.17,53,53.18,1320400
20160823,53.4,53.9,52.75,53.52,1434500
20160824,52.85,54.36,52.85,53.82,2215800
20160825,54.04,55.4,53.87,53.87,3188400
20160826,53.9,54.93,53.37,53.79,3056600
20160829,54,54.29,53.59,53.95,1877600
20160830,54.17,54.17,53.55,53.91,1650200
20160831,53.96,54.18,53.66,53.85,2018000
20160901,53.49,53.73,52.96,53.18,3659900
20160902,53.26,54.75,53.23,54.75,2560200
20160905,55,55.23,54.25,54.79,922400
20160906,54.98,55.48,54.64,55.47,1849800
20160908,55.4,56.36,55.07,56.04,3352300
20160909,55.31,55.64,54.55,54.78,2347600
20160912,54.27,54.49,53.35,53.94,2083100
20160913,53.41,53.88,52.75,53.31,2179900
20160914,53.01,53.49,52.93,53.31,1436100
20160915,53.6,53.84,53,53.2,2537300
20160916,52.3,53.46,51.35,53.46,5790400
20160919,53.58,54.56,53.21,53.59,1930500
20160920,53.83,54.15,53.35,53.55,1118800
20160921,53.45,54.49,53.3,54.2,1620100
20160922,54.65,55.31,54.48,54.85,1571300
20160923,55.2,55.26,54.51,54.81,1492300
20160926,54.3,54.72,53.87,54.42,1561100
20160927,54.43,55.28,54.08,55.02,1934700
20160928,55,55.3,54.56,55.17,1834200
20160929,54.89,55.22,54.36,54.61,1215600
20160930,54.66,55.65,54.37,55.32,2620700
20161003,55.05,56.4,54.88,56.1,1982100
20161004,56.32,56.32,55.22,55.97,1825700
20161005,56.1,57.14,55.83,56.9,2617800
20161006,56.98,57.75,56.51,57.32,2178000
20161007,57.54,58.27,57.01,57.61,2974200
20161010,57.7,58.09,57.58,57.98,1501400
20161011,57.93,57.94,56.93,56.98,2255200
20161013,56.54,56.86,54.89,55.27,4093900
20161014,55.41,55.65,54.95,55,2681200
20161017,55.16,55.18,54.35,54.35,1706500
20161018,54.61,54.8,53.53,54.27,3000200
20161019,54.27,54.44,53.29,53.29,1771600
20161020,53.3,53.96,52.57,53.76,2128800
20161021,53.67,54.28,53.24,53.44,1153500
20161024,53.87,53.92,53.08,53.22,1344600
20161025,53.13,53.54,52.5,52.7,1123400
20161026,52.57,52.7,51.74,52.5,2962800
20161027,52.5,53.38,52.25,52.48,1489100
20161028,52.15,54.75,51.53,54.09,4382000
20161031,53.8,54.05,53.1,53.4,2453700
20161101,53.51,53.63,52,52.23,1857400
20161103,52.24,52.97,51.76,51.96,2475700
20161104,51.9,52.49,51.15,51.15,1892500
20161107,51.58,52.98,51.31,52.87,1915800
20161108,52.84,54.38,52.82,53.83,2108400
20161109,52,53.8,52,53.2,1964900
20161110,52.82,54.08,50,50.62,4794200
20161111,50.05,50.73,48.35,48.88,5093100
20161114,48.52,50.32,48.52,50.32,3978800
20161116,50.33,52.34,49.88,52.34,2558900
20161117,52.77,53.42,52.5,53,2138300
20161118,52.82,53.36,52.5,53,1019700
20161121,52.82,53.4,52.45,52.88,1828800
20161122,53.37,53.63,52.36,52.9,1859500
20161123,52.49,53.38,52.45,53.11,1194800
20161124,53.3,53.35,52.21,52.6,579300
20161125,51.61,53.39,51.6,52.96,717800
20161128,52.77,53.98,52.37,53.57,1534900
20161129,53.57,53.68,52.34,52.34,1321700
20161130,53.05,53.35,51.65,51.65,2632700
20161201,50.93,51.05,48.52,48.89,4094600
20161202,48.5,49.51,48.06,48.8,1725200
20161205,48.8,49.75,48.38,48.49,1558700
20161206,48.3,50.35,48.02,50.22,1862300
20161207,50.6,51.2,50.08,50.46,2436600
20161208,51.11,51.17,48.72,49.16,2062200
20161209,49.4,50.4,48.73,49.65,1945500
20161212,49,49.51,48.91,49.24,1217100
20161213,48.86,49.85,48.62,49.76,2318100
20161214,49.68,51.35,49.65,49.93,3428300
20161215,49.49,49.7,49,49.66,1892300
20161216,49.94,49.98,47.81,47.81,3574800
20161219,47.9,48,46.28,46.33,2262900
20161220,46.71,47.2,45.9,46.4,1577100
20161221,46.52,47.39,46.35,46.46,1258200
20161222,46.5,47.13,45.83,46.47,1350500
20161223,46.78,46.97,46.3,46.48,644600
20161226,46.75,47.36,46.62,47.15,352300
20161227,47.49,47.9,46.87,47.25,1085400
20161228,47.39,47.94,47.23,47.66,1025700
20161229,47.85,48.4,47.4,48.25,2908700
20170102,48.03,48.15,47.64,47.9,600200
20170103,48.01,49.5,48.01,49.5,1725000
20170104,49.5,49.7,48.25,48.91,1317200
