<DTYYYYMMDD>,<OPEN>,<HIGH>,<LOW>,<CLOSE>,<VOL>
20100601,7.97,8.14,7.83,7.83,2091440
20100602,7.76,8.13,7.59,7.97,1868620
20100604,7.93,7.99,7.81,7.86,1103960
20100607,7.92,7.93,7.74,7.78,2583100
20100608,7.86,7.89,7.72,7.83,599560
20100609,7.92,7.96,7.7,7.72,705900
20100610,7.76,7.8,7.7,7.78,2020460
20100611,7.72,7.79,7.59,7.63,496860
20100614,7.75,7.78,7.46,7.49,1518660
20100615,7.53,7.89,7.51,7.73,1616680
20100616,7.73,7.86,7.72,7.79,503620
20100617,7.85,8.04,7.78,7.98,1944280
20100618,7.9,8.24,7.9,8.18,2820740
20100621,8.14,8.43,8.07,8.43,2254720
20100622,8.43,8.62,8.29,8.57,2026700
20100623,8.57,9.02,8.5,8.99,3079440
20100624,8.9,8.98,8.74,8.81,1390740
20100625,8.78,9,8.78,8.91,334100
20100628,8.86,8.88,8.7,8.81,552500
20100629,8.77,8.77,8.45,8.5,2529020
20100630,8.56,8.56,8.25,8.25,2594020
20100701,8.22,8.31,7.95,8.13,1789320
20100702,8.14,8.45,8.09,8.33,1445340
20100705,8.39,8.44,8.39,8.39,979420
20100706,8.41,8.45,8.19,8.23,1272960
20100707,8.21,8.24,8.04,8.06,1309620
20100708,8.14,8.28,7.97,8.16,2232880
20100712,8.11,8.81,8.11,8.25,2568540
20100713,8.46,8.55,8.37,8.38,3604120
20100714,8.29,8.29,7.94,7.99,5342220
20100715,7.91,8.47,7.77,8.46,57499520
20100716,8.39,8.5,8.22,8.39,2318420
20100719,8.39,8.66,8.3,8.66,2141100
20100720,8.58,8.71,8.47,8.65,4113720
20100721,8.65,8.71,8.56,8.6,1259440
20100722,8.71,8.95,8.49,8.95,1875380
20100723,8.96,9.11,8.83,9.07,1656460
20100726,9.12,9.3,9,9.16,2123420
20100727,9.13,9.25,9.07,9.1,2080260
20100728,9.02,9.14,8.94,9.13,804440
20100729,9.13,9.2,9.04,9.04,775840
20100730,8.92,9.3,8.92,9.19,1373060
20100802,9.15,9.65,9.15,9.42,2268240
20100803,9.62,9.62,8.8,8.8,4681300
20100804,8.99,9.2,8.98,9.09,13781040
20100805,9.01,9.18,8.81,9.05,931840
20100806,9.12,9.16,8.86,8.91,2192840
20100809,8.91,9.06,8.78,8.99,1028040
20100810,8.97,9.05,8.79,9.02,1554800
20100811,8.98,9.09,8.88,8.99,1158040
20100812,9.06,9.29,8.9,9.07,1328860
20100813,9.2,9.27,9,9.16,1078740
20100816,9.37,9.37,9.16,9.22,737620
20100817,9.3,9.36,9.16,9.26,593580
20100818,9.26,9.62,9.22,9.62,2057640
20100819,9.65,9.65,9.42,9.59,1482780
20100820,9.48,9.51,9.37,9.37,2798380
20100823,9.29,9.48,9.15,9.32,1460160
20100824,9.08,9.63,9.08,9.63,1722500
20100825,9.57,9.77,9.48,9.76,1667120
20100826,9.75,9.85,9.54,9.56,2005900
20100827,9.58,9.8,9.29,9.61,4223700
20100830,9.5,9.58,9.45,9.48,385580
20100831,9.44,9.81,9.35,9.65,1922180
20100901,9.69,9.8,9.58,9.8,1203280
20100902,9.71,9.86,9.69,9.86,671320
20100903,9.86,9.99,9.81,9.83,1134640
20100906,9.83,9.84,9.64,9.82,127400
20100908,9.7,9.8,9.56,9.62,2073760
20100909,9.69,9.71,9.54,9.55,2275260
20100910,9.61,9.72,9.53,9.65,997880
20100913,9.7,9.72,9.46,9.5,2179580
20100914,9.5,9.83,9.5,9.72,2643680
20100915,9.71,10.3,9.64,10.21,3292900
20100916,10.18,10.24,10.01,10.18,1875380
20100917,10.18,10.29,10.04,10.29,2754700
20100920,10.3,10.3,10.11,10.18,1024140
20100921,10.18,10.25,10.03,10.25,2120820
20100922,10.21,10.21,9.96,9.96,2215460
20100923,9.95,10,9.74,9.74,1673100
20100924,9.97,10.18,9.75,9.88,1805700
20100927,10.1,10.11,9.83,10.01,1646320
20100928,10.13,10.13,9.76,9.88,2318030
20100929,9.9,9.91,9.49,9.8,1550510
20100930,9.8,9.93,9.44,9.93,3778190
20101001,9.88,10.46,9.88,10.01,20005310
20101004,10.08,10.18,9.94,10.04,2432170
20101005,10.02,10.4,10.02,10.32,2310100
20101006,10.32,10.81,10.05,10.53,1667120
20101007,10.62,10.7,10.15,10.7,843830
20101008,10.69,11.07,10.65,11.06,1622140
20101011,11.13,11.24,10.78,11.2,1227460
20101013,11.28,11.56,11.02,11.36,3559140
20101014,11.54,11.54,11.06,11.24,1645540
20101015,11.3,11.3,11.02,11.09,621400
20101018,10.95,11.1,10.91,11.09,1196650
20101019,10.81,11.22,10.54,10.6,1770990
20101020,10.5,10.73,10.49,10.6,2516150
20101021,10.78,11.04,10.76,10.88,1458470
20101022,10.91,10.93,10.6,10.6,342290
20101025,10.73,11.09,10.73,11.06,1500070
20101026,11.05,11.31,10.95,11.21,3296280
20101027,11.23,11.23,10.82,10.91,2149550
20101028,10.95,11.05,10.73,10.78,3257670
20101029,10.89,11.41,10.85,11.41,3012620
20101101,11.48,11.48,11.05,11.38,2662140
20101103,11.38,12.06,11.38,11.78,2751320
20101104,11.94,12.45,11.73,12.18,3196960
20101105,12.03,12.27,11.87,12.2,1314690
20101108,12.23,12.27,12.09,12.21,1808690
20101109,12.11,12.17,11.59,11.61,2942290
20101110,11.61,11.76,11.09,11.47,2124070
20101111,11.59,11.68,11.34,11.59,549510
20101112,11.45,11.45,11.26,11.32,1219270
20101116,11.47,11.47,10.98,11.24,2023710
20101117,11.37,11.5,11.25,11.31,9900670
20101118,11.39,11.54,11.26,11.45,2029040
20101119,11.41,11.88,11.27,11.83,2634580
20101122,11.87,12.08,11.66,11.8,1149590
20101123,11.66,11.72,11.18,11.45,3356080
20101124,11.54,11.78,11.5,11.59,3103880
20101125,11.59,11.66,11.39,11.45,263120
20101126,11.34,11.73,11.26,11.33,938340
20101129,11.42,11.68,11.38,11.59,1301820
20101130,11.68,11.93,11.55,11.87,4559750
20101201,11.94,12.05,11.74,11.8,1723800
20101202,11.92,12.06,11.81,11.94,2314650
20101203,12.01,12.06,11.7,11.73,2792140
20101206,11.77,11.88,11.52,11.66,1884350
20101207,11.69,11.8,11.19,11.34,2178930
20101208,11.25,11.33,10.97,11,7612020
20101209,11.06,11.15,10.56,10.74,5987020
20101210,10.86,11.09,10.6,10.88,5229120
20101213,11.02,11.04,10.53,10.64,4453670
20101214,10.68,10.9,10.39,10.9,4547140
20101215,10.88,11.08,10.75,11.05,3029520
20101216,11.09,11.52,10.78,11.31,10170290
20101217,11.27,11.52,10.95,11.48,7427160
20101220,11.57,11.79,11.35,11.73,2251340
20101221,11.77,12.08,11.66,11.97,2839980
20101222,12.01,12.06,11.69,11.97,2742220
20101223,11.87,12.01,11.83,11.94,1210430
20101227,11.93,12.15,11.63,11.87,385580
20101228,12.07,12.07,11.81,11.86,505700
20101229,11.74,11.97,11.74,11.9,2166970
20101230,11.87,12.15,11.87,12.01,2101320
20110103,12.18,12.21,11.75,11.76,1491230
20110104,11.74,12,11.46,11.59,2309450
20110105,11.59,11.71,11.55,11.66,3388450
20110106,11.71,11.71,11.55,11.59,2553980
20110107,11.59,11.65,11.32,11.5,1606150
20110110,11.58,11.58,11.4,11.45,5120700
20110111,11.52,11.58,11.36,11.48,1971710
20110112,11.45,11.68,11.43,11.54,3149250
20110113,11.63,11.64,11.45,11.52,2827630
20110114,11.42,11.6,11.39,11.39,2381210
20110117,11.49,11.63,11.38,11.63,743600
20110118,11.64,11.86,11.6,11.8,3816540
20110119,11.85,11.94,11.7,11.8,1582620
20110120,11.8,11.8,11.38,11.38,3913390
20110121,11.42,11.49,11.17,11.17,1470430
20110124,11.22,11.32,11.07,11.09,1935960
20110126,11.16,11.16,10.67,10.83,3261310
20110127,10.96,11.02,10.53,10.65,2216500
20110128,10.8,10.8,10.25,10.58,2465580
20110131,10.66,10.83,10.33,10.67,1283230
20110201,10.75,11.16,10.74,10.98,1542710
20110202,10.88,10.98,10.31,10.36,5504200
20110203,10.39,10.74,10.23,10.72,2602990
20110204,10.61,10.77,10.36,10.71,1954550
20110207,10.79,10.85,10.5,10.67,7460050
20110208,10.53,10.69,10.29,10.39,3870360
20110209,10.34,10.47,10.25,10.39,5834920
20110210,10.45,10.6,10.18,10.49,4096690
20110211,10.49,10.77,10.29,10.72,2204800
20110214,10.81,11.03,10.8,10.95,2455440
20110215,10.94,11.01,10.85,10.99,2175160
20110216,10.95,11.31,10.76,11.31,2113670
20110217,11.37,11.38,11.02,11.06,2045290
20110218,11.05,11.33,10.96,11.27,1598220
20110221,11.15,11.27,10.87,10.92,545740
20110222,10.9,10.9,10.57,10.6,1947400
20110223,10.6,10.67,10.46,10.53,1302860
20110224,10.52,10.76,10.39,10.67,828490
20110225,10.68,11.05,10.68,10.99,1553110
20110228,11,11.22,10.62,11.13,1975870
20110301,11.12,11.18,10.9,11.03,1538810
20110302,11.09,11.19,10.91,11.19,2796040
20110303,11.25,11.47,11.12,11.38,1676350
20110304,11.4,11.4,11.09,11.24,940550
20110309,11.26,11.4,11.04,11.11,1086150
20110310,11.03,11.24,10.98,10.98,949780
20110311,10.98,11.53,10.77,11.53,1183520
20110314,11.41,12.04,11.24,11.8,3130790
20110315,11.59,11.68,11.27,11.52,1587300
20110316,11.57,11.7,11.42,11.52,1106560
20110317,11.59,11.77,11.47,11.62,1030380
20110318,11.59,11.8,11.52,11.78,1356940
20110321,11.7,11.94,11.7,11.94,1015300
20110322,11.99,12.28,11.78,12.13,3141710
20110323,12.05,12.56,12.04,12.25,3718520
20110324,12.28,12.28,11.81,11.87,1040390
20110325,11.98,11.98,11.52,11.67,1175590
20110328,11.73,11.97,11.59,11.87,829270
20110329,11.83,12.04,11.83,12.01,929760
20110330,12.05,12.15,11.7,11.94,2352220
20110331,11.83,12.13,11.7,11.94,2877030
20110401,12.04,12.16,11.68,12.11,2900560
20110404,12.14,12.14,11.84,11.94,2009410
20110405,11.87,12.39,11.78,12.39,2616770
20110406,12.3,12.49,12.24,12.35,1973920
20110407,12.35,12.41,12.19,12.39,3250000
20110408,12.35,12.43,12.11,12.22,1757730
20110411,12.27,12.32,12.16,12.32,1284530
20110412,12.25,12.25,12.08,12.18,1207570
20110413,12.36,12.36,11.86,12.04,2912910
20110414,12.02,12.05,11.85,11.9,1687270
20110415,11.92,12.15,11.85,11.94,1583660
20110418,11.8,12.04,11.75,11.76,1284660
20110419,11.99,12.44,11.9,12.15,3299790
20110420,12.3,12.89,12.2,12.73,3698240
20110425,12.71,12.83,12.64,12.75,2243670
20110426,12.84,13.22,12.7,12.99,2840240
20110427,13,13.15,12.36,12.36,6950970
20110428,12.17,12.43,11.9,12.01,4000620
20110429,11.55,12.05,11.55,11.63,3638830
20110502,11.7,12.44,11.67,12.24,3189290
20110503,12.11,12.75,11.91,12.27,4175860
20110504,12.27,12.38,11.97,12.13,1666990
20110505,12.06,12.32,11.85,12.16,2310490
20110506,12.27,12.27,11.93,12.02,1963390
20110509,11.85,11.99,11.71,11.77,2319590
20110510,11.85,12.55,11.65,12.2,6701500
20110511,12.43,12.73,12.36,12.52,14342770
20110512,12.42,13.03,12.37,12.84,5003180
20110513,12.91,13.12,12.73,12.73,11257610
20110516,12.65,12.95,12.39,12.73,2813460
20110517,12.73,12.91,12.63,12.67,2988570
20110518,12.62,12.94,12.41,12.87,4622800
20110519,12.82,13.24,12.77,13.04,2565550
20110520,12.98,13.34,12.98,13.02,1386840
20110523,13,13.12,12.79,13.05,1065870
20110524,13.09,13.56,13.09,13.19,1682980
20110525,13.29,13.38,12.91,12.91,2290470
20110526,13.02,13.15,12.8,13.02,2400450
20110527,12.92,13.42,12.92,13.37,2084420
20110530,13.31,13.51,13.2,13.48,696410
20110531,13.48,13.97,12.95,12.95,5254210
20110601,13.12,13.6,12.71,13.16,4141280
20110602,13.21,13.75,13.16,13.67,1976650
20110603,13.56,13.96,13.48,13.8,2133820
20110606,13.76,13.83,13.55,13.55,2281110
20110607,13.63,13.9,13.58,13.8,2933840
20110608,13.79,13.8,13.49,13.56,2288780
20110609,13.48,13.75,13.48,13.73,2896660
20110610,13.61,13.74,13.17,13.31,3574870
20110613,13.4,13.53,13.36,13.48,1680250
20110614,13.48,13.75,13.17,13.26,2515370
20110615,13.22,13.56,13.05,13.05,2584660
20110616,13.12,13.19,12.57,12.87,4438980
20110617,12.9,13.27,12.82,13.19,4721210
20110620,13.08,13.19,12.9,12.97,730210
20110621,13.04,13.07,12.87,12.87,7937540
20110622,12.87,13,12.63,12.8,1779310
20110624,12.96,12.96,12.55,12.63,1422330
20110627,12.73,12.73,12.2,12.42,2548130
20110628,12.5,12.68,12.29,12.45,2279030
20110629,12.49,12.65,12.41,12.61,1780740
20110630,12.61,12.72,12.42,12.66,1395810
20110701,12.63,12.77,12.53,12.77,3739060
20110704,12.8,12.87,12.55,12.55,644410
20110705,12.58,12.7,12.45,12.58,1753180
20110706,12.43,12.52,12.22,12.31,2441400
20110707,12.43,12.63,12.22,12.24,2333110
20110708,12.2,12.57,11.9,12.38,3555110
20110711,12.36,12.59,12.16,12.52,2445170
20110712,12.55,12.88,12.52,12.59,2143310
20110713,12.59,12.79,12.37,12.77,2225470
20110714,12.7,12.99,12.38,12.43,2173470
20110715,12.55,12.69,12.07,12.24,4997200
20110718,12.2,12.24,11.99,12.24,2630420
20110719,12.2,12.38,12.2,12.24,1084330
20110720,12.34,12.59,12.19,12.41,1693250
20110721,12.46,12.77,12.38,12.77,1687400
20110722,12.83,13.08,12.73,12.73,1514760
20110725,12.69,12.87,12.44,12.65,1074450
20110726,12.72,12.95,12.6,12.87,1382160
20110727,12.87,12.88,12.43,12.55,2416310
20110728,12.55,12.8,12.52,12.75,2799030
20110729,12.66,12.91,12.52,12.81,1558180
20110801,12.95,13.12,12.43,12.53,1879020
20110802,12.75,12.75,12.28,12.46,1934790
20110803,12.43,12.58,12.24,12.52,2457390
20110804,12.39,12.39,11.3,11.74,5050630
20110805,11.74,12.26,10.99,11.49,5006950
20110808,11.21,11.41,10.64,10.64,4714580
20110809,10.79,11.35,10.71,11.21,4681820
20110810,11.21,12.16,10.89,12.11,4899310
20110811,12.11,12.34,11.97,12.21,3085550
20110812,12.2,12.28,11.87,11.92,2478710
20110815,12.13,12.7,11.88,12.63,1723540
20110816,12.55,12.55,11.88,12.13,2683590
20110817,12.24,12.51,12.12,12.47,2974530
20110818,12.24,12.38,12.07,12.24,3276000
20110819,12.24,12.24,11.97,12.11,2325570
20110822,12.11,12.28,12.06,12.06,1731080
20110823,12.17,12.21,11.93,12.2,1257620
20110824,12.11,12.21,11.88,12.07,2076880
20110825,11.97,12.2,11.82,11.94,1489280
20110826,11.9,12.02,11.77,11.88,2178410
20110829,12.06,12.23,11.99,12.16,4407130
20110830,12.19,12.19,11.95,12.02,2106000
20110831,12.2,12.74,12.07,12.59,5058820
20110901,12.81,13.63,12.81,13.63,7309770
20110902,13.46,13.93,13.35,13.75,9584120
20110905,13.36,13.83,13.36,13.46,3083210
20110906,13.23,13.83,13.17,13.83,5429840
20110908,13.86,14.42,13.84,14.42,5184010
20110909,14.26,14.32,13.91,14.2,3786250
20110912,14.07,14.53,13.9,14.43,3453970
20110913,14.43,14.46,13.65,13.77,3407170
20110914,13.65,13.98,13.39,13.85,3108560
20110915,13.83,14,13.5,13.65,3882060
20110916,13.65,13.9,13.51,13.83,1891500
20110919,13.7,13.83,13.44,13.52,2287090
20110920,13.48,13.82,13.43,13.74,1604460
20110921,13.77,14,13.05,13.2,2506790
20110922,12.77,13.19,12.59,12.77,3157960
20110923,12.77,13.3,12.66,13.15,1757730
20110926,13.1,13.48,12.79,13.26,1404260
20110927,13.48,13.83,13.2,13.26,1551030
20110928,13.26,13.75,13.2,13.26,2683720
20110929,13.34,13.69,13.34,13.69,2523170
20110930,13.56,13.8,13.26,13.63,4802850
20111003,13.6,13.8,13.13,13.19,2817490
20111004,13.03,13.06,12.21,12.63,5459090
20111005,12.42,12.53,11.99,12.52,4092660
20111006,12.75,13.19,12.22,13.19,3497000
20111007,13.31,13.46,12.53,13.02,2152020
20111010,13.26,13.41,13.12,13.34,1441830
20111011,13.33,13.55,13.13,13.36,1802970
20111013,13.48,13.76,12.97,13.14,2724930
20111014,13.32,13.55,13.19,13.45,999960
20111017,13.34,13.4,12.99,13.26,1279720
20111018,13.17,13.35,12.92,13.17,1835210
20111019,13.17,13.6,13.16,13.48,2782520
20111020,13.44,13.62,12.98,13.02,2423070
20111021,13.16,13.35,13.09,13.3,1695200
20111024,13.44,13.53,12.88,12.93,2508610
20111025,12.87,13.02,12.6,12.89,2363400
20111026,12.95,13.13,12.63,13.13,2305940
20111027,13.3,13.43,12.63,12.63,5211960
20111028,12.63,13.12,12.63,13.12,2127970
20111031,13.12,13.39,12.97,13.16,2598830
20111101,12.63,13.37,12.63,13.23,2255630
20111103,13.34,13.34,13.02,13.19,2897310
20111104,13.12,13.42,13,13.31,1643720
20111107,13.43,13.82,13.43,13.69,2746770
20111108,13.73,13.96,13.63,13.83,2857010
20111109,13.73,13.8,13.55,13.65,2525250
20111110,13.83,13.83,13.63,13.69,1399190
20111111,13.83,13.97,13.69,13.83,955500
20111114,13.69,13.97,13.45,13.76,2419950
20111116,13.61,14.14,13.6,14.12,2028780
20111117,14.07,14.1,13.48,13.65,2146040
20111118,13.72,13.83,13.6,13.71,1049880
20111121,13.58,13.76,13.34,13.56,2047890
20111122,13.7,13.72,13.41,13.55,1774370
20111123,13.44,13.48,12.7,12.7,2143310
20111124,12.84,13.14,12.63,12.77,2278640
20111125,12.75,13.04,12.64,12.94,1530750
20111128,13.03,13.18,12.87,12.9,1629810
20111129,12.88,13.04,12.59,12.59,1828320
20111130,12.77,13.21,12.77,12.99,5026840
20111201,13.26,13.61,13.18,13.51,2824640
20111202,13.69,13.86,13.27,13.44,1818830
20111205,13.73,13.79,13.53,13.67,1543490
20111206,13.65,13.76,13.42,13.76,1651650
20111207,13.55,13.75,13.31,13.48,3730090
20111208,13.49,13.68,13.24,13.24,1945840
20111209,13.48,13.53,13.2,13.26,1869270
20111212,13.26,13.31,12.77,12.84,1744470
20111213,12.87,12.87,12.32,12.52,6761950
20111214,12.42,12.82,12.42,12.45,3808870
20111215,12.41,12.98,12.41,12.8,3225950
20111216,12.8,13.16,12.73,13.12,3024580
20111219,13.03,13.26,12.98,13.01,1549340
20111220,12.95,13.39,12.95,13.24,2012660
20111221,13.12,13.25,12.63,12.81,4577560
20111222,12.8,12.83,12.58,12.63,1623960
20111223,12.65,12.84,12.43,12.81,1604200
20111226,12.87,13.06,12.76,12.91,620750
20111227,12.84,13.04,12.74,13.04,886860
20111228,13.12,13.12,12.46,12.77,2241850
20111229,12.75,13.03,12.65,12.85,3266250
20120102,12.77,13.48,12.77,13.48,2613910
20120103,13.46,13.8,13.29,13.62,3775330
20120104,13.62,13.75,13.34,13.55,2431520
20120105,13.51,13.55,12.95,12.95,2689440
20120106,13.12,13.18,12.73,12.85,2267070
20120109,12.97,13.04,12.65,12.77,2987400
20120110,12.95,12.96,12.78,12.91,3563950
20120111,12.95,12.95,12.67,12.73,2026570
20120112,12.74,12.87,12.7,12.77,1672970
20120113,12.76,12.84,12.63,12.77,1741870
20120116,12.77,12.99,12.77,12.99,645060
20120117,12.99,13.12,12.83,12.98,1995760
20120118,13.09,13.32,13.02,13.26,3677830
20120119,13.31,13.6,13.31,13.49,3514420
20120120,13.48,13.77,13.22,13.6,3036280
20120123,13.62,13.85,13.55,13.65,3586960
20120124,13.63,13.9,13.51,13.83,5746000
20120126,13.87,13.93,13.69,13.73,3574610
20120127,13.83,13.89,13.63,13.8,3834610
20120130,13.8,13.86,13.49,13.78,3066830
20120131,13.88,13.92,13.53,13.53,2914080
20120201,13.87,13.87,13.73,13.83,5597020
20120202,13.82,14.55,13.69,14.33,11056890
20120203,14.16,14.78,14.16,14.62,4829370
20120206,14.61,14.63,14.36,14.47,2458300
20120207,14.47,14.52,14.18,14.31,2832700
20120208,14.36,14.68,14.36,14.68,4568850
20120209,14.67,14.76,14.46,14.54,2336750
20120210,14.47,14.59,14.32,14.44,3100110
20120213,14.54,14.75,14.36,14.41,1666600
20120214,14.54,14.97,14.44,14.97,1861340
20120215,15.11,15.6,15.11,15.5,4005040
20120216,15.39,15.88,15.39,15.64,2247700
20120217,15.49,16.24,15.38,16.24,2279420
20120222,16.32,16.46,15.98,16.1,2112110
20120223,15.9,15.95,15.17,15.25,2747680
20120224,15.31,15.31,15.04,15.16,2750020
20120227,15.18,15.76,15.07,15.36,1767740
20120228,15.43,15.51,14.74,15.36,3622710
20120229,15.4,15.95,15.39,15.61,4421170
20120301,15.65,16.23,15.59,16.05,1862900
20120302,16.07,16.17,15.73,15.83,3412110
20120305,15.82,16.27,15.51,16.27,2203760
20120306,15.96,16.25,15.9,16.05,2464540
20120307,16.1,16.52,16.07,16.46,1894360
20120308,16.5,17.29,16.46,17.03,3697070
20120309,17.03,17.17,16.93,17.03,1651000
20120312,17.03,17.25,16.81,17.2,1709500
20120313,17.1,17.32,16.95,17.2,2913820
20120314,17.1,17.2,16.78,16.95,2238990
20120315,16.63,16.83,16.56,16.6,2902640
20120316,16.6,16.88,16.37,16.49,1508130
20120319,16.67,16.71,16.49,16.6,1192750
20120320,16.6,16.99,16.28,16.32,1785550
20120321,16.32,16.53,16.11,16.28,2200770
20120322,16.14,16.24,15.91,15.96,3308630
20120323,15.82,16.41,15.79,16.14,2078050
20120326,16.32,16.85,16.14,16.71,1851200
20120327,16.88,17.17,16.49,16.63,2948790
20120328,16.87,16.98,16.38,16.45,2086500
20120329,16.45,16.68,16.18,16.29,2011620
20120330,16.32,16.88,16.05,16.88,2715180
20120402,16.98,17.66,16.91,17.41,2856230
20120403,17.55,17.67,17.13,17.21,1323790
20120404,17.2,17.54,16.71,16.81,2061280
20120405,16.81,17.24,16.75,17.23,1345890
20120409,16.9,17.17,16.71,16.91,1046890
20120410,16.91,17.32,16.91,17.11,2528370
20120411,17.22,17.28,16.26,16.51,1915810
20120412,16.67,16.97,16.2,16.24,3599440
20120413,16.03,16.44,15.85,15.88,2213120
20120416,15.94,16.36,15.85,15.89,1609660
20120417,16.36,16.44,16.05,16.15,2705430
20120418,16.11,16.74,16.11,16.6,4484870
20120419,16.5,16.98,16.5,16.67,2010840
20120420,16.83,16.97,16.58,16.64,2623140
20120423,16.46,16.49,16.19,16.21,1275170
20120424,16.15,16.27,15.99,16.19,1461460
20120425,16.5,16.7,16.15,16.59,2262780
20120426,16.59,17.15,16.43,17.15,1275300
20120427,17.31,17.55,16.75,16.87,1951430
20120430,16.86,17.13,16.72,16.91,2654470
20120502,17.11,17.29,16.9,17.27,2725710
20120503,17.25,17.28,17,17.13,1381380
20120504,16.96,17.53,16.8,17.07,3249870
20120507,16.92,17.2,16.7,17.07,2992340
20120508,16.96,17.17,16.71,16.78,2362100
20120509,16.45,16.62,16.25,16.29,3151460
20120510,16.59,16.64,16.35,16.42,2200510
20120511,16.42,16.9,16.14,16.42,2249520
20120514,16.22,16.83,15.89,16.07,2431520
20120515,16.1,16.57,15.52,15.73,2207400
20120516,16.17,16.67,15.82,16.41,4735900
20120517,16.65,16.89,15.86,16.01,3743870
20120518,16.27,16.33,15,15,7661940
20120521,15.03,16.02,14.56,15.82,6344130
20120522,15.52,15.9,15.23,15.32,4763590
20120523,15.55,15.55,14.64,14.74,4987060
20120524,14.82,15.02,14.37,14.69,3855930
20120525,14.71,15.67,14.69,15.49,2685670
20120528,15.57,16.16,15.44,16.02,951340
20120529,16.18,16.25,15.32,15.39,4976400
20120530,15.12,15.56,14.79,15.42,4542460
20120531,15.42,15.96,15,15.85,5345600
20120601,15.64,15.76,15.01,15.25,2949050
20120604,15.21,15.55,14.86,15.35,3616990
20120605,15.39,15.71,15.11,15.21,1982240
20120606,15.25,15.7,15.25,15.67,2956200
20120608,15.67,15.95,15.4,15.91,2377440
20120611,15.95,15.97,15.72,15.89,1629680
20120612,15.79,16.53,15.71,16.42,1910480
20120613,16.33,16.67,16.21,16.57,2752620
20120614,16.55,16.7,16.25,16.53,1500980
20120615,16.53,16.64,16.32,16.64,1637610
20120618,16.42,17.14,16.42,16.85,2272530
20120619,16.98,17.45,16.87,17.28,2719340
20120620,17.24,17.6,17.13,17.46,2339090
20120621,17.28,17.42,16.55,16.76,2017470
20120622,16.84,16.85,16.3,16.37,1487070
20120625,16.07,16.31,16,16.18,1461330
20120626,16.19,16.53,16.03,16.42,2527850
20120627,16.56,16.99,16.44,16.76,1674400
20120628,16.76,16.95,16.32,16.43,1991600
20120629,16.7,16.92,16.12,16.42,3842020
20120702,16.27,16.55,16.02,16.28,2855060
20120703,16.28,16.92,16.27,16.92,2228850
20120704,16.92,16.92,16.59,16.75,856180
20120705,16.75,16.78,16.15,16.15,3980600
20120706,16.05,16.27,16.04,16.27,2092740
20120710,16.35,16.52,15.57,15.71,3314480
20120711,15.7,15.98,15.57,15.73,2876510
20120712,15.71,15.71,15.23,15.46,4081870
20120713,15.47,15.47,15.06,15.21,6890520
20120716,15.35,15.78,15.25,15.78,5154760
20120717,15.85,16.04,15.64,15.95,2685800
20120718,15.87,16.14,15.78,16.09,1461720
20120719,16.21,16.42,16.07,16.42,1760590
20120720,16.34,16.62,15.75,16.6,6604130
20120723,16.41,16.55,15.82,16.42,2414490
20120724,16.37,16.37,15.71,16.17,2537990
20120725,16.45,16.59,16.19,16.47,1925950
20120726,16.74,16.78,16.39,16.78,1692600
20120727,16.92,17.61,16.6,17.35,2914080
20120730,17.07,17.25,16.71,17.25,1632150
20120731,17.16,17.46,16.8,17.08,4180930
20120801,17.17,17.35,16.86,17.28,2099890
20120802,17.5,17.75,16.98,17.67,3235830
20120803,17.6,17.98,17.6,17.89,2780180
20120806,17.89,18.09,17.6,17.85,2447900
20120807,18,18.02,17.44,17.61,2073630
20120808,17.3,17.82,17.3,17.53,2374840
20120809,17.28,17.58,17.25,17.57,1757860
20120810,17.49,17.57,17.28,17.46,2434250
20120813,17.29,18.02,17.15,17.95,2937870
20120814,17.92,18.02,17.3,17.44,2835040
20120815,17.52,17.87,17.33,17.67,4887740
20120816,17.91,18.02,17.62,17.96,3264300
20120817,18,18.2,17.87,18.14,2370810
20120820,18.17,18.18,17.7,17.7,1575730
20120821,17.78,17.82,17.42,17.6,2273700
20120822,17.55,18.07,17.55,17.78,2096250
20120823,17.69,17.79,17.35,17.57,2479100
20120824,17.59,18.01,17.3,17.85,1615900
20120827,17.91,17.91,17.54,17.64,1205880
20120828,17.71,18.22,17.71,18.21,2745470
20120829,18.2,18.2,17.61,17.7,1553890
20120830,17.57,18.21,17.57,18.21,1572870
20120831,18.28,18.35,17.93,18.07,2850120
20120903,18.17,18.39,18.07,18.2,1604590
20120904,18.14,18.4,17.91,17.96,1866280
20120905,18.18,18.25,17.75,18.22,2065700
20120906,18.21,18.81,18.02,18.71,1925950
20120910,18.78,19.05,18.36,18.42,4393090
20120911,18.52,19.27,18.46,19.24,3518710
20120912,19.23,19.66,19.15,19.5,4960020
20120913,19.49,19.55,19.07,19.14,4993690
20120914,19.07,19.35,18.13,18.42,8069490
20120917,18.52,19.33,18.49,19.26,3100500
20120918,19.16,19.56,18.98,19.27,5099510
20120919,19.42,19.47,19.02,19.17,3787420
20120920,19.11,19.58,19.06,19.46,3408990
20120921,19.59,20.05,19.28,19.7,3656380
20120924,19.72,20.32,19.69,20.23,3910140
20120925,20.25,20.42,19.79,20.14,4279340
20120926,19.93,20.32,19.75,20.32,1807780
20120927,20.38,20.38,19.62,19.71,4316130
20120928,19.71,20.17,19.31,20.1,3794830
20121001,20.1,20.37,19.85,19.99,2121340
20121002,20,20.06,19.61,19.71,3511170
20121003,19.71,19.96,19.63,19.7,1672710
20121004,19.58,20.2,19.58,20.13,2522520
20121005,20.13,20.42,20.07,20.32,4409730
20121008,20.34,20.78,20.19,20.76,2808910
20121009,20.85,20.88,20.53,20.6,2879890
20121010,20.71,20.8,20.5,20.52,2748460
20121011,20.63,21.06,20.63,20.92,2587000
20121015,21,21.27,20.62,20.67,2762890
20121016,20.72,21,20.72,21,2794090
20121017,21.05,21.05,20.62,20.69,3573830
20121018,20.69,20.77,20.5,20.56,2953860
20121019,20.65,20.87,20.31,20.58,2827890
20121022,20.59,20.64,20.38,20.61,3218930
20121023,20.58,20.58,20.12,20.21,1972230
20121024,20.32,20.34,18.97,19.21,4995640
20121025,19.14,19.57,18.94,19.28,4273230
20121026,19.18,19.3,18.91,19.14,4402970
20121029,19.11,19.28,18.53,18.92,2835300
20121030,19.02,19.45,18.72,19.45,1408810
20121031,19.35,19.44,19.07,19.07,4412720
20121101,19.07,19.27,18.86,19.23,2107690
20121105,19.13,19.28,19.07,19.18,2165540
20121106,19.18,19.35,19,19,2721550
20121107,19.07,19.25,18.48,18.73,2370420
20121108,18.75,19.02,18.5,18.64,1754610
20121109,18.5,18.83,18.49,18.6,1853280
20121112,18.67,18.73,18.4,18.64,1885650
20121113,18.49,19.38,18.49,19.38,4040920
20121114,19.37,19.64,19.22,19.64,5189990
20121116,19.53,19.62,18.88,19.07,4203160
20121119,19.07,19.35,19.01,19.32,2253680
20121121,19.56,19.57,19.22,19.57,2453620
20121122,19.64,19.76,19.32,19.37,2149810
20121123,19.41,19.71,19.32,19.63,1866930
20121126,19.53,19.91,19.53,19.64,2331550
20121127,19.55,19.82,19.22,19.32,1941420
20121128,19.1,19.47,18.65,19.39,4112160
20121129,19.55,19.61,19.18,19.53,3828760
20121130,19.63,20.04,19.53,19.6,4712500
20121203,19.71,20.06,19.71,19.82,3529890
20121204,19.85,20.14,19.35,19.35,2953600
20121205,19.39,19.72,19.21,19.27,3365700
20121206,19.45,20.09,19.27,20.01,4061590
20121207,20.05,20.31,19.87,20.22,3598400
20121210,20.22,20.6,20.08,20.42,2438150
20121211,20.47,20.53,19.76,19.9,5157880
20121212,20.01,20.07,19.54,19.71,3679260
20121213,19.7,19.84,19.49,19.5,3399760
20121214,19.63,19.85,19.48,19.53,3142620
20121217,19.63,19.89,19.45,19.87,2712190
20121218,19.98,20,19.43,19.5,3099980
20121219,19.5,19.57,19.21,19.57,5975190
20121220,19.53,19.67,19.32,19.5,3555370
20121221,19.22,19.64,19.22,19.59,1743690
20121226,19.43,19.71,19.25,19.37,1433900
20121227,19.25,19.49,18.93,19.17,2536040
20121228,19.26,19.4,18.98,19.3,2305810
20130102,19.64,19.82,19.39,19.82,1960010
20130103,19.78,19.86,19.59,19.86,2370810
20130104,19.86,19.92,19.29,19.75,3724500
20130107,19.4,19.63,19.3,19.57,2103010
20130108,19.57,19.64,19.11,19.39,3940560
20130109,19.39,19.75,19.28,19.6,7648160
20130110,19.58,19.69,19.11,19.57,4550260
20130111,19.39,19.47,19.23,19.39,1182090
20130114,19.49,19.49,19.09,19.25,2665650
20130115,19.38,19.38,18.76,19.07,2557620
20130116,19.17,19.54,18.99,19.54,1693120
20130117,19.54,19.6,19.37,19.53,1417650
20130118,19.59,19.59,19.14,19.14,3267420
20130121,19.14,19.47,19.14,19.46,1705860
20130122,19.36,19.58,19.25,19.32,1614210
20130123,19.32,19.39,19.21,19.39,2179190
20130124,19.38,19.84,18.86,19.17,5137600
20130128,19.21,19.28,18.55,18.57,6185790
20130129,18.63,18.69,18.04,18.6,8449090
20130130,18.75,18.79,18.18,18.45,6296160
20130131,18.43,18.74,18.29,18.41,4042740
20130201,18.48,19.08,18.42,19.08,9015500
20130204,19.07,19.19,18.82,18.88,3463070
20130205,18.88,19.16,18.83,19.1,3044990
20130206,19.11,19.17,18.92,19.14,2889380
20130207,19.05,19.22,18.77,18.92,5902910
20130208,18.75,19.14,18.75,19.14,2802150
20130213,19.15,19.37,19,19.29,3042130
20130214,19.27,19.32,19.01,19.28,1808950
20130215,19.28,19.28,18.39,18.42,5845060
20130218,18.4,18.65,18.07,18.27,4832100
20130219,18.27,18.51,18,18.17,4739150
20130220,18.07,18.46,18,18.25,4617080
20130221,18.15,18.45,17.88,18.31,4904770
20130222,18.38,18.38,17.8,17.85,5151380
20130225,18.02,18.03,17.53,17.68,5449860
20130226,17.63,17.77,17.05,17.21,8434790
20130227,17.27,17.94,17.03,17.82,11999650
20130228,17.75,18.42,17.75,18.28,6136260
20130301,17.99,18.7,17.9,18.7,5554510
20130304,18.64,18.7,18.4,18.57,2781350
20130305,18.6,18.93,18.51,18.57,6108180
20130306,18.63,18.95,18.42,18.95,4428320
20130307,19.23,19.24,18.39,18.39,5866380
20130308,18.35,18.63,18.12,18.47,4192500
20130311,18.47,18.62,18.12,18.21,2760940
20130312,18.28,18.46,18.07,18.3,1928160
20130313,18.45,18.5,17.88,18.07,4023110
20130314,18.2,18.55,18,18.21,3077230
20130315,18.35,18.35,17.92,18.09,2027740
20130318,17.92,18.17,17.74,18.17,3122730
20130319,18.21,18.21,17.81,17.87,2305420
20130320,17.89,18.03,17.67,17.85,2987270
20130321,17.85,17.89,17.25,17.55,4986410
20130322,17.69,17.72,17.11,17.25,4473300
20130325,17.26,17.7,17.26,17.69,4166500
20130326,17.85,17.85,17.47,17.62,3807440
20130327,17.62,17.95,17.37,17.75,3496220
20130328,17.75,18.12,17.61,17.97,3299920
20130401,18,18.17,17.76,17.86,2556060
20130402,18,18.07,17.37,17.46,3326830
20130403,17.57,17.67,17.19,17.42,5481450
20130404,17.42,17.49,16.93,17.07,5255640
20130405,17.05,17.05,16.41,16.97,9869470
20130408,16.9,17.13,16.54,16.64,6341140
20130409,16.75,17.12,16.74,17.05,8032570
20130410,17.09,17.45,17.02,17.23,5390970
20130411,17.21,17.25,16.67,16.82,5249660
20130412,16.74,16.8,16.07,16.22,10123100
20130415,15.97,16.11,15.54,15.71,12078820
20130416,15.73,16.32,15.62,16.07,11184030
20130417,15.93,16.39,15.87,16.39,17891380
20130418,16.53,17.12,16.53,16.85,9889100
20130419,17,17.01,16.5,16.87,5776290
20130422,16.96,17.44,16.82,17.21,5353920
20130423,17.16,17.24,16.86,17.05,4290130
20130424,16.99,17.33,16.82,17.17,4488900
20130425,17.08,17.34,16.91,17.14,3650140
20130426,17.05,17.26,16.67,16.82,4704310
20130429,17,17,16.6,16.89,2613000
20130430,16.95,17.02,16.68,16.96,7353320
20130502,17.03,17.19,16.56,16.91,5526300
20130503,17.02,17.05,16.83,17.05,7158580
20130506,16.98,17.05,16.61,16.91,5442450
20130507,16.79,17.15,16.71,17.05,5669300
20130508,16.72,17.2,16.7,17.11,11004630
20130509,17.12,17.78,17.02,17.51,6488690
20130510,17.44,17.57,17.19,17.2,6054230
20130513,17.13,17.43,16.99,17.14,6054490
20130514,17.12,17.66,17.08,17.6,5294120
20130515,17.55,17.77,17.33,17.56,4804540
20130516,17.66,17.88,17.41,17.63,7386860
20130517,17.77,17.77,17.56,17.67,7444840
20130520,17.67,17.69,17.39,17.49,5467410
20130521,17.52,17.68,17.39,17.52,8211580
20130522,17.54,17.66,17.44,17.63,10330970
20130523,17.48,17.69,17.33,17.52,5908630
20130524,17.41,17.44,17.13,17.33,4472130
20130527,17.27,17.6,17.21,17.42,946790
20130528,17.56,17.59,17.09,17.12,7084220
20130529,17.04,17.12,16.59,16.69,9420580
20130531,16.58,16.66,15.76,16.03,13427310
20130603,16.1,16.21,15.51,15.85,6720090
20130604,15.88,15.91,15.67,15.8,6017830
20130605,15.8,16.02,15.76,15.93,9287070
20130606,15.97,15.99,15.78,15.82,6078800
20130607,15.36,15.71,15.29,15.41,9468420
20130610,15.48,15.9,15.32,15.41,11566490
20130611,15.43,15.43,14.68,15.05,9126520
20130612,15.29,15.29,14.63,14.86,9285770
20130613,14.86,15.17,14.76,15.01,7513480
20130614,15.14,15.26,14.86,15.03,5459480
20130617,15.06,15.37,14.58,14.81,4152720
20130618,14.81,15.13,14.81,15.08,3449290
20130619,14.97,15.24,14.4,14.49,6171490
20130620,14.26,14.51,13.57,14.38,9224280
20130621,14.14,14.56,14.03,14.03,5429060
20130624,13.92,14,13.34,13.84,7087340
20130625,13.84,14.17,13.64,13.96,4606160
20130626,14.17,14.62,14,14.45,4649970
20130627,14.45,14.77,14.31,14.55,6315140
20130628,14.44,14.57,14.36,14.56,5213780
20130701,14.49,14.68,14.14,14.2,4386460
20130702,14.19,14.24,13.37,13.48,5236140
20130703,13.36,13.73,13.2,13.58,6981130
20130704,13.69,13.98,13.64,13.73,3092050
20130705,13.63,13.74,13.46,13.74,4449640
20130708,13.76,13.81,13.49,13.55,4812600
20130710,13.56,13.71,13.46,13.65,4576520
20130711,13.92,14.18,13.78,14.08,5782660
20130712,14,14.11,13.84,13.98,3781440
20130715,13.85,14.54,13.85,14.51,2553850
20130716,14.57,14.57,14.12,14.31,3453710
20130717,14.36,14.51,14.03,14.27,4598880
20130718,14.18,14.71,14.08,14.7,6664190
20130719,14.57,14.94,14.57,14.72,3055130
20130722,14.73,15.19,14.73,15.18,3457610
20130723,15.23,15.23,14.82,15,3968250
20130724,15.13,15.13,14.89,14.97,4342650
20130725,14.9,15.18,14.83,15.01,4427540
20130726,14.9,15.4,14.87,15.4,2271230
20130729,15.28,15.28,14.95,14.95,2621840
20130730,15.06,15.06,14.67,14.67,3470740
20130731,14.57,14.76,14.43,14.73,2496000
20130801,15.03,15.03,14.6,14.93,3877770
20130802,14.94,15.08,14.67,14.88,3748680
20130805,14.86,14.9,14.34,14.34,3570060
20130806,14.29,14.46,14.06,14.21,3484910
20130807,14.1,14.19,13.92,13.93,2470780
20130808,13.95,14.33,13.73,13.77,4966520
20130809,13.87,14.05,13.73,13.99,3511950
20130812,14.18,14.21,13.9,14.21,6068660
20130813,14.39,14.68,14.14,14.65,4957160
20130814,14.57,14.79,14.23,14.65,7872410
20130815,14.36,14.59,14.27,14.52,4733950
20130816,14.39,14.48,13.81,13.91,5534750
20130819,13.92,13.92,13.24,13.3,5884320
20130820,13.33,13.54,13.22,13.44,4720040
20130821,13.4,13.57,13.21,13.4,4332250
20130822,13.44,13.52,13.07,13.22,3508310
20130823,13.23,13.44,13.08,13.44,6529770
20130826,13.48,13.61,13.2,13.23,3891550
20130827,13.12,13.32,12.91,13.2,5803200
20130828,13.14,13.26,13.09,13.19,2797730
20130829,13.19,13.37,13.09,13.12,2485470
20130830,13.22,13.34,13.13,13.19,5750030
20130902,13.3,13.77,13.3,13.71,2934880
20130903,13.6,13.66,13.47,13.55,3920930
20130904,13.52,13.55,13.37,13.38,3221920
20130905,13.43,13.67,13.2,13.65,3097510
20130906,13.76,13.87,13.68,13.76,5064410
20130909,13.82,14.46,13.74,14.43,5505890
20130910,14.45,14.57,14.14,14.48,3938350
20130911,14.42,14.42,14.08,14.21,3968120
20130912,14.33,14.35,14.18,14.35,3341390
20130913,14.24,14.73,14.16,14.65,3768960
20130916,14.68,15.27,14.68,14.94,3406000
20130917,14.92,15.34,14.82,15.34,3642990
20130918,15.22,16.03,15.04,15.96,6883630
20130919,15.96,16.23,15.88,15.88,7207850
20130920,15.88,15.94,15.32,15.37,2900820
20130923,15.39,15.64,15.3,15.46,2703220
20130924,15.45,15.48,15.11,15.48,2743910
20130925,15.4,15.45,14.9,14.96,3634800
20130926,15.06,15.3,14.98,15.02,2617550
20130927,15.02,15.35,14.87,14.94,1862900
20130930,14.86,15.18,14.51,14.65,3883620
20131001,14.76,15.08,14.51,15.08,2597920
20131002,14.94,15.19,14.82,15.12,2262650
20131003,15.18,15.21,14.55,14.58,3241680
20131004,14.67,14.7,14.5,14.55,3238560
20131007,14.54,14.55,14.14,14.5,3898180
20131008,14.5,14.57,14.34,14.5,2577510
20131009,14.54,14.71,14.43,14.71,4167410
20131010,14.76,15.04,14.76,14.94,3321370
20131011,14.94,15.05,14.87,15.05,2329340
20131014,15.06,15.4,14.89,15.19,2789540
20131015,15.21,15.34,15.08,15.34,4049500
20131016,15.27,15.68,15.13,15.37,4700930
20131017,15.3,16.13,15.3,16.07,4957420
20131018,16.04,16.19,15.85,16.13,4689360
20131021,16.14,16.22,16,16.17,2432690
20131022,16.15,16.54,16.05,16.51,3411070
20131023,16.51,16.74,16.31,16.31,3274310
20131024,16.29,16.48,15.91,16.07,2426840
20131025,16.07,16.21,15.82,16.03,1492140
20131028,16.1,16.21,15.98,16.06,1594060
20131029,16.04,16.1,15.75,15.81,1955850
20131030,15.83,16.17,15.83,16.03,3544320
20131031,16.12,16.15,15.81,15.81,3200470
20131101,15.78,15.92,15.24,15.31,5804240
20131104,15.35,15.73,15.32,15.68,4032470
20131105,15.8,15.93,15.05,15.05,5551520
20131106,15.07,15.15,14.54,14.57,5832190
20131107,14.54,14.64,14.25,14.46,5614570
20131108,14.43,14.49,14.03,14.1,3912870
20131111,14.08,14.4,13.92,14.14,2162030
20131112,14.13,14.31,13.71,14.03,3748550
20131113,14.03,14.71,13.74,14.57,4885660
20131114,14.72,15.08,14.52,14.89,3240770
20131118,14.82,15.1,14.57,14.7,2745730
20131119,14.69,14.72,14,14.14,3992820
20131121,13.92,14.45,13.92,14.14,5008250
20131122,14.02,14.24,14.01,14.16,2127970
20131125,14.24,14.26,13.87,13.95,4376450
20131126,13.84,14.06,13.6,13.83,3122470
20131127,13.96,14.03,13.59,13.73,4960800
20131128,13.81,14.19,13.78,14.06,4812080
20131129,14.19,14.19,13.88,13.95,1952340
20131202,13.6,13.88,13.53,13.53,2578680
20131203,13.46,13.52,12.86,13.12,5991960
20131204,13.2,13.28,13.03,13.12,3560050
20131205,13.13,13.54,13.09,13.54,7382700
20131206,13.55,13.77,13.44,13.66,4198610
20131209,13.75,13.85,13.42,13.76,2716480
20131210,13.74,13.83,13.42,13.48,2146820
20131211,13.46,13.63,13.26,13.26,4004260
20131212,13.33,13.33,13.13,13.26,7616050
20131213,13.27,13.4,13.04,13.04,3376230
20131216,13.07,13.38,13,13.12,4769570
20131217,13.07,13.12,12.75,12.75,3069430
20131218,12.79,13.04,12.75,12.82,3689140
20131219,12.99,13.12,12.89,13.12,1803880
20131220,13.13,13.21,12.77,12.77,3057600
20131223,12.83,12.92,12.55,12.6,4117880
20131226,12.67,12.7,12.41,12.45,2620670
20131227,12.52,12.52,11.98,12.36,5281380
20131230,12.34,12.52,12.25,12.42,2673450
20140102,12.35,12.44,12.16,12.4,3119740
20140103,12.39,12.67,12.27,12.67,7451340
20140106,12.6,12.63,12.24,12.35,3227380
20140107,12.44,12.52,12.34,12.42,4831580
20140108,12.42,12.7,12.36,12.69,4267510
20140109,12.59,12.62,12.24,12.24,5535400
20140110,12.42,12.42,12.11,12.42,5307770
20140113,12.42,12.66,12.3,12.32,1989130
20140114,12.24,12.45,12.14,12.23,2258230
20140115,12.26,12.52,12.16,12.49,1997450
20140116,12.5,12.55,12.11,12.39,3252860
20140117,12.44,12.44,12.17,12.29,2664610
20140120,12.3,12.39,12.13,12.18,980200
20140121,12.23,12.32,12.04,12.2,2356900
20140122,12.28,12.66,12.14,12.55,3226340
20140123,12.41,12.63,12.2,12.2,2279160
20140124,12.15,12.18,11.84,11.88,2469480
20140127,11.88,12.07,11.77,11.91,2004210
20140128,12.15,12.15,11.66,11.66,4865510
20140129,11.59,11.79,11.34,11.34,5883800
20140130,11.31,11.46,11.22,11.22,4947280
20140131,11.1,11.17,10.85,11.07,11574290
20140203,11.1,11.14,10.7,10.75,4787250
20140204,11.03,11.57,10.89,11.55,10613330
20140205,11.58,11.82,11.46,11.5,4612270
20140206,11.59,11.62,11.33,11.33,3824340
20140207,11.34,11.85,11.34,11.73,3592680
20140210,11.64,11.77,11.51,11.6,3072160
20140211,11.72,12.11,11.67,11.91,3572660
20140212,12.02,12.02,11.8,11.91,3284970
20140213,11.88,12.2,11.61,12.15,3610880
20140214,12.13,12.44,12.07,12.34,2890290
20140217,12.36,12.36,11.77,11.77,1953900
20140218,11.77,11.78,11.55,11.66,3615040
20140219,11.5,12.13,11.4,12.13,4205760
20140220,12,12.79,11.9,12.59,4287400
20140221,12.63,12.82,12.42,12.64,2089620
20140224,12.58,12.78,12.5,12.68,2660320
20140225,12.6,12.64,12.4,12.52,2200380
20140226,12.49,12.73,12.41,12.65,3143140
20140227,12.74,13.33,12.71,13.33,7279740
20140228,13.33,13.36,12.95,13.09,8129420
20140305,13.09,13.26,13.09,13.16,2843230
20140306,13.17,13.46,13.11,13.46,5025670
20140307,13.41,13.44,13.21,13.3,7134400
20140310,13.19,13.27,13.03,13.08,4638140
20140311,13.3,13.33,13.05,13.12,3036670
20140312,12.97,13.18,12.96,13.08,4922710
20140313,13.08,13.19,12.63,12.77,3813420
20140314,12.82,13.01,12.75,12.75,3606200
20140317,12.88,13.12,12.76,12.97,2703610
20140318,12.98,13.48,12.93,13.33,4006990
20140319,13.26,13.52,13.03,13.12,3014700
20140320,12.87,13.17,12.82,13.03,3387280
20140321,12.88,13.33,12.83,13.02,3924310
20140324,13.13,13.21,12.75,13.11,3296670
20140325,13.19,13.33,13,13.28,2173470
20140326,13.37,13.49,12.93,12.93,2562300
20140327,13.05,13.48,13.05,13.41,4807140
20140328,13.4,13.95,13.3,13.88,6069440
20140331,13.95,14.27,13.9,14.27,5263310
20140401,14.06,14.13,13.76,13.87,6540820
20140402,13.9,14.4,13.7,14.21,4218630
20140403,14.06,14.22,13.8,13.89,3161340
20140404,14.15,14.24,13.98,14.03,5751070
20140407,14.2,14.46,13.87,14.28,5119010
20140408,14.52,14.91,14.04,14.21,6009120
20140409,14.07,14.13,13.54,13.66,3991520
20140410,13.69,13.86,13.38,13.56,4369690
20140411,13.41,13.84,13.41,13.76,3707990
20140414,13.83,13.91,13.47,13.68,3246750
20140415,13.57,13.76,13.27,13.41,3894410
20140416,13.55,13.6,13.3,13.6,4168580
20140417,13.61,13.9,13.45,13.87,2529800
20140422,13.84,14.07,13.76,13.9,2961920
20140423,14.04,14.04,13.59,13.65,2538120
20140424,13.65,13.9,13.52,13.9,2084420
20140425,13.77,13.89,13.57,13.74,1467960
20140428,13.65,13.8,13.4,13.69,2049970
20140429,13.79,14.1,13.73,13.99,3070210
20140430,13.97,14.12,13.88,13.98,2888080
20140502,13.93,14.52,13.85,14.52,5653700
20140505,14.57,14.62,14.25,14.32,2883010
20140506,14.44,14.44,14.12,14.3,3290430
20140507,14.11,14.36,14.07,14.3,2591290
20140508,14.32,14.39,14.15,14.39,1384500
20140509,14.32,14.38,14.07,14.11,1230190
20140512,14.25,14.43,14.13,14.36,1698190
20140513,14.39,14.39,14.07,14.07,2018900
20140514,14.07,14.33,14.02,14.15,2871180
20140515,14.1,14.26,14,14.07,3083730
20140516,14.16,14.36,13.97,14.07,1579240
20140519,14.13,14.2,13.97,14.06,1384890
20140520,14.07,14.33,13.94,13.99,2723110
20140521,14.05,14.16,13.75,13.83,2275780
20140522,13.82,14.08,13.81,13.86,1700400
20140523,13.8,13.97,13.73,13.82,945750
20140526,13.82,14.07,13.82,14.02,782340
20140527,13.91,14.15,13.64,13.7,3158220
20140528,13.78,13.93,13.69,13.82,1635010
20140529,13.85,13.92,13.73,13.73,2006940
20140530,13.64,13.83,13.5,13.71,3315650
20140602,13.71,13.73,13.44,13.44,2271360
20140603,13.44,13.7,13.32,13.33,2621450
20140604,13.32,13.33,13.18,13.32,2254980
20140605,13.24,13.3,12.92,13.06,4169100
20140606,13.33,13.59,13.25,13.44,5928910
20140609,13.49,13.82,13.49,13.7,2313870
20140610,13.73,14.07,13.69,14,3097380
20140611,14.07,14.39,13.99,14.13,2812680
20140613,13.93,14.42,13.91,14.3,1776970
20140616,14.3,14.36,14.14,14.22,2059200
20140617,14.31,14.31,14.07,14.22,1638780
20140618,14.22,14.42,14.07,14.42,2048150
20140620,14.31,14.46,14.1,14.41,1462500
20140623,14.33,14.45,14.19,14.27,1283880
20140624,14.28,14.36,14.02,14.09,2572440
20140625,13.99,14.28,13.9,13.96,1814930
20140626,14.05,14.25,13.91,14.19,1856530
20140627,14.13,14.22,13.98,14.02,1621360
20140630,14.06,14.06,13.71,13.93,2480270
20140701,13.96,14.09,13.77,13.89,2307370
20140702,13.89,13.93,13.53,13.73,3999840
20140703,13.63,13.72,13.5,13.69,2683590
20140704,13.76,13.85,13.6,13.85,445250
20140707,13.74,13.85,13.67,13.7,1411410
20140708,13.67,13.69,13.54,13.63,1303380
20140710,13.79,13.86,13.67,13.69,2039960
20140711,13.62,14.07,13.62,14.07,1791140
20140714,14.07,14.46,14.04,14.46,2408120
20140715,14.46,14.49,14.27,14.45,1662440
20140716,14.49,14.52,14.08,14.08,5066750
20140717,14.1,14.36,14.01,14.19,1684280
20140718,14.47,14.75,14.28,14.34,6122870
20140721,14.45,14.78,14.39,14.78,2411760
20140722,14.82,15.88,14.66,15.88,7288710
20140723,15.69,15.85,15.24,15.46,3875820
20140724,15.4,15.55,15.15,15.33,2138110
20140725,15.23,15.39,15.14,15.26,1961440
20140728,15.45,15.45,15.19,15.32,1102140
20140729,15.23,15.33,14.9,15.05,1608620
20140730,15.11,15.11,14.82,15.05,1792570
20140731,14.89,14.99,14.52,14.52,4096040
20140801,14.45,14.88,14.25,14.62,2046720
20140804,14.59,15.09,14.53,14.96,1547520
20140805,14.96,15.1,14.69,14.81,2629380
20140806,14.74,15.02,14.54,14.93,1401920
20140807,14.93,15.04,14.79,14.89,2954380
20140808,14.75,15.16,14.72,14.99,2871960
20140811,14.99,15.27,14.99,15.08,2218450
20140812,15.11,15.11,14.9,14.96,1730560
20140813,15.07,15.14,14.76,14.77,3845400
20140814,14.73,14.93,14.61,14.73,1651780
20140815,14.82,15.02,14.73,14.96,1955980
20140818,15.11,15.4,15.04,15.4,2650310
20140819,15.4,15.76,15.37,15.6,4236310
20140820,15.55,16.05,15.55,15.93,3948490
20140821,15.83,16.3,15.82,16.15,6549140
20140822,16.04,16.24,15.96,16.13,2209220
20140825,16.25,16.56,16.21,16.56,2370940
20140826,16.56,17.04,16.54,16.89,4153890
20140827,16.99,17.1,16.88,16.9,3266770
20140828,16.73,17.12,16.68,16.97,3218670
20140829,17.07,17.24,16.93,17.24,2743650
20140901,17.27,17.52,17.11,17.26,1317420
20140902,17.37,17.53,17.04,17.34,4702360
20140903,17.31,17.41,16.6,16.82,3016130
20140904,16.57,17.02,16.39,16.48,3601260
20140905,16.58,16.8,16.31,16.52,2684630
20140908,16.64,16.77,15.97,16.03,4541680
20140909,15.83,16.11,15.62,15.92,3117270
20140910,15.8,15.8,15.3,15.68,2663700
20140911,15.71,16.09,15.59,15.74,2765750
20140912,15.44,15.82,15,15.07,4163640
20140915,15.06,15.38,15.02,15.38,2555280
20140916,15.4,16.08,15.36,15.6,3320070
20140917,15.93,16.07,15.71,15.71,2349100
20140918,15.65,15.71,14.82,15.02,4006860
20140919,15.01,15.43,14.82,15.05,2042950
20140922,14.82,15.19,14.63,14.95,2119390
20140923,14.84,15.16,14.75,14.85,2404610
20140924,14.7,14.94,14.55,14.77,1476540
20140925,14.73,14.78,14.27,14.29,2326480
20140926,14.3,14.9,14.29,14.7,1987700
20140929,14.26,14.49,14,14.18,3434080
20140930,13.92,14.52,13.92,14.32,3656640
20141001,14.11,14.33,13.62,14.07,5539690
20141002,13.94,14.16,13.62,13.93,2537340
20141003,13.99,14.51,13.79,14.25,2779140
20141006,15.82,15.82,15.02,15.33,6547060
20141007,15.51,15.66,15.07,15.22,4389190
20141008,15.41,15.54,14.86,15.02,4241640
20141009,15.31,15.54,14.99,15.22,2844140
20141010,15.32,15.33,14.2,14.2,4120870
20141013,14.45,15.63,14.36,15.26,3794960
20141014,15.28,15.37,14.78,15.09,2970630
20141015,14.91,14.91,14.01,14.22,4966390
20141016,13.95,14.19,13.59,13.83,3567200
20141017,14.05,14.54,13.65,14.4,11844690
20141020,14.37,14.37,13.87,13.94,2722200
20141021,13.21,13.44,12.92,13.02,7575230
20141022,12.94,13.25,12.79,12.89,3941080
20141023,12.78,12.87,12.27,12.3,6561360
20141024,12.39,13.22,12.27,12.96,6050720
20141027,11.86,12.94,11.71,12.67,9915620
20141028,12.67,13.31,12.65,13.28,5514860
20141029,13.13,13.5,12.95,13.13,5561660
20141030,13.13,14.28,13.13,14.05,4815590
20141031,14.22,14.74,13.64,14.74,3986710
20141103,14.48,14.48,13.54,13.84,3290690
20141104,13.73,14.01,13.51,13.77,2391220
20141105,13.67,13.76,13.09,13.1,4437550
20141106,13.03,13.21,12.63,12.67,7217600
20141107,12.55,12.92,12.41,12.59,2439840
20141110,12.64,12.72,12.42,12.42,1908790
20141111,12.49,12.61,12.32,12.41,5735600
20141112,12.33,12.61,12.26,12.3,2721940
20141113,12.33,12.41,12.04,12.07,3370250
20141114,11.99,12.21,11.78,12.07,5294120
20141117,12.15,12.22,11.97,12.15,2967250
20141118,12.24,12.85,12.19,12.76,3973190
20141119,12.76,13.46,12.55,13.33,3491800
20141121,13.41,14.06,13.04,14.03,5793320
20141124,14.29,14.43,13.47,13.59,3970200
20141125,13.69,13.93,13.48,13.57,2680730
20141126,13.66,13.9,13.42,13.78,3638960
20141127,13.9,14.25,13.75,13.93,1650090
20141128,14,14.05,13.56,13.67,5942430
20141201,13.48,13.7,12.69,12.89,4034810
20141202,12.9,12.91,12.22,12.33,6592950
20141203,12.48,12.78,12.44,12.74,3905200
20141204,12.89,12.89,12.33,12.37,3441490
20141205,12.41,12.68,12.24,12.48,2118220
20141208,12.46,12.74,12.04,12.18,2809690
20141209,12.27,12.27,11.91,12.03,4460820
20141210,12.11,12.12,11.91,11.94,1982500
20141211,11.86,12.03,11.73,11.85,3613090
20141212,11.76,11.8,11.23,11.29,4963660
20141215,11.38,11.44,10.87,10.93,5634720
20141216,10.73,11.1,10.59,11.1,4746170
20141217,11.14,11.82,11.14,11.59,6004180
20141218,11.52,11.89,11.52,11.77,2874820
20141219,11.77,12.14,11.59,11.79,3425240
20141222,11.79,12.15,11.59,12.15,1895140
20141223,12.06,12.45,12,12.41,2114840
20141226,12.3,12.56,12.21,12.41,1765010
20141229,12.32,12.56,12.13,12.36,1161290
20141230,12.45,12.45,12,12.28,1834950
20150102,12.25,12.33,11.44,11.52,2442310
20150105,11.25,11.51,11.21,11.4,2979600
20150106,11.42,11.62,11.32,11.61,4730700
20150107,11.9,12.39,11.65,11.99,3835130
20150108,12.2,12.21,11.78,12.05,2819700
20150109,11.99,12.18,11.64,11.96,1949090
20150112,12.01,12.01,11.65,11.73,2453360
20150113,11.72,11.88,11.59,11.65,3658720
20150114,11.51,12.08,11.46,11.88,2279160
20150115,11.83,12.61,11.83,12.16,3889990
20150116,12.24,12.9,12.11,12.74,3860870
20150119,12.62,12.71,11.96,11.96,2233010
20150120,12.07,12.83,12.07,12.73,4458610
20150121,12.79,13.04,12.65,12.89,3673020
20150122,12.89,13.2,12.48,12.69,6673420
20150123,12.6,12.86,12.52,12.68,3220620
20150126,12.45,12.56,12.01,12.28,3611660
20150127,12.18,12.4,11.99,12.16,3304470
20150128,12.15,12.15,11.87,11.91,4799860
20150129,11.89,11.97,11.61,11.66,3283670
20150130,11.44,11.59,10.96,11.38,5082480
20150202,11.61,11.65,11.14,11.32,3188380
20150203,11.59,11.64,11.22,11.41,3113110
20150204,11.44,11.58,10.96,11.02,4666090
20150205,10.97,11.59,10.97,11.55,5254600
20150206,11.45,11.45,11.08,11.2,2810600
20150209,11.2,11.41,11.01,11.34,2541500
20150210,11.21,11.47,11.17,11.23,2891460
20150211,11.09,11.26,11.02,11.13,3459690
20150212,11.25,11.71,11.07,11.66,2629380
20150213,11.48,11.91,11.47,11.81,2165150
20150218,11.95,12.03,11.68,11.73,2719210
20150219,11.7,11.83,11.66,11.7,1500720
20150220,11.68,11.85,11.52,11.81,1543880
20150223,11.56,12.08,11.56,11.85,2092220
20150224,11.95,12.41,11.85,12.41,3971500
20150225,12.22,12.39,12,12.24,1675960
20150226,12.36,12.48,11.86,12.15,2843880
20150227,12.18,12.82,12.07,12.64,3555240
20150302,12.61,12.7,12.18,12.29,1770990
20150303,12.23,12.62,12.14,12.48,1252160
20150304,12.12,12.45,12,12.35,2783300
20150305,12.41,12.45,12.06,12.06,1711320
20150306,12.06,12.14,11.6,11.66,2824640
20150309,11.41,11.59,11.21,11.28,3963960
20150310,11.05,11.7,11.05,11.55,3222180
20150311,11.44,11.73,11.38,11.49,1734200
20150312,11.76,12,11.51,11.64,4088500
20150313,11.35,11.49,11.23,11.47,2236260
20150316,11.65,11.71,11.46,11.54,2710890
20150317,11.46,12.11,11.44,12.1,2219100
20150318,12.18,13.01,11.84,12.63,2663050
20150319,12.67,12.67,12,12.16,1422720
20150320,12.39,12.96,12.27,12.82,3625960
20150323,12.82,12.95,12.51,12.65,4595630
20150324,12.71,12.92,12.42,12.67,2835300
20150325,12.89,12.89,12.45,12.55,4185090
20150326,12.36,12.48,12.05,12.33,2299050
20150327,12.24,12.47,11.94,11.94,3544320
20150330,12,12.79,11.95,12.63,4560660
20150331,12.56,12.92,12.51,12.66,6373380
20150401,12.89,13.38,12.82,13.1,10313420
20150402,13.3,13.96,13.13,13.77,13218400
20150406,13.99,14.38,13.96,14.13,14861600
20150407,14.11,14.28,13.83,13.83,8963890
20150408,14.05,14.11,13.6,13.68,6574230
20150409,13.64,13.74,13.26,13.38,4696510
20150410,13.37,13.84,13.31,13.73,3458910
20150413,13.68,13.87,13.3,13.36,2418130
20150414,13.6,13.64,13.19,13.46,2501980
20150415,13.52,13.69,13.41,13.6,3210480
20150416,13.47,13.71,13.35,13.63,2958020
20150417,13.29,13.49,13.19,13.19,4909840
20150420,13.23,13.37,13.1,13.22,2872870
20150422,13.16,13.55,13.1,13.31,3741400
20150423,13.25,13.89,13.24,13.78,2637570
20150424,14.05,14.11,13.61,13.84,3016130
20150427,13.75,13.78,12.83,12.92,5036460
20150428,13,13.12,12.8,13.01,4796480
20150429,12.81,12.83,12.56,12.63,5950230
20150430,12.45,12.61,12.18,12.26,5998850
20150504,12.56,12.79,12.44,12.61,2216240
20150505,12.59,12.92,12.5,12.92,3663790
20150506,13.01,13.1,12.41,12.49,7129460
20150507,12.32,12.56,12.29,12.43,1884480
20150508,12.53,12.93,12.52,12.64,3720990
20150511,12.86,12.86,12.13,12.34,4602650
20150512,12.26,12.32,12.06,12.15,3209050
20150513,12.07,12.23,11.99,12.14,3055260
20150514,12.22,12.59,12.19,12.6,3063450
20150515,12.47,12.95,12.47,12.63,3087630
20150518,12.69,12.78,12.28,12.49,4207970
20150519,12.39,12.59,12.32,12.5,1531010
20150520,12.39,12.68,12.39,12.49,2028000
20150521,12.43,12.62,12.38,12.6,1922960
20150522,12.85,12.85,12.23,12.38,2476370
20150525,12.23,12.4,12.09,12.26,1895400
20150526,12.19,12.25,11.83,11.9,3547960
20150527,11.95,12.13,11.72,12.09,2004600
20150528,11.93,12.04,11.7,12.04,3832790
20150529,12.01,12.04,11.65,11.69,4913480
20150601,11.66,11.73,11.53,11.57,4434040
20150602,11.67,12.06,11.6,11.88,6615440
20150603,11.99,12.03,11.63,11.66,2595580
20150605,11.43,11.56,11.38,11.46,4939740
20150608,11.52,11.52,11.38,11.46,3898830
20150609,11.51,11.51,11.29,11.3,2124200
20150610,11.46,11.69,11.36,11.57,6375590
20150611,11.64,11.66,11.39,11.46,4795830
20150612,11.31,11.4,11.15,11.23,4593160
20150615,11.13,11.13,10.99,11.09,4030390
20150616,11.14,11.26,11.02,11.02,8733270
20150617,11,11.15,10.93,11.07,3316950
20150618,11.15,11.43,11,11.42,10644660
20150619,11.28,11.48,11.21,11.36,5962970
20150622,11.42,11.46,11.19,11.3,3614390
20150623,11.45,11.5,11.26,11.3,6438900
20150624,11.36,11.44,11.15,11.3,2951520
20150625,11.33,11.39,11.02,11.22,5915910
20150626,11.22,11.39,11.16,11.32,4155970
20150629,11.14,11.23,10.9,11.16,2468050
20150630,11.21,11.3,11.02,11.2,4233190
20150701,11.2,11.37,11.1,11.17,2843620
20150702,11.29,11.35,11.1,11.16,3567590
20150703,11.11,11.23,10.9,10.96,3277950
20150706,10.88,11,10.8,10.96,1824420
20150707,10.9,11.01,10.69,11.01,3278600
20150708,10.93,11.09,10.79,11.09,2133040
20150710,11.22,11.27,10.96,11.08,2388230
20150713,11.08,11.12,10.89,10.94,1536990
20150714,10.93,11.13,10.75,11.03,4541810
20150715,11.07,11.23,10.96,11.13,3053310
20150716,11.23,11.25,10.9,10.97,2744950
20150717,10.97,11.03,10.73,10.83,2374580
20150720,10.78,10.84,10.49,10.53,4269200
20150721,10.53,10.73,10.48,10.53,3462680
20150722,10.49,10.61,10.34,10.48,2385110
20150723,10.37,10.42,9.78,9.85,6847100
20150724,9.83,9.84,9.23,9.84,10706930
20150727,9.69,9.82,9.4,9.46,5086770
20150728,9.6,9.69,9.2,9.44,4266340
20150729,9.36,9.73,9.3,9.3,4450550
20150730,9.42,9.6,9.39,9.46,3979690
20150731,9.46,9.88,9.46,9.88,3214640
20150803,9.97,10,9.61,9.82,3383770
20150804,9.89,9.94,9.49,9.5,2139540
20150805,9.5,9.78,9.35,9.38,2065570
20150806,9.3,9.34,8.88,9,4668170
20150807,9.06,9.1,8.5,8.6,5004870
20150810,8.6,9.13,8.6,9.13,2982460
20150811,9,9.23,8.96,9.23,3087630
20150812,9.17,9.21,8.9,9.13,4385810
20150813,9,9.13,8.94,9.09,2975310
20150814,9.03,9.17,8.98,9.09,2353780
20150817,8.99,9.1,8.92,9,1418690
20150818,8.9,9.32,8.86,9.15,3333070
20150819,9.04,9.16,8.83,9.04,4049110
20150820,8.93,9.07,8.88,8.94,2743130
20150821,8.83,9.03,8.71,8.93,2787590
20150824,8.59,8.84,8.23,8.53,4651400
20150825,8.77,9.05,8.54,8.92,5698940
20150826,9.01,9.01,8.42,8.74,5439330
20150827,8.81,9.3,8.74,9.17,8018010
20150828,9,9.16,8.86,8.97,2841150
20150831,8.73,8.87,8.46,8.61,3991650
20150901,8.34,8.68,8.34,8.62,5369260
20150902,8.67,8.74,8.47,8.63,3559140
20150903,8.8,8.8,8.43,8.74,6115330
20150904,8.56,8.76,8.52,8.62,4130360
20150908,8.81,8.9,8.71,8.84,4039100
20150909,9.02,9.31,8.87,9.12,5325970
20150910,8.71,9,8.69,9,8723910
20150911,8.87,9.16,8.84,9.1,3413540
20150914,9.23,9.62,9.02,9.52,3792100
20150915,9.53,9.73,9.28,9.49,4598360
20150916,9.63,9.86,9.56,9.61,5153980
20150917,9.42,9.89,9.41,9.7,2801500
20150918,9.6,9.74,9.15,9.15,7131540
20150921,9.13,9.29,8.84,8.84,2900690
20150922,8.72,8.79,8.46,8.66,5636930
20150923,8.63,8.63,8.14,8.2,5990010
20150924,8.07,8.34,7.61,8.33,17112550
20150925,8.51,8.59,8.34,8.41,5024240
20150928,8.24,8.46,8,8,3934970
20150929,8,8.12,7.85,8.09,6552390
20150930,8.35,8.42,8.04,8.04,6343610
20151001,8.07,8.14,7.72,7.86,4592900
20151002,7.84,8.22,7.76,8.1,6607120
20151005,8.26,8.36,8.21,8.27,3223610
20151006,8.26,8.56,8.25,8.36,4659980
20151007,8.57,8.73,8.31,8.55,5486130
20151008,8.46,8.75,8.37,8.73,4945590
20151009,8.92,8.96,8.72,8.79,5224180
20151013,8.73,8.84,8.35,8.46,5253690
20151014,8.46,8.52,8.22,8.28,6037590
20151015,8.28,8.44,8.08,8.29,4277520
20151016,8.29,8.59,8.15,8.4,4562870
20151019,8.39,8.86,8.31,8.76,6057090
20151020,8.76,9.06,8.55,8.61,8900060
20151021,8.56,8.85,8.55,8.84,10596820
20151022,8.93,9.08,8.81,9.02,4985630
20151023,9.46,9.46,9.03,9.07,5276960
20151026,9,9.2,9,9.07,3419390
20151027,9.07,9.44,8.93,8.96,9694360
20151028,8.93,9.14,8.66,8.77,3849040
20151029,8.58,8.94,8.5,8.68,4139460
20151030,8.63,8.81,8.57,8.61,3550300
20151103,8.62,9.47,8.62,9.23,5129020
20151104,9.37,9.8,9.16,9.17,3633110
20151105,9.18,9.67,9.18,9.53,4012320
20151106,9.52,9.62,9.08,9.3,4602520
20151109,9.19,9.34,8.95,9.21,2949830
20151110,9.07,9.51,9.02,9.42,4563520
20151111,9.43,9.87,9.43,9.76,9190610
20151112,9.83,9.96,9.52,9.69,3997370
20151113,9.65,10.15,9.55,10.1,7030920
20151116,10.19,10.33,10.03,10.04,3927170
20151117,10.09,10.57,10.09,10.42,5135910
20151118,10.5,10.65,10.3,10.57,5436730
20151119,10.73,10.73,10.16,10.31,3785860
20151123,10.34,10.51,10.25,10.34,3422770
20151124,10.2,10.46,10.2,10.38,3064230
20151125,10.2,10.43,10.05,10.23,4861740
20151126,10.28,10.47,10.13,10.31,2391090
20151127,10.22,10.34,10,10.15,3359200
20151130,10.08,10.08,9.82,9.86,6650280
20151201,9.79,10.08,9.79,10,4073030
20151202,10.07,10.27,9.81,10.03,3343340
20151203,10.34,10.6,10.2,10.2,5204550
20151204,10.18,10.18,9.57,9.76,6068270
20151207,9.83,10.13,9.68,9.76,3394560
20151208,9.76,9.86,9.26,9.3,3761160
20151209,9.39,9.91,9.39,9.73,4562870
20151210,9.8,9.8,9.26,9.46,2769130
20151211,9.38,9.79,9.3,9.4,2309320
20151214,9.34,9.61,9.17,9.53,3316820
20151215,9.61,9.66,9.36,9.36,2932800
20151216,9.29,9.52,9.21,9.5,1918150
20151217,9.76,9.91,9.54,9.54,3899220
20151218,9.4,9.53,8.83,8.84,5982210
20151221,8.76,8.9,8.7,8.83,3135730
20151222,8.81,9.02,8.73,8.76,3705520
20151223,8.85,8.97,8.67,8.86,2182700
20151228,8.86,8.92,8.78,8.9,1815190
20151229,8.83,8.98,8.7,8.77,2209090
20151230,8.69,8.78,8.49,8.53,3286920
20160104,8.43,8.52,8.3,8.36,2968160
20160105,8.35,8.55,8.34,8.34,6157580
20160106,8.23,8.33,8.17,8.25,3977350
20160107,7.91,8.26,7.91,8.22,4890860
20160108,8.18,8.4,8.18,8.29,3282240
20160111,8.23,8.58,8.23,8.34,2343250
20160112,8.33,8.52,8.19,8.19,2394990
20160113,8.24,8.36,8.23,8.34,2798380
20160114,8.39,8.61,8.31,8.61,2142010
20160115,8.53,8.64,8.34,8.64,4189380
20160118,8.59,8.6,8.43,8.44,1533870
20160119,8.55,8.79,8.52,8.69,2599350
20160120,8.59,8.79,8.39,8.4,4939220
20160121,8.38,8.53,8.32,8.48,4012970
20160122,8.4,8.56,8.26,8.3,5669950
20160126,8.24,8.24,7.94,8.13,5740410
20160127,8.04,8.61,8.03,8.47,4830930
20160128,8.53,8.67,8.37,8.55,2437110
20160129,8.61,9.19,8.6,9.13,6363760
20160201,9.09,9.34,8.99,9.23,3119480
20160202,9.15,9.18,8.92,8.92,3008980
20160203,8.97,9.1,8.85,9.03,2570490
20160204,9.13,9.6,9.13,9.38,6739590
20160205,9.48,9.66,9.35,9.49,2815410
20160210,9.45,9.56,9.33,9.45,2034370
20160211,9.39,9.5,9.07,9.45,2176200
20160212,9.43,9.56,9.42,9.45,2326610
20160215,9.52,9.79,9.52,9.59,1227200
20160216,9.7,9.82,9.48,9.63,2731820
20160217,9.7,9.79,9.45,9.63,3620500
20160218,9.56,9.79,9.5,9.69,2552810
20160219,9.6,9.78,9.53,9.63,1873040
20160222,9.88,10.07,9.75,9.9,4816370
20160223,9.93,9.97,9.68,9.85,2363920
20160224,9.69,9.8,9.56,9.76,2606630
20160225,9.77,9.95,9.68,9.8,1240720
20160226,9.9,10.06,9.71,9.87,1043380
20160229,10.04,10.39,9.94,10.35,3990090
20160301,10.42,10.42,10.13,10.34,4962880
20160302,10.33,10.67,10.03,10.51,3155360
20160303,10.71,11.19,10.63,10.99,9421490
20160304,11.15,12.19,11.15,11.65,11794120
20160307,11.69,11.94,11.49,11.84,5968820
20160308,11.84,12.01,11.7,11.79,6039800
20160309,11.92,11.96,11.66,11.81,6646250
20160310,11.94,12.3,11.79,12.13,12696190
20160311,12.29,12.43,11.9,11.92,6798610
20160314,11.85,12.26,11.71,11.92,4882540
20160315,11.61,11.61,10.57,10.94,7142070
20160316,10.84,11.34,10.68,11.26,3100500
20160317,11.9,12.54,11.57,12.2,10218000
20160318,12.17,12.29,11.93,12.15,4997460
20160321,12.05,12.33,12.03,12.16,4097990
20160322,12.16,12.27,11.92,12.06,3284710
20160323,11.97,11.98,11.46,11.61,8188960
20160324,11.42,11.8,11.42,11.73,3145480
20160328,12.11,12.11,11.78,11.82,5766670
20160329,11.77,12.01,11.75,11.79,7075120
20160330,11.94,12.17,11.57,11.69,18583890
20160331,11.61,11.66,11.2,11.34,5985720
20160401,11.16,11.66,11.16,11.61,3294460
20160404,11.92,11.92,11.23,11.42,5902260
20160405,11.36,11.56,11.23,11.46,2531360
20160406,11.23,11.32,11.03,11.06,4756960
20160407,11.14,11.22,10.86,10.96,3782220
20160408,11.19,11.6,11.19,11.6,5236920
20160411,11.6,11.74,11.54,11.57,4627610
20160412,11.64,12.07,11.54,11.96,13573170
20160413,12.06,12.35,12.01,12.23,7951970
20160414,12.23,12.35,12.12,12.33,7065890
20160415,12.44,12.6,12.36,12.51,30853940
20160418,12.49,12.84,12.15,12.76,22211280
20160419,12.79,13.33,12.77,12.93,13928720
20160420,12.78,12.92,12.61,12.8,8085090
20160422,12.79,12.79,12.41,12.73,5178810
20160425,12.61,12.72,12.57,12.72,3780660
20160426,12.72,12.99,12.66,12.87,4423510
20160427,12.87,13.1,12.87,13.08,7244510
20160428,13.06,13.15,12.72,12.99,5269810
20160429,13.01,13.29,12.85,13.02,12558260
20160502,13.01,13.24,12.94,13.11,2130800
20160503,13.1,13.1,12.57,12.91,4171000
20160504,12.9,13.03,12.48,12.75,5183300
20160505,12.76,12.87,12.59,12.59,2665200
20160506,12.5,12.7,12.17,12.2,6118600
20160509,12.14,12.2,11.66,12.13,13857600
20160510,12.35,12.52,12.32,12.45,10713700
20160511,12.77,12.94,12.68,12.86,9409700
20160512,12.94,13.02,12.6,12.87,6054700
20160513,12.78,12.93,12.47,12.58,3477400
20160516,12.24,12.41,11.95,12.25,6330800
20160517,12.3,12.33,11.77,11.86,3872500
20160518,11.54,12.3,11.48,12.15,10647800
20160519,11.98,12.15,11.83,11.94,11823400
20160520,12.11,12.14,11.95,12.05,8514600
20160523,11.78,11.99,11.66,11.96,3687800
20160524,11.94,12.1,11.9,12.02,3032300
20160525,12.1,12.21,11.85,11.98,5335400
20160527,12.08,12.15,11.67,11.75,2313800
20160530,11.6,11.84,11.6,11.71,690800
20160531,11.76,11.76,11.52,11.55,4071400
20160601,11.49,11.74,11.37,11.55,2806300
20160602,11.58,12.06,11.57,11.93,6308700
20160603,12.03,12.41,11.98,12.06,3601200
20160606,12.03,12.24,11.95,12.06,1892900
20160607,11.99,12.16,11.94,12.08,3053400
20160608,12.18,12.68,12.15,12.36,4040700
20160609,12.35,12.46,12.08,12.18,3351600
20160610,12.14,12.27,11.82,11.82,1858000
20160613,11.61,11.94,11.52,11.9,2118400
20160614,11.9,11.91,11.39,11.55,3261400
20160615,11.55,11.91,11.46,11.75,6093600
20160616,11.62,11.84,11.35,11.78,2006500
20160617,11.76,11.87,11.59,11.69,3229800
20160620,11.85,12.19,11.8,12,3123500
20160621,12.06,12.36,11.96,12.15,4809800
20160622,12,12.36,11.84,11.9,3490500
20160623,12,12.37,11.97,12.31,6270400
20160624,11.82,12.03,11.72,12,3210500
20160627,11.98,12.05,11.7,11.89,1330400
20160628,12,12.28,11.91,12.1,4318400
20160629,12.2,12.98,12.2,12.72,5087800
20160630,12.71,13.03,12.62,12.85,4553400
20160701,12.87,13.19,12.85,12.86,6457100
20160704,12.86,13.06,12.84,12.85,1222800
20160705,12.75,13.22,12.67,12.95,3763200
20160706,12.75,12.94,12.45,12.62,1829500
20160707,12.75,12.84,12.59,12.71,5264400
20160708,12.86,13.01,12.83,12.9,8735000
20160711,13.01,13.05,12.3,12.49,7086600
20160712,12.6,12.73,12.31,12.48,9265600
20160713,12.57,12.73,12.38,12.63,3680600
20160714,12.85,13.19,12.7,13.09,6889800
20160715,13.12,13.35,13.02,13.35,3372000
20160718,13.36,13.87,13.35,13.77,8838500
20160719,13.76,13.79,13.53,13.79,2843800
20160720,13.79,14.25,13.67,14.15,7432800
20160721,14.09,14.21,13.88,14.06,3008900
20160722,14.06,14.13,13.93,14.05,4411900
20160725,14.06,14.14,13.65,13.92,4153900
20160726,13.9,14.08,13.65,13.77,1739300
20160727,13.7,13.87,13.64,13.7,1509500
20160728,13.67,13.89,13.46,13.78,2034400
20160729,13.75,14.2,13.75,14.06,4334800
20160801,14.2,14.42,14.12,14.18,2984500
20160802,14.16,14.16,13.68,13.92,2128800
20160803,13.9,13.91,13.66,13.86,2966700
20160804,13.94,14.48,13.79,14.17,4398400
20160805,14.3,14.53,14.15,14.3,7778000
20160808,14.35,14.43,13.8,13.91,2819400
20160809,13.98,14.17,13.88,14.04,2017200
20160810,14.13,14.13,13.33,13.63,5595100
20160811,13.63,13.85,13.35,13.83,3170600
20160812,13.65,13.66,12.65,13.09,13722900
20160815,13.17,13.24,12.73,12.8,7713600
20160816,12.8,12.83,12.34,12.4,6490600
20160817,12.4,12.48,12.3,12.4,3406600
20160818,12.38,12.72,12.28,12.3,7025800
20160819,12.39,12.9,12.39,12.8,7345500
20160822,12.94,12.94,12.55,12.7,5574000
20160823,12.85,12.9,12.4,12.43,4741200
20160824,12.47,12.56,12.21,12.4,2300500
20160825,12.5,12.52,12.17,12.23,3176800
20160826,12.19,12.45,12,12.17,3435900
20160829,12.16,12.6,11.95,12.41,3659200
20160830,12.43,12.53,12.21,12.41,3129400
20160831,12.45,12.53,12.07,12.34,3879700
20160901,12.35,12.9,12.24,12.87,5380200
20160902,12.96,13.06,12.8,13,8929000
20160905,13.03,13.08,12.8,12.94,1351000
20160906,13,13.19,12.91,13.15,3476700
20160908,13.25,13.25,12.77,12.77,6571200
20160909,12.52,12.6,12.35,12.4,3828900
20160912,12.3,12.6,12.14,12.46,2752300
20160913,12.45,12.45,11.9,11.99,4609700
20160914,11.96,12.2,11.91,12.1,5572800
20160915,12.2,12.39,12.02,12.34,2766400
20160916,12.2,12.32,12,12.19,4948300
20160919,12.3,12.4,12.19,12.27,2008500
20160920,12.28,12.43,12.17,12.2,2262500
20160921,12.2,12.6,12.19,12.44,2969400
20160922,12.65,12.85,12.55,12.64,5525200
20160923,12.77,12.85,12.28,12.45,2740600
20160926,12.3,12.52,12.3,12.35,1904700
20160927,12.32,12.5,12.2,12.35,2400100
20160928,12.43,12.55,12.24,12.41,2899500
20160929,12.5,12.54,12.14,12.22,3251300
20160930,12.28,12.41,12.1,12.3,4386400
20161003,12.24,12.8,12.24,12.6,6680200
20161004,12.55,12.71,12.37,12.64,6139700
20161005,12.7,12.84,12.58,12.76,2728400
20161006,12.7,12.7,12.55,12.68,3641900
20161007,12.74,13.02,12.51,12.95,8851000
20161010,12.96,13.1,12.8,12.93,3115300
20161011,12.95,13.02,12.76,12.78,5046800
20161013,12.71,12.91,12.59,12.89,6949300
20161014,12.93,13.02,12.81,12.82,5765000
20161017,12.82,13.09,12.77,13.09,9791000
20161018,13.1,13.61,13.02,13.57,7259600
20161019,13.5,13.7,13.4,13.67,7830600
20161020,13.74,13.75,13.24,13.55,7614900
20161021,13.55,13.62,13.26,13.49,5110900
20161024,13.42,13.66,13.42,13.52,4154200
20161025,13.43,13.52,13.16,13.3,4117700
20161026,13.29,13.34,13.08,13.2,3762000
20161027,13.21,13.4,12.94,12.95,3224100
20161028,13,13.02,12.48,12.83,6466800
20161031,12.97,12.97,12.65,12.78,4199600
20161101,12.83,12.84,12.27,12.4,4825200
20161103,12.34,12.44,12.03,12.09,7718800
20161104,12.18,12.34,11.99,12,8330200
20161107,12.11,12.66,12.11,12.46,8130200
20161108,12.39,12.51,12.12,12.2,5349700
20161109,11.61,12.26,11.61,12.1,5352100
20161110,12,12.11,11.12,11.12,7712900
20161111,10.99,11.11,10.52,10.66,11909900
20161114,10.51,10.67,10.11,10.55,11711400
20161116,10.75,10.88,10.4,10.72,8113700
20161117,10.87,10.87,10.6,10.65,6839000
20161118,10.71,10.78,10.46,10.6,4602300
20161121,10.65,10.8,10.63,10.72,4563800
20161122,10.84,11.07,10.59,10.66,7835400
20161123,10.69,10.74,10.53,10.64,5324500
20161124,10.71,10.83,10.58,10.67,2347600
20161125,10.52,10.77,10.29,10.77,12633300
20161128,10.79,10.96,10.66,10.86,1962600
20161129,10.8,10.84,10.54,10.54,8643000
20161130,10.8,10.9,10.64,10.8,5966500
20161201,10.58,10.63,10.24,10.35,8337300
20161202,10.19,10.58,10.05,10.57,10751700
20161205,10.53,10.68,10.4,10.56,3356700
20161206,10.38,10.72,10.36,10.57,7741000
20161207,10.73,10.9,10.54,10.75,17253200
20161208,10.91,10.92,10.63,10.75,7727300
20161209,10.8,10.92,10.61,10.8,16481300
20161212,10.64,11.21,10.57,10.85,13361600
20161213,10.76,11.3,10.65,11.25,17408900
20161214,11.38,11.38,10.82,10.98,5356700
20161215,10.94,10.97,10.65,10.67,6090400
20161216,10.72,11.25,10.71,11.05,9322700
20161219,11,11.07,10.73,10.82,2947200
20161220,10.87,11.05,10.77,11.03,4734600
20161221,11.1,11.16,10.74,11.05,9394600
20161222,10.96,11.37,10.96,11.3,8441400
20161223,11.3,11.7,11.28,11.55,6569300
20161226,11.56,11.77,11.55,11.67,1211600
20161227,11.77,11.85,11.61,11.85,2859800
20161228,11.83,11.87,11.64,11.75,2302300
20161229,11.76,12.11,11.7,11.95,4876800
20170102,11.84,12.08,11.72,12.08,1876000
20170103,12.1,12.77,12.1,12.74,7501300
20170104,12.6,13.1,12.6,12.72,5122600
