<DTYYYYMMDD>,<OPEN>,<HIGH>,<LOW>,<CLOSE>,<VOL>
20100601,6.76,6.93,6.71,6.71,1824800
20100602,6.71,6.84,6.71,6.78,2109600
20100604,6.7,6.86,6.64,6.84,4357200
20100607,6.89,6.92,6.74,6.8,1164800
20100608,6.81,6.89,6.71,6.76,2198000
20100609,6.8,6.8,6.69,6.73,3191600
20100610,6.75,6.85,6.73,6.83,2920400
20100611,6.8,6.98,6.76,6.93,1946400
20100614,6.93,7,6.9,6.95,2059200
20100615,6.97,7.01,6.87,6.98,2062800
20100616,6.93,7.01,6.89,6.92,4262400
20100617,6.97,7.11,6.9,6.96,6024400
20100618,6.98,7.03,6.87,6.89,4590800
20100621,6.93,6.98,6.84,6.91,3198400
20100622,6.94,6.95,6.74,6.74,3758800
20100623,6.68,6.68,6.5,6.56,8472800
20100624,6.54,6.69,6.54,6.6,5357200
20100625,6.63,6.84,6.56,6.84,4308400
20100628,6.83,6.97,6.76,6.96,3186800
20100629,6.85,6.99,6.71,6.87,5028400
20100630,6.81,7.07,6.81,6.96,4829600
20100701,6.95,6.97,6.89,6.94,4756400
20100702,6.94,7.06,6.91,6.96,1210000
20100705,7.06,7.06,6.89,6.9,1046000
20100706,6.98,7.15,6.93,7.11,2942000
20100707,7.15,7.28,7.13,7.17,2803200
20100708,7.24,7.26,7.11,7.23,2429200
20100712,7.26,7.3,7.1,7.21,930400
20100713,7.21,7.28,7.12,7.23,1544000
20100714,7.17,7.23,6.98,7.04,1543600
20100715,7,7.04,6.93,7.03,2036400
20100716,7.08,7.12,6.96,6.96,2216000
20100719,6.98,7.16,6.97,7.15,794000
20100720,7.12,7.27,7.05,7.2,2632800
20100721,7.23,7.3,7.09,7.12,1393600
20100722,7.17,7.25,7.1,7.12,2989200
20100723,7.15,7.23,7.12,7.17,3319600
20100726,7.17,7.36,7.1,7.32,1753600
20100727,7.35,7.51,7.22,7.45,2825600
20100728,7.4,7.44,7.22,7.4,1722800
20100729,7.42,7.52,7.37,7.49,1788000
20100730,7.38,7.53,7.32,7.46,1813200
20100802,7.54,7.77,7.49,7.73,2187200
20100803,7.73,7.73,7.5,7.5,2236400
20100804,7.67,7.67,7.34,7.54,7515200
20100805,7.52,7.67,7.31,7.48,4046000
20100806,7.46,7.52,7.38,7.41,2506800
20100809,7.49,7.53,7.38,7.47,1396800
20100810,7.37,7.54,7.35,7.51,1524000
20100811,7.49,7.49,7.35,7.39,1427200
20100812,7.3,7.39,7.23,7.36,1366400
20100813,7.31,7.43,7.16,7.17,3628000
20100816,7.18,7.29,7.04,7.29,2354400
20100817,7.28,7.28,7.16,7.19,5508400
20100818,7.23,7.26,7.17,7.26,3066400
20100819,7.25,7.3,7.17,7.28,1396000
20100820,7.29,7.31,7.19,7.23,1595200
20100823,7.27,7.41,7.21,7.26,1708000
20100824,7.19,7.28,7.17,7.25,1408400
20100825,7.19,7.24,7.09,7.21,1294000
20100826,7.23,7.29,7.16,7.19,2505600
20100827,7.26,7.49,7.19,7.43,2493200
20100830,7.43,7.44,7.38,7.39,885600
20100831,7.37,7.54,7.37,7.51,2602000
20100901,7.51,7.82,7.48,7.79,2385600
20100902,7.75,7.77,7.57,7.74,1884400
20100903,7.74,7.82,7.67,7.77,1590400
20100906,7.79,7.8,7.64,7.65,754400
20100908,7.64,7.83,7.6,7.74,2252400
20100909,7.76,7.81,7.69,7.81,1758000
20100910,7.82,7.91,7.75,7.91,2364000
20100913,7.92,8.05,7.88,8.04,2010000
20100914,8.01,8.14,8.01,8.08,2040000
20100915,8.08,8.1,8,8.06,3498800
20100916,8.06,8.09,7.81,7.82,3545600
20100917,7.81,7.88,7.68,7.76,4125200
20100920,7.79,8.01,7.79,7.96,2584800
20100921,7.99,8.15,7.95,8.06,3352800
20100922,8.01,8.24,7.95,8.24,2742400
20100923,8.2,8.65,8.17,8.36,4514000
20100924,8.37,8.62,8.1,8.13,3351200
20100927,8.13,8.38,8.02,8.37,2530000
20100928,8.43,8.44,8.26,8.27,2311200
20100929,8.27,8.59,8.21,8.24,4548800
20100930,8.3,8.47,8.15,8.47,2444400
20101001,8.48,9.04,8.35,8.94,3727600
20101004,8.87,9.09,8.83,8.96,2118400
20101005,9.03,9.28,8.96,9.24,3596400
20101006,9.24,9.24,8.89,8.92,3564800
20101007,8.95,9,8.74,8.79,2812800
20101008,8.73,9.11,8.7,9.05,3052000
20101011,9.05,9.26,8.8,9.22,986000
20101013,9.28,9.79,9.2,9.63,5729600
20101014,9.41,9.42,8.83,8.83,76853200
20101015,8.84,8.98,8.8,8.97,6467200
20101018,8.98,9.06,8.95,8.96,1836000
20101019,8.91,8.92,8.63,8.92,4811200
20101020,8.93,8.98,8.71,8.79,3831200
20101021,8.91,8.91,8.59,8.64,2886400
20101022,8.66,8.73,8.42,8.5,3145600
20101025,8.57,8.93,8.5,8.88,3358000
20101026,8.85,8.94,8.79,8.9,2290800
20101027,8.85,8.96,8.76,8.84,1229200
20101028,8.92,8.94,8.8,8.9,606400
20101029,8.91,9.01,8.83,8.92,3068000
20101101,8.88,9,8.74,8.81,2330800
20101103,8.9,9.02,8.85,9.01,3339600
20101104,9.02,9.06,8.87,8.96,3003200
20101105,8.93,9.05,8.79,8.82,2246000
20101108,8.79,8.87,8.68,8.68,1653200
20101109,8.73,8.78,8.5,8.77,3226400
20101110,8.73,8.97,8.64,8.9,3934000
20101111,8.88,8.98,8.79,8.85,2051200
20101112,8.84,8.96,8.75,8.81,1850400
20101116,8.92,8.96,8.57,8.71,2931600
20101117,8.65,8.73,8.59,8.59,1154000
20101118,8.77,8.89,8.68,8.89,3026000
20101119,8.77,8.99,8.77,8.94,2370400
20101122,8.86,9,8.83,8.88,2478400
20101123,8.77,8.84,8.62,8.75,1361200
20101124,8.83,8.92,8.76,8.85,3896000
20101125,8.87,8.92,8.79,8.84,750400
20101126,8.73,8.86,8.71,8.71,2321200
20101129,8.67,8.7,8.49,8.66,2799600
20101130,8.66,9.13,8.66,9.07,13398800
20101201,9.1,9.16,8.94,9.02,4164800
20101202,9,9.08,8.75,8.85,4586400
20101203,8.86,9.02,8.76,8.88,1727200
20101206,8.88,9.01,8.79,9.01,1698000
20101207,9.04,9.1,8.97,8.99,2388000
20101208,8.95,8.99,8.54,8.69,5093200
20101209,8.69,8.75,8.28,8.46,4824400
20101210,8.54,8.6,8.43,8.53,3394800
20101213,8.61,8.73,8.56,8.56,3277200
20101214,8.58,8.68,8.46,8.49,3095200
20101215,8.34,8.49,8.33,8.4,130516800
20101216,8.47,8.72,8.42,8.64,8157600
20101217,8.58,8.92,8.58,8.92,6410400
20101220,8.9,8.96,8.77,8.83,3996400
20101221,8.86,8.88,8.68,8.83,3031200
20101222,8.82,8.91,8.73,8.86,3122400
20101223,8.77,8.89,8.77,8.85,2067600
20101227,8.73,8.88,8.73,8.86,1078800
20101228,8.83,8.95,8.71,8.95,1785200
20101229,8.94,9.04,8.86,9.03,1727200
20101230,9.04,9.1,8.9,9.1,2692400
20110103,9.16,9.16,8.93,9.02,3251200
20110104,9,9.07,8.95,9.03,4426400
20110105,9.01,9.1,8.97,9.04,3257600
20110106,9.01,9.08,8.84,8.92,5169200
20110107,8.9,8.95,8.78,8.9,3677600
20110110,8.88,8.97,8.83,8.97,1673200
20110111,8.97,9.21,8.91,9.21,5560400
20110112,9.21,9.27,9.16,9.22,4786400
20110113,9.21,9.26,9.05,9.09,3990400
20110114,9.15,9.15,8.95,9.12,1386800
20110117,9.05,9.1,8.94,8.99,1453200
20110118,8.97,9.02,8.79,8.92,3175200
20110119,8.92,9.12,8.87,9.1,1794800
20110120,9.05,9.29,9.05,9.25,2906000
20110121,9.22,9.27,9.17,9.23,3076400
20110124,9.26,9.33,9.2,9.31,1751200
20110126,9.26,9.43,9.19,9.36,3829600
20110127,9.41,9.41,8.96,9,2544000
20110128,9.13,9.13,8.81,8.85,3258000
20110131,8.9,9.09,8.82,8.93,2406800
20110201,8.93,9.2,8.93,9.1,2730400
20110202,9.1,9.19,8.93,9.04,1666000
20110203,8.99,9.18,8.91,9.05,4042400
20110204,9.04,9.08,8.71,8.74,4142000
20110207,8.74,8.98,8.68,8.97,1725600
20110208,8.92,8.98,8.85,8.89,2639600
20110209,8.87,8.91,8.69,8.69,3782400
20110210,8.73,8.81,8.6,8.69,4937600
20110211,8.72,8.9,8.66,8.85,4426400
20110214,8.84,8.98,8.73,8.98,2509600
20110215,8.98,9.06,8.78,8.84,3128400
20110216,8.85,8.92,8.76,8.87,3476000
20110217,8.87,9.03,8.84,9.03,1913200
20110218,9.01,9.02,8.89,9.02,1976800
20110221,9.02,9.02,8.93,8.93,4936000
20110222,8.92,9.01,8.91,8.93,4462000
20110223,8.96,9.09,8.86,8.86,3793200
20110224,8.88,8.94,8.78,8.78,1828000
20110225,8.91,8.93,8.76,8.89,2272400
20110228,8.98,9.12,8.94,9,9326000
20110301,9.03,9.18,9,9,3080000
20110302,9.06,9.14,9,9.14,4938400
20110303,9.18,9.23,9.1,9.22,2503200
20110304,9.22,9.31,9.16,9.27,3888000
20110309,9.25,9.37,9.23,9.24,2654800
20110310,9.24,9.42,9.18,9.38,3370400
20110311,9.4,9.4,9.16,9.23,3406800
20110314,9.21,9.29,9.18,9.29,2669200
20110315,9.22,9.37,9.13,9.25,3757200
20110316,9.35,9.35,8.91,8.91,3803600
20110317,9.03,9.06,8.88,8.95,3642400
20110318,8.98,9.03,8.8,8.8,5384400
20110321,8.86,8.96,8.79,8.87,1870400
20110322,8.85,9.26,8.85,9.12,3848400
20110323,9.07,9.15,9.05,9.14,1327600
20110324,9.15,9.17,9.05,9.13,2343600
20110325,9.1,9.17,8.98,8.98,3615200
20110328,9.06,9.12,8.9,9.02,1757600
20110329,9.05,9.12,8.93,9.11,4104400
20110330,9.12,9.41,9.06,9.38,3876400
20110331,9.34,9.39,9.2,9.2,3446400
20110401,9.22,9.47,9.22,9.41,3058800
20110404,9.45,9.55,9.32,9.34,3632400
20110405,9.36,9.48,9.28,9.46,2960000
20110406,9.4,9.6,9.4,9.51,5574800
20110407,9.57,9.59,9.42,9.51,2952400
20110408,9.48,9.53,9.26,9.41,3398800
20110411,9.36,9.41,9.28,9.37,3345600
20110412,9.27,9.36,9.04,9.13,3331200
20110413,9.2,9.23,9.05,9.12,2382800
20110414,9.09,9.2,8.94,8.94,4001200
20110415,8.98,9.01,8.91,8.98,3424400
20110418,8.98,9.18,8.91,9.08,3271600
20110419,9.2,9.26,9.12,9.26,2240400
20110420,9.4,9.48,9.32,9.47,3956400
20110425,9.51,9.52,9.38,9.45,1564000
20110426,9.53,9.61,9.39,9.47,2147200
20110427,9.45,9.58,9.32,9.53,2628400
20110428,9.39,9.63,9.38,9.57,3006400
20110429,9.56,9.6,9.46,9.55,2366000
20110502,9.55,9.88,9.46,9.62,2810000
20110503,9.56,9.72,9.56,9.67,2748400
20110504,9.65,9.69,9.48,9.53,2170000
20110505,9.52,9.52,9.33,9.45,2176400
20110506,9.6,9.6,9.33,9.47,2305200
20110509,9.53,9.63,9.47,9.49,1437600
20110510,9.55,9.6,9.45,9.56,2516000
20110511,9.61,9.64,9.5,9.55,3010000
20110512,9.46,9.63,9.46,9.55,1761600
20110513,9.59,9.63,9.4,9.55,1951600
20110516,9.47,9.69,9.44,9.65,2439600
20110517,9.61,9.91,9.56,9.83,5328800
20110518,9.83,9.83,9.51,9.67,2894400
20110519,9.67,9.67,9.53,9.59,2105600
20110520,9.59,9.69,9.54,9.54,3434800
20110523,9.54,9.56,9.46,9.49,1673600
20110524,9.52,9.68,9.52,9.65,2540800
20110525,9.66,9.69,9.57,9.57,2283200
20110526,9.66,9.67,9.49,9.55,3776800
20110527,9.56,9.66,9.52,9.63,1481200
20110530,9.67,9.67,9.55,9.57,516400
20110531,9.52,9.63,9.27,9.63,4113200
20110601,9.55,9.55,9.13,9.15,6193600
20110602,9.17,9.35,9.13,9.34,3401200
20110603,9.31,9.39,9.19,9.22,2161600
20110606,9.24,9.24,8.97,9.08,3378000
20110607,9.11,9.22,9.07,9.18,3573600
20110608,9.21,9.21,9.15,9.21,2930800
20110609,9.2,9.3,9.03,9.18,2518800
20110610,9.2,9.24,8.84,8.84,6495600
20110613,8.85,9.06,8.78,9.05,2823200
20110614,9.16,9.22,9.08,9.16,2347600
20110615,9.1,9.13,8.9,8.97,3984400
20110616,8.96,9.05,8.81,8.91,1821200
20110617,9.01,9.21,8.88,9.21,4286000
20110620,9.14,9.24,9.07,9.15,2257200
20110621,9.16,9.25,9.12,9.12,1300400
20110622,9.16,9.21,8.99,9.05,4183600
20110624,9.1,9.16,8.98,9.13,2840800
20110627,9.13,9.28,9.02,9.2,2555600
20110628,9.26,9.47,9.21,9.3,2414400
20110629,9.38,9.39,9.18,9.24,1516800
20110630,9.28,9.28,9.03,9.05,2453200
20110701,9.12,9.26,9.03,9.14,2281600
20110704,9.22,9.22,9.03,9.16,1039200
20110705,9.14,9.15,9.02,9.1,1974400
20110706,9.1,9.15,8.98,9.01,2166000
20110707,9.13,9.13,8.82,8.84,3054800
20110708,8.81,8.85,8.73,8.77,2876400
20110711,8.71,8.98,8.68,8.95,2424400
20110712,8.94,9.06,8.82,8.83,2673600
20110713,8.85,9.13,8.85,9.1,4228000
20110714,9.1,9.19,9.04,9.11,2824400
20110715,9.11,9.18,8.9,8.9,3148800
20110718,8.95,9.02,8.75,8.81,2130800
20110719,8.85,9.01,8.83,8.89,1203200
20110720,8.95,8.96,8.71,8.73,2204800
20110721,8.71,8.86,8.64,8.69,3177600
20110722,8.71,8.9,8.66,8.85,3399200
20110725,8.73,8.95,8.69,8.75,3604800
20110726,8.75,8.83,8.68,8.81,2915200
20110727,8.71,8.87,8.68,8.81,4090000
20110728,8.81,8.94,8.73,8.93,2406800
20110729,8.82,9.1,8.77,9.1,5519200
20110801,9.05,9.12,8.93,8.97,3696000
20110802,8.94,9.01,8.81,8.97,2132800
20110803,8.91,9.04,8.77,8.79,3551600
20110804,8.7,8.8,8.4,8.44,7405200
20110805,8.46,8.67,8.04,8.52,4596800
20110808,8.37,8.37,7.84,8.17,4528400
20110809,8.19,8.43,8.1,8.42,6047600
20110810,8.32,8.51,8.14,8.3,4376800
20110811,8.36,8.54,8.19,8.19,3153600
20110812,8.2,8.64,8.15,8.59,4454800
20110815,8.58,8.76,8.57,8.58,3086800
20110816,8.58,8.64,8.37,8.58,3258400
20110817,8.61,8.78,8.48,8.78,3632000
20110818,8.55,8.87,8.55,8.87,2675600
20110819,8.72,9.06,8.72,9.03,5623600
20110822,9.04,9.31,8.75,8.88,3567200
20110823,8.82,9.01,8.69,8.94,2864800
20110824,8.95,9.18,8.94,9.09,2174400
20110825,9,9.16,8.89,8.93,2040400
20110826,8.9,9.11,8.84,9.05,2609200
20110829,9.18,9.22,9.1,9.16,2292800
20110830,9.23,9.38,9.23,9.31,2796800
20110831,9.38,9.68,9.29,9.68,5205200
20110901,9.73,10.09,9.66,9.99,4745200
20110902,9.95,9.95,9.57,9.71,4398000
20110905,9.56,9.56,9.28,9.32,1825200
20110906,9.28,9.72,9.13,9.64,3897200
20110908,9.64,9.89,9.51,9.86,2349200
20110909,9.75,9.86,9.56,9.8,2030000
20110912,9.69,9.83,9.33,9.52,3123200
20110913,9.62,9.62,9.35,9.38,3102800
20110914,9.44,9.66,9.43,9.56,3148800
20110915,9.6,9.71,9.36,9.37,2800000
20110916,9.29,9.46,9.29,9.32,2596000
20110919,9.23,9.36,9.19,9.3,2912000
20110920,9.3,9.34,9.14,9.24,4423600
20110921,9.18,9.4,9.18,9.28,4574400
20110922,8.91,9.26,8.89,9.14,5396800
20110923,9.19,9.19,8.96,9.06,5619200
20110926,9.12,9.16,8.94,9.11,2244000
20110927,9.34,9.58,9.28,9.44,3585600
20110928,9.58,9.59,9.24,9.3,3500400
20110929,9.29,9.58,9.29,9.56,2544000
20110930,9.49,9.88,9.47,9.88,4874000
20111003,9.83,9.95,9.73,9.78,3952400
20111004,9.78,9.78,9.44,9.65,3268400
20111005,9.63,9.76,9.34,9.54,3946800
20111006,9.66,9.86,9.49,9.5,5644400
20111007,9.64,9.64,9.39,9.44,3631200
20111010,9.56,9.61,9.43,9.6,2040400
20111011,9.58,9.62,9.44,9.55,2767200
20111013,9.66,9.78,9.41,9.57,4038000
20111014,9.66,9.66,9.41,9.51,2304400
20111017,9.42,9.51,9.42,9.48,2254000
20111018,9.48,9.68,9.47,9.6,2577200
20111019,9.58,9.69,9.54,9.64,3496800
20111020,9.58,9.74,9.35,9.53,2780000
20111021,9.53,9.81,9.43,9.78,2482800
20111024,9.81,9.81,9.52,9.72,5212400
20111025,9.68,9.68,9.36,9.36,4538800
20111026,9.41,9.52,9.32,9.38,3651600
20111027,9.54,9.56,9.22,9.26,7267200
20111028,9.31,9.48,9.23,9.48,2579200
20111031,9.38,9.61,9.38,9.53,3733600
20111101,9.38,9.56,9.37,9.52,3213200
20111103,9.58,9.64,9.5,9.59,3081200
20111104,9.5,9.5,9.4,9.45,2842800
20111107,9.51,9.65,9.48,9.6,2804800
20111108,9.61,9.66,9.52,9.53,2262400
20111109,9.52,9.53,9.34,9.42,2806800
20111110,9.51,9.58,9.42,9.48,2463600
20111111,9.56,9.57,9.42,9.45,4574000
20111114,9.45,9.48,9.35,9.37,3016400
20111116,9.31,9.44,9.31,9.37,3091600
20111117,9.37,9.41,9.09,9.25,8098000
20111118,9.34,9.37,9.25,9.28,4438000
20111121,9.28,9.38,9.21,9.28,5235200
20111122,9.31,9.35,9.18,9.24,4143200
20111123,9.19,9.26,9.1,9.1,4221200
20111124,9.18,9.41,9.1,9.39,4695200
20111125,9.27,9.51,9.26,9.48,3894000
20111128,9.64,9.64,9.28,9.35,2556300
20111129,9.37,9.38,9.03,9.03,3292500
20111130,9.27,9.61,9.12,9.32,6212800
20111201,9.32,9.41,9.22,9.25,4621600
20111202,9.34,9.42,9.22,9.22,3123900
20111205,9.39,9.39,9.14,9.32,4042300
20111206,9.32,9.58,9.29,9.52,2328000
20111207,9.56,9.6,9.24,9.38,3179200
20111208,9.46,9.5,9.3,9.5,2679400
20111209,9.5,9.53,9.31,9.44,2271000
20111212,9.4,9.48,9.24,9.28,2016600
20111213,9.32,9.4,9.02,9.16,3460400
20111214,9.19,9.2,8.93,8.93,6257500
20111215,9.02,9.14,8.75,9.14,7615300
20111216,9.26,9.5,9.14,9.5,5025200
20111219,9.47,9.56,9.31,9.56,3273300
20111220,9.52,9.85,9.49,9.85,6464100
20111221,9.74,9.81,9.56,9.81,3158100
20111222,9.82,9.98,9.69,9.77,2880900
20111223,9.77,9.89,9.69,9.73,3629000
20111226,9.73,9.89,9.64,9.69,862300
20111227,9.73,9.77,9.64,9.77,2199000
20111228,9.77,9.98,9.64,9.82,2134300
20111229,9.81,9.92,9.73,9.86,4569100
20120102,9.77,10.03,9.77,9.88,1848400
20120103,9.94,10.06,9.8,9.81,3769300
20120104,9.85,9.85,9.55,9.67,3569000
20120105,9.64,9.68,9.48,9.6,3077700
20120106,9.65,9.73,9.44,9.56,2154800
20120109,9.56,9.75,9.5,9.64,1867100
20120110,9.69,9.85,9.57,9.77,2352900
20120111,9.64,9.73,9.52,9.59,2628600
20120112,9.62,9.7,9.23,9.31,5440600
20120113,9.33,9.36,9.2,9.31,5295900
20120116,9.31,9.4,9.28,9.34,2210900
20120117,9.42,9.46,9.26,9.39,3920600
20120118,9.4,9.43,9.1,9.3,4240500
20120119,9.35,9.4,9.21,9.28,3649300
20120120,9.28,9.52,9.24,9.37,3648100
20120123,9.35,9.57,9.35,9.48,2452600
20120124,9.49,9.64,9.34,9.52,3480000
20120126,9.6,9.73,9.53,9.69,4139500
20120127,9.68,9.73,9.49,9.59,2444300
20120130,9.54,9.68,9.52,9.6,3010100
20120131,9.67,9.83,9.64,9.81,7297900
20120201,9.81,10.57,9.79,10.36,8771500
20120202,10.28,10.86,10.1,10.45,6753900
20120203,10.44,10.49,10.09,10.31,5789900
20120206,10.33,10.7,10.33,10.57,8139800
20120207,10.45,10.97,10.45,10.71,5080300
20120208,10.65,10.73,10.34,10.65,3935600
20120209,10.59,10.65,10.36,10.45,3851500
20120210,10.25,10.48,10.19,10.33,3815900
20120213,10.46,10.57,10.41,10.47,1707100
20120214,10.49,10.85,10.47,10.73,7841800
20120215,10.88,11.28,10.76,11.28,4857100
20120216,11.18,11.45,11.04,11.11,3212700
20120217,11.14,11.22,11.03,11.21,2924200
20120222,11.22,11.72,11.2,11.5,5243000
20120223,11.35,11.38,11.03,11.06,3522300
20120224,11.12,11.15,10.82,11.06,3759400
20120227,11.09,11.17,10.86,10.99,3291800
20120228,10.99,11.26,10.95,11.11,4115800
20120229,11.14,11.28,10.96,11.07,3661500
20120301,11.07,11.53,11.06,11.3,3197100
20120302,11.4,11.49,11.02,11.23,4667500
20120305,11.25,11.25,10.88,11,4706100
20120306,10.86,11.36,10.73,11.3,4550900
20120307,11.37,11.7,11.25,11.56,4420400
20120308,11.87,11.92,11.57,11.82,7506300
20120309,11.81,11.81,11.58,11.65,5176900
20120312,11.56,11.68,11.3,11.51,4672800
20120313,11.62,11.86,11.43,11.6,7170300
20120314,11.62,11.78,11.48,11.61,3477600
20120315,11.52,11.76,11.47,11.62,5398700
20120316,11.78,11.85,11.57,11.7,5751400
20120319,11.7,11.91,11.62,11.78,3440400
20120320,11.68,11.78,11.67,11.74,3402400
20120321,11.75,12.03,11.7,12.03,3365600
20120322,11.98,12.13,11.87,11.97,4957200
20120323,12.03,12.12,11.88,11.95,3538200
20120326,12.04,12.23,11.91,12.23,3922000
20120327,12.06,12.67,12.05,12.51,7008400
20120328,12.53,12.66,12.1,12.11,5099100
20120329,11.95,12.03,11.71,11.97,3620200
20120330,12.02,12.19,11.87,11.93,3472500
20120402,11.95,12.36,11.9,12.36,3620000
20120403,12.36,12.58,12.29,12.5,2282900
20120404,12.48,12.62,12.36,12.51,2244200
20120405,12.52,12.79,12.43,12.63,3561300
20120409,12.43,12.6,12.19,12.3,1129100
20120410,12.3,12.38,12.11,12.11,1602400
20120411,12.2,12.27,11.95,12.08,2384400
20120412,12.09,12.31,11.82,12.19,3557300
20120413,12.15,12.24,11.89,12.16,1933900
20120416,12.24,12.56,12.12,12.36,2575000
20120417,12.45,12.64,12.36,12.53,2098400
20120418,12.62,12.66,12.15,12.32,5271400
20120419,12.22,12.37,12.11,12.32,3825000
20120420,12.32,12.41,12.15,12.19,3383500
20120423,12.04,12.22,11.98,12.11,2403900
20120424,12.08,12.22,12.02,12.11,2167600
20120425,12.23,12.26,11.98,12.11,2531900
20120426,12.11,12.16,11.91,12.15,2439600
20120427,12.24,12.25,12.08,12.11,1230700
20120430,12.11,12.21,11.72,11.99,3069700
20120502,12.1,12.6,11.98,12.58,6484100
20120503,12.56,12.56,12.19,12.4,4717800
20120504,12.23,12.91,12.23,12.88,5762400
20120507,12.96,13.22,12.48,13.13,5996400
20120508,13.12,13.14,12.8,12.84,4015700
20120509,12.75,12.78,12.53,12.56,2880300
20120510,12.62,12.83,12.62,12.79,1691400
20120511,12.72,12.88,12.55,12.68,2031000
20120514,12.49,12.64,12.4,12.48,2426600
20120515,12.45,12.62,12.32,12.37,3241400
20120516,12.56,12.62,12.25,12.4,3370900
20120517,12.47,12.99,12.45,12.66,5830400
20120518,12.77,12.77,12.32,12.49,7690800
20120521,12.53,13.19,12.4,13.05,5639900
20120522,13.05,13.08,12.32,12.51,5914100
20120523,12.36,12.6,12.11,12.47,5332900
20120524,12.46,12.46,11.98,12.04,4791700
20120525,12.02,12.23,11.91,12.06,2252100
20120528,12.09,12.54,12.09,12.33,1499300
20120529,12.33,12.6,12.16,12.35,4609300
20120530,12.19,12.64,12.19,12.46,4077400
20120531,12.6,12.72,12.34,12.72,6232300
20120601,12.67,12.84,12.48,12.76,3683600
20120604,12.71,12.98,12.68,12.72,3168700
20120605,12.72,12.83,12.4,12.4,3457400
20120606,12.48,13.08,12.48,12.92,5076600
20120608,13,13.13,12.63,12.72,4746000
20120611,12.94,13.03,12.62,12.68,3192500
20120612,12.67,13.04,12.58,12.96,3635200
20120613,12.73,13.09,12.66,12.69,5490600
20120614,12.72,13.05,12.66,12.96,5117200
20120615,13.09,13.18,12.81,13.05,11008200
20120618,12.92,13.82,12.92,13.4,5134500
20120619,13.58,13.76,13.49,13.62,5145000
20120620,13.68,13.68,13.09,13.19,6356200
20120621,13.25,13.26,12.84,12.9,5725000
20120622,12.92,13.16,12.85,12.96,2075700
20120625,12.84,12.91,12.69,12.81,1641600
20120626,12.91,13.24,12.79,13.07,2794300
20120627,13.08,13.22,12.84,12.88,4488600
20120628,12.88,13.04,12.82,12.97,3159800
20120629,13.13,13.32,13.01,13.23,4363700
20120702,13.17,13.63,13.13,13.41,3698900
20120703,13.49,13.61,13.35,13.49,2555500
20120704,13.48,13.61,13.37,13.49,801600
20120705,13.5,13.69,13.35,13.64,2322200
20120706,13.49,13.61,13.09,13.39,3389300
20120710,13.37,13.52,13.08,13.45,3374500
20120711,13.52,13.6,13.26,13.33,4674300
20120712,13.27,13.45,13.12,13.13,3241800
20120713,13.14,13.26,13,13.09,2676300
20120716,13.13,13.26,13.01,13.08,2035400
20120717,13.12,13.27,12.92,13.13,3354000
20120718,13.09,13.42,13.07,13.23,2737600
20120719,13.22,13.49,13.22,13.4,2669800
20120720,13.36,13.4,13.05,13.27,3848700
20120723,13.19,13.61,13.09,13.6,2390700
20120724,13.52,13.69,13.38,13.61,2582000
20120725,13.69,13.75,13.5,13.72,2974400
20120726,13.82,14.15,13.72,13.99,3374700
20120727,14.12,14.71,14.02,14.26,4369300
20120730,14.21,14.32,14.07,14.32,2415700
20120731,14.42,14.42,13.82,13.86,5475100
20120801,13.94,14.42,13.86,14.27,3401700
20120802,14.19,14.54,14.1,14.42,3559500
20120803,14.6,15.04,14.51,14.71,3967500
20120806,14.83,15.03,14.67,14.82,3154200
20120807,14.87,14.87,14.37,14.46,4958400
20120808,14.41,14.9,14.28,14.71,3660600
20120809,14.67,14.89,14.57,14.87,2945400
20120810,14.79,15.29,14.76,15.08,3701800
20120813,15.12,15.48,15.09,15.28,6118900
20120814,15.36,15.59,15.31,15.49,3698000
20120815,15.57,15.67,14.93,15.01,5654000
20120816,15.13,15.2,14.8,15.04,3968500
20120817,14.98,14.99,14.34,14.38,7482500
20120820,14.42,14.58,14.3,14.3,4847000
20120821,14.55,14.55,14.14,14.3,4293000
20120822,14.33,14.42,14.14,14.14,3646100
20120823,14.16,14.38,14.06,14.34,2750800
20120824,14.38,14.38,14.24,14.26,1867900
20120827,14.32,14.63,14.19,14.5,2565300
20120828,14.48,14.59,14.3,14.33,2193200
20120829,14.41,14.46,13.99,14.04,2245900
20120830,14.02,14.44,13.99,14.44,3575200
20120831,14.5,14.88,14.44,14.78,4692500
20120903,14.9,14.9,14.36,14.59,2118500
20120904,14.67,14.89,14.54,14.74,3235300
20120905,14.91,15.1,14.74,14.99,4410600
20120906,15.1,15.18,14.93,15.06,2230200
20120910,15.18,15.18,14.76,14.87,5579400
20120911,14.9,14.97,14.54,14.63,8878200
20120912,14.56,14.66,13.11,13.35,35571300
20120913,13.56,13.97,13.35,13.39,22141400
20120914,13.53,13.89,13.15,13.63,11666400
20120917,13.61,14.07,13.58,13.92,5482700
20120918,13.96,14.35,13.92,14.15,6822000
20120919,14.19,14.52,14.18,14.38,6373100
20120920,14.33,14.45,14.2,14.34,3976800
20120921,14.34,14.52,14.05,14.36,9351900
20120924,14.29,14.59,14.19,14.52,4722800
20120925,14.44,14.5,14.26,14.34,4563500
20120926,14.34,14.5,14.26,14.5,8311900
20120927,14.47,14.59,14.41,14.46,4405300
20120928,14.28,14.87,14.14,14.87,8035900
20121001,15.32,15.4,14.72,14.94,5318100
20121002,14.84,14.99,14.61,14.72,3432900
20121003,14.8,14.83,14.61,14.76,2751200
20121004,14.73,15.03,14.72,14.89,2259300
20121005,14.89,15.28,14.81,15.23,3270500
20121008,15.19,15.19,14.84,14.99,3571600
20121009,14.98,15.19,14.82,15.14,3077100
20121010,15.06,15.19,14.74,15.03,3310200
20121011,15.11,15.14,14.8,14.82,3583100
20121015,14.9,14.94,14.74,14.75,4866400
20121016,14.78,14.9,14.74,14.85,3094600
20121017,14.99,14.99,14.64,14.78,6332900
20121018,14.77,14.99,14.38,14.99,5678300
20121019,14.94,15.32,14.73,14.92,3107500
20121022,14.94,15.22,14.87,15.1,3718200
20121023,15.02,15.09,14.79,14.94,2815100
20121024,14.94,15.14,14.93,14.99,2404900
20121025,15.04,15.1,14.97,15.1,2022500
20121026,15.02,15.08,14.74,15.04,2517400
20121029,15.04,15.19,14.91,15.19,1081300
20121030,15.17,15.32,14.98,15.32,2511100
20121031,15.32,15.36,14.9,14.91,2899100
20121101,14.98,15.09,14.83,14.94,3824600
20121105,14.94,15.19,14.94,15.11,3106800
20121106,15.17,15.22,14.99,15.11,2451600
20121107,15.09,15.4,15.06,15.32,4322400
20121108,15.25,15.65,15.19,15.32,3948900
20121109,15.36,15.65,15.19,15.5,4372800
20121112,15.51,15.57,15.28,15.32,2601700
20121113,15.29,15.5,15.19,15.45,2865900
20121114,15.45,15.62,15.26,15.53,2668500
20121116,15.45,15.76,15.21,15.61,2647600
20121119,15.5,15.8,15.41,15.79,2859800
20121121,15.76,15.87,15.58,15.87,2508700
20121122,15.86,15.86,15.63,15.63,1434900
20121123,15.66,15.82,15.54,15.73,3784300
20121126,15.73,15.77,15.34,15.53,3782300
20121127,15.6,15.72,15.15,15.15,7313900
20121128,15.11,15.54,14.66,15.53,8174300
20121129,15.28,15.36,15.11,15.2,4492800
20121130,15.21,15.57,15.21,15.33,5832900
20121203,15.5,15.54,15.22,15.4,2931300
20121204,15.42,15.52,15.28,15.42,2325600
20121205,15.53,15.53,15.19,15.29,5427400
20121206,15.36,15.51,15.21,15.45,3798400
20121207,15.45,15.56,15.38,15.51,2581100
20121210,15.45,15.8,15.44,15.72,2518400
20121211,15.76,15.81,15.5,15.79,4630700
20121212,15.7,15.78,15.37,15.53,5014100
20121213,15.53,15.6,15.25,15.46,4727400
20121214,15.47,15.63,15.3,15.59,2838100
20121217,15.59,15.78,15.43,15.49,3439100
20121218,15.73,15.73,15.51,15.61,2655900
20121219,15.61,15.75,15.46,15.65,4869500
20121220,15.63,15.82,15.53,15.82,2729700
20121221,15.53,15.85,15.53,15.69,2726900
20121226,15.6,15.85,15.6,15.68,1257700
20121227,15.75,16.05,15.74,15.91,2594000
20121228,16.05,16.36,15.99,16.24,2818600
20130102,16.41,16.48,15.81,15.9,3275300
20130103,16.01,16.23,15.86,16.19,2498600
20130104,16.28,16.6,16.1,16.6,4672500
20130107,16.26,16.46,16.21,16.46,3598600
20130108,16.46,16.53,16.22,16.45,4512100
20130109,16.46,16.5,16.31,16.47,2844000
20130110,16.51,16.51,16.3,16.51,5205100
20130111,16.43,16.53,16.2,16.51,2151100
20130114,16.53,16.61,16.41,16.54,2625800
20130115,16.51,16.64,16.43,16.57,2114200
20130116,16.61,16.94,16.56,16.9,2998000
20130117,16.87,17.07,16.79,16.79,7294000
20130118,16.87,16.87,16.42,16.69,4617900
20130121,16.61,16.86,16.56,16.78,1818500
20130122,16.86,17.12,16.82,17.12,2406900
20130123,17.12,17.54,17.03,17.54,3092800
20130124,17.65,17.7,16.86,16.92,13764500
20130128,17.15,17.15,16.76,16.92,7874200
20130129,16.8,17.22,16.8,17.12,7257700
20130130,17.1,17.16,16.85,17.12,3336800
20130131,17.07,17.24,16.92,17.16,5581800
20130201,17.17,17.47,16.96,17.37,3862700
20130204,17.41,17.79,17.24,17.78,3096100
20130205,17.79,17.83,17.3,17.53,5529800
20130206,17.49,18.13,17.49,18.12,3375700
20130207,18.12,18.23,17.83,18.08,3085800
20130208,18.04,18.05,17.72,17.84,2289800
20130213,17.8,18.33,17.8,17.91,3225600
20130214,17.9,18.11,17.64,17.91,2591800
20130215,17.86,17.93,16.97,17,7201500
20130218,17.12,17.17,16.71,16.82,4371800
20130219,17,17.31,16.84,16.87,4758800
20130220,16.91,17.09,16.71,16.99,4928500
20130221,16.99,17.07,16.54,16.61,4530600
20130222,16.7,16.86,16.42,16.61,3901700
20130225,16.71,16.77,16.53,16.61,4542600
20130226,16.63,17.02,16.63,16.7,10508600
20130227,16.78,16.93,16.64,16.68,7017500
20130228,16.58,16.76,16.57,16.57,4087700
20130301,16.5,16.7,16.04,16.65,5556500
20130304,16.66,16.7,16.38,16.61,4864400
20130305,16.61,16.76,16.43,16.51,5618800
20130306,16.58,16.72,16.07,16.4,6130300
20130307,16.39,16.61,16.13,16.3,6484600
20130308,16.33,16.73,16.31,16.46,6046100
20130311,16.59,16.69,16.39,16.46,2623200
20130312,16.49,16.56,16.16,16.37,2561800
20130313,16.45,16.57,16.29,16.36,3380000
20130314,16.32,16.61,16.25,16.38,4597700
20130315,16.39,16.48,16.13,16.13,5640000
20130318,16.18,16.36,15.9,16.11,6558500
20130319,16.33,16.46,16.18,16.36,3460400
20130320,16.35,16.63,16.15,16.36,3765700
20130321,16.31,16.45,16.11,16.24,3072600
20130322,16.11,16.24,15.8,16,2679500
20130325,16.11,16.66,16,16.45,5223300
20130326,16.45,16.71,16.43,16.56,2440000
20130327,16.56,16.93,16.41,16.75,3207100
20130328,16.84,17.24,16.76,17.15,5751400
20130401,17.2,17.2,16.87,17.02,2330200
20130402,17.01,17.22,16.92,17.05,3261500
20130403,17.03,17.54,17.02,17.44,5147500
20130404,17.45,17.52,16.96,17.12,4662500
20130405,17.07,17.2,16.76,16.92,3785100
20130408,16.85,17.38,16.84,17.23,3603100
20130409,17.04,17.2,16.87,16.97,4298700
20130410,16.99,17.4,16.92,17.07,3773800
20130411,17.09,17.18,16.76,16.9,2080500
20130412,16.87,17.01,16.39,16.51,4429800
20130415,16.4,16.73,16.05,16.18,3100000
20130416,16.47,16.67,16.26,16.44,4784100
20130417,16.21,16.59,16.11,16.28,8653600
20130418,16.23,16.65,16.23,16.36,6746700
20130419,16.45,16.56,16.26,16.33,3856900
20130422,16.32,16.4,16.18,16.4,3495400
20130423,16.34,17,16.29,16.83,5067300
20130424,16.71,17.04,16.65,16.76,3802900
20130425,16.71,16.87,16.54,16.65,4430500
20130426,16.65,16.69,16.2,16.41,3105100
20130429,16.47,16.55,16.07,16.22,4214600
20130430,16.19,16.56,15.97,16.56,4996200
20130502,16.45,16.83,16.45,16.55,3948700
20130503,16.66,16.74,16.39,16.47,4172700
20130506,16.48,16.57,16.35,16.57,2965700
20130507,16.64,17.12,16.6,17.12,3511400
20130508,17.07,17.2,16.79,16.96,4426700
20130509,17.02,17.15,16.75,17.08,3424100
20130510,17.03,17.15,16.93,17.03,3005200
20130513,16.96,17.09,16.85,16.85,3204500
20130514,16.85,16.99,16.63,16.86,5897100
20130515,16.9,17.17,16.88,17.17,2427300
20130516,17.08,17.16,16.84,16.94,2330200
20130517,16.98,17.28,16.96,17.1,2159100
20130520,17.17,17.29,16.96,17.08,2168600
20130521,17.12,17.13,16.86,17.12,2461300
20130522,17.03,17.15,16.86,16.9,3393200
20130523,16.83,17.05,16.6,16.8,3373600
20130524,16.69,16.79,16.3,16.54,4099900
20130527,16.5,16.68,16.41,16.58,904600
20130528,16.71,16.92,16.39,16.5,5209400
20130529,16.46,16.51,16.18,16.36,3015800
20130531,16.5,16.5,15.76,16.36,7207900
20130603,16.37,16.51,16.08,16.33,2732000
20130604,16.42,16.66,16.34,16.58,3691700
20130605,16.55,16.75,16.33,16.41,4426100
20130606,16.5,16.52,15.91,15.99,3708200
20130607,15.9,16.07,15.68,15.7,10777300
20130610,15.54,15.81,15.46,15.55,5270800
20130611,15.41,15.7,15.16,15.38,3215100
20130612,15.47,15.56,15.01,15.15,4822900
20130613,15.11,15.47,15.09,15.3,3872500
20130614,15.34,15.49,15,15,4217900
20130617,15.06,15.47,15,15.28,2706200
20130618,15.2,15.47,14.92,15.21,3334200
20130619,15.27,15.36,14.76,14.78,4222500
20130620,14.59,14.77,14.18,14.61,9855200
20130621,14.42,14.58,13.95,14.07,8083400
20130624,13.32,13.94,12.94,13.61,16491000
20130625,13.59,14.31,13.59,14.02,9012200
20130626,14.23,14.62,14.02,14.33,5647800
20130627,14.33,14.8,14.33,14.8,7893200
20130628,14.9,15.13,14.57,14.82,7728700
20130701,14.75,14.82,14.44,14.52,3172500
20130702,14.41,14.54,13.65,13.98,9938600
20130703,13.77,14.1,13.67,13.89,4927600
20130704,14,14.33,13.92,13.92,5283900
20130705,13.82,14.34,13.78,14.33,3433000
20130708,14.15,14.71,14.11,14.18,2515600
20130710,14.28,14.52,13.97,14.11,3914000
20130711,14.3,14.41,14.04,14.39,5971200
20130712,14.36,14.57,13.82,13.9,5391400
20130715,14.02,14.23,13.8,14.07,2627200
20130716,14.23,14.23,13.99,14.12,1947400
20130717,14.17,14.3,14.06,14.28,3712000
20130718,14.17,14.53,14.16,14.49,3592500
20130719,14.3,14.48,14.02,14.48,4396900
20130722,14.51,14.64,14.27,14.53,5107300
20130723,14.46,14.67,14.38,14.48,2395200
20130724,14.4,14.9,14.29,14.65,3674800
20130725,14.59,15.06,14.54,14.98,2878700
20130726,14.87,15.05,14.78,14.95,2666600
20130729,14.82,15.32,14.69,14.96,4242200
20130730,15.15,15.28,14.82,15.07,5196300
20130731,15.06,15.19,14.85,14.99,3629900
20130801,15.14,15.25,14.89,15.03,4535800
20130802,15.03,15.12,14.85,14.94,3046400
20130805,14.86,15.07,14.78,14.86,3324500
20130806,14.91,15,14.69,14.74,3949700
20130807,14.64,14.72,14.4,14.42,3478400
20130808,14.44,14.55,14.31,14.4,5877700
20130809,14.49,14.85,14.41,14.8,5707700
20130812,14.89,14.92,14.45,14.49,5534500
20130813,14.62,14.9,14.47,14.81,8471100
20130814,14.81,15.03,14.52,14.55,12665300
20130815,14.44,14.54,14.17,14.25,7248200
20130816,14.25,14.55,13.98,14.18,6783900
20130819,14.11,14.59,13.75,14.59,10751000
20130820,14.49,14.74,14.26,14.32,6107000
20130821,14.2,14.56,14.04,14.15,5660000
20130822,14.24,14.43,14.08,14.28,4009000
20130823,14.26,14.53,14.22,14.39,3307000
20130826,14.48,14.56,14.27,14.39,3401600
20130827,14.36,14.44,14.11,14.23,3502500
20130828,14.25,14.55,14.2,14.4,4346900
20130829,14.38,14.61,14.38,14.61,3254400
20130830,14.6,14.65,14.37,14.53,4843300
20130902,14.61,14.92,14.48,14.57,3011200
20130903,14.65,14.66,14.33,14.48,3984800
20130904,14.4,14.57,14.4,14.56,4674300
20130905,14.55,14.82,14.44,14.74,4521600
20130906,14.57,15,14.57,14.95,4828100
20130909,14.84,15.28,14.79,15.23,5376400
20130910,14.99,15.12,14.92,15.11,5500600
20130911,15.02,15.26,15.02,15.26,4590600
20130912,15.18,15.53,15.17,15.41,4170400
20130913,15.44,15.52,15.12,15.41,3498000
20130916,15.47,15.52,14.95,15.07,7348600
20130917,15.16,15.21,14.9,15.01,3848700
20130918,15.01,15.83,14.84,15.66,7299200
20130919,15.52,15.83,15.52,15.82,5757900
20130920,15.82,15.85,15.19,15.3,4898600
20130923,15.37,15.61,15.11,15.29,3911700
20130924,15.32,15.52,15.14,15.44,3577800
20130925,15.5,15.5,15.1,15.24,3971400
20130926,15.24,15.34,15.11,15.16,2759900
20130927,15.37,15.43,15.16,15.4,3607600
20130930,15.31,15.53,15.09,15.09,3529400
20131001,15.3,15.61,15.09,15.61,3055500
20131002,15.48,15.77,15.41,15.62,3238900
20131003,15.69,15.81,15.3,15.32,3817800
20131004,15.32,15.74,15.3,15.55,2247300
20131007,15.56,15.69,15.33,15.53,3963200
20131008,15.62,15.69,15.46,15.57,2822100
20131009,15.69,15.69,15.33,15.69,4958400
20131010,15.75,15.83,15.52,15.74,3452000
20131011,15.77,15.91,15.57,15.77,2304100
20131014,15.76,15.81,15.54,15.65,3755600
20131015,15.7,15.72,15.31,15.43,6767800
20131016,15.48,15.5,15.28,15.29,5645800
20131017,15.29,15.49,15.24,15.44,6966400
20131018,15.42,15.49,15.28,15.47,5917100
20131021,15.46,15.65,15.43,15.62,2144500
20131022,15.61,16.11,15.46,16.06,3700300
20131023,16.03,16.16,15.92,16,2993800
20131024,16.07,16.3,15.93,16.13,4612800
20131025,16.18,16.32,16.06,16.27,4048500
20131028,16.28,16.35,16.09,16.31,2450900
20131029,16.39,16.5,15.98,16.21,4352500
20131030,16.27,16.36,16.01,16.23,3329000
20131031,16.2,16.3,16.05,16.21,3282200
20131101,16.27,16.27,15.68,15.78,5618400
20131104,15.88,16.07,15.71,16.01,4933800
20131105,16.01,16.04,15.56,15.66,4948200
20131106,15.66,15.73,15.29,15.3,5610300
20131107,15.31,15.66,15.26,15.4,4451000
20131108,15.37,15.45,15.15,15.36,6418800
20131111,15.35,15.47,15.18,15.37,2577300
20131112,15.38,15.44,15.27,15.43,4687200
20131113,15.32,15.59,15.05,15.57,4910200
20131114,15.65,15.96,15.28,15.49,6277600
20131118,15.49,15.92,15.37,15.91,4892600
20131119,15.86,15.96,15.76,15.96,7070300
20131121,15.75,16.01,15.74,15.88,4818700
20131122,15.83,16.16,15.76,16.08,7062900
20131125,16.09,16.25,16.02,16.23,5580600
20131126,16.16,16.31,16.02,16.29,5959800
20131127,16.29,16.29,16.03,16.1,3729300
20131128,16.16,16.27,16.05,16.14,2972300
20131129,16.16,16.23,15.89,16.1,3175100
20131202,15.96,16.08,15.7,15.79,3775700
20131203,15.72,15.78,15.22,15.28,4898000
20131204,15.31,15.43,15.16,15.19,5355100
20131205,15.22,15.43,15.09,15.31,5655500
20131206,15.42,15.49,15.15,15.15,4235200
20131209,15.18,15.47,15.18,15.47,2168600
20131210,15.5,15.68,15.22,15.22,4120000
20131211,15.22,15.29,14.81,14.87,4990400
20131212,14.95,15.05,14.73,14.79,4423900
20131213,14.8,15.02,14.79,14.81,3142600
20131216,14.74,15.16,14.74,14.74,4854500
20131217,14.82,15.11,14.82,14.91,7194800
20131218,15.02,15.15,14.79,14.79,4456300
20131219,14.93,15.48,14.93,15.48,3896200
20131220,15.47,15.56,15.09,15.21,3340000
20131223,15.21,15.4,15.14,15.22,2870600
20131226,15.3,15.3,14.98,15.09,2984100
20131227,15.16,15.3,15.02,15.3,2027900
20131230,15.3,15.49,15.24,15.46,2461900
20140102,15.42,15.48,15.15,15.15,3677000
20140103,15.15,15.27,14.94,15.07,3092000
20140106,15.05,15.06,14.64,14.88,3448800
20140107,14.91,15.02,14.57,14.71,2928900
20140108,14.69,14.79,14.46,14.62,2347200
20140109,14.55,14.57,14.05,14.09,6221100
20140110,14.08,14.24,13.88,14.24,4804900
20140113,14.21,14.36,14.01,14.02,2954200
20140114,14.02,14.12,13.91,14.01,2696100
20140115,14.08,14.09,13.9,14.02,3591300
20140116,14.04,14.45,14,14.29,3682100
20140117,14.3,14.5,14.15,14.35,5556400
20140120,14.24,14.6,14.22,14.44,4271500
20140121,14.46,14.63,14.35,14.35,8076900
20140122,14.46,14.7,14.42,14.49,4146400
20140123,14.41,14.78,14.21,14.21,4590000
20140124,14.18,14.21,13.64,13.92,5234700
20140127,13.92,14.04,13.81,13.94,4443900
20140128,14.1,14.21,13.8,13.85,4976200
20140129,13.83,13.95,13.7,13.7,5862300
20140130,13.73,13.83,13.44,13.46,2524600
20140131,13.35,13.63,13.33,13.52,3150000
20140203,13.53,13.64,13.08,13.08,6855900
20140204,13.11,13.48,13.11,13.45,4249200
20140205,13.52,13.55,12.94,13.07,4967900
20140206,13.21,13.34,12.96,13.34,5678800
20140207,13.25,13.6,13.25,13.4,4665200
20140210,13.4,13.47,13.07,13.13,2673200
20140211,13.2,13.43,13.03,13.31,5081000
20140212,13.44,13.55,13.27,13.4,3319600
20140213,13.29,13.34,13.05,13.3,3640000
20140214,13.37,13.65,13.31,13.57,4029500
20140217,13.66,13.68,13.48,13.68,3269300
20140218,13.61,13.68,13.17,13.17,8214700
20140219,13.12,13.51,13.05,13.45,5494800
20140220,13.38,13.69,13.27,13.57,6330500
20140221,13.66,13.73,13.25,13.25,6581800
20140224,13.34,13.47,13.21,13.44,9582200
20140225,13.34,13.62,13.34,13.53,4708900
20140226,13.57,14.08,13.48,13.99,9479300
20140227,14.22,14.54,13.95,14.44,7257000
20140228,14.44,14.63,13.95,13.99,5019200
20140305,13.93,14.18,13.93,14.12,3170100
20140306,14.11,14.7,14.06,14.7,5394400
20140307,14.66,14.69,14,14.15,5602400
20140310,14.05,14.14,13.76,13.77,5158400
20140311,13.81,14.26,13.81,14.08,5072500
20140312,14.02,14.19,13.93,14.09,2504200
20140313,14.22,14.27,13.86,14.01,7270100
20140314,14.01,14.13,13.85,13.98,6000600
20140317,13.92,14.13,13.86,14.08,2832900
20140318,14,14.64,14,14.62,4758600
20140319,14.55,14.79,14.42,14.62,3733100
20140320,14.51,14.6,14.25,14.4,5806500
20140321,14.26,14.77,14.25,14.36,4087300
20140324,14.49,14.79,14.4,14.66,2620500
20140325,14.79,14.81,14.41,14.69,2744300
20140326,14.76,15.01,14.55,14.62,3069100
20140327,14.59,15.1,14.59,14.88,10668500
20140328,14.97,15.62,14.89,15.06,8397300
20140331,15.14,15.27,14.91,15.16,4157800
20140401,15.24,15.24,14.67,14.75,3722000
20140402,14.75,15.39,14.75,14.96,3565500
20140403,15.14,15.29,15.01,15.22,4437000
20140404,15.35,15.51,14.71,14.71,5082900
20140407,14.89,15.05,14.55,14.62,4594300
20140408,14.86,15.12,14.67,14.86,5347300
20140409,14.82,15.13,14.79,15.13,4443000
20140410,15.12,15.25,14.82,14.96,4340300
20140411,14.82,15.44,14.82,15.44,3334400
20140414,15.4,15.53,15.18,15.22,2849900
20140415,15.12,15.26,14.76,15.01,4151900
20140416,15.01,15.45,14.93,15.28,3328900
20140417,15.27,15.56,15.16,15.49,2358500
20140422,15.45,15.83,15.35,15.61,3297600
20140423,15.68,15.75,15.47,15.47,3865000
20140424,15.52,15.62,15.43,15.55,5055000
20140425,15.38,15.54,15.18,15.36,3318800
20140428,15.3,15.61,15.25,15.47,2586700
20140429,15.57,15.76,15.24,15.24,3647400
20140430,15.19,15.41,15.05,15.23,2634400
20140502,15.23,15.71,15.2,15.65,3455500
20140505,15.84,15.84,15.41,15.74,3048000
20140506,15.81,15.99,15.5,15.5,4530700
20140507,15.49,15.87,15.46,15.6,2371000
20140508,15.61,15.86,15.49,15.58,2822000
20140509,15.65,15.74,15.56,15.62,2068900
20140512,15.76,15.9,15.73,15.8,3482400
20140513,15.89,15.96,15.71,15.73,5457500
20140514,15.76,15.9,15.69,15.69,4095600
20140515,15.68,15.87,15.67,15.77,2423700
20140516,15.76,16.09,15.76,15.91,3739600
20140519,15.86,15.89,15.43,15.54,6238600
20140520,15.57,15.91,15.33,15.41,5364900
20140521,15.47,15.74,15.46,15.65,2926900
20140522,15.73,15.95,15.71,15.78,2508000
20140523,15.8,15.8,15.49,15.49,4912000
20140526,15.58,15.78,15.54,15.69,1232200
20140527,15.62,15.62,15.29,15.36,3783000
20140528,15.35,15.55,15.32,15.38,2749500
20140529,15.48,15.64,15.36,15.45,2728500
20140530,15.3,15.42,15.24,15.34,4464800
20140602,15.32,15.48,15.28,15.33,2162400
20140603,15.36,15.54,15.3,15.49,3881700
20140604,15.49,15.62,15.44,15.6,3667000
20140605,15.62,15.69,15.36,15.43,4586800
20140606,15.69,15.93,15.62,15.75,4532200
20140609,15.76,16.15,15.71,16.05,3354000
20140610,15.99,16.33,15.96,16.31,4786000
20140611,16.49,16.59,16.11,16.19,5769200
20140613,16.44,16.47,16.17,16.24,3117000
20140616,16.28,16.42,16.16,16.38,3861000
20140617,16.45,16.58,16.24,16.51,3531400
20140618,16.51,16.54,16.14,16.31,3706400
20140620,16.32,16.52,16.13,16.2,4699400
20140623,16.2,16.27,15.97,16,1101700
20140624,15.99,16.35,15.99,16.16,3460300
20140625,16.13,16.37,15.93,15.93,2391300
20140626,16,16.15,15.94,15.94,1621300
20140627,15.89,15.98,15.58,15.76,3534800
20140630,15.64,15.85,15.64,15.71,2627400
20140701,15.81,15.95,15.63,15.78,1782800
20140702,15.78,15.78,15.62,15.71,2178100
20140703,15.69,15.87,15.55,15.8,2782400
20140704,15.86,16,15.81,15.94,438500
20140707,15.83,15.97,15.83,15.97,1555000
20140708,15.93,16.21,15.86,16.11,2142500
20140710,16.24,16.33,16.01,16.13,3559000
20140711,16.17,16.33,16.12,16.24,3308200
20140714,16.35,16.59,16.31,16.53,5015000
20140715,16.52,16.54,16.28,16.4,3945200
20140716,16.41,16.7,16.35,16.48,3836500
20140717,16.45,16.47,16.12,16.21,3085500
20140718,16.66,16.73,16.42,16.55,6651400
20140721,16.56,16.89,16.51,16.75,2669200
20140722,16.8,16.93,16.6,16.93,4267200
20140723,16.8,16.9,16.59,16.79,2209700
20140724,16.52,16.59,16.27,16.27,3993800
20140725,16.2,16.5,16.11,16.37,2978000
20140728,16.44,16.55,16.2,16.24,3461400
20140729,16.21,16.39,15.93,15.93,2583900
20140730,16.03,16.19,15.77,15.89,2439600
20140731,15.76,15.81,15.44,15.57,3506700
20140801,15.57,15.8,15.45,15.58,2833200
20140804,15.52,15.95,15.45,15.7,2466300
20140805,15.7,15.81,15.4,15.5,2625700
20140806,15.49,15.78,15.31,15.76,3055200
20140807,15.8,15.97,15.71,15.8,3957800
20140808,15.77,15.78,15.51,15.51,5240400
20140811,15.5,15.62,15.33,15.33,3369500
20140812,15.35,15.83,15.28,15.83,6400000
20140813,15.88,15.96,15.36,15.45,5750100
20140814,15.38,15.56,15.26,15.42,2375600
20140815,15.57,15.79,15.48,15.69,1659400
20140818,15.84,16.07,15.76,16.06,2736000
20140819,16.06,16.46,15.95,16.36,2932700
20140820,16.39,16.67,16.32,16.41,4564200
20140821,16.53,16.71,16.41,16.41,5666600
20140822,16.45,16.62,16.31,16.41,3865200
20140825,16.52,16.73,16.45,16.66,2786900
20140826,16.59,17.02,16.59,16.93,3685700
20140827,17.02,17.55,17,17.36,5315100
20140828,17.2,17.45,17.17,17.17,2460400
20140829,17.29,17.72,17.17,17.69,3851100
20140901,17.8,18.32,17.8,18.01,4068500
20140902,17.99,18.65,17.83,18.42,4088500
20140903,18.38,18.47,17.79,17.98,7855700
20140904,17.76,18.03,17.49,17.49,6812100
20140905,17.55,17.7,17.27,17.32,4329800
20140908,17.52,17.72,16.69,16.69,4189900
20140909,16.45,16.89,16.41,16.5,4763300
20140910,16.45,16.69,16.24,16.52,3936700
20140911,16.54,16.8,16.43,16.59,3433200
20140912,16.26,16.31,15.75,16.01,4600100
20140915,16.15,16.31,15.98,16.31,2651900
20140916,16.34,16.92,16.3,16.52,4115300
20140917,16.67,16.84,16.44,16.52,4375500
20140918,16.43,16.43,15.54,15.69,5609200
20140919,15.63,16.28,15.57,16.13,4914300
20140922,15.89,16.12,15.65,15.72,4608900
20140923,15.71,15.88,15.49,15.83,3541900
20140924,15.65,16,15.5,15.93,3510400
20140925,15.78,15.9,14.98,15.28,5573100
20140926,15.35,15.9,15.34,15.67,2402900
20140929,14.79,15.31,14.79,15.06,5309800
20140930,14.86,15.62,14.84,15.27,7810600
20141001,15.08,15.21,14.56,14.59,4481200
20141002,14.65,15.36,14.56,15.17,5669100
20141003,15.25,15.96,15.21,15.91,5828900
20141006,17.11,17.19,16.61,16.96,7277500
20141007,17.19,17.24,16.73,16.85,3990700
20141008,17.11,17.11,16.37,16.53,4129400
20141009,16.88,16.92,16.37,16.4,3548700
20141010,16.21,16.44,15.68,15.7,4567000
20141013,16.3,16.42,15.91,16.05,8198900
20141014,16,16.37,15.83,15.98,3577500
20141015,15.65,15.89,15.13,15.65,8209400
20141016,15.08,15.46,14.97,15.11,8445100
20141017,15.35,15.84,15.31,15.76,8253800
20141020,15.69,16.08,15.39,15.76,5593300
20141021,15.16,15.28,14.92,15.15,8144800
20141022,15.09,15.32,14.96,15.14,3175500
20141023,14.85,14.91,14.04,14.06,11528300
20141024,14.17,15.05,14.06,14.47,7566100
20141027,13.84,15.1,13.48,14.97,11815200
20141028,14.93,16.33,14.71,15.93,14903600
20141029,15.78,16.18,15.64,15.64,6040600
20141030,15.93,16.47,15.75,16.34,9761700
20141031,16.4,17.19,16.27,16.79,9500800
20141103,16.52,16.52,15.76,16.31,4020300
20141104,16.3,16.63,15.89,16.47,4820800
20141105,16.39,16.46,15.86,15.89,3395600
20141106,15.87,15.97,15.3,15.3,5093700
20141107,15.29,15.99,15.29,15.84,3358400
20141110,15.9,15.97,15.5,15.52,2316900
20141111,15.43,15.69,15.22,15.47,3135100
20141112,15.49,15.79,15.32,15.56,2587700
20141113,15.61,15.74,15.11,15.2,2394800
20141114,15.32,15.32,14.57,14.66,7120400
20141117,14.66,14.88,14.48,14.55,3030400
20141118,14.62,14.81,14.54,14.79,4639300
20141119,14.8,15.66,14.66,15.66,5922300
20141121,15.76,16.61,15.51,16.27,9063600
20141124,16.53,16.75,15.96,15.96,4958900
20141125,16.18,16.26,15.38,15.38,6349300
20141126,15.56,16.16,15.47,16.08,4028800
20141127,16.05,16.61,16.01,16.38,2706600
20141128,16.25,16.47,15.91,16.07,4074600
20141201,16.07,16.09,14.91,15.11,5739800
20141202,15.11,15.2,14.75,14.79,7601900
20141203,14.95,14.99,14.5,14.61,5360200
20141204,14.75,14.9,14.42,14.54,3252500
20141205,14.51,14.76,14.48,14.61,2975000
20141208,14.65,14.65,14.06,14.24,4713600
20141209,14.13,14.27,13.9,13.92,5390000
20141210,13.86,14.23,13.74,14.06,8737600
20141211,14,14.06,13.62,13.82,4787000
20141212,13.74,13.89,13.32,13.42,6216700
20141215,13.35,13.58,13.1,13.46,5119400
20141216,13.17,13.34,12.86,13.05,11669300
20141217,13.18,14.25,12.94,13.93,9093400
20141218,13.93,14.19,13.52,13.67,3727000
20141219,13.56,14.13,13.55,14.11,6606200
20141222,14.18,14.33,13.95,14.22,2157400
20141223,14.15,14.57,14.11,14.32,2619300
20141226,14.38,14.66,14.08,14.29,958600
20141229,14.13,14.54,14.13,14.42,2505500
20141230,14.54,14.54,13.93,14.03,3298200
20150102,13.86,14.01,13.26,13.4,3269000
20150105,13.22,13.73,12.97,13.01,6238400
20150106,13.11,13.34,12.95,13.21,5286900
20150107,13.26,14.37,13.25,14.2,11034500
20150108,14.2,14.56,14.12,14.36,5775600
20150109,14.28,14.36,14.1,14.15,4119600
20150112,14.24,14.33,13.96,14.02,4598800
20150113,13.98,14.84,13.98,14.34,6489400
20150114,14.2,14.73,14.12,14.62,5388000
20150115,14.57,15.49,14.57,14.72,10795500
20150116,14.75,15.42,14.74,15.2,6971900
20150119,14.98,15.2,14.57,14.74,3293600
20150120,14.91,15.11,14.71,14.76,3008900
20150121,14.81,15.35,14.74,15.11,7192200
20150122,15.2,15.35,14.58,14.73,4646900
20150123,14.59,14.89,14.4,14.79,4590800
20150126,14.6,14.63,14.13,14.38,5649100
20150127,14.21,15,14.07,14.79,5092100
20150128,14.74,15.18,14.48,15,4844200
20150129,14.99,15.16,14.51,14.97,7050600
20150130,14.87,14.87,13.91,13.91,10363300
20150202,14.12,14.49,14.03,14.24,4159500
20150203,14.47,14.78,14.36,14.77,5006400
20150204,14.77,15.02,14.35,14.7,6172200
20150205,14.59,15.18,14.55,14.82,3640200
20150206,14.64,14.82,14.28,14.5,3534500
20150209,14.47,14.76,14.31,14.5,3053500
20150210,14.56,14.84,14.18,14.18,5722500
20150211,14.26,14.54,13.89,14.1,3735200
20150212,14.36,14.47,14.02,14.24,4430500
20150213,14.32,14.88,14.21,14.88,3757500
20150218,14.91,15.1,14.85,15.08,5192800
20150219,14.89,15.27,14.79,14.97,3073600
20150220,14.9,15.11,14.8,15.11,2754000
20150223,15.08,15.46,14.93,15.18,4535900
20150224,15.32,15.39,14.96,15.29,4087700
20150225,15.11,15.3,14.9,15.16,4079500
20150226,15.09,15.11,14.67,14.99,3589000
20150227,15,15.45,14.8,15.17,5437100
20150302,15.02,15.12,14.61,14.61,3734500
20150303,14.68,14.68,14.15,14.34,3898200
20150304,14.11,14.26,13.73,13.83,6414200
20150305,13.94,14.26,13.84,14.09,4881900
20150306,14.12,14.2,13.61,13.7,4213900
20150309,13.7,13.7,12.82,12.82,11916400
20150310,12.9,13.63,12.89,13.31,12105600
20150311,13.4,13.4,13.11,13.38,8302200
20150312,13.59,13.65,13.22,13.42,5819900
20150313,12.9,13.1,12.79,12.79,10862400
20150316,12.86,13.5,12.86,13.5,6641100
20150317,13.51,14,13.48,13.86,8633500
20150318,13.77,14.54,13.65,14.54,5174300
20150319,14.44,14.54,14,14.11,4025100
20150320,14.43,14.87,14.21,14.76,6105400
20150323,14.76,15.11,14.62,15.11,4013300
20150324,15.1,15.35,15.08,15.15,6639100
20150325,15.35,15.41,15.06,15.15,9126700
20150326,14.89,15,14.65,14.74,7375800
20150327,14.49,15.05,14.4,14.74,4520200
20150330,14.74,15.28,14.71,15.07,3209500
20150331,15,15.29,14.84,14.84,7991200
20150401,15.11,15.21,14.93,15.1,6297900
20150402,15.11,15.26,14.77,14.93,6007500
20150406,15.16,15.65,14.89,14.95,3898600
20150407,15.06,15.27,14.64,14.74,2914700
20150408,14.77,15.24,14.67,14.83,3930900
20150409,14.77,15.29,14.76,15.11,4572600
20150410,14.97,15.33,14.95,15.25,2106300
20150413,15.19,15.29,14.85,15,2462200
20150414,15.15,15.15,14.51,14.63,3799500
20150415,14.77,15.11,14.77,15.01,2838900
20150416,15,15.28,14.86,15.25,3084900
20150417,14.97,15.04,14.61,14.61,3213400
20150420,14.8,14.82,14.39,14.79,1688400
20150422,14.95,15.03,14.65,14.8,2154100
20150423,14.73,15.34,14.7,15.12,1700000
20150424,15.24,15.24,14.69,14.73,4119500
20150427,14.76,14.89,14.51,14.51,2883600
20150428,14.73,15.04,14.53,15.03,3049500
20150429,14.86,15.08,14.6,14.71,3358200
20150430,14.61,15.26,14.61,15.16,5534300
20150504,14.98,15.05,14.54,14.91,5964600
20150505,14.79,15.09,14.7,15.07,3412400
20150506,14.98,15.04,14.77,14.9,4612600
20150507,15.02,15.02,14.62,14.78,2735700
20150508,14.8,14.84,14.59,14.59,4777100
20150511,14.7,14.7,14.02,14.06,4365000
20150512,14.06,14.38,13.8,13.94,3870100
20150513,13.91,14.14,13.71,13.89,3992900
20150514,14.07,14.6,13.89,14.43,4897900
20150515,14.16,14.46,13.95,14.16,5218800
20150518,14.31,14.47,13.94,14.08,4284000
20150519,14.09,14.36,13.92,14.13,3463400
20150520,14.02,14.19,13.81,13.89,3714300
20150521,13.74,14.01,13.64,14.01,2402600
20150522,13.95,14.06,13.7,13.98,4670600
20150525,13.91,13.96,13.73,13.84,1356600
20150526,13.79,13.89,13.74,13.86,3431700
20150527,13.94,14.17,13.78,14.06,4039000
20150528,13.94,14.52,13.94,14.48,4214500
20150529,14.32,14.5,14.1,14.1,6706400
20150601,14.1,14.53,13.97,14.48,2957500
20150602,14.53,14.87,14.38,14.75,4903400
20150603,14.84,14.92,14.65,14.82,6684100
20150605,14.75,14.75,14.17,14.21,5499100
20150608,14.34,14.52,14.21,14.31,5359000
20150609,14.7,14.8,13.89,14.02,9902800
20150610,14.16,14.34,13.95,14.16,5842400
20150611,14.29,14.38,13.93,14.06,5768500
20150612,13.98,14.06,13.88,14.06,2676100
20150615,13.9,14.09,13.84,13.88,4984500
20150616,13.95,13.98,13.61,13.61,4299700
20150617,13.58,13.69,13.15,13.24,6040600
20150618,13.36,13.64,13.15,13.48,9768100
20150619,13.42,13.65,13.28,13.61,11417300
20150622,13.62,13.85,13.5,13.79,3907500
20150623,13.92,13.94,13.37,13.4,8622500
20150624,13.52,13.56,13.29,13.48,4586500
20150625,13.39,13.7,13.24,13.56,5006000
20150626,13.39,14.15,13.39,14.06,4981100
20150629,13.85,13.87,13.61,13.83,3832500
20150630,13.83,14.01,13.62,13.62,6145700
20150701,13.73,13.94,13.7,13.82,3642100
20150702,13.95,14.14,13.81,13.95,2973300
20150703,13.95,14.02,13.7,13.95,927500
20150706,13.69,13.82,13.54,13.82,5940700
20150707,13.76,13.9,13.57,13.87,3169400
20150708,13.77,13.96,13.71,13.88,2252000
20150710,13.97,14.31,13.76,14.18,4084000
20150713,14.26,14.26,13.87,13.97,2817900
20150714,13.97,14.43,13.85,14.22,2638000
20150715,14.28,14.48,14.09,14.27,1669000
20150716,14.34,14.45,14.18,14.38,1957600
20150717,14.38,14.58,14.11,14.16,3873300
20150720,14.16,14.27,13.93,14.04,2279500
20150721,14.19,14.52,14.03,14.38,4249900
20150722,14.21,14.38,14.09,14.38,5097900
20150723,14.24,14.39,13.63,13.74,10535700
20150724,13.56,13.65,12.91,13.21,6327600
20150727,13.13,13.38,12.91,13.29,3467700
20150728,13.45,13.49,12.79,13.16,6208900
20150729,13.03,13.42,13.01,13.22,4217400
20150730,13.38,13.64,13.29,13.49,3017800
20150731,13.54,14.01,13.42,13.9,5385700
20150803,13.71,13.85,13.59,13.62,2576600
20150804,13.59,13.92,13.48,13.63,3659500
20150805,13.77,13.79,13.23,13.31,3774100
20150806,13.24,13.31,12.6,12.6,6490900
20150807,12.64,12.76,12.35,12.47,4781200
20150810,12.57,13.22,12.31,13.09,3540600
20150811,12.96,13.43,12.92,13.42,3992900
20150812,13.42,13.46,13.05,13.21,6436200
20150813,13.09,13.22,12.82,13.22,3462700
20150814,13.23,13.23,12.81,12.81,2384400
20150817,12.79,13.22,12.7,13.05,3090900
20150818,12.98,13,12.71,12.81,3340700
20150819,12.71,12.98,12.47,12.93,6979500
20150820,12.68,13.41,12.58,13.35,4242900
20150821,13.08,13.34,12.9,13.34,7805700
20150824,12.86,12.97,12.6,12.73,7705200
20150825,13.24,13.37,13.04,13.06,7415300
20150826,13.01,13.65,13.01,13.43,6510400
20150827,13.68,14.19,13.54,14.02,6230900
20150828,13.87,14.15,13.69,14.03,3782800
20150831,13.69,13.78,13.21,13.59,5793900
20150901,13.11,13.24,12.74,12.9,4723700
20150902,12.87,13.17,12.78,12.99,4428100
20150903,13.12,13.45,12.6,13.26,6201800
20150904,13.15,13.26,12.62,12.83,6393400
20150908,12.42,12.42,11.9,11.96,12806100
20150909,12.05,12.12,11.76,11.83,11441300
20150910,11.55,11.94,11.52,11.74,5969300
20150911,11.62,11.89,11.62,11.73,4594300
20150914,11.73,11.95,11.71,11.84,7202200
20150915,11.95,12.05,11.74,12.03,7057000
20150916,12.03,12.18,11.94,12.08,6156600
20150917,12.08,12.08,11.77,11.77,9061200
20150918,11.74,11.74,11.31,11.42,9737100
20150921,11.19,11.36,10.7,10.7,6094000
20150922,10.67,10.78,10.44,10.57,6968900
20150923,10.58,10.61,10.04,10.04,11612600
20150924,9.75,10.58,9.59,10.25,21241600
20150925,10.55,10.73,10.2,10.49,16852300
20150928,10.23,10.55,10.22,10.39,5314100
20150929,10.37,10.8,10.36,10.74,5140700
20150930,10.91,11.11,10.67,11.11,10104000
20151001,11.36,11.36,10.56,10.59,6328600
20151002,10.59,11.27,10.46,11.23,7988100
20151005,11.37,11.51,11.07,11.34,6466000
20151006,11.42,11.93,11.14,11.2,6584200
20151007,11.5,11.7,11.33,11.49,8308800
20151008,11.51,11.86,11.44,11.75,6272700
20151009,11.89,12.08,11.82,12.08,8239600
20151013,12.07,12.34,11.91,12.11,8199900
20151014,12.13,12.33,11.79,11.79,12225800
20151015,11.81,12.22,11.76,12.19,7644400
20151016,12.17,12.56,12.02,12.43,8844900
20151019,12.43,12.5,12.26,12.5,5873600
20151020,12.5,12.5,11.94,12.12,7051000
20151021,12.11,12.11,11.73,11.96,6876100
20151022,12.04,12.23,11.82,12.13,4564800
20151023,12.45,12.69,12.2,12.21,4061000
20151026,12.12,12.33,11.79,11.88,2873300
20151027,11.79,11.91,11.63,11.7,3484000
20151028,11.68,11.97,11.45,11.73,5003600
20151029,11.51,11.69,11.28,11.28,4977800
20151030,11.28,11.52,11.16,11.52,6877000
20151103,11.42,12.04,11.16,11.8,6192700
20151104,12.1,12.4,11.83,11.93,3346300
20151105,11.98,12.36,11.86,12.34,3065500
20151106,12.33,12.38,11.87,12.15,6513600
20151109,12.18,12.37,11.93,12.04,3351100
20151110,11.79,12.27,11.79,12.25,5454700
20151111,12.32,12.69,12.24,12.6,3883900
20151112,12.74,12.95,12.4,12.55,9962400
20151113,12.42,12.78,12.36,12.43,6282500
20151116,12.44,12.54,12.14,12.45,3179300
20151117,12.55,12.83,12.51,12.59,8088100
20151118,12.59,13.06,12.56,12.93,5253400
20151119,13.04,13.47,13.04,13.36,6270700
20151123,13.46,13.63,12.98,13.12,13099700
20151124,12.99,13.44,12.92,13.3,5254900
20151125,13.2,13.28,12.64,12.85,7005900
20151126,12.87,12.93,12.59,12.67,4877700
20151127,12.57,12.82,12.45,12.52,3531000
20151130,12.38,12.73,12.13,12.18,7028800
20151201,12.24,12.71,12.14,12.53,7245200
20151202,12.44,12.89,12.42,12.58,5245800
20151203,12.89,13.3,12.84,12.96,4223000
20151204,12.98,13.08,12.36,12.76,4881400
20151207,12.85,13.08,12.62,12.73,3295700
20151208,12.75,12.78,12.27,12.52,5693000
20151209,12.77,13.46,12.65,13.01,5781600
20151210,13.11,13.12,12.64,12.97,4450600
20151211,12.79,13.19,12.59,12.69,3823900
20151214,12.6,12.91,12.49,12.9,2629900
20151215,12.87,12.97,12.52,12.58,4602200
20151216,12.5,12.9,12.37,12.84,8008000
20151217,13.08,13.32,13.05,13.18,5064000
20151218,12.84,12.85,12.19,12.26,7546200
20151221,12.14,12.34,12.01,12.26,9454100
20151222,12.36,12.47,12.05,12.15,5996000
20151223,12.28,12.6,12.21,12.41,6165000
20151228,12.41,12.53,12.35,12.4,1245900
20151229,12.48,12.61,12.26,12.3,2028900
20151230,12.34,12.41,11.98,11.98,3051700
20160104,11.88,11.91,11.5,11.6,3504000
20160105,11.66,12.06,11.63,11.89,3514600
20160106,11.77,12.02,11.5,11.73,4907400
20160107,11.39,11.55,10.97,11.02,4390000
20160108,11.21,11.42,10.97,10.97,3117900
20160111,10.97,11.26,10.77,10.85,3020200
20160112,10.9,11.35,10.89,11.17,4267100
20160113,11.3,11.39,11.02,11.13,3133400
20160114,11.06,11.23,10.78,11.12,4633300
20160115,10.88,11.02,10.66,10.78,5585300
20160118,10.84,10.98,10.59,10.59,2776600
20160119,10.9,11.16,10.81,11.02,4824000
20160120,10.77,10.82,10.47,10.55,3874300
20160121,10.55,10.82,10.41,10.48,3419400
20160122,10.79,10.98,10.63,10.63,4016400
20160126,10.41,10.59,10.39,10.5,3478000
20160127,10.45,11.31,10.45,11.05,4382700
20160128,11.03,11.69,11.03,11.45,4219500
20160129,11.47,12.2,11.4,12.2,6123600
20160201,12.03,12.1,11.79,12.07,3487000
20160202,11.85,12.09,11.51,11.51,4317500
20160203,11.71,12.22,11.58,11.93,8089300
20160204,12.17,12.5,12.03,12.17,7838100
20160205,12.29,12.62,12.17,12.41,5519300
20160210,12.41,12.47,11.93,12.2,4782300
20160211,11.97,12.05,11.61,11.69,5112500
20160212,11.7,11.91,11.55,11.55,5073300
20160215,11.79,12.19,11.77,11.98,3309700
20160216,12.03,12.37,11.99,11.99,5341200
20160217,12.15,12.39,11.94,11.96,7354900
20160218,11.91,12.11,11.7,11.87,3789300
20160219,11.7,12.33,11.61,12.15,2825900
20160222,12.39,12.54,12.3,12.32,4636400
20160223,12.36,12.45,11.89,12,3084600
20160224,11.86,11.99,11.56,11.97,2991600
20160225,11.85,12.1,11.76,11.96,1902800
20160226,11.74,12.09,11.6,11.76,4835800
20160229,11.87,12.3,11.86,12.05,5399000
20160301,12.28,12.62,12.23,12.35,7000100
20160302,12.41,12.59,12.13,12.45,5565400
20160303,12.57,13.97,12.56,13.7,12294600
20160304,14.6,15.15,13.51,13.6,11772700
20160307,13.81,13.86,13.35,13.55,4459700
20160308,13.55,14.32,13.51,13.86,6112400
20160309,14.22,14.41,13.42,13.57,6482700
20160310,13.9,14.26,13.44,14.13,7376500
20160311,14,14.27,13.72,13.82,5610000
20160314,13.91,14.08,13.39,13.76,5389800
20160315,13.83,13.84,12.74,13.3,8406600
20160316,13.2,13.41,12.87,13.29,3833000
20160317,14.25,14.38,13.79,14,7839600
20160318,14.17,14.27,13.58,14.03,5394100
20160321,14.01,14.42,13.97,14.2,5226800
20160322,14.13,14.49,13.71,13.83,4444800
20160323,13.83,13.85,13.31,13.63,4879900
20160324,13.45,13.72,13.4,13.62,3705600
20160328,13.94,13.98,13.6,13.79,3483800
20160329,13.88,14.13,13.71,13.89,6134700
20160330,14.03,14.13,13.54,13.97,5159100
20160331,13.8,13.91,13.61,13.67,6708000
20160401,13.52,14.11,13.52,13.96,4565700
20160404,13.86,14.04,13.3,13.65,4058200
20160405,13.69,13.94,13.41,13.76,3164900
20160406,13.56,13.59,12.74,12.79,7550600
20160407,12.98,13.07,12.54,12.81,3608300
20160408,13.09,13.49,13.08,13.35,6912400
20160411,13.45,13.71,13.26,13.5,3109100
20160412,13.57,14.22,13.45,13.95,4047300
20160413,14.13,14.68,13.99,14.47,7268500
20160414,14.42,14.55,14.14,14.44,5005200
20160415,14.56,14.69,14.37,14.55,5077400
20160418,14.52,14.99,14.33,14.81,6327600
20160419,14.95,15.14,14.47,14.61,5741700
20160420,14.52,14.8,14.4,14.75,4773200
20160422,14.5,14.83,14.32,14.66,4746100
20160425,14.72,14.72,14.47,14.52,1977100
20160426,14.61,15.12,14.48,15.12,2382100
20160427,15.33,15.49,14.85,15.21,5056900
20160428,15.13,15.43,15.01,15.37,2410700
20160429,15.46,15.76,15.15,15.76,4780500
20160502,15.72,15.79,15.29,15.5,4650900
20160503,15.38,15.49,15.17,15.49,3212100
20160504,15.55,15.66,15.16,15.58,2962400
20160505,15.6,15.71,15.41,15.65,6700200
20160506,15.53,15.54,15.2,15.32,3290100
20160509,15.19,15.54,14.61,15.46,3944200
20160510,15.6,15.9,15.36,15.78,3965900
20160511,16.08,16.16,15.9,16.13,5467100
20160512,16.36,16.77,15.95,16.47,6123900
20160513,16.37,16.48,16.1,16.17,5299700
20160516,16.06,16.23,16,16.12,2070300
20160517,16.08,16.29,15.64,15.91,6048200
20160518,15.64,16.06,15.44,15.57,4154700
20160519,15.46,15.59,15.14,15.3,2969000
20160520,15.27,15.6,15.24,15.41,2155000
20160523,15.02,15.23,14.83,15,3345900
20160524,14.98,15.43,14.98,15.17,2660600
20160525,15.34,15.46,14.9,14.94,3522100
20160527,14.91,15.26,14.63,14.91,3563700
20160530,14.86,14.94,14.71,14.81,1342500
20160531,14.73,15.07,14.73,14.86,4674700
20160601,14.81,15.16,14.79,15.15,2560100
20160602,15.02,15.18,14.89,15.06,3655800
20160603,15.21,15.52,15.08,15.35,3790100
20160606,15.36,15.65,15.32,15.45,2078000
20160607,15.36,15.61,15.15,15.24,3266400
20160608,15.18,15.86,15.18,15.58,2940700
20160609,15.57,15.75,15.51,15.57,5336900
20160610,15.55,15.58,15.26,15.28,6060500
20160613,15.03,15.09,14.69,14.89,5127200
20160614,14.86,14.96,14.6,14.85,5690600
20160615,14.91,14.93,14.42,14.76,4341600
20160616,14.63,15.34,14.59,15.34,4637500
20160617,15.37,15.47,15.1,15.2,3890700
20160620,15.47,15.94,15.31,15.86,3185100
20160621,15.9,16.12,15.56,16.03,2756300
20160622,15.97,16.03,15.68,15.72,2527500
20160623,15.76,16.34,15.71,16.27,2893000
20160624,15.78,16.07,15.49,15.94,4255800
20160627,15.85,15.87,15.41,15.68,2695500
20160628,15.95,16.01,15.73,15.78,2530900
20160629,15.97,16.74,15.96,16.46,4879600
20160630,16.32,16.65,16.12,16.37,7417200
20160701,16.51,16.63,16.31,16.46,3512300
20160704,16.6,16.62,16.34,16.45,1244900
20160705,16.27,16.39,15.72,15.88,3347400
20160706,15.84,15.87,15.22,15.53,10589500
20160707,15.5,15.82,15.38,15.73,8176600
20160708,15.82,16.36,15.78,16.17,9408100
20160711,16.31,16.52,16.08,16.24,6700200
20160712,16.45,16.45,15.93,15.98,3808100
20160713,15.9,16.03,15.66,15.7,4040600
20160714,15.93,15.93,15.61,15.73,4692500
20160715,15.78,16.41,15.7,16.39,9370400
20160718,16.37,16.54,16.16,16.36,3566500
20160719,16.42,16.79,16.29,16.78,3587500
20160720,16.92,17.27,16.81,17.27,5728100
20160721,17.31,17.63,17.12,17.6,7677500
20160722,17.6,17.67,17.32,17.42,4609800
20160725,17.28,17.53,17.11,17.4,3741200
20160726,17.26,17.6,17.25,17.34,4936400
20160727,17.34,17.61,17.3,17.34,2159500
20160728,17.48,17.71,17.29,17.71,2599200
20160729,17.76,18.28,17.66,18.25,3383500
20160801,18.27,18.46,18.18,18.18,3183400
20160802,18.03,18.17,17.64,17.94,4265900
20160803,17.83,18.6,17.57,18.38,3031600
20160804,18.51,18.63,17.9,18.51,4449200
20160805,18.5,18.77,18.04,18.66,3757800
20160808,18.55,18.61,17.84,17.84,4286600
20160809,17.88,18.03,17.45,17.52,7685400
20160810,17.56,17.59,17.06,17.09,8352700
20160811,17.09,17.67,16.97,17.54,11187100
20160812,17.49,17.49,16.97,17.17,5489400
20160815,17.25,17.39,16.84,17.07,3811600
20160816,16.87,17.35,16.86,17.18,5393700
20160817,17.05,17.34,16.9,17.34,3403600
20160818,17.37,17.63,17.26,17.54,4436800
20160819,17.39,17.73,17.13,17.46,8376400
20160822,17.49,17.49,16.77,16.97,8770600
20160823,16.97,17.36,16.88,17.09,4617100
20160824,16.96,17.49,16.95,17.34,4890000
20160825,17.3,17.43,17.1,17.2,2879100
20160826,17.2,17.59,16.92,17.06,5246600
20160829,17,17.37,16.78,17.1,5203300
20160830,17.1,17.23,16.89,17.05,3433800
20160831,16.96,17.13,16.55,16.62,6145000
20160901,16.75,17.36,16.7,17.34,4327800
20160902,17.39,18.03,17.33,18.02,5022600
20160905,18.02,18.21,17.77,17.98,3120300
20160906,18.01,18.08,17.83,18.07,4604100
20160908,17.91,18.04,17.65,17.76,5106100
20160909,17.44,17.55,16.93,16.98,5013300
20160912,17.03,17.34,16.93,17.33,4580300
20160913,17.34,17.35,16.33,16.43,9432700
20160914,16.69,16.7,16.33,16.4,5245900
20160915,16.56,16.61,16.25,16.42,10562400
20160916,16.42,16.52,16.18,16.32,6381300
20160919,16.5,16.62,16.27,16.35,2800300
20160920,16.42,16.42,15.84,16.14,5214500
20160921,16.14,16.3,15.86,16.05,5093800
20160922,16.17,16.57,16.17,16.56,4429500
20160923,16.63,16.67,16.36,16.47,4602100
20160926,16.36,16.39,16.03,16.17,1803600
20160927,16.2,16.39,16.12,16.27,2618400
20160928,16.32,16.79,16.26,16.79,3444900
20160929,16.67,16.95,16.3,16.36,2739800
20160930,16.33,16.73,16.33,16.5,2932600
20161003,16.56,17,16.5,16.75,2376300
20161004,16.85,16.89,16.68,16.85,2425400
20161005,16.97,17.28,16.87,16.92,2726200
20161006,16.94,16.94,16.37,16.64,5515000
20161007,16.66,16.92,16.51,16.89,4412300
20161010,16.89,17.03,16.63,16.76,3259900
20161011,16.76,16.95,16.66,16.83,2791600
20161013,16.76,16.77,16.26,16.44,7727000
20161014,16.52,16.79,16.39,16.42,4821800
20161017,16.57,17.14,16.43,17.05,4574300
20161018,17.25,17.44,16.89,17.44,3995800
20161019,17.36,17.43,17.09,17.23,3425500
20161020,17.06,17.19,16.73,17.05,3006900
20161021,16.94,17.23,16.81,17.19,3430200
20161024,17.12,17.18,16.91,17.01,2814200
20161025,16.9,17.1,16.83,17,3452300
20161026,16.88,17.06,16.83,16.99,3536600
20161027,17.05,17.05,16.7,16.83,4856600
20161028,16.78,17.05,16.68,16.96,3402200
20161031,17.01,17.04,16.74,16.9,3352800
20161101,16.86,16.95,16.18,16.21,3655200
20161103,15.92,16.15,15.69,15.74,4296700
20161104,16.03,16.61,15.89,16.22,4753100
20161107,16.44,16.81,16.42,16.71,3381700
20161108,16.76,16.86,16.64,16.76,4755900
20161109,16.22,16.64,16.11,16.28,4525700
20161110,16.3,16.54,14.59,15.45,9825200
20161111,15.07,15.56,14.03,14.18,10753700
20161114,14.11,14.76,14.11,14.59,7254000
20161116,14.65,15.18,14.56,15.18,3875200
20161117,15.4,15.4,14.8,14.98,5442300
20161118,14.85,14.92,14.65,14.8,4175500
20161121,14.86,15.1,14.66,15,3776000
20161122,15.25,15.73,15.09,15.4,4311600
20161123,15.32,15.35,14.77,14.85,3918200
20161124,14.96,15.02,14.85,15,2774700
20161125,14.71,15.14,14.71,14.96,4478200
20161128,14.95,14.97,14.72,14.97,3735900
20161129,14.85,14.91,14.34,14.34,3868300
20161130,14.55,14.96,14.42,14.71,6945100
20161201,14.35,14.55,13.37,13.54,8091000
20161202,13.36,13.86,13.22,13.67,7715800
20161205,13.7,14.19,13.69,13.83,8277700
20161206,13.75,14.23,13.59,14.07,9046000
20161207,14.25,14.98,14.23,14.91,8800400
20161208,15,15.13,14.45,14.53,7964900
20161209,14.6,14.87,14.53,14.82,4877900
20161212,14.55,14.78,14.29,14.61,7349900
20161213,14.61,14.95,14.51,14.93,8419900
20161214,14.99,15,14.7,14.71,6014100
20161215,14.6,14.76,14.51,14.7,5705200
20161216,14.65,14.9,14.42,14.61,5100700
20161219,14.64,14.77,14.47,14.47,7261600
20161220,14.81,14.81,14.18,14.49,5806100
20161221,14.5,15.19,14.45,15.12,5753100
20161222,15.12,15.62,14.89,15.33,6512500
20161223,15.39,15.4,15.1,15.29,2791200
20161226,15.36,15.52,15.31,15.42,594800
20161227,15.53,15.59,15.23,15.3,2100100
20161228,15.31,15.68,15.3,15.43,2026300
20161229,15.44,16.11,15.44,15.96,3725400
20170102,15.96,15.97,15.48,15.79,1892700
20170103,15.86,16.49,15.86,16.39,6089300
20170104,16.4,16.68,16.29,16.5,8642800
