<DTYYYYMMDD>,<OPEN>,<HIGH>,<LOW>,<CLOSE>,<VOL>
20100601,7.2,7.5,7.07,7.32,6725431
20100602,7.42,7.48,7.34,7.34,5170231
20100604,7.34,7.37,7.06,7.18,3048192
20100607,7.13,7.48,7.13,7.39,3016175
20100608,7.4,7.47,7.32,7.37,2637785
20100609,7.42,7.46,7.28,7.28,1702010
20100610,7.34,7.64,7.34,7.61,3256381
20100611,7.49,7.69,7.44,7.6,2293567
20100614,7.64,7.83,7.58,7.81,2673451
20100615,7.8,7.99,7.77,7.86,6290638
20100616,7.83,8.05,7.78,7.86,9710917
20100617,7.83,7.99,7.81,7.85,5555589
20100618,7.85,7.85,7.72,7.83,2547707
20100621,7.86,7.97,7.55,7.64,4455585
20100622,7.62,7.7,7.55,7.56,5219168
20100623,7.62,7.62,7.42,7.53,4499877
20100624,7.49,7.61,7.41,7.41,3130970
20100625,7.41,7.62,7.41,7.62,3687026
20100628,7.62,7.68,7.45,7.47,2018193
20100629,7.42,7.42,7.27,7.37,3653019
20100630,7.35,7.4,7.06,7.06,4373968
20100701,7.12,7.21,6.92,6.97,6909401
20100702,7.02,7.05,6.89,6.92,3619676
20100705,6.96,7,6.7,6.7,3233157
20100706,6.81,7.14,6.81,7.13,6987368
20100707,7.12,7.48,7.09,7.36,6109655
20100708,7.45,7.48,7.3,7.43,4268961
20100712,7.44,7.57,7.3,7.39,4090466
20100713,7.45,7.67,7.42,7.67,3793526
20100714,7.56,7.75,7.54,7.58,4398022
20100715,7.58,7.7,7.48,7.67,8033458
20100716,7.62,7.7,7.44,7.49,3242280
20100719,7.55,7.56,7.44,7.47,2859577
20100720,7.46,7.49,7.27,7.28,5260972
20100721,7.34,7.36,7.12,7.2,5549783
20100722,7.25,7.43,7.23,7.27,5745199
20100723,7.28,7.34,7.13,7.2,4237774
20100726,7.18,7.27,7.05,7.15,5359841
20100727,7.23,7.32,7.11,7.11,4149522
20100728,7.15,7.19,7.02,7.13,8084219
20100729,7.16,7.19,7.08,7.16,10866825
20100730,7.15,7.48,7.12,7.34,16749047
20100802,7.45,7.47,7.3,7.32,5560399
20100803,7.34,7.48,7.32,7.44,6356496
20100804,7.45,7.58,7.42,7.42,5317871
20100805,7.43,7.43,7.29,7.34,4889548
20100806,7.25,7.36,7.2,7.28,5061574
20100809,7.32,7.51,7.32,7.34,6529683
20100810,7.31,7.46,7.3,7.39,6574970
20100811,7.34,7.38,7.3,7.35,6943408
20100812,7.31,7.36,7.15,7.27,4628772
20100813,7.23,7.36,7.22,7.27,3347619
20100816,7.28,7.36,7.24,7.34,2952308
20100817,7.38,7.48,7.23,7.32,6439938
20100818,7.33,7.34,7.16,7.22,6330120
20100819,7.25,7.25,7.09,7.16,4643702
20100820,7.14,7.22,7.12,7.2,3546187
20100823,7.19,7.28,7.14,7.19,4741079
20100824,7.11,7.22,7.1,7.16,2882304
20100825,7.12,7.15,6.96,7.02,7158564
20100826,7.02,7.05,6.8,6.81,6253148
20100827,6.86,7.18,6.86,7.13,5047474
20100830,7.1,7.11,6.98,6.99,2262712
20100831,6.99,7.13,6.97,6.97,6781335
20100901,7.04,7.09,6.98,7.08,8857257
20100902,7.1,7.15,7.03,7.06,5806080
20100903,7.11,7.12,6.89,6.91,5226633
20100906,6.96,7.04,6.96,7.03,901269
20100908,7.01,7.05,6.98,7.03,1970251
20100909,7.04,7.06,6.99,7.05,3921924
20100910,7.05,7.15,7,7.15,6328627
20100913,7.15,7.22,7.12,7.15,5546299
20100914,7.16,7.21,7.12,7.19,6408087
20100915,7.17,7.23,7.12,7.23,6633197
20100916,7.23,7.23,7.06,7.07,6055243
20100917,7.12,7.12,7,7.08,9210267
20100920,7.13,7.29,7.06,7.29,8830052
20100921,7.29,7.36,7.25,7.34,8694024
20100922,7.32,7.42,7.25,7.33,7446048
20100923,7.28,7.3,7.17,7.18,13896271
20100924,7.21,7.22,6.97,7.01,9681721
20100927,7.12,7.12,6.98,7.07,5765935
20100928,7.07,7.27,7.05,7.24,8523325
20100929,7.24,7.29,7.12,7.12,7106641
20100930,7.18,7.2,7.04,7.11,7032158
20101001,7.15,7.19,7.02,7.14,7882665
20101004,7.13,7.16,7.09,7.15,4386908
20101005,7.19,7.36,7.17,7.34,8421470
20101006,7.36,7.36,7.06,7.1,8991295
20101007,7.16,7.16,6.93,7.12,11534524
20101008,7.09,7.33,7.08,7.32,6365122
20101011,7.29,7.35,7.25,7.29,3554979
20101013,7.26,7.41,7.2,7.35,12722614
20101014,7.4,7.46,7.27,7.3,10265812
20101015,7.36,7.37,7.2,7.21,5323014
20101018,7.2,7.24,7.09,7.1,7109462
20101019,7,7.04,6.93,6.95,11692118
20101020,7,7.18,6.99,7.07,4208744
20101021,7.08,7.15,6.97,7,6196082
20101022,7.04,7.04,6.79,6.83,9025634
20101025,6.9,6.9,6.74,6.88,6323318
20101026,6.84,6.97,6.81,6.97,6790293
20101027,6.98,7.17,6.93,7.17,4128620
20101028,7.03,7.13,6.97,7.05,15274801
20101029,7.1,7.16,6.99,7.06,8249776
20101101,7.08,7.16,7.04,7.14,5106032
20101103,7.14,7.16,6.9,6.97,6803398
20101104,7.03,7.08,6.95,6.99,6385526
20101105,6.98,6.99,6.84,6.87,5640192
20101108,6.89,6.97,6.86,6.97,2520336
20101109,6.94,7.03,6.87,7.01,6748821
20101110,6.97,7.24,6.91,7.14,6094725
20101111,7.1,7.14,7.02,7.07,2405044
20101112,7.05,7.14,7.03,7.12,2837182
20101116,7.16,7.24,7.04,7.14,6336921
20101117,7.12,7.24,7.1,7.19,2750257
20101118,7.22,7.29,7.12,7.24,5982087
20101119,7.22,7.23,7.13,7.18,2455971
20101122,7.13,7.18,6.98,7,2184910
20101123,6.93,7.04,6.88,6.97,4061767
20101124,7,7.14,6.99,7.1,2927923
20101125,7.12,7.19,7.1,7.1,1658382
20101126,7.05,7.07,6.93,6.93,2962593
20101129,6.92,7.15,6.9,7.15,5353205
20101130,7.13,7.24,7.04,7.19,7890794
20101201,7.22,7.34,7.2,7.24,3819902
20101202,7.23,7.41,7.23,7.27,6435624
20101203,7.25,7.48,7.23,7.42,5408944
20101206,7.41,7.47,7.26,7.3,3228014
20101207,7.43,7.44,7.24,7.24,4559099
20101208,7.19,7.35,7.16,7.16,5215021
20101209,6.96,7.05,6.68,6.81,20538760
20101210,6.85,6.85,6.73,6.77,7009597
20101213,6.8,6.83,6.72,6.78,4894525
20101214,6.78,6.78,6.73,6.78,3237636
20101215,6.77,6.83,6.71,6.71,4693635
20101216,6.76,6.78,6.56,6.56,5780865
20101217,6.54,6.55,6.27,6.54,9708429
20101220,6.6,6.6,6.39,6.39,4269127
20101221,6.44,6.55,6.41,6.47,1928945
20101222,6.49,6.54,6.42,6.46,2567946
20101223,6.47,6.48,6.37,6.44,2174957
20101227,6.42,6.47,6.34,6.34,3081037
20101228,6.39,6.42,6.36,6.37,2142111
20101229,6.4,6.47,6.36,6.47,4084660
20101230,6.47,6.58,6.42,6.49,3061960
20110103,6.59,6.63,6.51,6.56,3328708
20110104,6.55,6.56,6.33,6.41,6092568
20110105,6.37,6.42,6.36,6.37,4484947
20110106,6.38,6.4,6.28,6.32,6856814
20110107,6.31,6.33,6.23,6.27,7226413
20110110,6.27,6.37,6.26,6.35,2821588
20110111,6.37,6.4,6.24,6.26,5467336
20110112,6.3,6.31,6.25,6.26,4930689
20110113,6.27,6.3,6.15,6.16,4557606
20110114,6.2,6.31,6.15,6.24,6677489
20110117,6.24,6.26,6.19,6.19,2214604
20110118,6.22,6.28,6.17,6.26,3709919
20110119,6.27,6.3,6.16,6.24,7425146
20110120,6.21,6.31,6.13,6.18,7406401
20110121,6.2,6.2,6,6.01,6016591
20110124,6.03,6.15,5.94,6.13,13486694
20110126,6.14,6.3,6.12,6.25,9704448
20110127,6.24,6.26,6.12,6.23,3324561
20110128,6.23,6.23,5.91,6.03,6249498
20110131,6.05,6.06,5.86,5.97,6747162
20110201,5.94,6.01,5.87,5.91,4245239
20110202,5.87,5.87,5.62,5.63,9122678
20110203,5.66,5.79,5.41,5.48,14546055
20110204,5.47,5.64,5.32,5.63,12261113
20110207,5.67,5.8,5.53,5.75,6004150
20110208,5.75,5.87,5.55,5.55,6310711
20110209,5.59,5.61,5.31,5.33,8565626
20110210,5.41,5.62,5.38,5.52,17374776
20110211,5.53,5.83,5.49,5.58,7101665
20110214,5.59,5.66,5.48,5.61,6481907
20110215,5.61,5.69,5.55,5.62,3325390
20110216,5.67,5.84,5.64,5.79,8025993
20110217,5.81,6.28,5.79,6.2,18099872
20110218,6.18,6.47,6.15,6.4,9708595
20110221,6.35,6.4,6.3,6.35,4606046
20110222,6.31,6.63,6.19,6.42,11458050
20110223,6.43,6.62,6.37,6.49,7053391
20110224,6.45,6.61,6.4,6.59,4982611
20110225,6.59,6.6,6.38,6.44,6398631
20110228,6.42,6.52,6.21,6.34,5380079
20110301,6.35,6.38,6.1,6.1,4186183
20110302,6.16,6.35,6.1,6.32,3157014
20110303,6.32,6.45,6.26,6.43,3104262
20110304,6.4,6.45,6.35,6.45,2162184
20110309,6.47,6.72,6.45,6.67,4195805
20110310,6.65,6.83,6.62,6.71,7638644
20110311,6.74,6.93,6.7,6.79,6655426
20110314,6.81,7.04,6.72,6.97,4865329
20110315,6.81,7.02,6.69,7.01,8682909
20110316,6.98,7.01,6.66,6.68,6369601
20110317,6.75,6.83,6.68,6.75,2843154
20110318,6.8,6.98,6.78,6.78,5650311
20110321,6.88,6.96,6.7,6.77,3168626
20110322,6.73,7.03,6.73,6.96,4484782
20110323,6.91,6.96,6.84,6.87,4315908
20110324,6.9,7.03,6.87,6.98,4228816
20110325,6.98,7.12,6.85,7.06,4220522
20110328,7.03,7.07,6.89,6.89,3510024
20110329,6.93,7.03,6.73,6.77,3083194
20110330,6.79,6.94,6.79,6.94,4390391
20110331,6.89,7.06,6.88,6.98,4249387
20110401,6.96,7.23,6.96,7.21,6372919
20110404,7.23,7.42,7.23,7.29,7349501
20110405,7.3,7.42,7.19,7.22,5248530
20110406,7.24,7.27,6.84,6.85,7649261
20110407,6.9,7.1,6.88,7.05,6633197
20110408,7.02,7.12,6.85,6.97,4209573
20110411,6.98,7.07,6.88,6.88,4598581
20110412,6.89,6.98,6.82,6.88,4575025
20110413,6.93,6.98,6.86,6.91,3802650
20110414,6.89,7.03,6.84,6.84,4018470
20110415,6.89,6.92,6.83,6.86,3390750
20110418,6.89,7.01,6.68,6.96,3755040
20110419,6.96,7.16,6.86,6.96,5023586
20110420,7.08,7.1,6.81,6.88,4509499
20110425,6.86,6.94,6.8,6.86,4242253
20110426,6.85,7.02,6.83,6.99,5491722
20110427,6.98,7.04,6.94,7.03,3123007
20110428,6.94,7.51,6.93,7.41,14172973
20110429,7.4,7.73,7.32,7.34,13155084
20110502,7.53,7.68,7.39,7.5,8638755
20110503,7.49,7.5,7.21,7.31,5904645
20110504,7.32,7.5,7.24,7.3,5962014
20110505,7.87,8.12,7.75,8.12,18521672
20110506,8.12,8.36,7.99,8.34,5976944
20110509,8.27,8.34,8.05,8.22,5809397
20110510,8.19,8.29,7.99,8.03,4510218
20110511,8.01,8.14,7.89,7.96,4729052
20110512,7.93,8.07,7.87,7.89,6453596
20110513,7.96,7.96,7.75,7.79,4564408
20110516,7.79,7.87,7.69,7.73,4399073
20110517,7.77,7.93,7.7,7.87,4243276
20110518,7.91,8.01,7.72,7.72,3819709
20110519,7.84,7.96,7.68,7.68,4069094
20110520,7.71,7.81,7.55,7.57,4149411
20110523,7.53,7.64,7.53,7.58,4385387
20110524,7.68,7.9,7.66,7.9,5214827
20110525,7.92,8.1,7.85,8.05,5554759
20110526,8.11,8.14,7.74,7.93,6445025
20110527,7.93,8.02,7.79,7.93,5158010
20110530,7.89,7.9,7.8,7.87,1121817
20110531,7.87,8.02,7.84,7.93,6349363
20110601,7.89,8.09,7.89,7.97,5541903
20110602,7.97,8.15,7.97,8.06,5531535
20110603,8.05,8.15,7.98,8.07,2783600
20110606,8.1,8.1,7.93,8.02,2691118
20110607,8.07,8.12,7.92,7.99,4010757
20110608,7.92,7.97,7.86,7.88,3041141
20110609,7.91,8.05,7.83,8.04,3693496
20110610,8.02,8.05,7.97,8.04,5010232
20110613,8.03,8.1,7.92,7.97,3554979
20110614,8.01,8.05,7.91,8,4947194
20110615,7.9,8.05,7.9,7.98,7080099
20110616,7.98,8.02,7.79,7.83,6497832
20110617,7.75,7.83,7.56,7.67,8253342
20110620,7.6,7.72,7.6,7.68,4168350
20110621,7.68,7.71,7.67,7.69,5760875
20110622,7.69,7.83,7.66,7.66,4923141
20110624,7.8,7.8,7.68,7.73,5565542
20110627,7.79,7.81,7.65,7.65,3355084
20110628,7.69,7.69,7.59,7.65,3143577
20110629,7.67,7.73,7.54,7.72,4651084
20110630,7.77,7.87,7.69,7.87,3856896
20110701,7.86,8.03,7.77,7.92,4042275
20110704,7.89,7.98,7.79,7.93,2410352
20110705,7.92,7.95,7.71,7.87,3919518
20110706,7.79,7.91,7.79,7.86,2059499
20110707,7.93,8.02,7.81,7.86,3178828
20110708,7.79,8.01,7.75,7.99,5183170
20110711,7.9,7.99,7.82,7.94,4559431
20110712,7.87,8,7.85,7.94,3276702
20110713,7.94,8.19,7.94,8.15,7437173
20110714,8.14,8.19,8.04,8.14,4124805
20110715,8.14,8.19,8.01,8.08,2452239
20110718,8.05,8.21,7.99,8.12,4992814
20110719,8.12,8.25,8.08,8.18,6037079
20110720,8.22,8.25,8.14,8.23,6376320
20110721,8.21,8.37,8.21,8.32,6594877
20110722,8.25,8.28,8.17,8.21,5328737
20110725,8.19,8.3,8.1,8.3,3073075
20110726,8.27,8.71,8.27,8.55,7940229
20110727,8.51,8.57,8.27,8.3,8897402
20110728,8.37,8.73,8.37,8.53,8920212
20110729,8.39,8.76,8.39,8.69,5166167
20110801,8.67,8.84,8.55,8.74,4181207
20110802,8.66,8.9,8.66,8.77,6490368
20110803,8.69,8.97,8.67,8.83,8384808
20110804,8.73,8.82,8.48,8.64,10995886
20110805,8.59,8.68,8.39,8.67,10277176
20110808,8.39,8.47,8.13,8.27,20287272
20110809,8.28,8.36,8.13,8.27,14073523
20110810,8.19,8.27,7.99,8.17,11555343
20110811,8.19,8.26,8.1,8.15,11574835
20110812,8.15,8.24,7.99,8.11,10827509
20110815,8.09,8.23,8.03,8.04,5641850
20110816,8.03,8.14,7.87,7.9,10585313
20110817,7.96,7.96,7.83,7.92,10223262
20110818,7.87,7.93,7.69,7.83,9209272
20110819,7.83,7.94,7.75,7.88,7593523
20110822,7.9,7.93,7.8,7.88,3963064
20110823,7.87,7.92,7.8,7.86,4984104
20110824,7.9,7.91,7.77,7.85,5381821
20110825,7.79,7.92,7.71,7.92,7278336
20110826,7.91,8.13,7.83,8.09,6495344
20110829,8.11,8.2,8.09,8.18,7071805
20110830,8.13,8.2,8.01,8.17,7664855
20110831,8.18,8.36,8.12,8.25,10355558
20110901,8.38,8.51,8.28,8.47,9902684
20110902,8.41,8.61,8.35,8.48,11102883
20110905,8.37,8.54,8.31,8.5,4488514
20110906,8.42,8.49,8.39,8.44,7340544
20110908,8.52,8.77,8.41,8.66,11455810
20110909,8.55,8.66,8.5,8.64,6089748
20110912,8.61,8.7,8.41,8.61,7029089
20110913,8.6,8.83,8.51,8.73,10907136
20110914,8.73,8.85,8.64,8.81,6737955
20110915,8.8,8.99,8.8,8.92,4181207
20110916,9.02,9.09,9,9.02,5368965
20110919,8.89,9.18,8.86,9.03,7058949
20110920,8.97,9.25,8.92,9.09,8921041
20110921,9.1,9.25,9.06,9.08,7685176
20110922,8.86,8.96,8.67,8.94,9665049
20110923,8.88,8.9,8.67,8.71,6971443
20110926,8.7,8.8,8.57,8.78,4853468
20110927,8.83,8.92,8.67,8.75,4230144
20110928,8.76,8.86,8.67,8.75,5209712
20110929,8.75,8.85,8.65,8.69,4315991
20110930,8.67,8.76,8.42,8.65,8750592
20111003,8.55,8.78,8.55,8.61,4889963
20111004,8.65,8.7,8.4,8.54,7053972
20111005,8.47,8.73,8.47,8.67,6450969
20111006,8.75,9.04,8.72,8.88,8820679
20111007,9.05,9.06,8.85,8.91,9265259
20111010,9.06,9.24,8.96,9.19,13580006
20111011,9.19,9.28,9.11,9.19,4285301
20111013,9.33,9.5,8.94,9.1,10322380
20111014,9.14,9.22,9.01,9.17,8069621
20111017,9.06,9.23,8.91,9.19,4979543
20111018,9.23,9.38,9.16,9.31,3959746
20111019,9.31,9.38,9.24,9.31,5720232
20111020,9.28,9.43,9.17,9.31,6773207
20111021,9.34,9.45,9.24,9.32,4848076
20111024,9.38,9.56,9.33,9.41,5208883
20111025,9.34,9.52,9.29,9.5,3500651
20111026,9.54,9.66,9.43,9.54,4536622
20111027,9.71,9.75,9.42,9.44,7114936
20111028,9.44,9.46,9.27,9.46,4108216
20111031,9.44,9.55,9.17,9.4,5702400
20111101,9.19,9.61,9.14,9.49,6461337
20111103,9.61,9.73,9.45,9.68,5588352
20111104,9.68,9.79,9.58,9.75,3875143
20111107,9.76,9.89,9.67,9.71,2703559
20111108,9.74,9.79,9.65,9.76,3874314
20111109,9.64,9.75,9.63,9.75,3764828
20111110,9.81,9.91,9.68,9.81,3868922
20111111,9.91,10.01,9.83,9.89,4034810
20111114,9.89,10.02,9.72,10.01,4443310
20111116,10.01,10.33,9.86,10.09,11986237
20111117,10.06,10.1,9.69,9.73,7956403
20111118,9.75,9.8,9.43,9.52,7058534
20111121,9.46,9.52,9.32,9.43,7027845
20111122,9.39,9.56,9.27,9.41,4612101
20111123,9.37,9.66,9.36,9.47,5810227
20111124,9.6,9.71,9.47,9.59,3589401
20111125,9.57,9.74,9.44,9.61,5364403
20111128,9.71,9.79,9.63,9.63,4899502
20111129,9.65,9.77,9.64,9.67,6222044
20111130,9.88,9.98,9.73,9.95,11608427
20111201,10.02,10.15,10.01,10.03,6697728
20111202,10.16,10.22,9.42,9.71,12876641
20111205,9.82,9.82,9.53,9.64,6233241
20111206,9.66,9.79,9.57,9.71,5808153
20111207,9.74,9.76,9.63,9.71,4098677
20111208,9.78,9.78,9.51,9.71,5948743
20111209,9.71,9.81,9.65,9.76,4986593
20111212,9.75,9.81,9.64,9.71,7490257
20111213,9.76,9.8,9.65,9.71,6944071
20111214,9.75,9.75,9.59,9.63,11078415
20111215,9.57,9.74,9.53,9.66,7733698
20111216,9.71,9.73,9.6,9.69,7186682
20111219,9.73,9.9,9.68,9.79,7172167
20111220,9.89,9.95,9.83,9.83,7805030
20111221,9.83,9.89,9.64,9.78,8408448
20111222,9.76,9.96,9.76,9.91,4863006
20111223,9.91,9.97,9.65,9.81,4582241
20111226,9.81,9.91,9.75,9.81,832757
20111227,9.87,9.9,9.78,9.86,3241866
20111228,9.89,9.96,9.81,9.88,5177364
20111229,9.95,10.05,9.86,9.96,5527802
20120102,10,10.16,9.96,9.99,5188561
20120103,10.03,10.14,9.94,10.02,4432527
20120104,10.02,10.16,9.9,10.06,5102300
20120105,9.96,9.98,9.82,9.91,6129976
20120106,9.94,10,9.82,9.85,4743567
20120109,9.92,9.94,9.8,9.89,4564408
20120110,9.96,10.01,9.89,9.95,8924359
20120111,9.94,10.06,9.94,10.05,3789711
20120112,10.08,10.14,10.03,10.03,5429099
20120113,10.03,10.13,10,10.1,5296389
20120116,10.1,10.29,10.02,10.2,3610967
20120117,10.3,10.36,10.22,10.33,5550197
20120118,10.33,10.56,10.14,10.43,6057400
20120119,10.52,10.65,10.45,10.62,6762839
20120120,10.62,10.74,10.56,10.68,4363683
20120123,10.68,10.7,10.48,10.63,5099811
20120124,10.63,10.71,10.39,10.64,4613345
20120126,10.64,10.72,10.43,10.53,6542622
20120127,10.56,10.64,10.53,10.56,5242890
20120130,10.53,10.72,10.49,10.7,7103324
20120131,10.73,10.77,10.54,10.75,10833730
20120201,10.74,10.91,10.69,10.76,9732648
20120202,11.15,11.27,10.97,11.15,21373840
20120203,11.12,11.4,11.12,11.36,7365012
20120206,11.29,11.41,11.01,11.15,5018526
20120207,11.98,12.01,11.48,11.62,45921944
20120208,11.62,11.95,11.46,11.56,11199928
20120209,11.63,11.71,11.51,11.57,12850513
20120210,11.53,11.56,11.26,11.36,7180047
20120213,11.43,11.52,11.34,11.36,4062597
20120214,11.35,11.56,11.19,11.52,8561894
20120215,11.61,11.71,11.49,11.65,8109434
20120216,11.65,12.42,11.57,12.37,12891156
20120217,12.46,12.46,12,12.14,12019000
20120222,12.12,12.22,11.86,11.98,6635105
20120223,11.98,12.22,11.91,12.12,10877276
20120224,12.12,12.44,12.12,12.37,8875422
20120227,12.39,12.44,12.23,12.31,5660928
20120228,12.36,12.65,12.36,12.48,8525399
20120229,12.54,12.75,12.3,12.68,5890268
20120301,12.72,12.99,12.71,12.9,8263710
20120302,12.89,13.07,12.84,13.01,6423183
20120305,13.01,13.22,12.86,13.22,5671296
20120306,13.16,13.25,13.02,13.13,3751557
20120307,13.11,13.31,12.74,12.82,12006973
20120308,13.08,13.1,12.72,12.76,5067878
20120309,12.79,12.81,12.62,12.78,3919518
20120312,12.67,13,12.66,12.69,3853163
20120313,12.69,12.77,12.53,12.66,7750287
20120314,12.66,12.81,12.51,12.64,10203356
20120315,12.61,12.68,12.42,12.53,4546575
20120316,12.65,12.77,12.56,12.56,5005670
20120319,12.58,12.67,12.56,12.64,3652024
20120320,12.57,12.65,12.52,12.64,2604441
20120321,12.64,12.64,12.41,12.43,2548039
20120322,12.47,12.54,12.39,12.47,4385664
20120323,12.5,12.51,12.38,12.44,5305927
20120326,12.51,12.77,12.41,12.72,3861043
20120327,12.82,12.86,12.73,12.84,3171778
20120328,12.84,12.95,12.76,12.9,7207833
20120329,12.9,12.95,12.76,12.86,5614894
20120330,12.86,13.05,12.82,13.05,6882278
20120402,13.05,13.48,12.98,13.41,6577873
20120403,13.42,13.49,13.16,13.31,3468303
20120404,13.32,13.6,13.24,13.6,4735687
20120405,13.45,14,13.41,13.73,6557137
20120409,13.48,13.61,13.29,13.53,2750837
20120410,13.43,13.67,13.35,13.58,2886865
20120411,13.6,13.64,13.44,13.6,4408058
20120412,13.73,13.94,13.64,13.7,6708510
20120413,13.61,13.76,13.53,13.7,5747189
20120416,13.69,13.69,12.82,13.04,8234680
20120417,12.86,13.22,12.67,13.04,9629798
20120418,13.17,13.25,12.74,12.82,9278945
20120419,12.82,12.96,12.55,12.85,5012305
20120420,12.96,12.96,12.48,12.58,7335567
20120423,12.48,13.16,12.1,13.05,6653491
20120424,13.05,13.23,12.95,13.02,2841868
20120425,13.18,13.35,13.08,13.14,4850150
20120426,13.61,14.07,13.49,14.07,14028940
20120427,14.16,14.27,13.89,14.09,6938265
20120430,14.07,14.61,13.78,14.47,10028966
20120502,14.55,15.06,14.48,14.78,17981568
20120503,14.78,14.87,14.32,14.5,6175526
20120504,14.42,14.72,14.32,14.32,9323596
20120507,14.18,14.45,14.12,14.33,5750784
20120508,14.3,14.35,14.12,14.29,3667507
20120509,14.19,14.8,14.17,14.79,5079628
20120510,14.75,15.07,14.75,15.07,6285772
20120511,15.01,15.27,14.95,15.27,5734540
20120514,15.08,15.28,14.7,14.93,5061312
20120515,14.85,15.02,14.62,14.8,5604940
20120516,14.82,15.02,14.3,14.44,7984051
20120517,14.55,14.65,14.24,14.3,4614451
20120518,14.3,14.66,13.54,13.91,12890534
20120521,13.79,14.03,13.55,13.71,7438003
20120522,13.71,13.89,13.17,13.51,8128166
20120523,13.53,13.61,12.87,13.15,8029670
20120524,12.97,13.09,12.78,12.92,10597132
20120525,12.95,13.31,12.81,13.26,8532172
20120528,13.39,13.76,13.34,13.66,3216844
20120529,13.73,13.83,13.45,13.56,6026918
20120530,13.34,13.53,13.16,13.46,6987686
20120531,13.51,14,13.11,13.79,8916825
20120601,13.63,14.14,13.46,13.73,6829747
20120604,13.74,14.01,13.71,13.79,4948300
20120605,13.89,14.11,13.86,14.05,4563993
20120606,14.12,14.38,14.04,14.38,4192473
20120608,14.48,14.78,14,14.3,7416921
20120611,14.4,14.57,14.06,14.34,4380134
20120612,14.34,14.6,14.1,14.57,4766515
20120613,14.56,14.57,14.14,14.27,7325337
20120614,14.16,14.36,14.16,14.17,9774604
20120615,14.25,14.32,13.11,13.86,16321651
20120618,13.86,14.28,13.82,14.18,9609408
20120619,14.25,14.67,14.15,14.62,7771161
20120620,14.67,14.67,14.35,14.6,6957273
20120621,14.62,14.62,14.22,14.33,5354380
20120622,14.32,14.42,14,14.22,3473280
20120625,14.14,14.54,14,14.46,2472768
20120626,14.52,14.93,14.47,14.84,7159795
20120627,14.84,15.04,14.74,14.9,3694118
20120628,14.9,15.08,14.68,15.07,4172428
20120629,15.08,15.3,14.7,14.95,6579878
20120702,14.93,14.93,14.6,14.85,4503513
20120703,14.86,14.97,14.54,14.93,6802444
20120704,14.85,15.13,14.85,15,1512345
20120705,15.08,15.34,14.95,15.18,7350912
20120706,15.11,15.31,14.84,15.23,5770828
20120710,15.21,15.33,15.04,15.14,4976985
20120711,15.14,15.23,14.99,15.17,5271091
20120712,15.08,15.26,14.93,15.21,3800563
20120713,15.21,15.4,15.14,15.33,3474316
20120716,15.31,15.61,15.31,15.51,5878310
20120717,15.6,15.81,15.54,15.71,4947264
20120718,15.69,15.78,15.59,15.69,3777753
20120719,15.72,15.99,15.7,15.85,6289574
20120720,15.77,16.22,15.76,16.09,5487091
20120723,15.94,16.04,15.56,15.67,3918067
20120724,15.75,15.81,15.43,15.81,3425932
20120725,15.91,15.94,15.65,15.85,3477772
20120726,16.07,16.07,15.1,15.43,10593331
20120727,15.41,15.79,15.26,15.65,7529241
20120730,15.69,15.74,15.49,15.69,2752358
20120731,15.68,15.86,15.12,15.12,7389273
20120801,15.06,15.31,14.93,15.19,8542195
20120802,15.19,15.65,15.17,15.34,7752153
20120803,15.5,15.81,15.5,15.63,5204044
20120806,15.68,15.79,15.48,15.54,4074624
20120807,15.61,15.66,15.33,15.38,3012595
20120808,15.38,15.74,15.32,15.74,4671129
20120809,15.69,16.15,15.45,15.67,5842022
20120810,15.54,15.69,15.33,15.5,7092057
20120813,15.43,15.43,15.08,15.27,3466713
20120814,15.2,15.47,15.16,15.27,4872960
20120815,15.27,15.38,15.1,15.26,6210086
20120816,15.33,15.42,15.18,15.3,3285964
20120817,15.36,15.43,15.08,15.21,2537740
20120820,15.13,15.31,14.93,15.18,2472768
20120821,15.18,15.21,14.69,14.69,8785497
20120822,14.65,14.91,14.43,14.78,5150822
20120823,14.7,14.91,14.6,14.8,5290790
20120824,14.8,14.93,14.56,14.78,7941542
20120827,14.81,15.09,14.81,14.99,4801075
20120828,14.98,15.28,14.98,15.28,7172928
20120829,15.23,15.49,15.14,15.45,4544640
20120830,15.43,15.67,15.35,15.42,3922560
20120831,15.54,15.58,15.06,15.18,5861376
20120903,15.19,15.55,15.19,15.54,3693427
20120904,15.53,15.63,15.27,15.4,3924288
20120905,15.47,15.64,15.31,15.56,3358195
20120906,15.48,15.65,15.4,15.63,3452544
20120910,15.64,15.66,15.11,15.19,6252249
20120911,15.04,15.56,15.04,15.41,5017420
20120912,15.48,15.58,15.08,15.32,6585062
20120913,15.31,15.38,14.81,14.93,13012185
20120914,15.11,15.2,14.71,15.19,11574835
20120917,15.16,15.17,14.77,14.99,7810214
20120918,14.92,15.47,14.89,15.21,6026227
20120919,15.22,15.57,15.22,15.43,7195046
20120920,15.35,15.94,15.25,15.73,7396185
20120921,15.74,15.78,15.29,15.35,5062003
20120924,15.43,15.43,14.67,14.82,10331366
20120925,14.66,14.69,13.77,13.88,24650956
20120926,13.72,14.18,13.68,13.88,11267251
20120927,14.06,14.22,13.93,14.09,9021888
20120928,13.95,13.99,13,13.05,32756660
20121001,12.9,13.48,12.67,12.97,12760934
20121002,13.12,13.12,12.78,12.9,13715481
20121003,12.97,13.28,12.77,12.98,9831628
20121004,13.02,13.64,12.95,13.64,11407219
20121005,13.64,13.75,13.42,13.67,12740198
20121008,13.6,13.65,13.28,13.63,10928217
20121009,13.47,13.56,13.04,13.34,13212979
20121010,13.26,13.48,13.16,13.26,9005990
20121011,13.26,13.45,13.23,13.36,5843404
20121015,13.41,13.41,13.11,13.16,6327936
20121016,13.13,13.2,13.03,13.03,4863283
20121017,13.1,13.64,13.03,13.42,11475648
20121018,13.31,13.31,12.67,12.71,18089740
20121019,12.72,12.9,12.54,12.78,6811776
20121022,12.64,12.64,11.85,12.16,18618508
20121023,12.1,12.1,11.57,11.57,25660454
20121024,11.68,11.92,11.5,11.92,21611404
20121025,12.32,12.59,12.13,12.25,15642892
20121026,12.15,12.58,12.1,12.58,11616652
20121029,12.51,12.77,12.39,12.77,7471872
20121030,12.8,13.28,12.8,13.25,14407372
20121031,13.38,13.38,12.8,12.96,8087731
20121101,12.96,13.54,12.94,13.43,9526809
20121105,13.36,13.83,13.26,13.62,8207308
20121106,13.61,13.87,13.56,13.87,8457868
20121107,13.8,14.01,13.76,13.96,5334681
20121108,13.92,14.08,13.76,14.08,8824550
20121109,14.01,14.04,13.68,13.94,9393753
20121112,13.95,14.16,13.86,13.98,6707750
20121113,13.96,14.11,13.87,14.06,3408998
20121114,13.93,14.1,13.93,14.01,3549657
20121116,13.93,14.23,13.87,14.19,3528921
20121119,14.05,14.21,14.05,14.21,3885580
20121121,14.27,14.45,13.93,14.11,8046604
20121122,14.17,14.26,14.03,14.09,2436134
20121123,14.16,14.24,13.88,14.24,6568128
20121126,14.17,14.41,14.09,14.28,4548787
20121127,14.3,14.51,14.28,14.45,4060108
20121128,14.48,14.71,14.31,14.67,7463923
20121129,14.66,14.96,14.6,14.78,3995481
20121130,14.86,14.94,14.19,14.36,9484300
20121203,14.44,14.44,14.01,14.21,6588864
20121204,14.23,14.3,13.96,14.08,6339340
20121205,14.08,14.25,13.82,13.93,9716544
20121206,14.08,14.13,13.89,14,3983731
20121207,14.08,14.18,13.91,14.06,9605952
20121210,14.06,14.3,14.01,14.13,3886617
20121211,14.18,14.33,14.12,14.22,5348851
20121212,14.29,14.38,14.13,14.22,6166540
20121213,14.18,14.29,14.01,14.12,5823705
20121214,14.2,14.23,13.95,14.06,6923059
20121217,14.06,14.24,13.97,14.02,7373030
20121218,14.13,14.22,13.88,14.16,6117465
20121219,14.13,14.34,14.13,14.14,7189862
20121220,14.22,14.25,13.98,14.19,3962304
20121221,14,14.19,13.99,14.19,6059404
20121226,14.19,14.45,14.03,14.14,7148736
20121227,14.11,14.57,14.11,14.48,5532019
20121228,14.56,14.83,14.48,14.7,6254668
20130102,14.82,15.16,14.78,15.09,6412953
20130103,15.09,15.22,14.96,15.17,4463424
20130104,15.17,15.24,15.04,15.2,10264320
20130107,15.06,15.28,15.06,15.22,6299596
20130108,15.2,15.35,14.91,14.99,11072332
20130109,14.81,14.81,14.4,14.49,12492057
20130110,14.41,14.47,14.12,14.34,10654848
20130111,14.32,14.44,14.11,14.27,4913740
20130114,14.23,14.32,13.9,14.32,7129728
20130115,14.33,14.41,14.21,14.28,11010124
20130116,14.28,14.28,14.01,14.06,5333644
20130117,14.02,14.26,13.95,14.22,7411737
20130118,14.32,14.34,13.93,14.07,8472729
20130121,14.08,14.33,14.01,14.24,3351628
20130122,14.32,14.38,14.19,14.23,3577651
20130123,14.29,14.48,14.19,14.23,6990105
20130124,14.3,14.42,14.09,14.13,5286988
20130128,14.4,14.41,14.09,14.19,8489664
20130129,14.21,14.57,14.17,14.51,8108121
20130130,14.49,14.54,14.2,14.35,5528908
20130131,14.33,14.53,14.12,14.53,8465126
20130201,14.6,15.01,14.6,14.87,6754406
20130204,14.82,15,14.66,14.86,5116608
20130205,14.9,15.02,14.71,14.78,8253273
20130206,14.8,14.96,14.37,14.58,9561369
20130207,14.7,14.7,14.15,14.23,11870668
20130208,14.14,14.51,14.12,14.24,7863782
20130213,14.25,14.47,13.96,14.06,7783948
20130214,14.07,14.25,14.07,14.19,8731929
20130215,14.2,14.71,14.15,14.54,9317721
20130218,14.54,14.59,14.36,14.56,3652300
20130219,14.42,14.95,14.42,14.68,7414502
20130220,14.78,14.8,14.6,14.68,9863424
20130221,14.76,14.81,14.56,14.68,6684595
20130222,14.71,14.95,14.53,14.94,6865689
20130225,14.99,15.42,14.99,15.22,13361587
20130226,15.04,15.47,15.04,15.31,9655718
20130227,15.39,15.74,15.34,15.4,7471180
20130228,15.36,15.6,15.33,15.33,6844953
20130301,15.32,15.55,15.23,15.43,18548696
20130304,15.47,15.47,15.26,15.39,7357132
20130305,15.39,15.5,15.25,15.3,5159808
20130306,15.48,15.52,15.27,15.33,4797273
20130307,15.44,15.45,14.83,15.12,9415872
20130308,15.11,15.33,15.03,15.25,11590387
20130311,15.3,15.35,15.22,15.31,4912358
20130312,15.33,15.33,14.98,15.18,7942579
20130313,15.14,15.22,14.52,14.89,14291942
20130314,15.04,15.24,14.9,15.13,13492915
20130315,15.04,15.17,14.92,15.08,7102425
20130318,14.89,15.28,14.87,15.28,5207846
20130319,15.3,15.33,14.96,15.12,7305638
20130320,15,15.42,14.94,15.11,6365260
20130321,15.11,15.24,15.08,15.17,2859148
20130322,15.23,15.28,14.93,14.99,8559129
20130325,15.1,15.15,14.84,14.97,18306776
20130326,15.1,15.36,14.95,15.3,6343833
20130327,15.13,15.57,15.07,15.49,6116774
20130328,15.52,15.9,15.52,15.71,10262246
20130401,15.7,15.71,15.48,15.61,2657664
20130402,15.59,15.75,15.5,15.6,3832012
20130403,15.57,15.78,15.49,15.67,2701209
20130404,15.72,15.77,15.52,15.63,3899059
20130405,15.7,15.96,15.57,15.84,5299430
20130408,15.89,16.18,15.85,16.07,11634278
20130409,16.04,16.5,16.02,16.5,10375603
20130410,16.49,16.87,16.47,16.65,11384409
20130411,16.73,16.79,16.19,16.47,7790860
20130412,16.45,16.77,16.25,16.6,5334681
20130415,16.36,16.86,16.36,16.5,5610124
20130416,16.43,16.8,16.43,16.63,3723494
20130417,16.41,16.83,16.41,16.54,8430912
20130418,16.57,16.86,16.55,16.72,5148748
20130419,16.8,16.99,16.68,16.97,6283008
20130422,17.07,17.2,16.86,17.01,5052326
20130423,16.96,17.04,16.9,16.97,5522342
20130424,16.92,16.98,16.74,16.76,5201625
20130425,16.82,16.82,16.51,16.68,5450112
20130426,16.63,16.72,16.26,16.37,5580748
20130429,16.59,16.7,16.11,16.29,5914368
20130430,16.15,16.82,16.15,16.81,8900640
20130502,16.85,17.23,16.79,17.1,7558848
20130503,17.16,17.54,16.96,17.14,11695968
20130506,17.18,17.41,17.04,17.21,7825536
20130507,17.18,17.35,17.04,17.35,4526208
20130508,17.41,17.51,17.13,17.33,6547392
20130509,17.32,17.51,17.2,17.45,5691456
20130510,17.32,17.48,17.23,17.45,2990304
20130513,17.31,17.58,17.26,17.43,3981600
20130514,17.46,17.89,17.41,17.86,7337376
20130515,17.76,18.05,17.52,17.72,4480992
20130516,17.6,17.85,17.36,17.46,4505472
20130517,17.05,17.05,16.39,16.69,26620704
20130520,16.58,16.94,16.39,16.75,7093728
20130521,16.74,16.82,16.48,16.82,11378880
20130522,16.84,17.08,16.76,17.07,11995488
20130523,16.9,17.08,16.78,16.97,5489280
20130524,16.85,17.26,16.72,17.26,5728896
20130527,17.2,17.44,17.2,17.26,2551392
20130528,17.33,17.66,17.26,17.54,3887424
20130529,17.43,17.47,17,17.28,4618080
20130531,17.05,17.42,16.96,17.42,10365120
20130603,17.37,17.53,17.17,17.53,3406752
20130604,17.53,17.71,17.24,17.71,4572864
20130605,17.68,17.89,17.38,17.54,8022528
20130606,17.58,17.68,17.05,17.11,8401536
20130607,17.04,17.11,16.78,16.87,4910400
20130610,16.89,17.14,16.75,16.91,3607200
20130611,16.82,16.88,16.56,16.56,5667264
20130612,16.59,16.87,16.46,16.57,5479488
20130613,16.72,16.93,16.47,16.73,4562784
20130614,16.88,16.92,16.63,16.84,4788576
20130617,16.91,17.01,16.77,16.82,4079232
20130618,16.66,17.2,16.66,17.01,3308256
20130619,17.01,17.16,16.22,16.56,5937120
20130620,16.31,16.71,16.02,16.31,8002080
20130621,16.15,16.98,16.11,16.83,7503264
20130624,16.72,16.78,16.37,16.37,6876576
20130625,16.58,16.58,16.3,16.39,3786336
20130626,16.58,16.89,16.5,16.73,3767040
20130627,16.76,17.5,16.76,17.39,6330240
20130628,17.23,17.75,17.21,17.73,7072128
20130701,17.7,17.98,17.51,17.94,4992480
20130702,17.83,18.02,17.28,17.45,7005888
20130703,17.23,17.89,17.22,17.64,7627104
20130704,17.89,17.89,17.61,17.67,3233376
20130705,17.58,17.73,17.39,17.67,4344768
20130708,17.76,17.82,17.48,17.58,4891680
20130710,17.64,17.7,17.5,17.62,6089184
20130711,17.62,17.88,17.49,17.82,5392800
20130712,17.78,17.96,17.58,17.66,3184416
20130715,17.64,17.94,17.63,17.94,1944000
20130716,17.94,18.05,17.75,18.05,2050560
20130717,18.05,18.05,17.32,17.52,8347680
20130718,17.48,17.67,17.42,17.57,3412800
20130719,17.42,17.63,17.35,17.58,1904832
20130722,17.59,17.88,17.59,17.75,4214880
20130723,17.81,17.86,17.38,17.55,2984832
20130724,17.55,17.63,17.39,17.5,3023136
20130725,17.35,17.63,17.33,17.58,4505472
20130726,17.5,17.78,17.4,17.62,2083104
20130729,17.52,17.63,17.26,17.32,2373120
20130730,17.35,17.64,17.32,17.62,4054176
20130731,17.54,17.88,17.51,17.81,3377664
20130801,17.82,18.02,17.75,17.81,3515904
20130802,17.89,17.97,17.69,17.83,2173248
20130805,17.86,17.9,17.7,17.8,2448000
20130806,17.8,17.8,17.31,17.58,4711968
20130807,17.44,17.53,17.26,17.35,4332960
20130808,17.27,17.78,17.27,17.74,4004928
20130809,17.64,17.94,17.56,17.81,4108032
20130812,17.94,17.99,17.65,17.74,4372128
20130813,17.84,17.9,17.68,17.85,5949216
20130814,17.83,18.01,17.73,17.92,6788448
20130815,17.65,17.92,17.51,17.77,7469856
20130816,17.76,18,17.66,17.89,3356352
20130819,17.86,17.9,17.59,17.69,4145760
20130820,17.6,17.87,17.5,17.73,5626656
20130821,17.65,18.22,17.62,17.9,7890912
20130822,18.05,18.36,17.97,17.97,7780608
20130823,17.98,18.46,17.97,18.46,7636896
20130826,18.46,18.68,18.37,18.63,6417504
20130827,18.48,18.64,18.39,18.48,6901632
20130828,18.42,18.46,17.91,18.19,7758720
20130829,18.19,18.57,18.19,18.31,4440384
20130830,18.37,18.52,18.22,18.5,14567616
20130902,18.84,18.91,18.46,18.54,3907584
20130903,18.38,18.74,18.21,18.27,5448960
20130904,18.27,18.3,18.13,18.16,4391712
20130905,18.21,18.33,17.35,17.96,7776576
20130906,18.08,18.29,17.97,18.07,5902272
20130909,18.22,18.3,18.1,18.24,8158176
20130910,18.25,18.37,18.05,18.15,5697792
20130911,18.21,18.32,17.89,18.11,4772448
20130912,18.02,18.2,17.89,18.06,3403008
20130913,18.06,18.18,17.95,18.13,2108736
20130916,18.4,18.77,18.25,18.67,9092448
20130917,18.59,18.8,18.56,18.8,3594528
20130918,18.71,18.94,18.71,18.91,9473472
20130919,18.96,19.15,18.7,18.94,3162816
20130920,18.87,18.89,18.33,18.41,6886944
20130923,18.43,18.91,18.43,18.79,4082400
20130924,18.86,18.9,18.39,18.46,5728320
20130925,18.45,18.63,18.14,18.59,2742048
20130926,18.59,19.04,18.45,18.96,4887648
20130927,18.92,19.7,18.83,19.62,9546048
20130930,19.43,19.61,19.31,19.34,5577984
20131001,19.72,19.75,19.27,19.72,3661056
20131002,19.64,19.84,19.53,19.84,2637504
20131003,19.75,20.01,19.69,20.01,3928032
20131004,20.01,20.27,19.9,20.25,4291776
20131007,20.25,20.71,20.15,20.59,5890752
20131008,20.59,20.59,20.01,20.25,6384096
20131009,20.24,20.45,20.01,20.33,4247136
20131010,20.49,20.49,20.01,20.27,4940352
20131011,20.28,20.98,20.25,20.9,7141824
20131014,20.91,21.32,20.76,21.17,3532896
20131015,21.17,21.29,21.14,21.26,11371104
20131016,21.28,21.77,21.19,21.35,9968256
20131017,21.18,21.54,21.18,21.44,5078880
20131018,21.46,21.68,21.24,21.25,10402848
20131021,21.24,21.4,21.1,21.24,4068288
20131022,21.24,21.3,20.95,21.04,5336928
20131023,21.06,21.3,21.04,21.25,4438944
20131024,21.24,21.44,20.82,21.06,2755296
20131025,21.17,21.56,21.07,21.49,3083904
20131028,21.47,21.59,21.23,21.35,3050496
20131029,21.35,21.62,21.14,21.53,3999744
20131030,21.54,21.62,21.38,21.48,3537216
20131031,21.48,22.06,21.45,21.95,5518944
20131101,22.27,22.27,21.68,21.88,4558464
20131104,21.94,22.24,21.8,22.17,3102912
20131105,21.95,22.04,21.48,21.54,6188256
20131106,21.5,21.6,20.98,21.27,5423904
20131107,21.15,22.14,21.15,21.7,5927040
20131108,21.63,21.76,21.15,21.28,3951360
20131111,21.31,21.35,21.07,21.25,2531232
20131112,21.25,21.33,20.94,20.94,5339808
20131113,20.94,21.25,20.87,21.06,4396608
20131114,21.28,21.73,21.26,21.59,5032224
20131118,21.56,21.8,21.55,21.69,3269664
20131119,21.62,21.79,21.34,21.45,3753504
20131121,21.25,21.59,21.16,21.46,3632832
20131122,21.35,21.83,21.16,21.59,2888640
20131125,21.71,21.73,21.43,21.43,6335424
20131126,21.43,21.66,21.26,21.64,3792384
20131127,21.63,21.84,21.45,21.59,3187872
20131128,21.63,21.83,21.51,21.7,1544544
20131129,21.8,21.88,21.62,21.86,2138400
20131202,21.62,21.93,21.58,21.76,2295936
20131203,21.63,21.83,21.15,21.44,3580704
20131204,21.43,21.59,21.14,21.24,3470976
20131205,21.28,21.56,21.19,21.35,2811168
20131206,21.48,21.48,21.08,21.14,8841888
20131209,21.06,21.42,20.89,21.33,4263840
20131210,21.21,21.33,20.87,20.87,3181536
20131211,20.89,20.99,20.62,20.65,5229504
20131212,20.77,21.28,20.59,20.88,7002432
20131213,20.99,21.32,20.89,21.04,3364128
20131216,21.06,21.45,20.71,20.74,9372384
20131217,20.81,21.3,20.81,21.19,3661056
20131218,21.26,21.58,21.11,21.11,5419584
20131219,21.36,21.39,20.88,21.11,2519712
20131220,21.2,21.34,20.99,21.26,3268512
20131223,21.3,21.55,21.3,21.46,2369952
20131226,21.58,21.68,21.04,21.11,2979072
20131227,21.18,21.21,20.98,21.06,2558880
20131230,21.06,21.39,21.04,21.19,4584672
20140102,21.19,21.35,21.04,21.34,3963744
20140103,21.36,21.74,21.36,21.46,6206976
20140106,21.46,21.68,21.33,21.63,6093504
20140107,21.62,22.05,21.53,21.88,9667872
20140108,22.03,22.21,21.91,21.91,11049696
20140109,21.94,21.99,21.67,21.75,5255424
20140110,21.81,21.98,21.3,21.86,6020928
20140113,21.86,21.95,21.67,21.74,3008736
20140114,21.65,21.71,21.46,21.53,8146080
20140115,21.62,21.68,21.48,21.49,4826304
20140116,21.5,21.66,21.39,21.46,3612384
20140117,21.49,21.53,21.35,21.35,2694528
20140120,21.35,21.52,21.24,21.32,1200096
20140121,21.36,21.42,20.91,21.01,3359808
20140122,21.04,21.52,21.04,21.3,4804416
20140123,21.34,21.49,20.82,20.82,4097952
20140124,20.82,21.04,20.23,20.57,5172768
20140127,20.66,20.84,20.2,20.33,4916160
20140128,20.66,20.72,20.37,20.37,5147712
20140129,20.49,20.74,20,20.44,6652800
20140130,20.51,20.72,20.28,20.48,4014432
20140131,20.32,20.88,20.2,20.73,5181984
20140203,20.73,20.98,20.37,20.48,9059040
20140204,20.5,20.6,20.32,20.44,7827840
20140205,20.34,20.56,20.05,20.17,4714848
20140206,20.23,20.82,20.05,20.68,3923712
20140207,20.68,21.18,20.44,21.07,6661728
20140210,21.07,21.07,20.66,20.9,4300128
20140211,20.99,21.3,20.82,21.2,6869664
20140212,21.26,21.47,21.07,21.17,6418080
20140213,21.1,21.12,20.75,21.03,3964032
20140214,21.1,21.26,20.88,20.97,2389536
20140217,20.94,21.22,20.69,20.88,1250784
20140218,20.9,21.36,20.88,21.07,5903424
20140219,20.97,21.26,20.59,21.02,5052096
20140220,20.89,21.04,20.73,20.82,3879936
20140221,20.83,21,20.74,20.85,2564352
20140224,20.83,21.16,20.82,20.99,2815200
20140225,20.88,20.96,20.56,20.7,3341376
20140226,20.67,20.92,20.58,20.69,4036896
20140227,20.84,20.86,20.53,20.86,3452256
20140228,20.93,21.09,20.4,20.49,6670368
20140305,20.53,21.04,20.49,20.9,3753216
20140306,20.91,21.17,20.85,21.17,3306816
20140307,21.07,21.17,20.9,21.17,6263424
20140310,21.04,21.61,21.04,21.61,7937856
20140311,21.62,22.1,21.61,22.1,4896864
20140312,21.92,22.23,21.79,21.9,5737248
20140313,21.99,21.99,21.58,21.77,3489984
20140314,21.78,21.82,21.62,21.64,2707488
20140317,21.85,21.94,21.7,21.94,3578976
20140318,21.87,22.7,21.87,22.7,4667904
20140319,22.65,23.06,22.46,22.93,3752640
20140320,22.79,23.26,22.62,23.09,3902976
20140321,23.01,23.39,23,23.1,6563808
20140324,23.1,23.42,23,23.17,3486816
20140325,23.3,23.64,23.21,23.46,4294944
20140326,23.5,23.62,22.95,23.21,4984704
20140327,23.18,23.5,23.17,23.39,6991200
20140328,23.49,23.63,23.23,23.47,5092992
20140331,23.63,23.83,23.48,23.77,5629536
20140401,23.83,24.06,23.44,23.93,6218208
20140402,23.92,24.41,23.73,24.16,6644160
20140403,24.43,24.43,23.91,24.23,7195680
20140404,24.46,24.71,23.31,23.5,7256016
20140407,23.73,24.1,23.36,24.03,5740992
20140408,24.39,24.49,23.49,23.8,4914432
20140409,23.73,24.39,23.47,24,5996304
20140410,23.92,24.23,23.7,24.16,3470976
20140411,23.99,24.38,23.97,24.2,2376720
20140414,24.37,24.39,23.88,24.2,1941120
20140415,24.03,24.33,23.56,24.04,6193440
20140416,24.15,24.71,23.82,24.69,5051088
20140417,24.72,25.04,24.56,25.04,3658176
20140422,24.85,25.64,24.85,25.64,4104000
20140423,25.69,25.71,25.28,25.64,5392080
20140424,25.64,25.75,25.19,25.54,3177504
20140425,25.37,25.54,25.26,25.26,3976560
20140428,25.17,25.47,24.95,25,3241008
20140429,25.15,25.39,24.87,25.39,3539520
20140430,25.4,25.97,25.24,25.97,4782816
20140502,26.03,26.28,25.67,25.67,6888384
20140505,26.1,26.35,25.5,26.02,6977520
20140506,25.96,26.3,25.83,26.17,4946400
20140507,26.54,26.96,25.38,25.58,11049264
20140508,25.65,25.87,25.4,25.6,3406176
20140509,25.6,25.85,25.31,25.84,2935872
20140512,26.03,26.03,25.52,25.72,2367360
20140513,25.71,25.73,25.39,25.54,3232512
20140514,25.58,25.58,25.41,25.49,2909520
20140515,25.37,25.61,25.1,25.1,3415248
20140516,25.21,25.84,25.18,25.71,3552192
20140519,25.89,25.89,25.39,25.72,2966544
20140520,25.58,25.77,24.88,25.21,4359600
20140521,25.18,25.77,25.16,25.67,2734128
20140522,25.77,26.1,25.63,25.91,2341440
20140523,25.93,26.79,25.84,26.55,3767760
20140526,26.54,26.74,26.43,26.48,875088
20140527,26.6,26.6,26.02,26.3,4003200
20140528,26.43,26.88,26.29,26.69,2408400
20140529,26.7,26.86,26.29,26.63,2353104
20140530,26.38,26.69,26.12,26.32,4911696
20140602,26.62,26.95,26.46,26.69,3250800
20140603,26.69,27.29,26.59,27.29,3632688
20140604,27.33,27.44,27.09,27.15,3873600
20140605,27.08,27.49,27.04,27.19,1996848
20140606,27.75,28.02,27.52,27.75,4072032
20140609,27.79,28.72,27.76,28.44,6468192
20140610,28.54,28.83,28.42,28.83,4837248
20140611,29.2,29.36,28.9,29.35,4298976
20140613,29.35,29.74,29.15,29.56,2920608
20140616,29.3,29.67,29.02,29.62,3998448
20140617,29.59,29.85,29.3,29.42,2598192
20140618,29.46,29.63,29.14,29.53,3955392
20140620,29.23,29.69,29.21,29.6,2809872
20140623,29.46,29.81,29.46,29.78,2605680
20140624,29.78,30.69,29.78,30.57,5780736
20140625,30.44,30.64,29.96,30.34,6926832
20140626,30.21,30.46,30.11,30.26,4853664
20140627,30.08,30.51,29.96,30.25,1394064
20140630,30.33,30.4,29.84,29.92,3394368
20140701,30.14,30.34,29.65,30.01,2233440
20140702,30.01,30.07,28.83,28.93,7679232
20140703,29.09,29.46,28.76,29.46,4411584
20140704,29.52,29.76,29.32,29.72,2055744
20140707,29.65,29.83,29.44,29.83,1532736
20140708,29.77,29.86,29.51,29.84,2261808
20140710,29.72,30.4,29.62,30.4,5105952
20140711,30.38,30.65,30.25,30.49,2657664
20140714,30.71,30.97,29.93,30.34,4538736
20140715,30.34,30.37,29.66,29.92,3355632
20140716,30.06,30.18,28.63,28.73,5989968
20140717,28.67,28.69,27.62,28.31,7532352
20140718,28.93,29.09,28.14,28.52,6969024
20140721,28.31,29.13,28.29,29.13,3804048
20140722,29.23,29.66,29.14,29.66,3252672
20140723,29.36,29.77,29.21,29.71,4224384
20140724,29.46,29.61,28.85,29.55,4224528
20140725,29.39,29.59,29.35,29.57,1702512
20140728,29.69,29.69,29.29,29.48,3551904
20140729,29.36,29.57,29.05,29.09,5313168
20140730,28.85,28.92,27.65,27.71,8314560
20140731,27.46,27.51,26.83,27.29,11638944
20140801,27.1,27.73,26.98,27.58,4603392
20140804,27.78,28.24,27.47,28.21,5377824
20140805,28.17,28.17,27.08,27.61,4540752
20140806,27.66,27.68,26.62,26.96,9303840
20140807,27.06,27.93,27.06,27.43,6333552
20140808,27.24,27.4,26.86,27.15,6762240
20140811,27.35,28,27.27,28,3784176
20140812,28,28.21,27.67,28.11,4769136
20140813,28.17,28.57,27.97,28.27,5850432
20140814,28.09,28.64,28,28.54,2816352
20140815,28.61,28.93,28.25,28.69,2650320
20140818,28.91,28.93,28.71,28.8,2519856
20140819,28.79,28.93,28.34,28.66,2702304
20140820,28.63,28.63,27.54,27.61,4714704
20140821,27.55,28,27.09,27.21,5148000
20140822,27.21,27.6,26.96,27.53,4970016
20140825,27.62,28.33,27.52,28.33,3318624
20140826,28.19,28.5,28,28.05,4095792
20140827,28.13,28.37,27.61,27.65,5482944
20140828,27.58,27.75,27.21,27.24,4716432
20140829,27.44,27.94,27.11,27.59,9134208
20140901,27.86,27.95,26.96,26.96,6000768
20140902,26.89,27.3,26.3,27.11,7002000
20140903,27.02,27.38,26.76,27.02,6230448
20140904,26.69,27.22,26.5,26.96,3031056
20140905,26.94,27.1,26.79,26.97,3882528
20140908,27.61,27.65,27.13,27.29,4331520
20140909,26.96,27.58,26.96,27.42,4339440
20140910,27.4,27.4,26.69,27.11,4397760
20140911,27.29,27.29,26.76,26.76,4485312
20140912,26.65,26.82,26.15,26.56,6338880
20140915,26.82,27.19,26.37,27.19,3520656
20140916,27.19,27.88,27.07,27.66,5446512
20140917,27.86,27.86,26.98,27.08,5853456
20140918,27.03,27.03,26.14,26.57,6196320
20140919,26.38,26.81,26.14,26.6,3247776
20140922,26.28,26.68,26.02,26.13,3616416
20140923,25.96,26.2,25.54,26.16,7987824
20140924,25.79,26.44,25.69,26.01,4753872
20140925,26.05,26.26,25.63,25.88,6287760
20140926,25.86,25.92,25.34,25.78,7812000
20140929,25.17,26.5,24.85,26.33,7232688
20140930,26.04,26.83,26.04,26.74,8199216
20141001,26.55,26.68,25.57,25.89,5519088
20141002,25.81,26.1,25.22,25.57,7367904
20141003,25.67,25.95,25.42,25.95,4480848
20141006,26.42,27.39,26.42,26.91,9907344
20141007,27.41,27.92,27.09,27.48,5986368
20141008,27.75,27.78,26.83,27.28,4967280
20141009,27.76,27.94,27.41,27.55,6268032
20141010,27.35,27.61,26.74,26.99,3858624
20141013,27.41,27.84,26.91,27.59,6531984
20141014,27.4,27.4,25.7,25.85,18872208
20141015,25.34,25.51,24.6,25.27,18861840
20141016,24.59,24.93,24.31,24.32,9946512
20141017,24.69,25.88,24.49,25.88,8758080
20141020,25.61,25.88,25.09,25.17,4370688
20141021,24.74,25.14,24.54,24.83,6745968
20141022,24.69,25.19,24.68,25.12,4140000
20141023,24.68,24.86,24.34,24.69,7164288
20141024,24.73,24.95,24.34,24.4,7395264
20141027,23.93,25.66,23.42,25.33,15701760
20141028,25.48,26.4,25.25,26.26,6447744
20141029,25.88,26.73,25.8,26.04,6662592
20141030,26.08,26.41,25.92,26.1,4221504
20141031,26.29,27.21,25.78,27.21,4603680
20141103,26.81,27.41,26.7,27.17,4081392
20141104,26.85,27.41,26.75,27.08,2936880
20141105,27.08,27.33,26.22,26.22,3910464
20141106,26.12,26.27,25.37,25.37,6791760
20141107,25.25,26.01,25.23,25.84,4920768
20141110,26.01,26.18,25.21,25.21,7700544
20141111,25.03,25.53,25.01,25.3,5533200
20141112,25.47,26.17,25.23,26.12,5294880
20141113,25.97,26.13,25.81,25.93,3125664
20141114,26,26.34,25.44,26.16,4165776
20141117,26.47,26.88,26.1,26.81,5527152
20141118,26.86,28.38,26.83,28.08,10384848
20141119,28.08,29.05,28.07,28.88,15861888
20141121,29.03,29.28,27.61,28.92,32741568
20141124,29.1,29.42,28.84,29.25,6635088
20141125,29.34,29.8,29.11,29.67,5165712
20141126,29.67,29.75,28.88,29.23,2673072
20141127,29.15,29.49,28.67,29.15,6151248
20141128,29.09,29.39,28.93,29.39,3818160
20141201,28.93,29.28,27.91,28.35,5032224
20141202,28.35,29.24,27.81,28.8,5367168
20141203,28.88,28.9,28.15,28.42,5120352
20141204,28.74,28.74,28.08,28.28,2953440
20141205,28.22,28.61,27.65,28.61,3543984
20141208,28.52,28.52,27.17,27.7,5645520
20141209,27.55,27.98,27.23,27.68,4809456
20141210,27.67,28.08,27.35,27.81,4252464
20141211,27.55,28.4,27.55,27.95,4281408
20141212,27.68,27.9,26.82,27.47,2976912
20141215,27.47,27.47,26.35,26.78,5609952
20141216,26.2,26.95,25.82,26.66,7522272
20141217,26.49,27.51,26.13,26.91,8176464
20141218,27,27.25,26.55,26.67,2783664
20141219,26.48,27.07,26.4,27.01,2896416
20141222,27,27,26.35,26.74,3080304
20141223,26.6,27.07,26.41,26.64,2852928
20141226,26.6,26.81,26.44,26.74,2300832
20141229,26.74,27.49,26.61,27.22,2104992
20141230,27.41,28,27.33,27.86,5433840
20150102,27.75,27.78,26.41,26.56,5870736
20150105,26.68,26.69,25.51,25.65,5976000
20150106,25.78,25.94,25.07,25.14,6177168
20150107,25.3,25.77,25.27,25.37,8309232
20150108,25.57,26.24,25.34,26.08,7139808
20150109,25.82,26.62,25.51,26.62,4248576
20150112,26.36,26.4,25.72,25.96,5570208
20150113,26.11,26.11,25.06,25.06,5494896
20150114,24.92,25.71,24.45,25.31,4200048
20150115,25.4,25.81,24.81,24.99,5069664
20150116,26.21,26.37,25.78,26.08,11842704
20150119,25.96,26.55,25.1,25.53,3314880
20150120,25.86,25.86,25.24,25.81,2240352
20150121,26.01,26.48,25.46,26.03,5194080
20150122,26.33,26.48,25.67,26.38,5164704
20150123,26.34,26.34,25.52,25.79,3829968
20150126,25.61,25.9,25.11,25.18,3458016
20150127,25.23,26.04,24.74,26.01,4811472
20150128,25.74,26.46,25.53,26.15,4400496
20150129,26.21,27.21,25.61,26.89,7490448
20150130,26.62,27.08,25.97,26.74,11705040
20150202,26.74,26.9,26.55,26.76,5077008
20150203,26.98,27.08,26.7,27.08,5219280
20150204,27.07,27.59,26.76,27.47,5230368
20150205,27.35,27.92,27.33,27.68,6340032
20150206,27.61,28.05,27.22,27.86,6658272
20150209,27.71,28.27,27.55,27.81,7042032
20150210,27.66,28.4,27.66,28.35,6254928
20150211,28.34,28.52,27.27,27.92,5366448
20150212,28.38,28.82,28.14,28.74,7090848
20150213,28.42,29.05,28.42,28.75,4156992
20150218,29.05,29.42,28.76,29.02,5888592
20150219,29.19,29.19,28.59,28.89,4916880
20150220,28.9,29.08,28.61,28.88,2192832
20150223,28.88,29.05,28.68,29.04,3969504
20150224,29,29.18,28.69,29.06,5356080
20150225,28.69,28.88,28.55,28.88,4259520
20150226,28.89,29.36,28.6,29.36,2534256
20150227,29.42,30.05,29.2,29.89,4898160
20150302,29.57,29.69,29.23,29.25,3432528
20150303,29.25,29.84,29.23,29.69,4012992
20150304,29.31,29.67,28.95,29.25,5912640
20150305,29.54,29.66,28.96,29.41,4381632
20150306,29.38,29.49,29.12,29.39,4418784
20150309,29.25,29.35,28.86,29.17,5138784
20150310,28.85,29.89,28.62,29.83,8990784
20150311,30.08,30.09,29.69,30.03,7919424
20150312,30.36,30.43,29.62,29.62,6082272
20150313,29.09,29.5,29.09,29.41,4590000
20150316,29.54,30.21,29.44,30.19,7527312
20150317,30.19,30.9,30.18,30.8,8254944
20150318,30.76,32.03,30.53,31.88,11638368
20150319,31.95,31.98,31.01,31.39,3824640
20150320,31.57,32.05,31.47,31.47,6397200
20150323,31.71,31.86,30.85,31.07,3858624
20150324,31.07,31.19,30.53,30.71,4664160
20150325,31.09,31.5,30.45,30.86,6587424
20150326,30.76,30.9,30.25,30.59,5757264
20150327,30.42,31.16,30.4,30.64,4763088
20150330,30.69,31.07,30.69,30.86,4458960
20150331,30.73,31.01,30.57,30.89,5475744
20150401,30.93,31.98,30.93,31.82,6710832
20150402,31.71,31.98,30.63,31.93,7538112
20150406,32.11,32.32,31.99,32.22,4079664
20150407,32.15,32.29,31.65,32.04,3034512
20150408,32.18,32.39,31.76,32.38,3268368
20150409,32.39,32.89,31.93,32.11,5604624
20150410,32.11,33.17,32.03,33.17,6928704
20150413,33.17,33.75,32.89,33.29,5782680
20150414,33.49,33.56,32.21,32.65,4428720
20150415,32.45,33.26,32.43,33.22,4597080
20150416,33.18,33.33,32.63,33.12,3102480
20150417,32.6,33.06,32.48,33,2682240
20150420,33,33.1,32.23,32.64,3624480
20150422,32.45,32.71,32.38,32.45,6691200
20150423,32.53,33.14,32.38,33.14,5787000
20150424,33.02,33.23,32.62,32.86,6890400
20150427,32.98,33.02,32.05,32.25,3585720
20150428,32.49,32.61,31.66,32.5,4873200
20150429,33.26,33.92,33.01,33.82,8937600
20150430,33.79,34.03,33.12,34.03,7409040
20150504,33.99,34.08,33.55,33.91,4937760
20150505,33.83,34.25,33.71,33.99,3740400
20150506,33.99,34.22,33.61,34.22,3801120
20150507,33.91,34.29,33.91,34.16,1934160
20150508,34.42,34.56,34.17,34.19,3078720
20150511,34.32,34.51,34.08,34.35,3678000
20150512,34.09,34.42,34.08,34.24,2325960
20150513,34.08,34.35,33.67,34.08,2065560
20150514,34.07,34.85,33.77,34.32,3524880
20150515,34.47,35.02,34.08,34.81,5212680
20150518,35.05,35.11,34.19,34.48,4303080
20150519,34.72,34.72,33.84,33.87,4089240
20150520,34.12,34.37,33.43,33.52,4360920
20150521,33.43,33.91,32.82,33.91,7527360
20150522,33.91,34.29,33.17,33.48,5493960
20150525,33.43,33.81,33.03,33.51,1831560
20150526,33.17,33.44,32.78,33.14,3222120
20150527,33.18,33.5,32.62,33.28,2794800
20150528,33.1,33.47,32.72,33.47,2491680
20150529,33.29,33.34,32.44,32.45,7188000
20150601,32.49,33.06,32.13,32.95,3240240
20150602,33.14,33.37,32.79,33.37,4175880
20150603,33.67,33.67,32.66,33.09,4018440
20150605,32.64,33.17,32.53,32.83,5341440
20150608,33.02,33.3,32.89,33.15,2276760
20150609,33.09,33.16,32.61,32.83,3204360
20150610,33.18,34.97,33.04,34.78,10499160
20150611,34.66,34.81,33.68,33.8,6153840
20150612,33.53,34,33.53,33.6,3154920
20150615,33.31,34.12,33.1,33.65,5372640
20150616,33.91,34.2,33.39,33.49,7481880
20150617,33.72,33.82,32.96,33.44,4322160
20150618,33.63,34.05,33.28,34.03,3379080
20150619,33.77,33.87,33.55,33.77,2274960
20150622,33.93,34.07,33.51,33.84,3257880
20150623,33.85,34.47,33.83,34.28,2732520
20150624,34.24,34.44,33.83,33.86,2577840
20150625,33.69,34.24,33.56,33.9,5226480
20150626,33.67,34.48,33.67,34.39,3356040
20150629,33.99,34.29,33.77,34.29,2044800
20150630,34.12,35.77,34.11,35.55,8057280
20150701,35.52,36.41,35.35,36.24,5423520
20150702,36.51,36.66,36.16,36.6,5194200
20150703,36.4,36.5,35.95,36.36,1466520
20150706,35.9,36.4,35.58,36.14,6370920
20150707,35.93,36.14,35.41,36.01,4110960
20150708,35.78,36.06,35.32,35.36,8227560
20150710,35.7,36.35,35.29,35.89,5557320
20150713,35.94,36.25,35.08,35.24,6634680
20150714,35.32,36.1,35.32,35.93,4102800
20150715,35.68,36.36,35.68,36.28,3175440
20150716,36.43,36.51,35.8,36.49,2085720
20150717,36.39,36.83,35.97,36.83,4700280
20150720,36.9,37.13,36.51,36.86,7015080
20150721,36.92,37.54,36.84,37.14,6206040
20150722,36.86,37.27,36.62,37.27,3097800
20150723,36.83,37.32,35.64,36.04,7104000
20150724,35.86,36.1,35.2,35.7,4513200
20150727,35.5,35.73,34.9,35.28,3765720
20150728,35.42,36,35,35.9,4719720
20150729,35.54,36.53,35.51,36.53,4698720
20150730,36.02,36.2,34.72,35.37,7745280
20150731,35.45,35.63,35.2,35.48,6816600
20150803,35.24,36.07,35.24,35.63,4511280
20150804,35.76,36.01,35.17,35.49,4076760
20150805,35.67,36,35.41,35.69,2127000
20150806,35.45,35.48,33.75,34.26,14842560
20150807,34.21,34.37,33.3,33.67,4469760
20150810,33.83,34.68,33.8,34.53,4596240
20150811,34.47,34.47,33.51,33.97,4037760
20150812,33.87,33.91,32.72,33.6,9785640
20150813,33.59,33.87,32.41,33.53,7035720
20150814,33.53,33.57,32.79,32.79,3744120
20150817,32.72,33.61,32.66,33.26,3630240
20150818,33.03,33.73,32.92,33.39,2699880
20150819,33.15,33.19,32.38,32.7,3443040
20150820,32.31,32.66,32.31,32.48,3005760
20150821,32.25,32.53,31.77,31.97,5538360
20150824,30.91,31.63,30.03,31.28,7469880
20150825,31.93,32.32,30.75,31.22,5410560
20150826,31.45,31.88,30.91,31.73,5153400
20150827,32.25,32.74,31.7,32.41,7434600
20150828,31.99,32.18,31.52,31.78,4000800
20150831,31.24,31.24,30.51,31.11,8079720
20150901,30.42,30.79,30.12,30.51,6599520
20150902,30.9,31.15,30.17,30.3,5855640
20150903,30.63,30.95,30.1,30.67,5368200
20150904,30.16,30.74,29.94,30.04,6031440
20150908,30.42,30.42,29.5,29.67,5844960
20150909,30.02,30.74,29.8,30.1,4939560
20150910,29.25,30.13,29.25,29.56,5832360
20150911,29.37,30.27,29.37,30.02,4866000
20150914,30.03,30.71,29.87,30.68,5155680
20150915,30.76,30.95,30.08,30.66,5411400
20150916,30.79,31.34,30.61,31.34,5597640
20150917,31.22,31.45,30.84,31.12,5375520
20150918,30.97,31.06,30.4,30.6,8291640
20150921,30.41,30.98,30.26,30.67,3414960
20150922,30.3,30.62,29.91,30.27,4278480
20150923,30.08,30.61,29.81,30.15,6592800
20150924,29.42,30.08,29.27,29.5,5626200
20150925,29.75,29.91,29.02,29.37,3923640
20150928,28.45,28.82,28.22,28.35,12406920
20150929,28.28,29.8,28.28,29.73,5870400
20150930,30.36,30.89,29.92,29.96,7848720
20151001,30.08,30.26,29.48,29.99,3208920
20151002,30.01,31.85,29.79,31.67,4457520
20151005,31.99,32.01,31.06,31.38,5043720
20151006,31.29,31.91,31.07,31.7,3557160
20151007,32.44,32.44,31.42,31.73,5319360
20151008,31.71,32.43,31.41,31.91,5566320
20151009,32.43,32.43,31.51,32.25,2546760
20151013,31.96,32.12,30.84,31.02,6750000
20151014,30.79,31.24,30.24,30.24,9421920
20151015,30.43,31.01,30.16,30.99,4957800
20151016,30.97,32,30.3,31.75,5841360
20151019,31.74,32.05,30.97,32.05,3998280
20151020,31.87,32.16,30.75,31.28,4514760
20151021,31.06,31.6,30.82,31.33,3396240
20151022,31.49,32.36,31.32,32.12,6437160
20151023,32.48,32.61,31.34,31.64,5295240
20151026,31.8,32.36,31.62,32.04,4068600
20151027,31.88,32.34,31.8,32.33,3097080
20151028,32.14,32.35,31.18,31.18,6555960
20151029,30.83,31.11,30.35,30.48,3318360
20151030,30.48,30.75,29.75,29.92,9408960
20151103,30.12,30.97,29.78,30.88,7664880
20151104,31.47,31.87,30.17,30.4,5799960
20151105,30.42,31.02,30.09,31.02,7467360
20151106,30.7,30.74,29.97,30.61,6259440
20151109,30.34,30.77,29.68,29.93,3572160
20151110,29.75,30.25,29.41,30.25,4805040
20151111,30.38,30.44,29.58,29.95,7545840
20151112,29.83,30.42,29.51,30.21,6813240
20151113,30.02,30.6,29.9,30.19,4182000
20151116,30.24,30.3,29.77,30.19,3429240
20151117,30.38,30.95,30.24,30.6,4533480
20151118,30.49,30.6,29.85,30.08,4554600
20151119,30.33,30.91,30.16,30.8,8214000
20151123,31.02,31.59,30.84,31.2,4647840
20151124,31.06,31.15,30.61,30.97,4098240
20151125,30.61,30.96,29.95,30.34,5771040
20151126,30.32,30.97,30.03,30.84,4101600
20151127,30.61,31.05,29.8,30.12,4061160
20151130,29.75,30.12,28.69,28.69,11167680
20151201,29,29,28.24,28.4,9061560
20151202,28.52,28.74,27.34,28.29,14034720
20151203,29.18,30.01,29.09,29.83,7471800
20151204,29.81,29.81,28.49,29.34,6340080
20151207,29.54,30.3,29.2,29.42,5188440
20151208,29.46,29.54,28.56,29.2,3811440
20151209,29.71,31.06,29.49,30.65,6407520
20151210,30.24,30.65,29.32,29.75,5314800
20151211,29.36,29.99,29.22,29.61,4057920
20151214,29.33,29.61,28.92,29.34,5362440
20151215,29.43,29.58,28.93,29.01,3086880
20151216,28.6,29.41,28.42,29.29,4189080
20151217,29.71,30.12,29.44,29.49,5430360
20151218,28.72,28.82,28.03,28.41,6293640
20151221,28.46,28.78,27.75,27.79,4218240
20151222,27.92,28.11,27.28,27.42,5637240
20151223,27.76,28.29,27.39,28.13,3153120
20151228,28.11,28.34,27.9,28.05,3593280
20151229,28.07,28.15,27.51,27.87,3918000
20151230,27.73,28,27.17,27.45,5861760
20160104,26.89,27.17,26.17,26.32,7265400
20160105,26.36,27.58,26.33,27.58,7384920
20160106,26.97,28.28,26.97,28.01,5587080
20160107,27.38,28.28,27.23,28.11,7659720
20160108,28.32,28.83,28.14,28.6,8244120
20160111,28.61,28.81,27.14,27.26,8276520
20160112,27.69,28.24,27.22,27.35,7422720
20160113,27.75,27.92,26.59,26.84,8100720
20160114,26.76,26.81,26.16,26.64,5315160
20160115,26.23,26.86,26.06,26.77,6683280
20160118,26.96,26.97,26.36,26.68,5000640
20160119,27.09,27.37,26.48,26.56,3181440
20160120,26.32,26.55,25.91,26.55,7878600
20160121,26.55,26.92,26.27,26.56,4806840
20160122,26.9,27.13,26.45,26.52,10828200
20160126,26.23,26.43,25.74,25.95,4707000
20160127,25.78,26.86,25.78,26.52,4378200
20160128,26.74,26.93,26.32,26.62,3249720
20160129,26.75,28.03,26.75,27.68,12279600
20160201,27.54,27.76,27.12,27.26,7333080
20160202,26.15,26.15,24.97,25.5,18992400
20160203,25.99,26.38,25.44,26.34,9847320
20160204,26.64,27.3,26.22,27.01,10432320
20160205,26.99,26.99,25.39,25.39,10429920
20160210,25.24,25.37,24.7,24.93,5573520
20160211,24.51,24.52,22.91,22.96,23128920
20160212,24.52,24.52,23.41,23.9,25476960
20160215,24.2,24.52,24.15,24.31,4051440
20160216,24.42,24.68,24.27,24.43,5705880
20160217,24.6,24.64,24.07,24.39,9291240
20160218,24.25,25.1,24.16,25.01,5775960
20160219,24.76,26.12,24.69,25.93,6942840
20160222,26.16,26.23,25.87,26.19,6046560
20160223,26.19,26.23,25.46,25.61,4522800
20160224,25.25,25.42,25,25.29,3475080
20160225,25.34,25.34,24.84,25.13,5848200
20160226,25.38,25.41,24.91,24.91,4633800
20160229,25.33,25.65,25.02,25.34,10782720
20160301,25.46,26.61,25.46,26.32,6835920
20160302,26.4,27.17,26.27,27.03,7544280
20160303,27.26,28.69,27.02,28.26,10414080
20160304,29.38,30.47,28.39,29.05,10673400
20160307,29.34,29.34,28.29,28.6,7034760
20160308,28.6,29.4,28.5,29.01,9091680
20160309,29.41,29.41,28.25,28.53,8826480
20160310,29.09,29.78,27.66,29.15,8049600
20160311,28.6,28.85,27.18,27.6,14295120
20160314,27.92,27.97,27.04,27.4,6733680
20160315,26.85,27.66,26.57,27.36,5274600
20160316,27.17,27.62,26.66,27.62,4942920
20160317,28.68,29.54,28.02,28.92,10368600
20160318,29.13,29.52,28.19,29.06,5427120
20160321,29.2,29.23,28.78,28.92,4622040
20160322,29.05,29.71,28.79,29,7497360
20160323,28.69,29.07,27.89,28.24,6173160
20160324,27.89,28.19,27.39,27.6,7270200
20160328,28.02,28.84,27.69,28.77,6050520
20160329,28.8,29.42,28.44,29.3,6051600
20160330,29.52,29.85,28.9,29.56,6811560
20160331,29.24,29.28,28.46,28.82,8505840
20160401,28.47,29.84,28.47,29.84,5875440
20160404,29.65,29.66,28.93,29.57,7002240
20160405,29.28,30.23,29.05,29.96,5275560
20160406,29.82,29.89,29.34,29.43,3754920
20160407,29.91,30.05,29.55,29.81,2819880
20160408,30.32,31.44,30.28,31.39,7717080
20160411,32.14,32.52,30.59,30.65,4187500
20160412,31.07,32.12,30.34,31.44,5189700
20160413,32.4,33.3,32.1,33.06,8090300
20160414,33.32,33.49,32.47,32.96,5580900
20160415,33.13,33.46,32.49,32.58,6465000
20160418,32.49,32.85,32.08,32.53,3884200
20160419,32.53,33,32.4,32.63,2525700
20160420,32.59,32.68,31.7,32.06,4005100
20160422,31.64,32.63,31.64,32.48,3395400
20160425,32.46,32.51,31.37,31.44,3992400
20160426,31.61,32.39,31.34,32.39,4215900
20160427,32.76,33.76,32.27,33.32,8060700
20160428,33.27,33.82,33.14,33.67,4975900
20160429,33.66,33.82,32.77,33.13,4672500
20160502,33.19,33.51,32.77,33.2,2413000
20160503,33.89,34.98,33.88,34.54,8263300
20160504,34.51,34.51,33.74,34.33,2935000
20160505,34.43,34.75,33.67,34.36,2070400
20160506,34.17,34.4,33.56,33.79,2808300
20160509,33.62,34.2,32.42,33.42,5193900
20160510,33.73,34.1,33.48,34.1,3494600
20160511,34.71,34.72,34.13,34.22,5131900
20160512,34.52,35.35,34.2,35.16,4354400
20160513,34.96,35.1,33.78,34.23,5120000
20160516,33.97,34.8,33.78,34.46,2072500
20160517,34.46,34.9,33.24,33.31,3242700
20160518,32.92,32.99,31.72,32.3,8392500
20160519,31.74,32.63,30.66,32.09,9371600
20160520,32.52,32.52,31.14,31.14,4408600
20160523,30.74,31.4,30.65,31.05,3789500
20160524,31.01,32.01,31,31.21,4621000
20160525,31.51,31.83,31.08,31.41,3207500
20160527,31.25,31.54,30.86,31.3,2867700
20160530,31.15,31.39,30.5,30.95,2576900
20160531,30.79,31.43,30.79,31.39,6390000
20160601,31.35,31.73,30.78,31.64,5360100
20160602,31.47,32.04,31.15,31.89,4332600
20160603,32.04,32.51,31.95,32.38,3744500
20160606,32.52,32.83,32.2,32.45,3403800
20160607,32.04,32.72,32.04,32.63,2532500
20160608,32.82,33.41,32.4,33.2,5278200
20160609,33.12,33.17,32.19,32.73,4373800
20160610,32.44,32.61,32.03,32.17,4385100
20160613,31.79,32.46,31.67,32.01,3573300
20160614,31.88,32.11,31.44,31.95,6693600
20160615,31.87,32.81,31.66,32.38,8449700
20160616,32.14,33.25,32,32.98,6397500
20160617,33.02,33.44,32.35,32.79,6697800
20160620,33,33.6,32.8,32.94,4255000
20160621,32.88,33.9,32.88,33.9,3546300
20160622,33.62,33.85,32.77,32.87,3958500
20160623,32.98,33.62,32.91,33.35,2832900
20160624,32.88,33.12,32.36,33.12,4342500
20160627,33.13,33.27,32.27,32.71,2079100
20160628,33.07,33.52,32.5,32.73,2841800
20160629,33.11,33.59,32.94,33.47,3721600
20160630,33.15,33.76,32.73,33.48,4625400
20160701,33.72,33.8,33.27,33.53,3169200
20160704,33.6,33.87,33.24,33.42,2753600
20160705,33.37,33.62,32.9,33.55,2596100
20160706,33.42,33.47,32.88,33.32,2059600
20160707,33.62,34.7,33.62,34.15,7225100
20160708,34.51,35.19,34.42,34.61,3873400
20160711,34.91,35.43,34.76,35.25,3789300
20160712,35.49,35.59,34.8,35.2,2772300
20160713,35.14,35.19,34.32,34.79,3699300
20160714,35.32,35.4,34.65,34.96,3117500
20160715,34.98,35.55,34.49,35.44,4433600
20160718,35.56,35.59,34.97,35.37,4427300
20160719,35.39,36.44,35.3,36.34,9863000
20160720,36.59,36.64,35.8,36.09,4109600
20160721,36.29,36.29,35.4,35.75,4037000
20160722,35.67,36.24,35.55,36.02,3002300
20160725,36.23,36.23,35.45,35.89,2717700
20160726,36.03,36.17,35.53,35.69,2700900
20160727,35.84,35.86,34.96,35.45,2217800
20160728,35.54,35.77,34.99,35.77,3547600
20160729,35.66,36.64,35.53,36.34,3896600
20160801,36.59,37.36,36.44,36.91,3824400
20160802,36.95,36.95,34.61,34.83,6565400
20160803,34.85,35.18,34.36,34.76,4179100
20160804,34.94,35.91,34.65,35.23,4245400
20160805,35.51,35.76,34.77,35.39,4963300
20160808,35.1,35.37,34.76,34.81,2470400
20160809,35.09,35.21,34.72,34.81,3484300
20160810,34.89,35.12,33.97,34.61,3508900
20160811,34.61,35.54,34.32,35.28,3520600
20160812,35.37,35.48,34.47,34.76,3917100
20160815,34.72,34.99,34.41,34.73,2481100
20160816,34.55,34.71,34.02,34.38,3686300
20160817,34.13,34.7,33.46,34.7,5536600
20160818,34.42,34.78,34.13,34.36,3180300
20160819,34.21,34.36,33.36,33.54,4611100
20160822,33.47,34,33.12,33.54,4218100
20160823,33.63,33.92,33.43,33.52,2470500
20160824,33.1,33.99,33.03,33.71,2136500
20160825,33.92,33.92,33.33,33.47,2632300
20160826,33.43,33.43,32.19,32.63,8870800
20160829,32.82,33.51,32.58,33.15,3319500
20160830,33.39,33.5,32.83,33.15,3930100
20160831,33.35,33.35,32.65,33.21,4114200
20160901,33.35,33.5,32.47,32.65,7161800
20160902,32.88,33.03,32.02,32.73,6814400
20160905,33,33.03,32.32,32.38,2206600
20160906,32.62,32.71,32.29,32.63,4346700
20160908,32.43,32.72,32.31,32.54,7283500
20160909,32.32,32.36,31.75,31.89,5575900
20160912,31.73,32.37,31.65,32.27,6667600
20160913,31.88,32.03,31.07,31.59,5615800
20160914,31.44,32.46,31.27,32.24,3941000
20160915,32.24,32.63,31.79,32.56,4863500
20160916,32.53,32.84,32.26,32.69,8468400
20160919,33.08,33.2,32.55,32.89,3753100
20160920,32.94,33.33,32.59,33.31,2576300
20160921,33.34,33.38,32.05,32.51,5567000
20160922,32.85,32.89,32.34,32.49,2331700
20160923,32.74,32.74,32.14,32.24,2517700
20160926,32.19,32.19,31.56,31.89,2407300
20160927,32.18,32.28,31.63,32.04,2384300
20160928,32.04,32.86,31.71,32.5,3066000
20160929,32.65,33.05,32.11,32.29,3177100
20160930,32.6,33.13,32.38,32.4,3821000
20161003,32.37,33.49,32.37,33.39,2926400
20161004,33.37,33.39,32.86,33.36,3703200
20161005,33.41,33.71,32.91,33.09,4025600
20161006,33.09,33.22,32.44,32.69,4414700
20161007,32.91,33.03,32.51,32.94,3620300
20161010,33.04,33.61,32.87,33.61,2040100
20161011,33.53,33.6,32.77,32.93,5504800
20161013,32.74,33.57,32.71,33.05,6174900
20161014,31.89,32.82,31.56,31.89,25717000
20161017,32.28,32.28,31.7,31.8,5694700
20161018,31.98,32.79,31.6,32.62,5643100
20161019,32.7,33.11,32.29,32.57,3141900
20161020,32.43,32.89,32.06,32.89,5019800
20161021,32.89,33.04,32.35,32.84,2514200
20161024,33.11,33.11,32.54,32.74,3728000
20161025,32.77,32.77,32.19,32.69,1767700
20161026,32.53,32.59,32.14,32.47,3178500
20161027,32.58,32.89,32.35,32.59,2628700
20161028,32.46,32.64,31.79,32.42,3685600
20161031,32.56,32.56,31.9,32.29,3370600
20161101,32.48,32.69,32.14,32.37,4162400
20161103,32.01,32.98,31.87,32.15,5395000
20161104,32.02,32.35,31.65,31.84,2914700
20161107,32.21,32.37,31.91,32.27,2797500
20161108,32.24,32.6,31.87,32.6,2195300
20161109,31.69,32.35,31.3,31.57,4155700
20161110,31.64,31.78,30.06,30.33,8410500
20161111,29.9,30.3,29.33,29.73,10193900
20161114,29.53,30.07,29.17,29.71,5900900
20161116,29.9,30.39,29.4,30.04,4127400
20161117,30.48,30.48,29.24,29.56,3744000
20161118,29.3,29.56,28.87,29.02,4638700
20161121,29.12,29.26,28.59,28.7,5953700
20161122,29.18,29.97,28.78,29.9,4706800
20161123,29.9,30.29,29.61,30.25,5611500
20161124,30.26,30.64,29.75,29.89,2791500
20161125,29.41,30.29,29.31,29.8,3210400
20161128,29.81,30.6,29.44,29.99,5441700
20161129,29.55,30.34,29.47,29.63,5419900
20161130,29.91,30.16,29.5,29.62,5414200
20161201,29.61,29.86,28.62,28.8,9674700
20161202,28.63,29,28.3,28.5,7959200
20161205,28.35,28.74,27.96,28.36,4685400
20161206,28.2,28.77,27.86,28.24,4157600
20161207,28.38,29.49,28.34,29.14,5908500
20161208,29.5,29.58,28.18,28.37,3315500
20161209,28.75,28.79,27.84,27.87,4702700
20161212,27.87,27.87,26.77,26.86,8263300
20161213,26.71,27.59,26.45,26.58,6191800
20161214,26.58,26.66,25.78,25.94,8805300
20161215,25.72,26.29,24.4,24.4,6847600
20161216,24.72,26.43,24.69,26.4,17579500
20161219,26.4,26.68,25.67,25.81,5740900
20161220,26.15,27.15,25.92,27.09,12719200
20161221,27.11,28.23,26.87,28,9703800
20161222,27.58,28.37,27.58,28.1,8584100
20161223,28.12,28.48,27.66,27.85,12420400
20161226,27.9,28.08,27.86,27.9,2138800
20161227,27.9,28.03,27.13,27.3,4760900
20161228,27.27,27.59,26.17,27.46,6932100
20161229,27.46,28.11,27.33,27.79,5241600
20170102,27.75,27.84,27.07,27.15,1859300
20170103,27.44,28.29,27.38,27.91,4158200
20170104,27.83,28.02,27.52,27.61,3010500
