<DTYYYYMMDD>,<OPEN>,<HIGH>,<LOW>,<CLOSE>,<VOL>
20100601,6.25,6.29,6.15,6.15,6642359
20100602,6.14,6.17,5.96,5.99,5968494
20100604,5.99,6.11,5.92,6.02,4130629
20100607,6.03,6.19,6,6.15,3793604
20100608,6.13,6.2,6.06,6.15,2576294
20100609,6.14,6.19,6.05,6.05,2272473
20100610,6.09,6.18,6.09,6.18,2006284
20100611,6.17,6.21,6.07,6.19,2336115
20100614,6.21,6.22,6.16,6.16,2511360
20100615,6.18,6.29,6.18,6.29,3489415
20100616,6.27,6.34,6.2,6.3,3250528
20100617,6.29,6.35,6.28,6.3,3446618
20100618,6.31,6.36,6.29,6.36,2181530
20100621,6.35,6.4,6.34,6.37,2570759
20100622,6.33,6.49,6.31,6.41,2514496
20100623,6.42,6.47,6.37,6.43,2110325
20100624,6.41,6.46,6.36,6.42,2320620
20100625,6.41,6.53,6.38,6.48,1627201
20100628,6.53,6.57,6.49,6.54,991705
20100629,6.5,6.5,6.38,6.48,3462483
20100630,6.46,6.54,6.32,6.48,2766666
20100701,6.4,6.54,6.34,6.48,1508587
20100702,6.48,6.52,6.42,6.48,1485897
20100705,6.42,6.62,6.37,6.58,1826612
20100706,6.65,6.66,6.53,6.65,2817948
20100707,6.63,6.66,6.52,6.55,2662625
20100708,6.58,6.58,6.34,6.39,2438311
20100712,6.36,6.48,6.3,6.41,2210676
20100713,6.65,6.65,6.37,6.45,2750063
20100714,6.4,6.43,6.24,6.29,3100554
20100715,6.26,6.31,6.23,6.26,1980090
20100716,6.26,6.29,6.2,6.2,1922351
20100719,6.21,6.26,6.17,6.2,1823660
20100720,6.21,6.22,6.15,6.21,3476687
20100721,6.21,6.25,6.17,6.17,1864428
20100722,6.23,6.38,6.22,6.34,3800799
20100723,6.35,6.36,6.11,6.36,3316014
20100726,6.33,6.41,6.26,6.41,1934526
20100727,6.42,6.49,6.37,6.45,2618906
20100728,6.46,6.5,6.4,6.49,3047058
20100729,6.49,6.55,6.46,6.54,1862583
20100730,6.44,6.58,6.44,6.51,2181714
20100802,6.56,6.59,6.48,6.52,2025838
20100803,6.51,6.54,6.48,6.48,1927147
20100804,6.48,6.55,6.47,6.48,1983226
20100805,6.53,6.54,6.44,6.5,1993556
20100806,6.45,6.53,6.42,6.51,1671289
20100809,6.55,6.55,6.44,6.5,975287
20100810,6.44,6.5,6.39,6.47,2028790
20100811,6.38,6.42,6.35,6.41,1392740
20100812,6.37,6.44,6.32,6.35,933044
20100813,6.38,6.38,6.24,6.25,1939876
20100816,6.25,6.31,6.19,6.31,2264172
20100817,6.36,6.39,6.28,6.28,2413776
20100818,6.31,6.31,6.24,6.31,3075098
20100819,6.32,6.32,6.21,6.27,1916817
20100820,6.26,6.46,6.22,6.46,2396252
20100823,6.44,6.44,6.34,6.37,1454353
20100824,6.29,6.55,6.29,6.55,9929781
20100825,6.5,6.63,6.39,6.62,5632207
20100826,6.62,6.81,6.54,6.77,10004122
20100827,6.79,7.05,6.78,7.02,8341688
20100830,7.11,7.12,6.97,7.09,3989695
20100831,7.06,7.1,6.79,6.93,5293522
20100901,6.93,7.18,6.93,7.11,3767225
20100902,7.08,7.08,6.79,6.88,3674991
20100903,6.98,7.06,6.81,6.92,1966808
20100906,6.87,6.99,6.81,6.89,643058
20100908,6.81,6.87,6.58,6.6,5387970
20100909,6.64,6.68,6.55,6.68,3161245
20100910,6.76,6.81,6.73,6.75,2463214
20100913,6.77,6.84,6.71,6.77,2097228
20100914,6.73,6.9,6.72,6.8,4110522
20100915,6.8,6.97,6.76,6.97,2716674
20100916,6.96,6.96,6.87,6.95,1712241
20100917,6.92,6.93,6.77,6.8,1700066
20100920,6.81,6.87,6.74,6.81,1697668
20100921,6.77,6.86,6.65,6.68,2110325
20100922,6.69,6.85,6.68,6.78,2548254
20100923,6.85,6.85,6.72,6.76,3169546
20100924,6.78,6.78,6.45,6.51,5062382
20100927,6.55,6.62,6.52,6.56,2910551
20100928,6.54,6.66,6.49,6.63,2963678
20100929,6.63,6.71,6.59,6.65,3515056
20100930,6.71,6.81,6.62,6.8,3640126
20101001,6.81,6.83,6.71,6.83,2552682
20101004,6.83,6.96,6.82,6.96,2784006
20101005,6.98,7.1,6.98,7.03,3028427
20101006,7.07,7.07,6.85,6.96,2779763
20101007,6.97,6.98,6.81,6.97,2897454
20101008,6.93,7.02,6.86,6.96,2541060
20101011,6.97,7.09,6.9,7.01,3740846
20101013,7.06,7.11,6.95,7.08,5838259
20101014,7.06,7.15,6.96,7.05,4102775
20101015,7.12,7.28,7.01,7.24,4940079
20101018,7.25,7.41,7.22,7.39,3859644
20101019,7.34,7.41,7.18,7.33,6091535
20101020,7.3,7.37,7.24,7.3,4130998
20101021,7.34,7.34,7.12,7.19,1879001
20101022,7.21,7.29,7.09,7.11,2896901
20101025,7.13,7.34,7.08,7.18,4687172
20101026,7.12,7.3,7.12,7.2,1262321
20101027,7.21,7.34,7.18,7.22,1448266
20101028,7.34,7.46,7.21,7.44,1965517
20101029,7.48,7.48,7.36,7.41,1594734
20101101,7.3,7.51,7.3,7.44,1720173
20101103,7.43,7.5,7.34,7.36,1831223
20101104,7.45,7.55,7.38,7.45,2242774
20101105,7.45,7.5,7.27,7.28,3034330
20101108,7.26,7.42,7.23,7.31,1848010
20101109,7.35,7.4,7.25,7.35,2195734
20101110,7.37,7.52,7.33,7.41,2590129
20101111,7.41,7.41,7.13,7.13,2300512
20101112,7.15,7.19,7.09,7.14,2031003
20101116,7.07,7.17,6.97,7.03,2230045
20101117,6.99,7.11,6.98,7.1,1471509
20101118,7.15,7.17,7.01,7.09,2584041
20101119,7.08,7.35,7.03,7.28,2749879
20101122,7.21,7.33,7,7.08,2164005
20101123,7,7.13,6.94,7.02,2219899
20101124,7.05,7.35,7.02,7.34,1765737
20101125,7.3,7.36,7.19,7.33,703195
20101126,7.33,7.33,7.08,7.08,1537918
20101129,7.06,7.14,6.97,7.06,1624802
20101130,7.04,7.24,7,7.06,3173604
20101201,7.2,7.24,7.07,7.08,3102584
20101202,7.17,7.17,7.04,7.11,3578698
20101203,7.15,7.4,7.07,7.33,1978245
20101206,7.33,7.41,7.18,7.19,2041518
20101207,7.3,7.38,7.14,7.16,2191860
20101208,7.15,7.28,7.03,7.06,2437942
20101209,7.05,7.18,6.88,6.89,2920328
20101210,6.96,6.97,6.83,6.86,2851521
20101213,6.9,7.03,6.81,6.98,2303833
20101214,6.95,7.06,6.92,7.02,1477781
20101215,6.99,7.09,6.94,7.03,2608576
20101216,7.16,7.25,7.07,7.21,3777187
20101217,7.25,7.29,7.08,7.25,3187439
20101220,7.26,7.31,7.07,7.15,2447719
20101221,7.13,7.26,7.05,7.22,2419310
20101222,7.18,7.25,7,7.03,4287244
20101223,7,7.08,6.92,6.95,1751533
20101227,6.92,6.99,6.85,6.86,1496596
20101228,6.85,7.06,6.85,7.04,1122309
20101229,7.04,7.05,6.97,7.01,1729765
20101230,7.05,7.08,6.93,6.93,2207171
20110103,7.07,7.12,7.01,7.12,1875680
20110104,7.11,7.17,7.04,7.13,2728296
20110105,7.13,7.19,7.06,7.19,2497710
20110106,7.21,7.22,7.11,7.14,2453068
20110107,7.18,7.32,7.13,7.32,1952604
20110110,7.27,7.34,7.15,7.18,3625738
20110111,7.23,7.29,7.16,7.29,1905011
20110112,7.26,7.49,7.25,7.49,2327260
20110113,7.48,7.65,7.47,7.61,3478347
20110114,7.6,7.7,7.6,7.69,3217139
20110117,7.65,7.73,7.54,7.73,1669628
20110118,7.74,7.74,7.52,7.52,1847641
20110119,7.52,7.59,7.39,7.48,1251806
20110120,7.44,7.51,7.25,7.29,2328552
20110121,7.3,7.33,7.11,7.13,3429094
20110124,7.18,7.24,7.13,7.16,2108849
20110126,7.2,7.34,7.13,7.21,2656722
20110127,7.21,7.31,7.16,7.18,2239453
20110128,7.21,7.21,7.01,7.05,2325785
20110131,7.1,7.18,7.01,7.11,2743238
20110201,7.13,7.16,7.03,7.05,2119548
20110202,7.05,7.15,7,7,2531283
20110203,7.01,7.04,6.95,7,1179310
20110204,6.99,7.06,6.81,6.81,2282434
20110207,6.92,6.99,6.82,6.95,924005
20110208,6.93,6.96,6.83,6.86,2668897
20110209,6.83,6.89,6.79,6.79,2080994
20110210,6.84,6.87,6.79,6.79,1670182
20110211,6.82,6.87,6.69,6.77,2806326
20110214,6.73,6.79,6.7,6.75,1850777
20110215,6.76,6.85,6.73,6.78,1793038
20110216,6.83,7,6.81,7,3112914
20110217,7,7.05,6.94,6.98,1842476
20110218,6.99,7.07,6.94,7.07,2206249
20110221,7.05,7.2,7.02,7.17,2035799
20110222,7.09,7.15,7.02,7.15,2979727
20110223,7.11,7.17,6.98,7,2762423
20110224,7,7.02,6.95,6.95,2160869
20110225,6.99,7.07,6.89,6.98,2640304
20110228,6.94,7.18,6.94,7.17,3579252
20110301,7.2,7.28,7.13,7.13,2832152
20110302,7.16,7.28,7.13,7.26,2219346
20110303,7.27,7.4,7.21,7.4,2081363
20110304,7.39,7.49,7.3,7.49,1641220
20110309,7.49,7.58,7.44,7.52,1825320
20110310,7.52,7.62,7.47,7.53,3884179
20110311,7.55,7.71,7.48,7.69,3080632
20110314,7.63,7.73,7.53,7.73,2185219
20110315,7.5,7.66,7.5,7.61,3214741
20110316,7.6,7.7,7.33,7.41,2681441
20110317,7.41,7.54,7.39,7.52,1962750
20110318,7.56,7.65,7.43,7.45,2932688
20110321,7.56,7.61,7.46,7.52,1748397
20110322,7.48,7.64,7.43,7.62,1992080
20110323,7.56,7.67,7.51,7.65,2091878
20110324,7.68,7.75,7.58,7.75,2381310
20110325,7.74,7.86,7.65,7.78,2633479
20110328,7.77,7.84,7.7,7.8,1988022
20110329,7.79,8.08,7.77,7.97,4120852
20110330,7.94,8.04,7.89,8.01,3000203
20110331,8.04,8.09,7.91,8.09,3242780
20110401,8.02,8.39,8.02,8.39,3310111
20110404,8.4,8.55,8.29,8.3,3583863
20110405,8.28,8.57,8.28,8.49,2569468
20110406,8.48,8.5,8.37,8.38,2076936
20110407,8.36,8.39,8.29,8.32,2564119
20110408,8.34,8.36,8.1,8.19,2197210
20110411,8.26,8.26,8.04,8.05,2482952
20110412,8.07,8.12,7.97,8,2305493
20110413,8.03,8.14,8,8.05,4477800
20110414,8.09,8.15,8.01,8.01,2671295
20110415,8.01,8.11,7.94,7.94,3509153
20110418,7.94,8.1,7.88,8.05,3200721
20110419,8.09,8.25,8.04,8.17,2428903
20110420,8.28,8.28,7.96,8.09,3018466
20110425,8.06,8.16,8,8.14,1150902
20110426,8.14,8.23,8.07,8.1,2691033
20110427,8.09,8.21,8.05,8.19,2673324
20110428,8.18,8.22,8.08,8.22,2510069
20110429,8.25,8.44,8.13,8.35,4369148
20110502,8.42,8.5,8.16,8.2,4045405
20110503,8.2,8.25,8.11,8.19,2194443
20110504,8.2,8.35,8.2,8.32,2840084
20110505,8.27,8.47,8.27,8.41,2590129
20110506,8.5,8.58,8.39,8.53,2572973
20110509,8.54,8.66,8.42,8.64,1603404
20110510,8.66,8.75,8.5,8.53,1333895
20110511,8.54,8.54,8.41,8.5,1615763
20110512,8.5,8.67,8.43,8.58,1609307
20110513,8.61,8.69,8.41,8.41,2472438
20110516,8.46,8.6,8.33,8.48,2608760
20110517,8.48,8.62,8.41,8.47,2584410
20110518,8.5,8.52,8.33,8.4,1712056
20110519,8.45,8.53,8.3,8.46,2057751
20110520,8.54,8.61,8.47,8.61,2243143
20110523,8.55,8.6,8.45,8.46,1473722
20110524,8.47,8.56,8.47,8.52,1742494
20110525,8.5,8.53,8.41,8.42,1491616
20110526,8.44,8.47,8.3,8.31,2157918
20110527,8.29,8.39,8.21,8.3,2061810
20110530,8.27,8.31,8.19,8.2,644903
20110531,8.2,8.28,8.06,8.12,2915163
20110601,8.13,8.19,7.97,8.01,3017728
20110602,8.05,8.16,7.98,8.13,3102215
20110603,8.15,8.48,8.15,8.47,4444411
20110606,8.48,8.5,8.32,8.42,2951504
20110607,8.46,8.47,8.35,8.38,1964410
20110608,8.32,8.44,8.27,8.33,1514121
20110609,8.32,8.41,8.22,8.23,1584957
20110610,8.23,8.26,8.13,8.21,2359542
20110613,8.29,8.34,8.19,8.22,2215103
20110614,8.3,8.3,8.15,8.28,1601559
20110615,8.22,8.31,8.18,8.25,2275978
20110616,8.28,8.34,8.19,8.28,2533312
20110617,8.28,8.33,8.23,8.23,1886379
20110620,8.24,8.49,8.2,8.47,3270635
20110621,8.5,8.58,8.42,8.54,3559144
20110622,8.51,8.61,8.46,8.46,2663547
20110624,8.55,8.63,8.46,8.6,2481292
20110627,8.64,8.64,8.5,8.55,1765368
20110628,8.59,8.68,8.5,8.68,2263434
20110629,8.7,8.71,8.56,8.71,3533503
20110630,8.71,8.72,8.63,8.69,2786773
20110701,8.65,8.8,8.64,8.66,2299775
20110704,8.74,8.77,8.6,8.68,737322
20110705,8.67,8.8,8.56,8.56,2489593
20110706,8.6,8.68,8.51,8.61,1846350
20110707,8.68,8.68,8.45,8.47,3422637
20110708,8.52,8.52,8.38,8.45,3153313
20110711,8.46,8.51,8.33,8.36,1831223
20110712,8.36,8.48,8.3,8.47,2371533
20110713,8.5,8.56,8.4,8.54,2241298
20110714,8.56,8.56,8.43,8.55,2276900
20110715,8.58,8.71,8.55,8.61,2675169
20110718,8.6,8.69,8.47,8.47,1487558
20110719,8.55,8.57,8.42,8.42,2361387
20110720,8.43,8.53,8.36,8.36,2548992
20110721,8.44,8.52,8.39,8.46,1992818
20110722,8.47,8.51,8.4,8.41,1416537
20110725,8.43,8.5,8.34,8.42,1999275
20110726,8.42,8.45,8.25,8.27,1696192
20110727,8.24,8.31,8.11,8.12,2937115
20110728,8.12,8.28,8.05,8.23,4591617
20110729,8.12,8.24,8.03,8.13,2562827
20110801,8.16,8.27,8.08,8.17,1868117
20110802,8.13,8.22,7.98,7.98,2330950
20110803,7.95,7.99,7.76,7.83,2991902
20110804,7.68,7.79,7.56,7.79,5677955
20110805,7.79,7.98,7.65,7.84,4236699
20110808,7.79,7.79,7.25,7.31,3593087
20110809,7.29,7.62,7.29,7.57,4801174
20110810,7.4,7.65,7.35,7.54,4137824
20110811,7.54,7.71,7.44,7.6,3260120
20110812,7.58,7.65,7.43,7.43,3002048
20110815,7.52,7.55,7.4,7.51,2998728
20110816,7.4,7.64,7.39,7.64,3253479
20110817,7.66,7.68,7.5,7.65,3264178
20110818,7.49,7.58,7.41,7.58,2238346
20110819,7.51,7.59,7.44,7.47,1974187
20110822,7.46,7.59,7.45,7.54,1588647
20110823,7.54,7.54,7.4,7.54,2854288
20110824,7.52,7.63,7.49,7.62,3016437
20110825,7.58,7.63,7.41,7.6,2482214
20110826,7.51,7.84,7.5,7.77,3217508
20110829,7.79,7.9,7.73,7.83,2483321
20110830,7.8,7.9,7.75,7.87,2361203
20110831,7.91,8.09,7.86,8.09,4740668
20110901,8.18,8.21,8.03,8.09,4603977
20110902,8.05,8.13,7.93,7.93,3311403
20110905,7.8,7.99,7.79,7.94,1273205
20110906,7.8,8.02,7.76,7.99,3149070
20110908,8.04,8.08,7.9,7.94,3066612
20110909,7.9,7.95,7.71,7.8,2411378
20110912,7.76,7.81,7.67,7.81,3570028
20110913,7.81,7.88,7.72,7.81,2089111
20110914,7.81,7.88,7.73,7.86,2915348
20110915,7.85,7.93,7.73,7.77,2367659
20110916,7.75,7.92,7.75,7.86,2354377
20110919,7.78,7.95,7.76,7.95,2332241
20110920,7.95,8.05,7.85,8.01,2680519
20110921,8.01,8.18,7.99,8.04,4213456
20110922,7.86,7.91,7.65,7.81,4749523
20110923,7.75,7.8,7.65,7.73,2902066
20110926,7.71,7.87,7.58,7.65,2622595
20110927,7.75,7.75,7.62,7.62,2520953
20110928,7.62,7.73,7.47,7.48,2888784
20110929,7.48,7.63,7.48,7.62,3698234
20110930,7.56,7.6,7.5,7.6,3388879
20111003,7.52,7.64,7.38,7.4,3388879
20111004,7.35,7.41,7.15,7.27,4005190
20111005,7.24,7.33,7.09,7.2,3372646
20111006,7.3,7.38,7.15,7.15,3663185
20111007,7.17,7.24,6.98,7.03,3722031
20111010,7.12,7.2,7.06,7.2,2739180
20111011,7.17,7.22,7.14,7.2,3231712
20111013,7.2,7.25,7.01,7.12,3902072
20111014,7.12,7.2,7.09,7.17,2795443
20111017,7.17,7.17,7.07,7.12,5528904
20111018,7.12,7.34,7.12,7.34,5225453
20111019,7.33,7.5,7.27,7.5,3782905
20111020,7.48,7.51,7.41,7.47,3283179
20111021,7.51,7.55,7.43,7.49,2441447
20111024,7.5,7.65,7.44,7.56,2940435
20111025,7.45,7.53,7.2,7.34,7627793
20111026,7.36,7.68,7.36,7.68,5424864
20111027,7.83,7.84,7.66,7.69,6481687
20111028,7.63,7.76,7.59,7.76,2298668
20111031,7.6,7.9,7.6,7.87,2867386
20111101,7.68,7.88,7.6,7.84,3120293
20111103,7.95,8.06,7.9,7.98,2189093
20111104,7.9,8.05,7.74,8.05,1818310
20111107,8.03,8.16,8.02,8.09,1777174
20111108,8.07,8.14,7.86,7.95,2156073
20111109,7.9,7.93,7.77,7.87,3046690
20111110,7.93,8.01,7.86,7.94,2292949
20111111,8.04,8.14,7.93,8.14,3688826
20111114,8.09,8.12,7.97,8.08,2760209
20111116,8.05,8.26,8.02,8.23,3622602
20111117,8.19,8.32,8.08,8.12,2765928
20111118,8.13,8.21,8.05,8.11,1264903
20111121,8.09,8.17,8.01,8.17,1871806
20111122,8.14,8.22,8.05,8.17,2883066
20111123,8.09,8.17,8.02,8.07,2077120
20111124,8.12,8.2,7.96,8.01,1287962
20111125,7.91,8.19,7.91,8.09,2738257
20111128,8.13,8.22,8.09,8.19,1264903
20111129,8.19,8.2,8.08,8.1,2116597
20111130,8.22,8.51,8.15,8.51,6142817
20111201,8.53,8.64,8.39,8.45,4716318
20111202,8.45,8.55,8,8.05,5404388
20111205,8.13,8.32,8.09,8.31,3800430
20111206,8.29,8.5,8.24,8.49,2446612
20111207,8.47,8.49,8.35,8.45,3379656
20111208,8.46,8.58,8.38,8.49,3481483
20111209,8.53,8.56,8.42,8.5,2249599
20111212,8.6,8.78,8.55,8.76,2994300
20111213,8.79,8.97,8.71,8.96,2749694
20111214,8.86,9.14,8.81,9.06,3886577
20111215,9.02,9.27,8.92,9.13,2284833
20111216,9.14,9.14,8.88,8.93,3140400
20111219,8.95,9.06,8.89,8.94,2324862
20111220,9.01,9.25,8.97,9.22,2963494
20111221,9.21,9.31,9.14,9.31,1950575
20111222,9.28,9.42,9.18,9.27,2130616
20111223,9.25,9.56,9.22,9.47,1847641
20111226,9.51,9.55,9.47,9.47,467259
20111227,9.55,9.57,9.46,9.57,1291836
20111228,9.58,9.59,9.34,9.39,1612259
20111229,9.39,9.51,9.3,9.51,2235948
20120102,9.43,9.56,9.36,9.37,1705231
20120103,9.38,9.43,9.1,9.18,2993562
20120104,9.14,9.39,9.07,9.29,2336115
20120105,9.31,9.4,9.16,9.4,2376514
20120106,9.42,9.5,9.33,9.43,1387944
20120109,9.44,9.48,9.3,9.42,1703755
20120110,9.43,9.48,9.23,9.3,2356407
20120111,9.29,9.41,9.24,9.33,1848748
20120112,9.42,9.42,9.3,9.36,1972895
20120113,9.35,9.42,9.29,9.36,1369313
20120116,9.41,9.43,9.3,9.34,772371
20120117,9.46,9.47,9.35,9.47,2000197
20120118,9.46,9.64,9.41,9.64,4285399
20120119,9.69,9.79,9.56,9.66,3186148
20120120,9.58,9.8,9.58,9.78,3197216
20120123,9.77,9.86,9.69,9.74,3667243
20120124,9.71,9.8,9.66,9.74,3784566
20120126,9.72,9.83,9.66,9.74,3476871
20120127,9.75,9.84,9.7,9.77,2290736
20120130,9.73,9.89,9.71,9.89,2355669
20120131,9.93,10.11,9.82,10.11,5040246
20120201,10.16,10.21,9.97,10.14,3906315
20120202,10.16,10.2,9.95,10.09,3213449
20120203,10.06,10.18,10,10.07,2987106
20120206,10.07,10.17,9.95,10.17,1823476
20120207,10.16,10.22,10.06,10.13,2213996
20120208,10.13,10.24,10.09,10.23,14881852
20120209,10.24,10.5,10.14,10.46,3710778
20120210,10.39,10.74,10.35,10.66,5725364
20120213,10.66,10.79,10.53,10.76,2764452
20120214,10.77,10.82,10.66,10.79,2530545
20120215,10.82,11,10.79,10.97,3391647
20120216,10.99,11.11,10.91,11.03,2955193
20120217,11.03,11.1,10.95,11.01,2386290
20120222,10.95,11.11,10.92,11.11,1602297
20120223,11.06,11.33,11.06,11.19,3022709
20120224,11.19,11.26,11.06,11.11,2828832
20120227,11.09,11.2,11,11.03,2009236
20120228,11.03,11.33,11.02,11.32,2668713
20120229,11.33,11.4,11.2,11.25,2553050
20120301,11.3,11.49,11.22,11.49,1889700
20120302,11.53,11.62,11.26,11.43,3187439
20120305,11.34,11.66,11.21,11.66,3493842
20120306,11.46,11.59,11.22,11.28,3447172
20120307,11.34,11.43,11.17,11.2,2038935
20120308,11.37,11.55,11.24,11.47,3071224
20120309,11.47,11.85,11.33,11.82,2863143
20120312,11.72,11.83,11.58,11.81,2465797
20120313,11.8,12.22,11.78,12.2,2993562
20120314,12.13,12.34,12.11,12.2,2879561
20120315,12.08,12.29,12.03,12.08,2154044
20120316,12.05,12.26,11.9,11.91,1913312
20120319,11.97,12.2,11.89,12.13,1110872
20120320,11.98,12.2,11.98,12.12,2520031
20120321,12.07,12.25,12.01,12.16,2113830
20120322,12.03,12.16,11.96,11.97,1682541
20120323,11.97,12.09,11.81,11.87,2609867
20120326,11.86,12.37,11.78,12.37,3150730
20120327,12.39,12.78,12.39,12.6,4412314
20120328,12.86,12.98,12.41,12.56,3844149
20120329,12.49,12.65,12.39,12.49,3297198
20120330,12.62,12.76,12.39,12.46,4636259
20120402,12.57,12.97,12.5,12.95,5361407
20120403,12.95,13.12,12.82,12.87,2281697
20120404,12.87,12.89,12.69,12.8,2286862
20120405,12.94,13.18,12.72,13.07,2519846
20120409,13,13.09,12.85,13.04,1268408
20120410,12.98,13.15,12.88,13.15,3828100
20120411,13.19,13.4,13.19,13.33,3546969
20120412,13.35,13.62,13.23,13.34,6464900
20120413,13.31,13.31,13.07,13.1,2126927
20120416,13.16,13.32,12.94,13.15,2365077
20120417,13.27,13.27,13.03,13.07,2491991
20120418,13.07,13.55,12.99,13.52,3251266
20120419,13.5,13.77,13.5,13.6,1785659
20120420,13.64,13.86,13.64,13.65,2316192
20120423,13.56,13.71,13.44,13.69,2045392
20120424,13.72,14,13.72,14,2249783
20120425,14.06,14.15,13.94,14.09,1703755
20120426,13.98,14.11,13.95,13.99,1679959
20120427,14.03,14.12,13.83,13.83,1512461
20120430,13.76,14.09,13.76,14.05,2826799
20120502,13.61,13.88,13.61,13.83,4063772
20120503,13.92,14.36,13.32,13.39,4832933
20120504,13.5,13.75,13.2,13.2,4424003
20120507,13.07,13.56,12.72,13.56,3329292
20120508,13.53,13.66,13.43,13.56,2265423
20120509,13.51,13.66,13.37,13.5,2131720
20120510,13.57,13.68,13.43,13.54,3150578
20120511,13.5,13.8,13.4,13.63,1441807
20120514,13.56,13.56,12.93,12.96,3500626
20120515,12.92,13.19,12.5,12.7,3801089
20120516,12.88,12.97,12.7,12.77,3719923
20120517,12.89,13.01,12.42,12.63,2377138
20120518,12.77,12.93,12.67,12.83,3748995
20120521,12.83,12.96,12.7,12.94,3374007
20120522,12.89,13.15,12.73,13.08,2911802
20120523,13.16,13.25,12.72,12.99,3185996
20120524,12.96,13.03,12.78,12.97,1637787
20120525,12.97,13,12.7,12.73,1806022
20120528,12.9,12.91,12.67,12.83,877185
20120529,12.94,13.07,12.72,12.75,1864610
20120530,12.69,13.02,12.57,12.86,2168171
20120531,13.01,13.08,12.83,13.08,4325865
20120601,13.01,13.01,12.79,12.94,2619308
20120604,13.01,13.05,12.88,12.92,2432626
20120605,12.95,13.02,12.72,12.76,1633507
20120606,12.7,13.28,12.7,13.28,3585334
20120608,13.27,13.28,12.94,13.28,1714083
20120611,13.3,13.53,13.18,13.31,1374365
20120612,13.36,13.76,13.32,13.76,2548325
20120613,13.68,13.85,13.55,13.59,3140838
20120614,13.63,13.77,13.49,13.63,1691504
20120615,13.58,13.73,13.54,13.72,3491772
20120618,13.65,13.8,13.6,13.75,1668630
20120619,13.79,13.91,13.66,13.76,2536076
20120620,13.81,13.83,13.53,13.68,1995509
20120621,13.75,13.79,13.35,13.41,1238744
20120622,13.53,13.53,13.31,13.36,1322567
20120625,13.31,13.39,13.2,13.34,1483866
20120626,13.39,13.58,13.34,13.54,2126703
20120627,13.55,13.7,13.46,13.7,1979128
20120628,13.7,14.03,13.7,14.03,1705081
20120629,14,14.34,13.71,13.95,3565412
20120702,13.92,14.19,13.87,14.19,2716117
20120703,14.17,14.19,14.06,14.13,4020976
20120704,14.11,14.11,13.94,14.1,687847
20120705,14.11,14.19,14.06,14.13,2318993
20120706,14.11,14.16,13.98,14.13,2130983
20120710,14.13,14.2,13.97,14.04,1827126
20120711,13.98,14.13,13.92,13.94,1413768
20120712,13.87,14.14,13.85,14.04,1554997
20120713,14.05,14.15,13.98,14.09,1742270
20120716,14.09,14.16,13.98,14.1,1185912
20120717,14.11,14.34,13.94,14.34,1716002
20120718,14.35,14.5,14.27,14.5,2235023
20120719,14.51,14.63,14.45,14.52,2394404
20120720,14.45,14.65,14.15,14.36,2983818
20120723,14.17,14.29,13.99,14.24,2061327
20120724,14.31,14.37,14.03,14.03,1760864
20120725,14.11,14.21,14.02,14.15,1629080
20120726,14.26,14.38,14.18,14.33,1554555
20120727,14.45,14.72,14.37,14.68,2805105
20120730,14.64,14.84,14.54,14.8,1422918
20120731,14.84,14.96,14.37,14.57,2169647
20120801,14.58,14.72,14.46,14.58,1757913
20120802,14.58,14.65,14.33,14.61,1478849
20120803,14.8,14.85,14.6,14.61,1919212
20120806,14.69,14.87,14.63,14.74,2133491
20120807,14.78,14.87,14.55,14.69,1984293
20120808,14.76,14.89,14.69,14.89,1906669
20120809,14.84,14.99,14.78,14.88,1059440
20120810,14.89,15.02,14.75,14.9,1919212
20120813,14.91,14.98,14.81,14.89,1256748
20120814,14.89,14.95,14.65,14.8,2316337
20120815,14.82,14.94,14.66,14.8,2129802
20120816,14.87,14.93,14.74,14.8,1798644
20120817,14.83,14.87,14.65,14.65,1935003
20120820,14.72,14.74,14.55,14.64,1754076
20120821,14.72,14.83,14.44,14.48,1338357
20120822,14.39,14.68,14.39,14.49,1414358
20120823,14.48,14.55,13.57,14.05,3962683
20120824,14.03,14.17,13.87,14.13,3142757
20120827,14.06,14.29,13.95,14.24,1933970
20120828,14.16,14.38,14.1,14.2,2040519
20120829,14.27,14.27,14,14.13,1820485
20120830,14.04,14.12,13.53,13.62,3226579
20120831,12.75,13.34,12.57,12.88,12058058
20120903,12.8,13.29,12.75,13.26,2426870
20120904,13.24,13.25,12.72,12.91,5383388
20120905,12.98,13.34,12.85,13.33,4585007
20120906,13.31,13.54,13.24,13.37,3058787
20120910,13.35,13.55,12.98,13.05,3562460
20120911,12.96,13.21,11.71,11.71,11800539
20120912,10.22,10.22,9.03,9.4,49334176
20120913,9.41,9.87,9.4,9.87,16554815
20120914,9.96,10.13,9.87,9.94,10137812
20120917,9.99,10.39,9.76,10.18,7765544
20120918,10.34,10.69,10.18,10.48,10544971
20120919,10.56,10.67,10.25,10.3,5334098
20120920,10.15,10.19,9.72,9.78,7665783
20120921,9.87,9.9,9.67,9.69,6515731
20120924,9.74,9.77,9.67,9.7,4412344
20120925,9.73,9.76,9.6,9.6,4056246
20120926,9.59,9.67,9.41,9.44,4145234
20120927,9.49,9.49,9.22,9.29,6607080
20120928,9.28,9.35,9.1,9.14,6443567
20121001,9.12,9.3,9.12,9.2,4494101
20121002,9.17,9.29,9.05,9.05,3654694
20121003,9.07,9.1,8.63,8.64,5630871
20121004,8.69,8.77,8.54,8.64,5655959
20121005,8.84,9.15,8.82,9.12,13346240
20121008,9.12,9.33,9.06,9.15,4268606
20121009,9.22,9.33,9.06,9.31,5727238
20121010,9.31,9.46,9.08,9.09,3738074
20121011,9.19,9.4,9.13,9.35,10361831
20121015,9.41,9.52,9.29,9.49,6906214
20121016,9.89,10.07,9.38,9.63,15999933
20121017,9.69,9.75,9.42,9.52,5979148
20121018,9.47,9.48,9.11,9.19,6997268
20121019,9.39,9.51,9.11,9.46,6282415
20121022,9.43,9.48,9.26,9.39,3842262
20121023,9.29,9.36,9.18,9.29,4958372
20121024,9.29,9.36,9.16,9.28,3236319
20121025,9.26,9.31,9.12,9.18,1945186
20121026,9.16,9.29,9.06,9.14,3961355
20121029,9.11,9.19,9.07,9.14,1440184
20121030,9.15,9.27,8.89,9.23,3611455
20121031,9.19,9.31,9.03,9.03,4121917
20121101,9.04,9.28,9.04,9.26,3572643
20121105,8.98,9.04,8.93,9,3770541
20121106,9.01,9.11,8.83,8.98,3813338
20121107,8.97,9.01,8.64,8.84,4452190
20121108,8.89,8.94,8.43,8.46,7492677
20121109,8.44,8.88,8.32,8.72,18490704
20121112,8.79,8.79,8.58,8.65,5868615
20121113,8.57,8.75,8.46,8.7,5826113
20121114,8.73,8.8,8.55,8.57,2737516
20121116,8.73,8.73,8.5,8.53,3894504
20121119,8.47,8.57,8.4,8.5,2020154
20121121,8.44,8.54,8.35,8.48,5110227
20121122,8.48,8.94,8.4,8.87,2759947
20121123,8.87,9.29,8.78,9.18,8113083
20121126,9.28,9.44,9.06,9.27,11197548
20121127,9.38,9.59,8.98,8.98,9028786
20121128,9.11,9.36,9.04,9.22,11422157
20121129,9.3,9.34,9.16,9.29,3621933
20121130,9.46,9.61,9.38,9.54,8174179
20121203,9.73,9.75,9.35,9.45,4033962
20121204,9.48,9.7,9.19,9.22,6925252
20121205,9.31,9.31,8.81,8.88,9785255
20121206,8.85,9.43,8.85,9.35,6806306
20121207,9.44,9.54,9.24,9.45,2948105
20121210,9.37,9.51,9.33,9.47,3090515
20121211,9.47,9.57,9.41,9.49,3418722
20121212,9.52,9.66,9.39,9.66,4255472
20121213,9.56,9.7,9.41,9.61,3225399
20121214,9.52,9.64,9.49,9.49,4437432
20121217,9.49,9.61,9.41,9.47,4563904
20121218,9.44,9.53,9.28,9.35,4069528
20121219,9.36,9.57,9.29,9.39,4266393
20121220,9.41,9.52,9.24,9.52,3237205
20121221,10.04,10.13,9.87,10.09,22208708
20121226,10.08,10.08,9.47,9.62,22233796
20121227,9.58,9.88,9.56,9.69,6823277
20121228,9.73,9.83,9.71,9.8,3960470
20130102,9.87,9.97,9.72,9.97,4291185
20130103,9.97,10.12,9.91,9.99,3581497
20130104,9.97,9.97,9.42,9.5,20152988
20130107,9.54,9.56,8.92,9.19,11963167
20130108,9.23,9.25,8.91,8.94,6279021
20130109,9,9.51,8.95,9.43,9840891
20130110,9.53,9.72,9.39,9.59,6793615
20130111,9.59,9.64,9.36,9.64,6104292
20130114,9.64,9.78,9.5,9.6,4444663
20130115,9.58,9.71,9.48,9.61,5950076
20130116,9.58,9.86,9.52,9.86,3216544
20130117,9.89,9.99,9.8,9.97,4454994
20130118,9.98,10.12,9.88,10.12,4382682
20130121,10.11,10.3,10.02,10.27,1996542
20130122,10.24,10.25,9.83,9.9,5388405
20130123,9.94,10.1,9.76,9.84,4433890
20130124,9.82,9.87,9.69,9.78,5105504
20130128,9.93,9.95,9.61,9.66,5029798
20130129,9.71,9.75,9.5,9.63,6285219
20130130,9.58,9.58,9.37,9.45,3530731
20130131,9.49,9.52,9.27,9.36,5476508
20130201,9.47,9.7,9.47,9.54,6725140
20130204,9.59,9.66,9.5,9.61,4005333
20130205,9.57,9.63,9.5,9.6,1875383
20130206,9.53,9.7,9.48,9.6,4310665
20130207,9.65,9.76,9.43,9.54,4515352
20130208,9.62,9.69,9.36,9.41,3378877
20130213,9.4,9.63,9.38,9.63,2726152
20130214,9.58,9.69,9.48,9.69,1487260
20130215,9.69,9.96,9.59,9.95,3459158
20130218,9.97,10.01,9.86,9.97,2725415
20130219,9.93,9.97,9.79,9.86,4387404
20130220,9.92,9.93,9.76,9.84,4486280
20130221,9.76,9.91,9.55,9.69,7034162
20130222,9.71,9.84,9.52,9.83,7173620
20130225,9.87,10.19,9.76,10.06,6408296
20130226,10.02,10.47,10.02,10.16,9054906
20130227,10.16,10.31,10.16,10.21,6299681
20130228,10.23,10.25,10.12,10.16,6980592
20130301,10.06,10.22,9.97,10.1,3834441
20130304,10.17,10.26,10.1,10.17,2700474
20130305,10.17,10.38,10.1,10.2,4620278
20130306,10.23,10.7,10.23,10.6,4340918
20130307,10.62,11.27,10.6,11.17,9018160
20130308,11.07,11.19,10.8,11.08,4701149
20130311,11.1,11.31,10.89,11.08,2767326
20130312,11.08,11.1,10.84,10.89,3873253
20130313,10.92,11.01,10.69,10.8,2146625
20130314,10.78,11.02,10.78,11.02,4260047
20130315,11.04,11.2,10.85,11.13,5006481
20130318,11.16,11.3,10.98,11.3,2875646
20130319,11.36,11.37,11.15,11.28,2816468
20130320,10.06,10.14,9.71,9.71,34326388
20130321,9.88,9.99,9.78,9.84,14240839
20130322,9.84,9.98,9.79,9.95,11014407
20130325,9.92,10.05,9.77,9.79,4927971
20130326,9.78,10.06,9.78,9.99,3291955
20130327,10.01,10.19,9.96,10.1,3806549
20130328,10.27,10.38,10.09,10.33,6351923
20130401,10.27,10.49,10.25,10.41,6791253
20130402,10.46,10.46,10.1,10.28,7325475
20130403,10.25,10.33,10.11,10.24,10631303
20130404,10.27,10.31,10.06,10.24,10841449
20130405,10.23,10.65,10.16,10.21,13417371
20130408,10.27,10.37,9.97,10.15,5547786
20130409,10.16,10.37,10.06,10.37,4424888
20130410,10.37,10.71,10.34,10.64,6132479
20130411,10.65,10.71,10.35,10.39,3705608
20130412,10.4,10.55,10.23,10.28,4292809
20130415,10.27,10.47,10.21,10.27,5014155
20130416,10.28,10.46,10.23,10.37,4645956
20130417,10.28,10.47,10.27,10.36,5733288
20130418,10.37,10.71,10.32,10.62,4204411
20130419,10.67,10.99,10.59,10.93,3692769
20130422,10.89,11.11,10.72,10.89,4228023
20130423,10.93,11,10.82,10.93,3825881
20130424,10.96,11.08,10.9,10.93,3934054
20130425,10.97,11.09,10.82,10.88,9490253
20130426,10.87,10.88,10.62,10.78,3120620
20130429,10.81,11.08,10.68,10.87,5073628
20130430,10.93,11.23,10.85,11.19,6623018
20130502,11.34,11.49,11.04,11.13,5143118
20130503,11.25,11.41,11.16,11.16,13863836
20130506,11.16,11.24,10.96,11.14,9288891
20130507,11.15,11.26,11.09,11.18,3040024
20130508,11.26,11.29,11.14,11.23,3687965
20130509,11.18,11.31,11.01,11.09,2347885
20130510,11.13,11.34,11.06,11.28,2749072
20130513,11.31,11.33,11.08,11.13,2727757
20130514,11.13,11.22,11.04,11.1,2624715
20130515,11.04,11.18,10.99,11.14,3648866
20130516,11.29,11.39,11.21,11.25,3886728
20130517,11.29,11.65,11.29,11.55,4408741
20130520,11.59,11.93,11.56,11.77,4576905
20130521,11.81,12.17,11.8,11.95,5754836
20130522,12.02,12.26,11.97,12.17,6818087
20130523,12.02,12.18,11.92,12.18,4911402
20130524,12.16,12.22,12.02,12.21,6434814
20130527,12.2,12.22,12.03,12.08,1396962
20130528,12.22,12.22,11.88,11.92,8176996
20130529,11.86,11.95,11.59,11.66,4838174
20130531,11.63,11.89,11.31,11.31,7910759
20130603,11.48,11.82,11.31,11.68,5212946
20130604,11.83,11.86,11.31,11.46,5536459
20130605,11.43,11.43,11.04,11.24,5479184
20130606,11.25,11.33,11.05,11.12,4109420
20130607,11,11.03,10.77,10.79,5644078
20130610,10.77,10.87,10.71,10.82,3528170
20130611,10.79,10.79,10.46,10.5,4517669
20130612,10.63,10.65,10.22,10.34,7186582
20130613,10.39,10.69,10.31,10.69,7253011
20130614,10.79,10.79,10.36,10.42,5076428
20130617,10.45,10.75,10.4,10.66,4490993
20130618,10.61,10.86,10.47,10.79,4739969
20130619,10.72,10.77,10.44,10.57,3505678
20130620,10.45,10.47,9.97,10.19,6914068
20130621,10.12,10.66,9.75,9.93,14456201
20130624,9.82,9.95,9.62,9.67,5564573
20130625,9.77,9.97,9.69,9.79,5821919
20130626,9.9,10.18,9.83,9.93,2754826
20130627,9.98,10.39,9.9,10.26,4480662
20130628,10.23,10.46,10.15,10.4,5323966
20130701,10.38,10.68,10.3,10.5,3636182
20130702,10.54,10.56,10.07,10.27,4354212
20130703,10.14,10.27,10.02,10.24,3897581
20130704,10.38,10.45,10.2,10.22,2196721
20130705,10.19,10.45,9.83,10.35,5733783
20130708,10.29,10.63,10.2,10.44,3327446
20130710,10.56,10.77,10.25,10.58,4940563
20130711,10.71,10.88,10.6,10.82,4039984
20130712,10.79,10.94,10.45,10.47,3216688
20130715,10.53,10.54,10.21,10.49,6132224
20130716,10.54,10.65,10.35,10.45,2934105
20130717,10.48,10.71,10.42,10.5,2993210
20130718,10.53,10.93,10.53,10.84,3811145
20130719,10.74,10.92,10.57,10.83,3937726
20130722,10.86,11.17,10.8,11.13,3129467
20130723,11.24,11.27,11.01,11.1,3585314
20130724,11.15,11.2,10.95,11.08,2588754
20130725,10.99,11.47,10.99,11.39,4175718
20130726,11.38,11.46,11.25,11.31,3041593
20130729,11.31,11.47,11.14,11.41,2835900
20130730,11.45,11.45,11.19,11.23,4097782
20130731,11.16,11.25,10.9,10.9,3732817
20130801,10.96,11.06,10.62,10.82,4476609
20130802,10.84,11.05,10.77,10.77,2903767
20130805,10.77,10.94,10.61,10.79,2733773
20130806,10.7,10.92,10.47,10.48,4023115
20130807,10.48,10.96,10.45,10.81,4239662
20130808,10.8,10.93,10.47,10.76,4499231
20130809,10.81,10.81,10.53,10.7,4935724
20130812,10.8,11.12,10.68,10.77,4554414
20130813,10.79,10.89,10.7,10.79,3694634
20130814,10.79,10.89,10.48,10.51,8519862
20130815,10.47,10.47,10.29,10.29,4123412
20130816,10.35,10.36,10.19,10.19,3298154
20130819,10.2,10.4,10.14,10.27,3526208
20130820,10.27,10.29,10.06,10.06,3383805
20130821,10.01,10.2,10,10,2917759
20130822,10.06,10.21,10.05,10.14,2981572
20130823,10.09,10.17,10,10.16,2807132
20130826,10.16,10.19,9.93,9.97,3026163
20130827,9.9,10,9.83,9.84,3490902
20130828,9.9,9.94,9.6,9.64,4558729
20130829,9.68,9.82,9.48,9.72,3308354
20130830,9.77,9.85,9.63,9.72,4831897
20130902,9.89,10.08,9.79,9.9,3807484
20130903,9.9,10.03,9.7,9.73,4022723
20130904,9.73,9.75,9.58,9.58,4000885
20130905,9.63,9.88,9.63,9.8,6465413
20130906,9.9,9.93,9.77,9.86,6127647
20130909,9.92,10.06,9.9,10.06,6110256
20130910,10.11,10.18,9.91,9.99,5462446
20130911,10,10.07,9.84,9.93,4859227
20130912,9.94,10.01,9.7,9.7,3909873
20130913,9.76,9.8,9.69,9.75,3361837
20130916,9.8,9.89,9.79,9.86,3849590
20130917,9.88,9.9,9.69,9.74,3638143
20130918,9.41,9.73,9.35,9.64,10660224
20130919,9.65,9.81,9.63,9.72,4811890
20130920,9.72,9.82,9.64,9.72,3074023
20130923,9.72,9.86,9.69,9.84,5067143
20130924,9.87,10.07,9.81,10.03,6488559
20130925,10,10.09,9.98,10.05,4782599
20130926,10.05,10.09,9.91,10,3807222
20130927,10.03,10.14,10.01,10.09,3059770
20130930,10.03,10.05,9.88,10.05,5040859
20131001,10.15,10.16,9.98,10.16,2642499
20131002,10.12,10.16,10.02,10.02,2437721
20131003,10.03,10.14,9.95,10.06,3918242
20131004,10.06,10.37,10.06,10.36,5163779
20131007,10.34,10.39,10.19,10.19,2708666
20131008,10.19,10.35,10.19,10.25,2567570
20131009,10.27,10.27,10.13,10.19,4213379
20131010,10.25,10.34,10.21,10.34,3123583
20131011,10.3,10.41,10.29,10.29,1727797
20131014,10.25,10.44,10.25,10.43,2034964
20131015,10.43,10.43,10.26,10.33,3527908
20131016,10.35,10.45,10.25,10.29,3920465
20131017,10.29,10.39,10.27,10.35,1973243
20131018,10.32,10.64,10.32,10.61,3123322
20131021,10.61,10.64,10.5,10.51,2166906
20131022,10.53,10.64,10.46,10.58,3626636
20131023,10.56,10.62,10.41,10.45,2422029
20131024,10.45,10.49,10.19,10.27,3491163
20131025,10.28,10.32,10.19,10.19,2845838
20131028,10.21,10.44,10.21,10.4,3585707
20131029,10.37,10.44,10.29,10.41,2039018
20131030,10.43,10.53,10.35,10.35,2417060
20131031,10.41,10.48,10.24,10.41,2887945
20131101,10.42,10.48,10.3,10.4,5608118
20131104,10.47,10.47,10.33,10.37,2257134
20131105,10.38,10.41,10.27,10.27,5235961
20131106,10.33,10.33,10.19,10.19,3696726
20131107,10.19,10.23,9.99,10.09,3813891
20131108,10.04,10.17,9.83,9.92,6381985
20131111,9.91,10.14,9.91,9.98,2938681
20131112,10.03,10.03,9.78,9.86,3923080
20131113,9.87,9.92,9.72,9.78,4434371
20131114,9.87,10.19,9.87,10.1,3630690
20131118,10.22,10.41,10.17,10.17,3746678
20131119,10.13,10.17,9.8,9.8,3838868
20131121,9.86,9.94,9.72,9.89,3144375
20131122,9.81,10.14,9.8,9.98,3210280
20131125,9.98,10.19,9.93,10.18,2549132
20131126,10.17,10.24,9.99,10.09,3138490
20131127,10.09,10.22,10.04,10.15,2189921
20131128,10.22,10.34,10.11,10.15,1289473
20131129,10.18,10.29,10.04,10.26,2038234
20131202,10.26,10.27,10.06,10.18,4301122
20131203,10.17,10.19,9.92,9.99,3618006
20131204,10.11,10.11,9.82,9.88,2948358
20131205,9.95,9.99,9.88,9.93,3740663
20131206,10.1,10.33,10.01,10.13,13448003
20131209,10.21,10.25,10.08,10.21,2151868
20131210,10.23,10.36,10.12,10.13,3025902
20131211,10.25,10.31,9.91,9.91,3547392
20131212,10.01,10.03,9.86,9.86,5629694
20131213,9.94,9.94,9.61,9.61,5140241
20131216,9.67,9.71,9.63,9.69,3806961
20131217,9.7,9.83,9.64,9.64,3433235
20131218,9.66,9.74,9.56,9.56,4046130
20131219,9.66,9.76,9.59,9.74,2846884
20131220,9.78,9.81,9.65,9.73,8878158
20131223,9.74,9.86,9.67,9.8,3204919
20131226,9.9,9.97,9.84,9.9,15202608
20131227,9.97,10.12,9.93,10.03,1999200
20131230,10.12,10.12,9.85,9.86,1613500
20140102,9.85,9.92,9.63,9.69,3164000
20140103,9.83,9.99,9.73,9.99,7738400
20140106,9.99,10.05,9.81,10.05,12193500
20140107,9.95,10.03,9.71,9.71,4490500
20140108,9.73,9.75,9.58,9.58,3478000
20140109,9.59,9.61,9.27,9.37,4393800
20140110,9.38,9.64,9.3,9.59,5042200
20140113,9.62,9.64,9.31,9.31,3597500
20140114,9.31,9.52,9.3,9.46,4849900
20140115,9.55,9.57,9.36,9.36,2673400
20140116,9.46,9.54,9.38,9.48,1889000
20140117,9.48,9.54,9.4,9.5,2701600
20140120,9.55,9.55,9.37,9.37,1436500
20140121,9.43,9.54,9.35,9.54,5734900
20140122,9.66,9.8,9.49,9.78,3319200
20140123,9.73,9.85,9.69,9.69,3283200
20140124,9.58,9.71,9.5,9.64,4961300
20140127,9.63,9.67,9.41,9.48,3529700
20140128,9.58,9.68,9.48,9.55,3007500
20140129,9.52,9.63,9.34,9.4,4723300
20140130,9.49,9.74,9.37,9.57,5518300
20140131,9.57,9.8,9.56,9.8,7182000
20140203,9.78,9.78,9.66,9.68,2708500
20140204,9.59,9.62,9.45,9.49,4411500
20140205,9.47,9.47,9.09,9.11,5089700
20140206,9.18,9.44,9.16,9.39,5308100
20140207,9.36,9.52,9.18,9.26,7991100
20140210,9.33,9.37,9.18,9.18,3919500
20140211,9.33,9.43,9.09,9.29,6126400
20140212,9.37,9.76,9.33,9.73,6498200
20140213,9.64,9.68,9.38,9.59,3080700
20140214,9.67,9.74,9.39,9.4,7149600
20140217,9.48,9.52,9.14,9.17,2121100
20140218,9.14,9.23,8.81,8.81,5220500
20140219,8.8,9.09,8.73,8.94,5619300
20140220,8.87,9.18,8.87,9.09,2807800
20140221,9.07,9.31,9.03,9.09,4396500
20140224,9.14,9.37,9.06,9.27,3652800
20140225,9.21,9.34,9.07,9.07,4072400
20140226,9.11,9.18,8.98,9.09,4112600
20140227,9.18,9.47,9.04,9.37,4185500
20140228,9.37,9.46,9.21,9.45,11832600
20140305,9.46,9.53,9.38,9.47,2845100
20140306,9.51,9.67,9.37,9.5,3130800
20140307,9.45,9.46,9.08,9.2,9921500
20140310,9.16,9.16,8.87,8.99,7606400
20140311,9.09,9.16,9.02,9.15,9340000
20140312,9.08,9.35,9.08,9.35,6286300
20140313,9.47,9.66,9.38,9.66,8305000
20140314,9.75,9.8,9.08,9.08,9537300
20140317,9.04,9.27,8.95,9.14,3667200
20140318,9.15,9.49,9.09,9.47,5012600
20140319,9.47,9.56,9.28,9.49,4510500
20140320,9.41,9.76,9.37,9.76,4984700
20140321,9.3,9.85,9.3,9.78,5952200
20140324,9.85,9.87,9.59,9.8,7476900
20140325,9.84,10.05,9.73,10.05,3938300
20140326,10.1,10.2,9.99,10.03,3214900
20140327,10.04,10.76,10,10.76,13546900
20140328,10.72,11.04,10.64,10.74,6507100
20140331,10.77,10.87,10.71,10.73,8655500
20140401,10.8,10.87,10.39,10.59,6399200
20140402,10.59,11.2,10.59,11.02,7003900
20140403,11.13,11.25,10.9,10.94,4880000
20140404,11.14,11.16,10.87,10.92,3847100
20140407,11.02,11.23,10.95,11.16,4839200
20140408,11.33,11.46,11.03,11.17,4682000
20140409,11.09,11.18,10.47,10.9,4812400
20140410,10.98,11.13,10.85,11.04,3745900
20140411,10.94,11.26,10.83,11.2,8673300
20140414,11.26,11.33,11.14,11.21,3380500
20140415,11.12,11.22,10.89,11.12,6088500
20140416,11.15,11.23,10.95,11.08,3402200
20140417,11.16,11.52,11,11.4,6794300
20140422,11.42,11.56,11.23,11.54,3327100
20140423,11.51,11.77,11.43,11.68,8418700
20140424,11.71,11.76,11.37,11.52,6668600
20140425,11.44,11.66,11.2,11.22,4765900
20140428,11.26,11.45,11.14,11.42,3291500
20140429,11.53,11.71,11.44,11.44,2128300
20140430,11.47,11.96,11.45,11.96,9118300
20140502,11.89,12.02,11.66,11.96,9381000
20140505,12,12.14,11.91,12.08,12889000
20140506,12.06,12.17,11.95,12.04,3919900
20140507,11.94,12.18,11.83,12.18,6020600
20140508,12.09,12.18,11.89,11.96,3484200
20140509,11.97,12.13,11.89,11.93,3410800
20140512,12.08,12.09,11.91,12.08,4547800
20140513,12.08,12.3,11.98,12.22,3877500
20140514,12.27,12.73,12.21,12.58,4993000
20140515,12.18,12.24,11.74,11.78,7487100
20140516,11.98,12.13,11.83,11.92,4276200
20140519,11.93,12,11.77,11.92,3149000
20140520,11.95,12.31,11.92,12,6013000
20140521,12.04,12.24,11.94,12.18,3114200
20140522,12.22,12.33,12.15,12.33,3033000
20140523,12.33,12.58,12.2,12.58,2769400
20140526,12.63,12.63,12.5,12.52,1120800
20140527,12.51,12.51,11.91,12.02,4165100
20140528,12.08,12.15,11.79,11.96,3728300
20140529,11.96,12.14,11.83,11.93,2259700
20140530,11.85,11.98,11.57,11.57,5251600
20140602,11.62,11.84,11.51,11.82,3266500
20140603,11.75,12.07,11.67,12.04,2933400
20140604,11.96,12.06,11.92,12.01,1248200
20140605,12.04,12.18,11.97,12.04,2164100
20140606,12.3,12.52,12.18,12.38,4493100
20140609,12.31,12.63,12.3,12.61,3586100
20140610,12.59,12.93,12.47,12.87,3479100
20140611,13,13.17,12.88,13.05,4986800
20140613,13,13.22,12.93,12.99,2319400
20140616,12.95,13.13,12.88,13.12,3173500
20140617,13.11,13.22,12.96,13.14,1721500
20140618,13.22,13.82,13.16,13.82,3975300
20140620,13.67,13.74,13.37,13.42,2738600
20140623,13.22,13.34,13.1,13.23,2090700
20140624,13.23,13.63,13.23,13.34,2710600
20140625,13.36,13.6,13.17,13.17,3117700
20140626,13.19,13.25,13.07,13.1,1728200
20140627,13.04,13.31,12.99,13.11,1011400
20140630,13.24,13.28,12.91,12.99,3173200
20140701,13.08,13.12,12.77,12.79,1611300
20140702,12.92,12.95,12.63,12.83,4609300
20140703,12.79,13.34,12.71,13.28,2632700
20140704,13.26,13.48,13.2,13.41,456100
20140707,13.34,13.73,13.12,13.62,1717700
20140708,13.6,13.74,13.55,13.7,1429400
20140710,14.11,14.52,13.91,14.52,5873100
20140711,14.44,14.67,14.05,14.22,4100300
20140714,14.36,14.57,14.18,14.57,5190000
20140715,14.57,14.76,14.46,14.73,2915600
20140716,14.76,14.81,14.38,14.62,3176700
20140717,14.66,14.76,14.54,14.63,3529600
20140718,14.97,15.37,14.89,15.24,4519900
20140721,15.23,15.71,15.1,15.71,3873400
20140722,15.69,16.03,15.64,16.03,3531500
20140723,15.83,15.98,15.49,15.64,2373700
20140724,15.7,16.02,15.66,16.01,2798400
20140725,16,16.05,15.87,15.93,1714900
20140728,16,16.01,15.68,15.75,2595600
20140729,15.69,15.84,15.08,15.33,2814900
20140730,15.36,15.63,15.31,15.39,2615700
20140731,15.17,15.29,14.79,14.86,4140900
20140801,15.01,15.18,14.78,15.14,2609200
20140804,15.32,15.6,15.13,15.6,2166200
20140805,15.5,15.64,15.25,15.43,3902800
20140806,15.47,15.85,15.32,15.67,2896000
20140807,15.67,15.85,15.56,15.74,3115800
20140808,15.53,15.69,15.29,15.57,2767200
20140811,15.68,15.77,15.62,15.64,2027400
20140812,15.76,15.76,15.46,15.46,2283900
20140813,15.56,15.69,15.08,15.08,4166000
20140814,15.16,15.41,15.02,15.21,4151300
20140815,15.48,15.65,15.42,15.65,3121000
20140818,15.77,15.82,15.43,15.46,2983600
20140819,15.47,15.72,15.41,15.45,3258800
20140820,15.41,15.81,15.37,15.75,5182700
20140821,15.65,15.94,15.64,15.85,4007700
20140822,15.84,15.86,15.56,15.65,1686000
20140825,15.81,16.06,15.67,16.06,2946800
20140826,15.85,15.98,15.15,15.15,7592400
20140827,15.25,15.49,15.21,15.39,4469600
20140828,15.43,15.64,15.22,15.22,3725900
20140829,15.37,15.52,15.14,15.42,4100800
20140901,15.34,15.49,14.77,14.77,3211400
20140902,14.81,15.32,14.73,15.17,3829200
20140903,15.24,15.49,15.18,15.39,4787400
20140904,15.39,15.52,15.26,15.29,3868900
20140905,15.43,15.43,15.09,15.09,1922700
20140908,15.24,15.37,14.62,14.62,3490000
20140909,14.35,14.71,14.27,14.32,4313200
20140910,14.28,14.4,13.99,14.16,4731400
20140911,14.07,14.24,13.71,13.71,6081400
20140912,13.67,13.78,13.36,13.41,9140000
20140915,13.44,13.79,13.43,13.74,3433700
20140916,13.24,13.74,12.9,13.64,7138800
20140917,13.44,13.44,12.74,12.75,10940600
20140918,12.81,12.93,12.58,12.58,9400500
20140919,12.58,12.73,12.47,12.54,5601500
20140922,12.47,12.47,12.16,12.38,3666900
20140923,12.27,12.71,12.27,12.51,5426900
20140924,12.19,12.22,11.91,12.06,4485400
20140925,12.07,12.18,12,12.11,3313500
20140926,12.12,12.19,11.89,12.03,4046100
20140929,11.75,12.01,11.53,11.94,5154400
20140930,11.79,12.38,11.78,12.06,5457200
20141001,11.82,11.98,11.74,11.84,7378400
20141002,11.84,11.94,11.72,11.75,4356000
20141003,11.59,11.74,11.15,11.67,7971300
20141006,12.11,12.35,11.86,12.07,10465900
20141007,12.31,13.08,12.18,13.04,14431500
20141008,13.18,13.52,12.79,13.46,11637900
20141009,13.65,13.76,13.13,13.13,7309700
20141010,12.91,13.46,12.88,13.08,5063200
20141013,13.38,13.92,13.29,13.66,6301200
20141014,13.53,13.94,13.33,13.63,4516100
20141015,13.2,13.58,12.91,13.38,5194900
20141016,12.71,13.29,12.67,12.83,4809800
20141017,13.04,13.25,12.87,13.25,3752000
20141020,13.23,13.32,12.65,12.67,3149100
20141021,11.83,12.48,11.83,12.19,6229500
20141022,12.08,12.46,12.08,12.15,2955000
20141023,11.97,12.15,11.51,11.53,5530900
20141024,11.67,12.46,11.55,12.2,5538900
20141027,10.81,11.5,10.31,11.14,13141400
20141028,11.43,11.68,11.18,11.6,7372600
20141029,11.5,11.72,11.39,11.39,4524600
20141030,11.51,11.67,11.31,11.31,3330100
20141031,11.55,11.64,11.29,11.45,4064200
20141103,11.27,11.54,11.22,11.43,3623800
20141104,11.47,11.6,11.31,11.51,3196000
20141105,11.39,11.51,11.24,11.37,3224800
20141106,11.31,11.51,11.15,11.15,4208100
20141107,11.16,11.5,11.05,11.29,2872800
20141110,11.56,11.7,11.36,11.52,4417200
20141111,11.46,11.86,11.46,11.64,4337000
20141112,11.66,11.97,11.55,11.57,5114700
20141113,11.58,11.79,11.28,11.28,3258200
20141114,10.68,11.22,10.39,10.8,7250900
20141117,10.77,10.87,10.55,10.63,3596000
20141118,10.73,11.08,10.73,10.81,3511800
20141119,10.73,11.01,10.59,10.77,4410600
20141121,10.97,11.42,10.91,11.37,6813200
20141124,11.4,11.48,11.14,11.28,5086300
20141125,11.41,11.88,11.29,11.88,7820400
20141126,11.94,12.2,11.77,11.81,4334500
20141127,11.99,12.24,11.92,12.06,1742600
20141128,12.19,12.37,11.96,12.08,3498700
20141201,11.92,12.01,11.4,11.4,4006100
20141202,11.47,11.82,11.26,11.46,6338100
20141203,11.59,11.77,11.5,11.57,3518900
20141204,11.58,11.7,11.34,11.52,2908200
20141205,11.53,11.65,11.23,11.44,3072700
20141208,11.5,11.58,11.1,11.16,4000500
20141209,11.07,11.46,11.03,11.41,4448500
20141210,11.34,11.64,10.69,11.03,10187400
20141211,11.03,11.16,10.9,11.1,4358000
20141212,10.9,11.19,10.8,10.98,3734400
20141215,11.08,11.08,10.57,10.7,4358600
20141216,10.51,10.91,10.41,10.54,5319500
20141217,10.62,11.03,10.49,10.82,5627400
20141218,11.05,11.25,10.59,10.6,3427600
20141219,10.67,10.76,10.35,10.42,5021500
20141222,10.56,10.93,10.43,10.9,4006500
20141223,10.91,11.15,10.81,11.05,2961100
20141226,11.06,11.57,11.06,11.3,2073700
20141229,11.44,11.91,11.36,11.76,3203400
20141230,11.81,12,11.41,11.41,4855300
20150102,11.44,11.46,10.89,11.11,3710400
20150105,10.85,11.27,10.83,10.83,3869500
20150106,10.89,11.05,10.65,10.73,3081100
20150107,10.85,10.91,10.67,10.81,3177300
20150108,10.9,11.09,10.65,10.65,4074600
20150109,10.64,10.64,10.17,10.27,5408600
20150112,10.19,10.2,9.88,9.93,3847600
20150113,10.03,10.24,9.98,10.07,2478600
20150114,9.96,10.22,9.85,10.12,4559200
20150115,10.15,10.64,9.94,10.32,4725600
20150116,10.32,10.94,10.25,10.76,4736900
20150119,10.79,10.79,10.07,10.07,2232900
20150120,10.42,10.42,10.03,10.16,3896400
20150121,10.24,10.38,9.96,10.21,3698500
20150122,10.15,10.56,10.11,10.26,5465300
20150123,10.16,10.26,9.87,9.91,3124300
20150126,9.74,9.94,9.59,9.77,3885700
20150127,9.77,10.04,9.51,9.95,3408700
20150128,9.78,10.24,9.72,10.24,4177800
20150129,10.16,10.76,9.97,10.76,5047100
20150130,10.51,10.51,10.12,10.34,4251600
20150202,10.43,10.94,10.21,10.84,3318500
20150203,10.97,11.09,10.58,10.62,3231500
20150204,10.68,10.8,10.33,10.5,2766100
20150205,10.4,10.6,10.27,10.31,2537400
20150206,10.25,10.44,9.78,9.96,3522400
20150209,9.93,10.2,9.77,10.01,1551100
20150210,9.87,10.12,9.72,9.73,2772300
20150211,9.78,9.95,9.68,9.8,1671000
20150212,9.96,10.24,9.79,10.24,5493600
20150213,9.99,10.54,9.99,10.38,3841300
20150218,10.56,10.83,10.46,10.76,3286400
20150219,10.72,10.79,10.58,10.71,1533400
20150220,10.74,10.74,10.45,10.56,1975300
20150223,10.47,10.78,10.46,10.68,2230800
20150224,10.6,10.92,10.6,10.72,2770800
20150225,10.58,10.91,10.51,10.81,1876200
20150226,10.89,11.33,10.64,11.33,2779800
20150227,11.29,11.41,11.14,11.27,5102100
20150302,11.33,11.38,10.88,10.9,2714700
20150303,10.9,11.04,10.52,10.64,2878100
20150304,10.53,10.68,10.37,10.37,4100900
20150305,10.44,10.73,10.42,10.68,2807300
20150306,10.72,10.83,10.45,10.73,2686400
20150309,10.53,10.74,10.12,10.12,4352300
20150310,10.02,10.64,10.02,10.23,3516100
20150311,10.37,10.37,10,10.29,2808100
20150312,10.48,10.59,10.25,10.55,4560200
20150313,10.22,10.36,10.11,10.2,4075600
20150316,10.34,10.39,10.01,10.01,2088700
20150317,10.02,10.35,9.91,10.28,3768800
20150318,10.32,10.57,10.13,10.48,4302000
20150319,10.46,10.49,10.24,10.29,2477700
20150320,10.45,11,10.3,10.86,5928100
20150323,11,11.36,10.92,11.29,2698200
20150324,11.29,11.58,11.22,11.38,3696200
20150325,11.55,11.61,11.31,11.31,3491700
20150326,11.31,11.31,10.87,10.98,5206100
20150327,10.98,11.24,10.85,11.09,4610600
20150330,11.08,11.38,11,11.25,2204900
20150331,11.12,11.46,11.11,11.13,2343900
20150401,11.27,11.87,11.18,11.58,4661000
20150402,11.6,12.13,11.59,12.02,3899500
20150406,12.15,12.47,12,12.18,4020900
20150407,12.29,12.33,11.83,12.11,3082000
20150408,12.29,12.3,11.76,11.76,3247700
20150409,11.77,12.11,11.77,12.09,3771800
20150410,12.08,12.17,11.91,12.05,1792700
20150413,11.98,12.54,11.98,12.53,3200100
20150414,12.54,12.58,12.14,12.2,2390100
20150415,12.29,12.54,12.2,12.3,2227900
20150416,12.44,12.57,12.25,12.49,2156300
20150417,12.33,12.53,12.31,12.46,3306700
20150420,12.46,12.67,12.28,12.37,2931100
20150422,12.42,12.67,12.4,12.56,2915900
20150423,12.5,13,12.5,12.8,2663800
20150424,12.86,13.17,12.77,12.77,2685000
20150427,12.78,13.09,12.46,12.57,3073100
20150428,12.77,13.02,12.64,12.94,2811300
20150429,12.94,13.03,12.78,12.79,3887100
20150430,12.78,12.97,12.48,12.63,5430400
20150504,12.71,13.1,12.55,13.1,4027000
20150505,12.99,13.75,12.91,13.68,5800200
20150506,13.61,14.39,13.59,14.11,6187400
20150507,13.9,14.11,13.82,13.94,5485400
20150508,14.19,14.23,13.89,14,1888900
20150511,13.93,14.41,13.93,14.19,2309700
20150512,14.11,14.34,13.95,13.99,3412200
20150513,13.91,14.05,13.41,13.56,2826000
20150514,13.63,14.03,13.46,14.03,3218200
20150515,13.99,14.14,13.79,14.03,2807500
20150518,14.27,14.37,13.49,13.59,4100000
20150519,13.7,13.94,13.32,13.61,5089700
20150520,13.61,13.92,13.61,13.68,2652500
20150521,13.68,13.78,12.7,12.9,5550000
20150522,12.95,13,12.52,12.91,6002500
20150525,12.79,13.43,12.64,13.32,1784600
20150526,13.07,13.25,12.84,12.95,2586400
20150527,12.97,13.45,12.85,13.29,7488000
20150528,13.11,13.41,13.07,13.16,3074600
20150529,13.04,13.17,12.71,12.71,5073300
20150601,12.64,13.19,12.48,13.1,3243200
20150602,13.08,13.09,12.79,12.83,4931200
20150603,12.89,12.95,12.48,12.49,4817800
20150605,12.46,12.8,12.34,12.75,3690300
20150608,12.77,12.8,12.37,12.37,3265700
20150609,12.37,12.55,12.31,12.32,3067300
20150610,12.39,12.58,12.37,12.47,3044900
20150611,12.55,12.61,12.12,12.19,3442300
20150612,12.1,12.16,11.86,11.95,3305500
20150615,11.86,11.92,11.55,11.76,3212200
20150616,11.83,11.85,11.59,11.6,3452700
20150617,11.52,11.69,11.4,11.64,4162200
20150618,11.69,12.21,11.63,12.04,3777600
20150619,11.91,12.04,11.67,11.72,2763700
20150622,11.85,12.23,11.75,12.19,3275300
20150623,12.22,12.42,11.74,11.74,7028400
20150624,11.74,11.8,10.57,10.79,12692700
20150625,10.85,10.98,10.3,10.34,10109200
20150626,10.33,10.83,10.31,10.62,6406600
20150629,10.53,10.77,10.39,10.58,2480800
20150630,10.57,10.72,10.36,10.63,4213700
20150701,10.62,10.73,10.28,10.34,4122000
20150702,10.45,10.64,10.37,10.55,2900800
20150703,10.44,10.58,10.31,10.4,1201300
20150706,10.3,10.41,10.08,10.33,2753700
20150707,10.26,10.3,9.87,9.99,4968400
20150708,9.99,10.17,9.74,9.82,5123100
20150710,9.96,10.04,9.77,10.03,2972800
20150713,10.07,10.13,9.89,9.96,3852600
20150714,9.99,10.12,9.91,10.02,2396500
20150715,9.99,10.12,9.87,9.95,2856800
20150716,9.89,10.04,9.71,9.79,2122200
20150717,9.82,9.91,9.36,9.36,2795400
20150720,9.35,9.48,9.11,9.33,3095000
20150721,9.34,9.42,8.88,8.9,6793600
20150722,8.92,9.02,8.83,8.93,6241500
20150723,8.96,9.08,8.53,8.62,6432200
20150724,8.55,8.56,8.04,8.13,5275400
20150727,8.01,8.48,7.97,8.28,5534200
20150728,8.37,8.51,8.29,8.31,4760300
20150729,8.24,8.28,8.04,8.05,4247100
20150730,8.15,8.57,8.15,8.27,3523500
20150731,8.28,8.46,8.24,8.46,4589600
20150803,8.46,8.86,8.43,8.49,4532200
20150804,8.54,8.79,8.48,8.6,3120800
20150805,8.69,8.76,8.32,8.36,3321400
20150806,8.25,8.27,7.95,8.02,4872300
20150807,7.97,8.11,7.91,7.93,1868000
20150810,7.97,8.06,7.85,7.9,2165700
20150811,7.88,8.11,7.8,8.06,3132100
20150812,8.06,8.47,7.98,8.45,4556900
20150813,8.33,8.44,8.04,8.31,4390300
20150814,8.36,8.41,8.02,8.06,3273300
20150817,8.18,8.34,8.09,8.19,2330100
20150818,8.11,8.42,8.11,8.33,2791300
20150819,8.32,8.38,7.88,7.95,4037100
20150820,7.97,8.21,7.83,8.14,2675000
20150821,8.02,8.05,7.75,7.81,3002800
20150824,7.25,7.49,6.94,7.08,6271400
20150825,7.37,7.41,7.14,7.21,3531900
20150826,7.22,7.28,7.01,7.03,3523300
20150827,7.18,7.3,7.02,7.24,6733000
20150828,7.19,7.19,6.98,7.03,5338500
20150831,6.95,6.96,6.64,6.74,11155600
20150901,6.64,6.73,6.51,6.63,5314900
20150902,6.66,6.78,6.57,6.71,9186500
20150903,6.72,6.84,6.6,6.83,7943900
20150904,6.63,6.87,6.57,6.66,6539900
20150908,6.76,6.76,6.32,6.32,5754000
20150909,6.39,6.47,6.32,6.4,4999400
20150910,6.21,6.51,6.2,6.51,8851300
20150911,6.66,6.66,6.47,6.54,4504900
20150914,6.54,6.64,6.29,6.47,4529400
20150915,6.49,6.58,6.29,6.49,4791500
20150916,6.59,6.72,6.59,6.65,14558700
20150917,6.65,6.78,6.6,6.68,13452400
20150918,6.63,6.63,6.2,6.29,8580100
20150921,6.27,6.43,6.23,6.43,5298800
20150922,6.32,6.38,6.15,6.33,6258900
20150923,6.32,6.38,6.21,6.27,7450400
20150924,6.16,6.23,6.05,6.15,4503600
20150925,6.23,6.3,6.05,6.09,4774800
20150928,6.02,6.06,5.8,5.99,4005600
20150929,6,6.12,5.96,5.97,2431800
20150930,6.12,6.32,6.12,6.26,4549000
20151001,6.15,6.36,6.1,6.19,4264100
20151002,6.18,6.33,6.06,6.3,3817300
20151005,6.39,6.5,6.32,6.36,5255600
20151006,6.35,6.53,6.24,6.24,7118200
20151007,6.32,6.4,6.23,6.33,5327800
20151008,6.34,6.42,6.3,6.32,9656600
20151009,6.44,6.5,6.41,6.45,6991700
20151013,6.45,6.58,6.37,6.49,7412200
20151014,6.47,6.54,6.33,6.42,9590100
20151015,6.42,6.55,6.42,6.5,5654600
20151016,6.51,6.53,6.37,6.37,3293200
20151019,6.41,6.42,6.25,6.41,6444400
20151020,6.38,6.84,6.37,6.77,24259800
20151021,6.85,7.19,6.77,6.86,10386300
20151022,6.84,7.18,6.84,6.96,7208200
20151023,7.16,7.22,6.72,6.72,5788300
20151026,6.73,6.87,6.49,6.49,3998600
20151027,6.51,6.56,6.32,6.33,5307700
20151028,6.33,6.51,6.33,6.44,6537400
20151029,6.34,6.49,6.29,6.3,3417600
20151030,6.32,6.5,6.3,6.41,3849700
20151103,6.58,6.78,6.51,6.77,5145100
20151104,6.86,7.13,6.84,6.98,5616800
20151105,6.92,7.14,6.84,7.14,5965300
20151106,7.1,7.14,6.54,6.66,6027200
20151109,6.7,6.81,6.57,6.63,4228100
20151110,6.63,6.95,6.62,6.72,5018800
20151111,6.92,7.08,6.83,6.91,4622300
20151112,6.98,6.98,6.67,6.67,5006700
20151113,6.63,6.79,6.45,6.56,4343200
20151116,6.58,6.71,6.39,6.54,3978800
20151117,6.63,6.63,6.38,6.38,3977400
20151118,6.4,6.49,6.38,6.44,3065800
20151119,6.51,6.54,6.39,6.5,3220300
20151123,6.63,6.79,6.51,6.55,3518700
20151124,6.49,6.65,6.44,6.6,3581100
20151125,6.58,6.6,6.36,6.41,3590400
20151126,6.52,6.62,6.43,6.55,4303900
20151127,6.51,6.58,6.21,6.23,4291200
20151130,6.23,6.23,5.89,5.91,7976400
20151201,5.94,6.04,5.55,5.55,4616900
20151202,5.54,5.79,5.4,5.73,6761200
20151203,5.99,6.1,5.72,5.73,5370900
20151204,5.73,5.76,5.48,5.64,4141500
20151207,5.71,5.8,5.54,5.63,3508600
20151208,5.59,5.66,5.42,5.49,5161400
20151209,5.54,5.78,5.49,5.7,4928000
20151210,5.69,5.74,5.48,5.62,4201500
20151211,5.59,5.73,5.46,5.46,4624500
20151214,5.46,5.48,5.16,5.16,6923100
20151215,5.2,5.51,5.2,5.37,8906600
20151216,5.34,5.66,5.29,5.66,8077600
20151217,5.75,5.83,5.55,5.58,4526100
20151218,5.37,5.44,5.29,5.42,7594400
20151221,5.42,5.53,5.34,5.51,5160600
20151222,5.63,5.71,5.34,5.37,3609500
20151223,5.43,5.61,5.38,5.54,2888700
20151228,5.54,5.65,5.52,5.55,1898300
20151229,5.62,5.67,5.5,5.54,2116300
20151230,5.54,5.61,5.47,5.49,3219600
20160104,5.39,5.46,5.18,5.18,3613000
20160105,5.28,5.3,5.04,5.04,3880900
20160106,4.99,5.03,4.76,4.78,6929400
20160107,4.66,4.71,4.48,4.51,5355700
20160108,4.6,4.64,4.3,4.3,5692000
20160111,4.34,4.52,4.29,4.36,3196300
20160112,4.42,4.51,4.38,4.44,7464500
20160113,4.5,4.5,4.25,4.29,5865200
20160114,4.34,4.34,4.15,4.23,7737200
20160115,4.13,4.17,4.06,4.12,5914200
20160118,4.15,4.15,3.98,4.12,2283400
20160119,4.18,4.21,3.92,3.93,7495100
20160120,3.89,3.98,3.75,3.98,7806400
20160121,3.98,4.11,3.92,4,3488400
20160122,4.12,4.13,4,4.09,3764600
20160126,4.11,4.21,3.92,4.07,4761900
20160127,4.04,4.56,4.04,4.5,4936400
20160128,4.45,4.89,4.38,4.89,6132600
20160129,4.94,5.51,4.92,5.41,9150400
20160201,5.35,6.14,5.28,6.09,8800500
20160202,5.91,5.94,4.81,4.81,13903000
20160203,4.97,5.18,4.4,5,10916900
20160204,5.15,5.25,5.01,5.01,5837200
20160205,5.02,5.76,4.9,5.33,9994800
20160210,5.33,5.86,5.27,5.82,8372400
20160211,5.66,5.83,5.16,5.35,10982700
20160212,5.45,5.57,5.07,5.31,7309700
20160215,5.44,5.57,5.37,5.37,3124200
20160216,5.41,5.77,5.4,5.54,11060800
20160217,5.61,6.07,5.56,5.61,12416700
20160218,5.64,5.85,5.62,5.8,8333900
20160219,5.8,5.9,5.44,5.49,10635400
20160222,5.67,5.76,5.58,5.7,7164500
20160223,5.7,5.82,5.38,5.52,7303500
20160224,5.36,5.43,5.22,5.23,5157100
20160225,5.24,5.5,5.16,5.5,5375100
20160226,5.61,5.66,5.23,5.23,4986100
20160229,5.31,5.43,5.23,5.38,4958300
20160301,5.47,5.67,5.42,5.62,5435700
20160302,5.62,5.68,5.47,5.6,4977000
20160303,5.66,6.49,5.66,6.42,10446500
20160304,7.1,7.2,6.42,6.48,16138800
20160307,6.55,6.63,6.24,6.39,6198500
20160308,6.37,6.66,6.33,6.52,7321800
20160309,6.62,6.74,6.38,6.42,11007700
20160310,6.6,6.74,6.35,6.55,14837200
20160311,6.55,7.14,6.55,7.05,11751900
20160314,7.18,7.18,6.6,6.69,9856800
20160315,6.41,6.48,5.97,6.32,9056700
20160316,6.33,6.43,6.19,6.33,6342700
20160317,6.69,6.95,6.47,6.92,9504000
20160318,6.87,7.11,6.84,7.05,7684300
20160321,7.01,7.41,6.96,7.24,7127800
20160322,7.27,7.49,7.2,7.28,8764900
20160323,7.24,7.24,6.89,7.12,6774200
20160324,7.06,7.26,6.75,7.26,4622200
20160328,7.47,7.81,7.31,7.56,5613500
20160329,7.59,7.92,7.48,7.61,8121600
20160330,7.62,7.97,7.62,7.69,5983500
20160331,7.65,7.92,7.28,7.41,10775100
20160401,7.26,7.4,7.17,7.26,7547200
20160404,7.19,7.26,6.79,6.82,6243900
20160405,6.82,6.91,6.52,6.6,9219700
20160406,6.55,6.66,6.15,6.21,6750600
20160407,6.27,6.49,6.01,6.15,7453000
20160408,6.43,6.71,6.35,6.5,8241600
20160411,6.65,6.98,6.6,6.87,7157000
20160412,7.15,7.17,6.79,7.14,8536500
20160413,7.28,7.57,7.25,7.28,9369100
20160414,7.38,7.45,6.78,7,11886700
20160415,7.05,7.28,6.85,7.15,9517300
20160418,7.24,7.24,6.85,6.91,6847500
20160419,7.04,7.06,6.87,6.89,6146300
20160420,6.86,6.98,6.74,6.79,7278100
20160422,6.69,6.73,6.6,6.64,6422900
20160425,6.69,6.78,6.47,6.51,5757800
20160426,6.56,6.64,6.47,6.49,5238800
20160427,6.57,6.65,6.47,6.55,9488500
20160428,6.6,6.68,6.52,6.57,6841300
20160429,6.61,6.62,6.18,6.27,10039400
20160502,6.4,6.51,6.29,6.47,7693400
20160503,6.43,6.43,6.1,6.1,6786600
20160504,6.08,6.08,5.9,5.95,6980100
20160505,6.03,6.04,5.75,5.84,5339500
20160506,5.77,5.98,5.68,5.97,5951700
20160509,5.97,6.04,5.61,5.8,5916800
20160510,5.9,6.17,5.84,6.15,8506900
20160511,6.27,6.45,6.11,6.17,6898400
20160512,6.27,6.66,6.22,6.56,11030900
20160513,6.56,6.69,5.99,6.03,8451300
20160516,5.92,6.12,5.84,5.92,6832900
20160517,5.95,6.01,5.73,5.73,5310900
20160518,5.66,5.69,5.28,5.32,8946600
20160519,5.29,5.3,5.06,5.2,7060700
20160520,5.3,5.51,5.27,5.32,6205900
20160523,5.21,5.21,4.98,5.19,9195100
20160524,5.34,5.39,5.09,5.21,8744000
20160525,5.26,5.43,5.11,5.16,7677500
20160527,5.2,5.29,5.06,5.16,3797000
20160530,5.16,5.28,5.09,5.23,1452700
20160531,5.32,5.43,5.25,5.43,9480200
20160601,5.52,5.56,5.31,5.35,6547100
20160602,5.41,5.51,5.32,5.47,3966600
20160603,5.55,5.58,5.47,5.55,3333200
20160606,5.52,5.68,5.44,5.64,5059800
20160607,5.56,5.66,5.52,5.53,5536300
20160608,5.56,5.77,5.56,5.74,7884000
20160609,5.74,5.74,5.56,5.56,6343600
20160610,5.45,5.49,5.28,5.34,5539600
20160613,5.27,5.36,5.17,5.35,3591400
20160614,5.37,5.42,5.11,5.17,4444600
20160615,5.21,5.28,5.05,5.15,6142900
20160616,5.1,5.28,5.03,5.21,6908000
20160617,5.27,5.55,5.25,5.52,12734200
20160620,5.64,5.69,5.42,5.45,6014700
20160621,5.44,5.69,5.34,5.64,7991900
20160622,5.64,6.12,5.58,6.08,14086900
20160623,6.22,6.35,6.1,6.3,8575900
20160624,5.95,6.25,5.83,6.21,7864600
20160627,6.31,6.34,6.01,6.26,5391100
20160628,6.41,6.57,6.33,6.51,8388000
20160629,6.57,6.84,6.56,6.72,13535900
20160630,6.74,7.02,6.7,7.02,13231900
20160701,7.07,7.13,6.85,7.02,11528000
20160704,7.23,7.51,7.16,7.36,8318300
20160705,7.38,7.54,7.22,7.52,10078000
20160706,7.43,7.49,6.84,7.29,11608400
20160707,7.33,7.42,7.05,7.06,7866300
20160708,7.23,7.52,7.13,7.51,10504300
20160711,7.59,8.33,7.58,8.25,14087900
20160712,8.46,8.9,8.23,8.24,16323500
20160713,7.91,8.17,7.83,7.83,12990800
20160714,8.03,8.52,7.98,8.34,12272500
20160715,8.34,8.44,8,8.17,10647300
20160718,8.28,8.64,8.08,8.61,9906000
20160719,8.61,8.71,8.38,8.49,6596000
20160720,8.48,8.83,8.33,8.57,12061100
20160721,8.68,8.82,8.6,8.76,6018500
20160722,8.71,8.9,8.6,8.72,7453100
20160725,8.72,8.72,8.26,8.44,8665900
20160726,8.44,8.72,8.39,8.7,9372800
20160727,8.72,8.92,8.72,8.78,6689600
20160728,8.73,8.77,8.54,8.75,4357000
20160729,8.75,8.82,8.52,8.77,5732800
20160801,8.8,9.16,8.66,8.72,7459000
20160802,8.75,8.76,8.41,8.51,5403000
20160803,8.48,8.94,8.33,8.92,5898500
20160804,9.03,9.42,8.9,9.33,10235200
20160805,9.41,9.49,8.88,9.02,8859700
20160808,9.11,9.26,8.96,9.19,4336500
20160809,9.22,9.33,8.98,9.03,9503300
20160810,9.12,9.23,8.97,9,7569300
20160811,8.97,9.32,8.93,9.32,5658700
20160812,9.3,9.49,9.16,9.26,8222000
20160815,9.17,9.49,8.99,9.46,6375500
20160816,9.55,9.62,9.17,9.2,9607100
20160817,9.2,9.24,8.71,9.05,8173600
20160818,9.02,9.07,8.85,8.9,5723300
20160819,8.91,9.16,8.79,9.07,5746100
20160822,9,9.01,8.57,8.68,8672500
20160823,8.85,8.95,8.69,8.69,7460600
20160824,8.68,8.75,8.45,8.51,7733500
20160825,8.49,8.63,8.36,8.55,5277500
20160826,8.61,8.84,8.47,8.51,6822700
20160829,8.5,8.73,8.49,8.68,4264700
20160830,8.75,8.76,8.59,8.61,4203800
20160831,8.61,8.73,8.44,8.44,7227100
20160901,8.63,8.88,8.45,8.8,7967800
20160902,8.89,9.25,8.89,9.25,6892500
20160905,9.36,9.36,9.18,9.3,2707100
20160906,9.36,9.44,9.11,9.39,4984700
20160908,9.25,9.41,9.24,9.24,10018000
20160909,9.17,9.17,8.5,8.56,11975500
20160912,8.58,8.58,8.02,8.58,11390000
20160913,8.53,8.56,8.08,8.08,6310100
20160914,8.18,8.22,7.87,8.13,9091200
20160915,8.23,8.34,8.11,8.25,4382500
20160916,8.23,8.24,8.01,8.07,4946800
20160919,8.18,8.29,8.07,8.19,2895200
20160920,8.27,8.44,8.21,8.33,5604700
20160921,8.4,8.57,8.24,8.49,5867900
20160922,8.64,8.81,8.51,8.77,5726400
20160923,8.68,8.75,8.49,8.6,2750600
20160926,8.44,8.64,8.35,8.57,2725400
20160927,8.59,8.62,8.38,8.57,2405900
20160928,8.6,8.7,8.44,8.68,4499100
20160929,8.71,8.87,8.47,8.47,4216800
20160930,8.55,8.62,8.23,8.28,6741100
20161003,8.21,8.49,8.2,8.49,3801000
20161004,8.5,8.53,8.24,8.34,4447900
20161005,8.41,8.62,8.4,8.62,3951300
20161006,8.54,8.6,8.34,8.48,4768300
20161007,8.54,8.66,8.41,8.56,5434700
20161010,8.57,8.75,8.51,8.55,3999300
20161011,8.47,8.52,8.31,8.34,6498600
20161013,8.31,8.68,8.26,8.62,9928000
20161014,8.63,8.91,8.62,8.68,7039500
20161017,8.73,8.81,8.51,8.68,6074200
20161018,8.68,8.77,8.59,8.63,6320700
20161019,8.65,8.85,8.6,8.62,7751100
20161020,8.64,8.65,8.34,8.54,6616200
20161021,8.47,8.53,8.38,8.4,6165000
20161024,8.5,8.66,8.41,8.53,11396300
20161025,8.55,8.8,8.41,8.74,8999600
20161026,8.7,8.96,8.6,8.9,10722800
20161027,8.93,9.16,8.92,9.15,9460300
20161028,9.15,9.39,9.07,9.35,10005900
20161031,9.36,9.5,9.15,9.41,8338600
20161101,9.42,9.46,8.83,8.87,5985900
20161103,8.83,9.14,8.7,8.78,6736600
20161104,8.78,9.04,8.71,8.72,5071100
20161107,8.97,9.17,8.89,9.16,6335900
20161108,9.12,9.21,8.9,9.05,4772900
20161109,8.62,8.97,8.59,8.73,9293800
20161110,8.83,8.87,7.96,7.96,11462000
20161111,7.82,7.88,7.11,7.64,15730300
20161114,7.72,8.17,7.68,7.9,11629700
20161116,8.13,8.25,7.87,7.89,8626500
20161117,8.01,8.11,7.73,7.73,5529900
20161118,7.77,7.85,7.52,7.77,5031100
20161121,7.8,7.94,7.72,7.84,4200600
20161122,7.91,8.1,7.81,7.87,7284200
20161123,7.8,7.98,7.78,7.96,3155200
20161124,8.03,8.05,7.84,7.87,1290700
20161125,7.77,7.83,7.65,7.73,3697000
20161128,7.75,7.95,7.71,7.94,3110000
20161129,7.91,8,7.74,7.74,3482900
20161130,7.87,7.89,7.62,7.62,6851400
20161201,7.52,7.57,7.07,7.14,6851000
20161202,7.09,7.32,6.9,7.31,5740900
20161205,7.33,7.43,7.19,7.21,3931500
20161206,7.18,7.24,7.01,7.12,7028900
20161207,7.19,7.25,7.1,7.23,5305300
20161208,7.3,7.42,7.05,7.05,9838100
20161209,7.1,7.16,7.04,7.05,6067000
20161212,7.02,7.02,6.89,6.95,3581900
20161213,6.92,7.18,6.86,7.15,5215800
20161214,7.17,7.19,6.91,6.91,5613000
20161215,6.86,7.01,6.81,6.97,3697600
20161216,7.03,7.1,6.92,6.92,3583200
20161219,6.93,7.38,6.93,7.14,5585600
20161220,7.23,7.27,7.03,7.17,4233600
20161221,7.22,7.24,6.96,7.02,3927900
20161222,7.11,7.17,6.98,7.15,4803300
20161223,7.23,7.38,7.17,7.25,2964600
20161226,7.27,7.4,7.14,7.14,3935600
20161227,7.29,7.38,7.22,7.38,4336400
20161228,7.38,7.61,7.38,7.51,3837700
20161229,7.53,7.74,7.52,7.71,4518200
20170102,7.69,7.8,7.57,7.72,1766300
20170103,7.8,7.99,7.76,7.89,5926200
20170104,7.89,7.9,7.62,7.67,6690000
