<DTYYYYMMDD>,<OPEN>,<HIGH>,<LOW>,<CLOSE>,<VOL>
20100601,24.95,25.56,24.95,25.11,464400
20100602,25.2,25.33,24.65,25.26,571000
20100604,25.37,25.87,24.93,25.64,689500
20100607,25.36,26.1,25.36,26.1,617100
20100608,25.93,26.07,25.44,25.66,551300
20100609,25.78,25.96,25.34,25.34,682600
20100610,25.47,25.71,25.35,25.43,479500
20100611,25.12,25.64,24.69,25.49,1165500
20100614,25.67,25.67,25.2,25.3,369700
20100615,25.41,25.45,25,25.38,753800
20100616,25.26,25.49,25.07,25.49,660700
20100617,25.49,26.07,25.35,25.88,760900
20100618,25.65,26.09,25.39,26.09,790000
20100621,26.07,26.21,25.94,26.17,608300
20100622,26.17,26.55,26.17,26.24,1107500
20100623,26.22,26.47,25.98,26.23,558300
20100624,26.17,26.98,25.99,26.89,986700
20100625,26.55,27.03,26.55,26.97,234800
20100628,27.12,27.4,27.1,27.2,320000
20100629,27.08,27.84,26.79,27.84,1209800
20100630,28.42,29.36,28.07,28.3,2261900
20100701,27.78,28.13,27.42,27.43,844700
20100702,27.47,28.53,27.42,28.2,998400
20100705,27.79,28.41,27.79,28.15,251100
20100706,28.89,29.06,28.12,29.02,420400
20100707,29.24,29.29,28.61,28.61,920700
20100708,28.72,28.92,28.03,28.22,666200
20100712,28.23,28.56,27.58,27.92,509400
20100713,28.04,28.66,28,28.53,539500
20100714,28.13,28.45,27.82,28.15,530200
20100715,27.98,28.5,27.84,28.38,414800
20100716,28.12,28.53,27.84,28,451400
20100719,28.3,28.3,27.95,28.03,370100
20100720,28.19,28.22,27.88,27.88,454600
20100721,27.92,28.15,27.68,28.14,658100
20100722,28.59,28.64,28.19,28.38,529600
20100723,28.18,28.74,28.16,28.3,700400
20100726,28.49,28.85,28.29,28.53,398900
20100727,28.84,29.47,28.58,29.28,830300
20100728,29.27,29.4,29.07,29.16,649200
20100729,29.36,29.59,28.83,28.99,297300
20100730,28.51,29.14,28.38,28.99,804900
20100802,29.48,29.78,29.12,29.67,508400
20100803,29.67,30.07,29.57,29.72,633600
20100804,29.95,29.95,29.55,29.6,389300
20100805,29.34,30.05,29.34,30.05,288700
20100806,29.86,30.32,29.69,30.17,590400
20100809,30.35,30.35,29.85,30.05,411600
20100810,29.75,30.17,29.59,29.68,567800
20100811,29.63,30.12,29.59,30.01,661300
20100812,29.67,29.67,29.05,29.67,473500
20100813,29.51,29.63,29.25,29.37,437300
20100816,29.13,29.66,29.08,29.48,448200
20100817,29.67,29.82,29.62,29.74,582100
20100818,30,30.45,29.84,30.45,673900
20100819,30.3,30.81,30.2,30.81,757400
20100820,30.67,30.83,30.17,30.7,407600
20100823,31.29,31.29,30.31,30.41,303000
20100824,30.06,30.83,30.06,30.83,462700
20100825,30.53,30.68,30.07,30.07,717000
20100826,30.14,30.3,29.53,29.61,739100
20100827,29.68,30.33,29.58,30.03,690000
20100830,30.08,30.25,29.85,30.19,412500
20100831,29.77,30.22,29.49,29.49,672200
20100901,29.68,30.37,29.51,29.73,843000
20100902,29.91,29.91,29.39,29.55,461800
20100903,29.76,29.97,29.4,29.68,272300
20100906,29.7,29.92,29.15,29.38,136200
20100908,29.6,29.6,28.49,28.62,940600
20100909,28.99,29.02,28.42,29.02,634600
20100910,29.05,29.38,28.98,29.3,584700
20100913,29.36,29.9,29.18,29.84,492300
20100914,29.97,30.29,29.63,30.12,872100
20100915,30.09,30.45,29.76,30.37,522400
20100916,30.3,30.44,29.71,29.95,306300
20100917,29.71,29.93,29.46,29.61,194500
20100920,29.83,30.02,29.57,29.99,278500
20100921,29.99,30.19,29.59,29.84,307100
20100922,29.94,30.29,29.47,29.53,888600
20100923,29.53,30.02,29.31,29.33,1331000
20100924,29.41,29.8,28.42,28.42,1068600
20100927,29.09,29.14,28.62,28.99,309800
20100928,28.98,29,28.72,28.84,429500
20100929,28.92,28.98,28.68,28.76,586700
20100930,28.92,28.92,28.3,28.57,493300
20101001,28.35,28.72,28.26,28.46,411300
20101004,28.57,29.74,28.57,29.72,1033100
20101005,30.09,30.86,30.03,30.79,1323300
20101006,30.76,31.01,30.52,30.68,683200
20101007,30.45,31.02,30.12,30.53,476600
20101008,30.53,31.82,30.22,31.45,695500
20101011,31.31,31.35,31.06,31.29,259900
20101013,31.39,32.05,31.06,31.68,876600
20101014,31.45,31.62,30.71,31.33,408600
20101015,31.44,31.59,30.72,30.86,449800
20101018,31.17,31.33,30.68,31.18,464500
20101019,30.49,31.26,30.47,31.1,893100
20101020,30.55,31.29,30.48,30.83,546300
20101021,30.68,30.99,30.5,30.93,641100
20101022,31.06,31.29,30.12,30.18,442700
20101025,30.18,30.65,30.18,30.26,197100
20101026,30,31.06,29.91,31.06,457200
20101027,31.06,31.08,30.72,30.91,351000
20101028,31.36,31.36,30.56,30.87,230500
20101029,30.99,31.11,30.13,30.66,442100
20101101,31.05,31.07,30.39,30.59,285200
20101103,30.6,30.87,30.34,30.68,522800
20101104,31.06,31.68,31.06,31.66,823800
20101105,31.64,32.06,31.48,31.87,493500
20101108,31.52,32.64,31.46,32.11,655100
20101109,32.6,32.6,31.73,32.37,880400
20101110,32.57,33.98,32.01,32.15,1799300
20101111,32.37,32.41,31.41,31.72,807900
20101112,31.77,31.78,31,31.37,537100
20101116,32.21,32.21,31.1,31.45,636800
20101117,31.13,31.97,31.13,31.91,577900
20101118,32.2,32.29,31.84,32.09,782600
20101119,31.68,32.97,31.68,32.83,823000
20101122,32.26,33.07,32.01,32.21,521000
20101123,31.75,32.56,31.15,32.07,381500
20101124,32.34,32.98,32.24,32.98,473900
20101125,33.06,33.1,32.47,32.98,167700
20101126,32.21,32.87,32.21,32.75,186600
20101129,32.41,32.83,32.18,32.41,676200
20101130,32.02,33.26,32.02,32.6,1040100
20101201,33.44,33.44,32.64,33.26,404200
20101202,33.26,33.36,32.8,33.21,420300
20101203,33.23,34.26,32.77,34.21,565700
20101206,33.93,34.17,33.33,33.67,509600
20101207,33.59,33.82,32.47,32.79,1414900
20101208,32.79,32.79,31.81,32.71,830300
20101209,32.45,32.73,32.29,32.44,561500
20101210,32.76,32.93,32.22,32.44,543500
20101213,32.67,32.67,32.02,32.4,457300
20101214,32.14,32.77,31.45,31.75,748900
20101215,31.45,31.98,31.41,31.62,729100
20101216,31.73,32.14,31.57,31.79,390300
20101217,31.96,32.6,31.81,32.44,552400
20101220,32.44,32.71,32.02,32.29,313800
20101221,32.27,32.51,31.49,31.57,703700
20101222,31.42,31.66,31.23,31.32,403400
20101223,31.26,31.75,31.12,31.29,271400
20101227,31.29,31.42,30.73,30.93,356800
20101228,30.73,31.06,30.46,30.95,415900
20101229,31.19,31.75,30.83,31.75,410200
20101230,31.76,31.95,31.17,31.83,361000
20110103,32.21,32.21,31.68,31.95,404700
20110104,31.97,32.28,31.64,31.91,497400
20110105,31.91,32.6,31.76,32.56,542600
20110106,32.73,32.73,31.78,32.21,711200
20110107,32.34,32.34,31.99,32.21,623200
20110110,31.98,32.28,31.81,31.95,530400
20110111,32.18,32.64,31.8,32.63,949900
20110112,32.73,33.87,32.38,33.75,1296900
20110113,33.93,34.89,33.52,34.53,814100
20110114,34.49,34.93,34.25,34.59,867900
20110117,34.59,34.59,33.56,34.31,196200
20110118,33.95,34.85,33.74,34.67,551900
20110119,34.71,34.94,34.09,34.29,778300
20110120,33.98,34.45,33.94,34.2,678300
20110121,34.2,34.22,33.82,34.05,616300
20110124,34.11,34.21,33.63,33.79,348600
20110126,33.48,33.74,33.3,33.4,428900
20110127,33.92,34.29,33.02,33.28,604900
20110128,33.29,33.29,32.24,32.52,550700
20110131,32.6,33.07,32.49,32.6,956400
20110201,32.69,32.84,32.2,32.41,814700
20110202,32.46,32.46,31.91,32.06,639300
20110203,32.21,32.48,31.9,32.25,668000
20110204,32.26,32.44,31.77,32.06,943100
20110207,32.18,32.33,31.62,32.29,405400
20110208,32.26,32.32,31.55,31.78,808200
20110209,31.53,31.86,30.86,30.86,559100
20110210,30.61,31.27,30.61,30.68,469900
20110211,30.93,30.97,30.4,30.9,880400
20110214,30.65,30.83,30.4,30.53,769900
20110215,30.53,30.76,30.3,30.45,546400
20110216,30.68,31.1,30.33,30.91,697600
20110217,30.98,31.98,30.6,31.98,1811900
20110218,31.83,32.52,31.59,32.52,911000
20110221,32.58,32.58,31.84,32.41,314800
20110222,31.85,32.6,31.85,32.37,1033100
20110223,32.18,32.58,31.94,32.18,1159900
20110224,32.12,32.15,31.7,31.7,454000
20110225,32.28,32.28,31.31,31.6,559200
20110228,31.31,32.06,31.31,32.06,555900
20110301,32.31,32.55,31.81,31.91,595000
20110302,32.02,32.17,31.83,32.1,782500
20110303,32.21,32.36,31.98,32.29,501100
20110304,32.29,32.58,32.03,32.58,681300
20110309,32.6,33.51,32.6,33.06,621400
20110310,32.93,33.28,32.69,33.13,973800
20110311,33.21,33.75,32.99,33.75,724100
20110314,33.86,33.86,33.1,33.52,425400
20110315,32.77,33.44,32.77,33.44,421100
20110316,33.58,33.58,32.14,32.67,758300
20110317,33,33,32.49,32.6,674100
20110318,32.93,33.1,32.8,32.93,616800
20110321,33.36,33.36,32.71,32.95,491400
20110322,32.96,33.47,32.73,33.36,474100
20110323,33.13,33.82,33.11,33.75,546100
20110324,33.52,33.69,33.18,33.56,350800
20110325,33.76,33.87,33.17,33.4,970800
20110328,33.32,33.66,33.24,33.52,544400
20110329,33.59,33.82,33.17,33.29,594500
20110330,33.54,34.13,33.42,34.13,803700
20110331,34.13,34.28,33.87,34.09,991000
20110401,34,35.08,34,35.05,530600
20110404,35.21,35.67,34.78,35.51,457600
20110405,35.28,35.83,35.2,35.67,659300
20110406,35.67,35.82,35.22,35.44,473400
20110407,35.17,35.47,34.46,34.78,722200
20110408,34.87,34.87,34.07,34.36,329600
20110411,34.52,34.65,33.71,34.01,659300
20110412,33.59,33.96,33.42,33.52,412200
20110413,33.75,33.99,33.3,33.46,345000
20110414,33.3,33.63,33.17,33.47,775000
20110415,33.66,33.66,33.25,33.46,957000
20110418,33.46,34.21,33.21,34.13,590200
20110419,33.99,33.99,33.6,33.75,499300
20110420,33.84,34.12,33.04,33.33,902800
20110425,33,33.49,32.98,33.36,404200
20110426,33.28,33.61,33.02,33.02,469500
20110427,33.13,33.26,32.44,32.44,819800
20110428,32.57,33.01,32.29,32.98,882300
20110429,33.29,33.57,32.4,33.57,880400
20110502,33.86,33.96,32.95,33.49,718600
20110503,33.09,33.54,33.01,33.18,492700
20110504,33.48,33.96,33.21,33.8,458400
20110505,33.63,34.27,33.58,34.27,364500
20110506,34.72,34.72,33.8,34.23,311300
20110509,34.43,34.53,33.83,34.35,443200
20110510,34.35,34.55,33.83,34.35,347200
20110511,34,34.34,33.7,34,316800
20110512,34.35,34.64,34.19,34.51,838500
20110513,34.52,34.71,34.08,34.35,608500
20110516,33.97,34.36,33.65,34.11,351900
20110517,33.85,34.31,33.72,34.26,319800
20110518,34.35,34.36,33.69,33.72,591200
20110519,33.72,34.04,33.48,33.84,394900
20110520,33.6,34.01,33.49,33.63,597700
20110523,33.4,33.76,33.22,33.45,343300
20110524,33.4,33.44,33.06,33.24,475300
20110525,32.9,33.53,32.9,33.33,563700
20110526,33.66,33.66,32.93,33.23,410900
20110527,33.33,33.47,32.69,33.02,632600
20110530,32.87,33.02,32.22,32.48,335800
20110531,32.73,32.73,31.42,32.01,1229500
20110601,31.93,32.16,31.46,31.73,577900
20110602,31.73,32.15,31.42,32.15,722100
20110603,31.99,32.59,31.71,32.51,383300
20110606,32.51,32.51,31.42,31.67,465800
20110607,31.88,31.88,30.99,31.21,642400
20110608,31.23,31.25,30.77,30.98,514600
20110609,30.91,31.4,30.91,31.38,591000
20110610,31.44,31.48,31.07,31.42,622100
20110613,31.44,31.49,31.05,31.23,496000
20110614,31.45,31.45,31.03,31.23,683700
20110615,30.85,31.76,30.85,31.58,878200
20110616,31.48,32.48,31.39,32.48,1176800
20110617,32.2,32.55,31.98,32.4,631800
20110620,32.2,32.71,32.05,32.48,865100
20110621,32.48,32.63,32.09,32.63,315600
20110622,32.62,32.62,32.21,32.4,320400
20110624,32.51,33.05,31.98,32.99,436500
20110627,32.99,32.99,32.53,32.67,489200
20110628,32.73,33.1,32.36,33.1,602000
20110629,33.19,33.19,32.42,32.79,443400
20110630,32.82,32.83,32.3,32.4,419700
20110701,32.3,32.66,32.16,32.16,577100
20110704,32.17,32.71,32.05,32.71,314400
20110705,32.5,32.72,32.12,32.12,352500
20110706,32.06,32.36,31.85,31.85,472300
20110707,31.99,32.24,31.09,31.46,685200
20110708,30.99,31.94,30.99,31.38,654900
20110711,30.95,31.22,30.62,31.05,365200
20110712,31.01,31.44,30.71,31.34,471700
20110713,31.09,31.82,31.09,31.79,379300
20110714,31.81,31.82,30.91,31.14,504400
20110715,31.14,31.27,30.74,30.99,365900
20110718,30.73,30.98,30.39,30.68,499500
20110719,30.59,30.74,30.09,30.24,538500
20110720,30.05,30.34,29.67,29.96,818600
20110721,29.97,30.25,29.77,30.25,2578800
20110722,30.29,30.55,29.99,30.44,743900
20110725,30.41,30.48,29.92,30.17,406200
20110726,30,30.29,29.63,30.18,469800
20110727,29.79,30.05,29.27,29.43,951600
20110728,29.43,29.66,28.73,28.96,936800
20110729,28.49,29.23,28.49,29.2,787600
20110801,29.2,29.91,29.2,29.7,979800
20110802,29.81,30.05,29.63,29.63,1277600
20110803,29.5,29.6,29.09,29.2,996700
20110804,29.19,29.34,28.45,28.52,1770700
20110805,28.97,29.64,28.38,29.31,1211800
20110808,29.18,29.18,26.82,27.56,1840200
20110809,27.58,28.4,27.17,28.26,1164400
20110810,27.63,28.49,27.21,28.26,922300
20110811,28.09,28.42,27.32,28.42,1479400
20110812,28.34,28.8,27.24,27.54,948300
20110815,27.81,28.02,27.42,28.02,617700
20110816,27.91,28.18,27.6,28.02,836400
20110817,28.01,28.44,27.95,28.33,1071200
20110818,28.11,28.49,27.58,28.49,765100
20110819,28.35,28.46,27.55,27.98,1094600
20110822,27.99,28.18,27.39,27.59,452300
20110823,27.29,27.75,27.19,27.75,836200
20110824,27.75,27.76,27.18,27.6,458600
20110825,27.6,27.6,26.76,26.99,412900
20110826,26.71,27.35,26.71,27.19,446400
20110829,27.09,27.39,27.07,27.19,660700
20110830,27.03,27.19,26.59,26.95,913000
20110831,27,28.15,26.78,27.99,957900
20110901,28.25,28.27,27.87,28.07,821600
20110902,27.88,28.06,27.56,27.75,600200
20110905,27.31,27.8,26.79,27.47,352700
20110906,27.03,28.33,27.03,28.33,544800
20110908,28.39,28.57,28,28.57,650600
20110909,28.16,28.31,27.48,27.72,728200
20110912,27.59,28.09,27.33,28.08,538600
20110913,27.92,28.05,27.44,27.75,509500
20110914,27.75,28.22,27.33,28.14,641300
20110915,28.23,28.51,28.08,28.47,782300
20110916,28.36,28.63,28.15,28.63,518900
20110919,28.26,28.51,28.03,28.39,503900
20110920,28.46,28.87,28.18,28.87,821900
20110921,28.9,29.4,28.67,28.99,691800
20110922,28.31,28.58,27.19,27.67,919500
20110923,27.61,27.66,27.24,27.43,595200
20110926,27.6,27.78,27.01,27.23,832600
20110927,27.28,27.59,27.28,27.37,572300
20110928,27.46,27.76,27.06,27.35,500700
20110929,27.38,27.63,26.84,27.15,444200
20110930,27.13,27.28,26.79,27.11,645300
20111003,26.84,27.44,26.79,26.79,801900
20111004,26.53,27.03,25.85,26.75,623800
20111005,26.41,27.06,26.06,26.63,498900
20111006,27.03,27.07,26.51,26.51,449800
20111007,26.63,26.63,25.71,25.87,549100
20111010,25.87,26.67,25.87,26.49,253700
20111011,26.11,26.78,26.11,26.67,358700
20111013,26.72,27,26.46,26.79,662400
20111014,26.94,26.95,26.58,26.71,312700
20111017,26.55,26.56,25.53,25.53,951100
20111018,25.45,26.23,25.44,26.15,1006400
20111019,26.15,26.46,25.85,26.15,773400
20111020,25.95,26.43,25.72,25.88,499500
20111021,25.96,26.48,25.96,26.35,388500
20111024,26.5,26.89,26.32,26.67,492000
20111025,26.42,26.76,25.96,26.59,618200
20111026,26.89,27.11,26.39,27.11,588500
20111027,27.63,27.8,27.25,27.75,771800
20111028,27.67,27.67,27.02,27.51,451200
20111031,27.12,27.55,26.77,27.47,581700
20111101,26.4,27.17,26.4,26.91,637500
20111103,27.3,27.3,26.93,27.09,492800
20111104,26.98,27.03,26.51,26.95,504200
20111107,27.11,27.75,26.86,27.67,649800
20111108,27.6,27.65,27.15,27.31,803600
20111109,26.77,27.12,26.57,26.98,674600
20111110,27.2,27.36,26.96,27.08,427500
20111111,27.34,27.56,27.1,27.44,373900
20111114,27.45,27.45,26.76,26.79,512500
20111116,27.02,27.43,26.77,27.43,750800
20111117,27.24,27.39,26.76,27.03,436300
20111118,27.18,27.18,26.49,26.78,466200
20111121,26.6,26.91,26.3,26.91,346000
20111122,26.92,27.15,26.51,26.95,485600
20111123,26.79,27.26,26.68,27.19,739900
20111124,27.37,27.37,26.68,27.19,212500
20111125,26.86,27.98,26.86,27.98,417200
20111128,28.43,28.43,27.72,28.24,788300
20111129,28.22,28.52,27.96,28.23,712400
20111130,28.82,29.18,28.51,29.18,1485900
20111201,29.48,29.48,28.87,29.03,492900
20111202,29.35,29.43,27.99,28.44,737900
20111205,28.78,29.09,28.39,29.01,543500
20111206,29.27,29.55,28.99,29.51,587800
20111207,29.43,29.43,28.83,28.87,579500
20111208,29.15,29.36,28.67,29.27,579600
20111209,29.27,29.95,29.23,29.94,676300
20111212,29.95,30.47,29.61,30.23,788900
20111213,30.47,30.56,30.12,30.47,601800
20111214,30.29,30.88,30.27,30.67,1116800
20111215,30.79,30.79,29.89,30.19,1025000
20111216,30.38,30.6,29.91,29.91,549400
20111219,29.91,30.51,29.91,30.28,685400
20111220,30.59,31.27,30.39,30.93,1273100
20111221,30.75,31.19,30.71,30.99,691900
20111222,31.19,31.19,30.77,31.15,631000
20111223,31.15,31.95,31.15,31.91,304200
20111226,32.03,32.03,31.75,31.91,206500
20111227,31.98,32.27,31.75,32.06,479100
20111228,31.88,32.23,31.11,31.15,648500
20111229,31.36,31.55,30.81,31.11,909100
20120102,30.64,31.39,30.63,30.63,465200
20120103,30.8,30.99,29.75,29.87,1747900
20120104,29.81,30.39,29.81,30.13,995900
20120105,30.03,30.29,29.95,30.23,733800
20120106,30.36,30.68,30.23,30.55,333700
20120109,30.55,30.71,30.19,30.39,351900
20120110,30.59,30.71,30.27,30.39,465900
20120111,30.39,30.63,30.1,30.35,538500
20120112,30.47,30.51,29.96,30.07,309800
20120113,30.19,30.23,29.62,29.86,374400
20120116,30.14,30.38,29.91,30.31,189100
20120117,30.59,30.71,29.48,29.9,504900
20120118,29.78,29.98,29.5,29.83,765900
20120119,29.91,30.03,29.58,30.03,813400
20120120,29.93,30.47,29.85,30.47,512200
20120123,30.39,30.39,29.75,30.11,552300
20120124,30.08,30.3,29.83,30.19,500800
20120126,30.29,30.66,30.03,30.64,455600
20120127,30.66,31.03,30.39,31.03,646700
20120130,30.95,31.99,30.95,31.99,2155300
20120131,32.07,32.43,31.61,32.43,1148000
20120201,32.52,32.52,31.87,31.99,603700
20120202,32.03,32.06,31.63,31.84,588900
20120203,31.85,32.23,31.67,31.99,780500
20120206,31.76,32.21,31.52,32.06,291200
20120207,32.13,32.59,31.56,32.55,493600
20120208,32.63,32.85,32.47,32.59,1106900
20120209,32.43,32.9,32.43,32.79,709200
20120210,32.68,33.13,32.45,32.79,891300
20120213,32.94,32.98,32.47,32.59,483400
20120214,32.59,32.84,32.15,32.63,429100
20120215,32.74,33.07,32.67,32.91,672000
20120216,32.86,33.21,32.75,32.91,453900
20120217,32.79,33.55,32.79,33.3,964200
20120222,33.11,33.49,32.85,33.35,279300
20120223,33.12,33.54,33.01,33.31,523400
20120224,33.31,33.73,33.16,33.59,487100
20120227,33.64,33.97,33.26,33.97,724400
20120228,33.74,34.38,33.6,34.29,488800
20120229,34.39,34.84,34.19,34.57,792200
20120301,34.71,35.74,34.41,35.74,892900
20120302,35.74,36.45,35.62,36.4,1045100
20120305,36.03,36.48,35.22,35.46,640400
20120306,35.34,35.58,34.82,35.07,628000
20120307,34.95,35.38,34.76,34.99,548800
20120308,35.38,35.62,34.9,35.26,501400
20120309,34.21,35.07,33.48,35.07,2330500
20120312,34.99,34.99,34.33,34.47,445400
20120313,34.47,35.74,34.31,35.58,657900
20120314,35.63,36.03,35.26,35.66,552900
20120315,35.26,35.9,34.92,35.34,287200
20120316,35.07,35.62,34.88,35.05,260400
20120319,35.3,35.36,34.75,35.21,295800
20120320,34.71,35.07,34.35,34.75,352300
20120321,34.64,35.17,34.59,34.79,406200
20120322,34.49,35.1,34.49,34.99,351400
20120323,35.08,35.25,34.74,35.25,454000
20120326,34.95,35.79,34.83,35.78,254800
20120327,35.38,35.38,34.35,34.54,1062200
20120328,34.47,34.71,33.64,33.64,763200
20120329,33.35,33.88,33.08,33.27,794600
20120330,33.27,34.31,32.84,34.19,1300500
20120402,34.19,35.49,34.03,35.46,840100
20120403,35.46,35.71,34.62,34.66,656900
20120404,34.55,35.08,34.23,34.95,604100
20120405,34.91,35.45,34.59,35.14,860900
20120409,34.51,34.9,34.31,34.35,566900
20120410,34.28,34.63,34.03,34.63,496600
20120411,34.71,35.13,34.49,34.79,503200
20120412,35.22,35.24,34.69,35.11,861900
20120413,34.87,35.38,34.85,35.37,798500
20120416,35.62,35.62,34.86,35.03,578000
20120417,35.34,35.34,34.76,35.11,257700
20120418,35.05,36.59,35.05,35.98,924500
20120419,36.02,36.42,35.91,36.09,442900
20120420,36.41,36.44,35.84,36.26,452100
20120423,35.78,36.43,35.7,36.41,432800
20120424,36.22,37.1,36.14,37.1,606800
20120425,37.5,38.44,37.26,38.18,604500
20120426,38.14,38.4,37.14,37.85,347700
20120427,38.2,38.23,37.59,37.86,557000
20120430,37.68,39.24,37.55,39.24,409100
20120502,38.52,38.84,38.1,38.59,600100
20120503,38.59,39,37.26,37.48,721800
20120504,37.92,38.23,36.85,36.85,737000
20120507,36.25,37.6,36.24,37.56,596800
20120508,37.54,37.94,36.93,37.01,574800
20120509,36.92,37.83,36.58,37.68,394300
20120510,37.74,38.04,37.51,37.69,406800
20120511,37.55,38.28,37.38,37.38,345000
20120514,37.38,37.7,36.11,36.2,501000
20120515,35.96,36.52,35.56,36.08,483700
20120516,36.86,37.62,36.72,37.42,755100
20120517,37.64,38.03,35.88,35.97,682000
20120518,36.3,36.32,35.38,35.72,944600
20120521,35.43,35.7,35.04,35.21,462500
20120522,34.86,35.75,34.63,35.5,559200
20120523,35.83,35.98,33.92,34.52,517900
20120524,34.13,34.25,33.54,34.21,721700
20120525,34.14,34.14,33.56,33.63,340400
20120528,34.13,34.37,33.56,34.13,165500
20120529,34.4,34.76,33.23,33.39,660800
20120530,33.23,33.48,32.26,32.43,813000
20120531,32.43,33.56,32.09,33.33,612200
20120601,33.07,33.64,32.88,33.22,396800
20120604,33.08,34.01,33.08,33.78,329800
20120605,33.9,34.1,33.16,33.17,390000
20120606,33.12,34.04,33.12,33.78,338400
20120608,33.78,34.39,33.2,34.39,380300
20120611,34.17,34.61,33.81,34,273100
20120612,33.77,34.77,33.77,34.77,312300
20120613,34.91,35.34,34.47,35.34,729900
20120614,35.17,35.65,34.72,35.45,520200
20120615,35.35,35.69,34.84,35.69,506400
20120618,35.18,35.87,35.05,35.35,403600
20120619,35.6,36.26,35.41,35.6,428300
20120620,35.78,35.78,35.09,35.34,390400
20120621,35.34,35.6,35.06,35.35,278100
20120622,35.7,35.79,34.67,34.83,149700
20120625,34.29,35.16,34.29,34.69,187900
20120626,34.73,35.51,34.61,35.09,372600
20120627,35.08,35.83,35.08,35.6,268100
20120628,35.6,35.96,35.35,35.96,406400
20120629,36.41,36.51,35.18,35.91,541500
20120702,35.52,35.88,35.3,35.59,314900
20120703,35.66,35.95,35.12,35.79,361300
20120704,35.96,36.03,35.15,35.59,189800
20120705,35.73,36.16,35.64,35.98,284100
20120706,35.65,36.29,35.35,35.62,271400
20120710,35.86,35.86,34.78,34.83,323600
20120711,34.68,34.94,33.81,33.87,523200
20120712,33.92,34.71,33.61,34.51,283700
20120713,34.57,34.62,33.76,34.14,330300
20120716,33.99,34.69,33.82,34.59,298200
20120717,35.17,35.25,34.19,34.95,354700
20120718,34.95,35.23,34.47,34.85,175500
20120719,35.18,35.29,34.13,34.23,720800
20120720,33.89,34.22,32.91,33.21,865200
20120723,32.74,33.36,32.26,32.74,649700
20120724,32.73,33.11,32.61,32.84,219700
20120725,33.26,33.26,32.11,32.44,477700
20120726,32.69,32.84,32.43,32.74,371100
20120727,32.74,34.02,32.51,33.68,687200
20120730,33.68,34.4,33.62,34.4,231900
20120731,34.53,34.76,33.68,34.19,570700
20120801,34.52,35.29,34.04,35.08,620800
20120802,34.48,35.19,34.19,34.3,571000
20120803,35.26,35.26,34.64,34.84,375200
20120806,35.19,35.91,34.87,35.91,409100
20120807,35.68,36.14,35.26,35.95,431100
20120808,35.38,36.05,35.38,35.95,286200
20120809,35.39,36.01,35.39,36.01,314700
20120810,35.99,36.3,35.73,35.91,328800
20120813,35.6,36.03,35.43,35.45,438300
20120814,35.51,35.93,35.27,35.34,765800
20120815,35.03,35.18,33.21,33.52,1118400
20120816,34.03,34.04,32.65,33.61,973500
20120817,33.61,33.94,32.87,33.07,388700
20120820,33.35,33.35,32.56,32.79,522900
20120821,33.11,33.26,32.64,32.78,518600
20120822,32.78,33.11,32.55,32.82,588100
20120823,32.5,32.83,32.23,32.74,1178300
20120824,32.74,33.05,32.57,32.74,1080400
20120827,32.57,32.57,31.22,31.44,1217200
20120828,31.2,32.09,31.16,32.09,715600
20120829,31.92,32.09,31.09,31.09,691000
20120830,30.94,31.21,30.42,30.75,463300
20120831,30.23,30.62,28.49,29.57,2284600
20120903,29.29,30.17,29.05,30.01,290200
20120904,29.75,29.75,28.92,29.24,642800
20120905,29.64,29.68,28.8,29.59,460600
20120906,29.56,29.75,29.13,29.13,510400
20120910,29.14,29.28,28.18,28.5,880100
20120911,28.5,29.03,27.38,27.38,1320500
20120912,24.38,26.85,22.79,26.25,3675100
20120913,26.25,27.56,26.16,27.06,1808900
20120914,27.05,27.46,26.33,26.53,830200
20120917,26.53,26.8,26.05,26.53,534200
20120918,26.8,27.5,26.54,26.97,981900
20120919,27.26,27.38,26.5,27.1,1029300
20120920,26.82,26.82,26.32,26.61,524700
20120921,26.88,26.88,26.34,26.42,267700
20120924,26.36,26.74,26.36,26.65,363700
20120925,26.77,27.32,26.65,27.12,552700
20120926,27.11,27.16,26.61,26.79,383000
20120927,26.97,27.26,26.62,27.07,370900
20120928,27.17,27.36,26.8,26.89,752900
20121001,26.91,27.15,26.88,27.06,571200
20121002,27.06,27.3,26.75,26.93,520500
20121003,27.14,27.15,26.06,26.2,539500
20121004,26.03,26.28,25.2,25.43,596900
20121005,25.55,26.06,25.54,25.8,531900
20121008,25.8,26.58,25.61,26.58,325200
20121009,26.49,27.19,25.88,26.05,240900
20121010,26.31,26.37,25.75,26.03,308100
20121011,25.89,26.01,25.59,25.8,360700
20121015,25.63,26.36,25.63,26,378500
20121016,26.27,26.85,26.13,26.65,817700
20121017,26.65,26.65,25.67,25.71,548700
20121018,25.84,26.15,25.58,25.92,674900
20121019,25.92,26.18,25.39,25.71,586300
20121022,25.71,26.03,25.59,25.99,154900
20121023,25.91,26,25.61,26,307200
20121024,25.97,26.19,25.58,25.71,509600
20121025,25.83,26.06,25.47,25.55,574700
20121026,25.44,25.66,24.93,25.1,553900
20121029,25.65,25.65,24.79,25.1,142700
20121030,25.23,25.23,24.63,24.65,257700
20121031,24.64,24.78,24.23,24.37,481800
20121101,24.21,24.83,24.21,24.78,683900
20121105,24.26,24.81,23.79,24.65,1292800
20121106,24.86,24.86,24.27,24.57,857900
20121107,24.27,24.56,23.92,24.13,1010500
20121108,23.89,23.98,23.45,23.48,706000
20121109,23.24,23.37,22.6,22.63,567300
20121112,22.57,22.58,21.08,21.45,1233200
20121113,21.4,22.78,20.86,22.59,851200
20121114,22.46,22.52,21.81,21.95,466500
20121116,21.72,22.35,21.72,22.08,410400
20121119,21.76,22.25,21.73,22.08,348400
20121121,21.81,22.08,21.32,21.54,568800
20121122,22.01,22.01,21.17,21.77,217000
20121123,21.92,22.52,21.46,22.42,490100
20121126,22.5,22.88,21.78,21.94,309000
20121127,21.94,22.43,21.68,21.89,414500
20121128,22.21,22.5,21.9,22.5,437000
20121129,22.76,22.98,22.29,22.98,462400
20121130,24.28,24.28,22.45,23.15,947600
20121203,23.18,23.88,23.14,23.63,401400
20121204,23.56,23.89,23.37,23.56,522900
20121205,23.46,23.68,23.15,23.37,476400
20121206,23.12,23.85,23.08,23.66,555900
20121207,23.65,24.19,23.46,24.05,504200
20121210,23.76,24.68,23.51,24.68,457500
20121211,24.78,25.34,24.28,24.98,605200
20121212,25.02,25.38,24.8,25.03,681900
20121213,24.89,25.58,24.69,25.34,729000
20121214,25.47,25.88,25.41,25.88,541800
20121217,25.93,25.95,25.28,25.84,351200
20121218,25.59,25.9,25.32,25.6,691300
20121219,25.83,26.18,25.58,26.11,721400
20121220,25.99,26.12,25.84,26.04,517500
20121221,26.02,26.42,25.84,26.28,541800
20121226,26.06,26.43,25.7,25.8,259100
20121227,25.92,26,25.42,25.76,403300
20121228,25.76,25.92,25.5,25.76,322500
20130102,25.76,26.34,25.71,26.19,1123200
20130103,26.26,26.48,25.87,25.92,1203500
20130104,25.73,25.85,25.12,25.37,1110300
20130107,25.37,25.56,24.06,24.67,768100
20130108,24.7,24.7,23.79,23.94,657300
20130109,24.03,24.78,23.79,24.61,675000
20130110,24.61,25.25,24.37,25.11,914900
20130111,25.03,25.36,24.55,25.36,308600
20130114,25.61,25.7,25.19,25.4,205800
20130115,25.28,25.8,25.2,25.64,314100
20130116,25.73,26.18,25.5,26.18,452100
20130117,26.22,26.31,25.85,26.13,412600
20130118,26.34,26.38,26.03,26.31,193700
20130121,26.13,26.37,26.1,26.29,60100
20130122,26.37,26.76,26.31,26.51,388900
20130123,26.6,26.89,26.27,26.87,434300
20130124,26.68,27.44,26.62,27.44,683400
20130128,26.85,27.09,26.39,26.64,1215800
20130129,26.63,26.64,26.08,26.51,581800
20130130,26.11,26.51,26.11,26.3,392800
20130131,26.09,26.93,25.94,26.93,739800
20130201,26.88,27.5,26.62,27.41,405700
20130204,27,27.46,26.7,26.83,298600
20130205,26.94,26.94,26.49,26.72,544500
20130206,26.7,26.7,25.98,26.39,250500
20130207,26.28,26.28,25.74,25.85,557100
20130208,25.74,25.9,25.24,25.31,363700
20130213,25.47,25.74,25.41,25.48,349600
20130214,25.48,25.62,25.23,25.36,208500
20130215,25.37,25.61,25.11,25.27,361800
20130218,25.21,25.42,24.78,24.78,210500
20130219,24.52,25.32,24.51,24.78,434700
20130220,25.19,25.2,24.29,24.56,533400
20130221,24.54,24.74,23.99,24.3,923100
20130222,23.93,24.46,23.91,24.2,753000
20130225,24.32,24.7,24.11,24.61,393100
20130226,24.23,24.99,24.23,24.75,572100
20130227,24.87,24.87,24.24,24.35,450500
20130228,23.95,24.66,23.86,23.95,599400
20130301,23.55,24.39,23.39,24.27,348000
20130304,23.9,24.49,23.71,24.26,492800
20130305,24.65,24.72,23.97,23.97,419100
20130306,24.34,24.7,23.96,24.7,384000
20130307,24.73,25.61,24.73,25.54,1609000
20130308,25.44,25.84,24.9,25.1,436200
20130311,25.32,25.39,24.99,25.17,431800
20130312,25.16,25.54,24.97,25.14,430200
20130313,25.14,25.39,24.73,24.94,238300
20130314,25,25.4,24.81,25.08,416400
20130315,24.87,25.12,24.56,24.76,579800
20130318,24.38,25.07,23.96,24.46,346000
20130319,24.25,25.35,24.2,24.29,350700
20130320,23.95,23.95,23.29,23.55,514200
20130321,23.5,23.78,23.06,23.28,320700
20130322,23.1,23.99,23.1,23.23,409600
20130325,23.52,23.54,23.1,23.1,204600
20130326,23.07,24.79,22.86,24.41,984800
20130327,24.04,25.51,24.04,25.11,800600
20130328,24.75,25.8,24.75,25.55,672900
20130401,25.64,26.31,25.38,25.81,395400
20130402,25.94,26.35,25.72,25.75,491100
20130403,25.79,26.58,25.61,26.38,592100
20130404,26.38,26.41,25.98,26.16,539900
20130405,26.16,28.33,26.15,28.33,2263700
20130408,28.1,28.14,27.26,27.74,904200
20130409,28.08,28.12,27.44,27.92,534600
20130410,27.91,28.46,27.73,28.04,598500
20130411,28.33,28.33,27.74,28.08,449500
20130412,27.65,28.55,27.65,28.17,516200
20130415,27.67,28.08,27.57,27.57,423300
20130416,28.25,28.25,27.55,27.84,381000
20130417,27.69,28.21,27.49,27.97,821500
20130418,27.96,28.58,27.89,28.5,540200
20130419,28.5,29.23,28.4,29.05,887200
20130422,28.65,29.24,28.1,28.46,575300
20130423,28.65,30.04,28.6,30.04,705600
20130424,29.74,29.92,29.28,29.49,548900
20130425,29.49,29.74,28.92,29.63,622100
20130426,29.77,29.77,28.67,29.19,628400
20130429,29.21,29.54,28.7,29.48,355900
20130430,29.32,30.02,29,29.81,706900
20130502,30.26,31,29.82,30.08,604100
20130503,30.33,30.46,29.71,29.86,1162200
20130506,30.02,30.02,29.02,29.57,758400
20130507,29.66,30.21,29.52,29.69,352300
20130508,29.81,30.23,29.51,29.81,460500
20130509,29.71,30.17,29.71,30.07,362100
20130510,29.99,30.05,29.44,29.7,673500
20130513,29.47,29.99,29.22,29.5,244400
20130514,29.24,29.84,29.24,29.54,395700
20130515,29.4,30.35,29.4,30.25,404500
20130516,30.16,30.7,29.77,30.13,604900
20130517,30.28,30.66,29.8,30.13,418100
20130520,29.89,30.51,29.81,30.28,366600
20130521,30.57,30.67,30.13,30.33,582700
20130522,30.35,31.27,30.35,30.66,407500
20130523,30.49,31,30.1,31,487000
20130524,31.13,31.13,30.07,30.6,653500
20130527,30.74,30.74,30.28,30.4,95500
20130528,30.55,30.65,29.97,30.53,345400
20130529,30.31,30.59,29.3,29.33,488300
20130531,29.15,29.46,27.3,27.52,1754000
20130603,27.18,29.14,27.17,29.14,553400
20130604,29.14,29.66,27.77,28.15,744000
20130605,27.69,28.61,27.69,27.88,495000
20130606,28.05,28.05,27.25,27.59,474700
20130607,27.29,28.02,27.25,27.78,571800
20130610,27.51,28.82,27.51,27.9,519700
20130611,27.48,28.14,27.3,27.72,479900
20130612,27.8,28.05,26.77,26.97,699000
20130613,27.3,28.74,27.3,28.51,822800
20130614,28.51,28.93,27.71,27.71,447200
20130617,27.68,28.72,27.68,28.08,370900
20130618,27.99,28.51,27.92,28.01,257400
20130619,28.12,28.37,27.16,27.16,379200
20130620,26.81,27.23,25.91,26.35,1566300
20130621,22.65,23.62,21.79,21.96,3683700
20130624,21.95,22.75,20.61,22.11,3068900
20130625,22.57,23.2,22.35,22.78,817100
20130626,22.95,23.43,22.84,22.84,441200
20130627,22.74,23.82,22.38,22.58,804300
20130628,22.53,23.37,22.39,23.19,1064500
20130701,23.04,23.73,22.78,23.25,421800
20130702,23.04,23.59,22.48,23.03,486800
20130703,23.19,23.6,22.68,23.08,522800
20130704,23.39,23.45,22.95,23.29,279600
20130705,23.2,23.71,22.17,23.53,1257600
20130708,23.45,23.92,22.83,23.14,457700
20130710,24.46,25.23,24.46,24.96,1276700
20130711,25.19,25.4,24.36,24.88,759300
20130712,24.95,24.95,23.93,24.08,495400
20130715,24.17,24.44,23.39,23.79,697500
20130716,23.95,23.95,23.38,23.65,808200
20130717,23.76,24.11,23.5,23.61,478100
20130718,23.45,24.44,23.26,24.13,484400
20130719,24.29,24.35,23.56,23.83,332600
20130722,24.06,24.46,23.87,24.23,327600
20130723,24.29,24.71,24.05,24.46,614400
20130724,24.71,24.79,23.97,24.01,299000
20130725,23.87,24.36,23.76,24.29,278800
20130726,24.3,24.44,23.71,23.92,232300
20130729,23.85,23.99,23.4,23.71,227700
20130730,24.02,24.02,23.32,23.41,435300
20130731,23.23,24.03,23.04,23.42,702200
20130801,23.35,23.96,23.29,23.62,478800
20130802,23.61,24,23.5,23.5,649300
20130805,23.5,23.76,23.22,23.4,222500
20130806,23.21,24.13,23.04,23.87,684100
20130807,23.87,25.05,23.57,24.44,830100
20130808,24.85,25.51,24.07,25.13,1031000
20130809,25.33,25.97,25.13,25.55,768700
20130812,25.76,26.69,25.67,25.8,813700
20130813,26.14,26.35,25.3,26.3,1726900
20130814,26.26,26.26,25.47,25.86,878200
20130815,25.66,26.29,25.35,25.97,1960000
20130816,26.18,26.18,25.17,25.63,1168400
20130819,25.38,25.68,24.99,25.36,776400
20130820,25.16,25.46,24.8,24.9,428100
20130821,24.64,25.01,24.59,24.81,283300
20130822,24.81,25.21,24.6,24.82,557000
20130823,24.82,25.06,24.59,24.71,535500
20130826,24.9,25.07,24.47,24.49,399400
20130827,24.31,24.8,23.46,23.83,1163700
20130828,23.83,24.7,23.78,24.27,496000
20130829,24.26,24.68,23.87,24.06,948600
20130830,24.24,24.37,23.62,23.92,636800
20130902,24.16,24.9,23.98,24.57,316000
20130903,24.56,24.93,24.37,24.65,660800
20130904,24.49,24.96,24.33,24.88,445600
20130905,24.87,25.68,24.75,25.68,647200
20130906,25.88,26.14,25.48,25.54,410000
20130909,25.35,26.19,25.35,26.09,601100
20130910,26.35,26.38,25.95,26.22,899600
20130911,26.02,26.29,25.86,26.04,311300
20130912,25.88,26.08,25.43,25.62,642600
20130913,25.78,25.78,25.21,25.55,379900
20130916,25.55,25.99,25.47,25.98,423200
20130917,25.97,26.3,25.83,26.18,577500
20130918,25.99,26.09,25.61,25.97,498100
20130919,26,26.19,25.21,25.42,424800
20130920,25.42,25.54,24.64,24.74,534600
20130923,24.74,25.72,24.74,25.72,518600
20130924,25.68,25.84,25.31,25.74,769700
20130925,25.39,25.92,25.39,25.92,764700
20130926,26.11,26.11,25.71,25.93,405500
20130927,25.78,26.39,25.74,26.39,1224400
20130930,26.19,26.51,25.78,26.35,1096900
20131001,26.22,26.53,26.01,26.22,344300
20131002,26.22,26.51,25.85,25.97,329400
20131003,25.92,26.01,25.58,25.89,292200
20131004,25.72,26.16,25.72,26.03,738300
20131007,25.82,25.99,25.67,25.76,371100
20131008,25.68,25.96,25.09,25.12,528600
20131009,25,25.23,24.9,25.07,741800
20131010,25.3,25.52,25.26,25.37,1098500
20131011,25.45,25.45,25.2,25.38,586900
20131014,25.44,25.49,25.17,25.26,1189100
20131015,25.26,25.44,25.09,25.3,1474700
20131016,25.31,25.75,25.3,25.55,434500
20131017,25.69,25.72,25.34,25.72,501700
20131018,25.73,25.83,25.54,25.68,436600
20131021,25.79,25.81,25.47,25.72,313100
20131022,25.85,26.33,25.64,26.33,589900
20131023,26.18,26.3,25.77,25.97,364000
20131024,26.19,26.19,25.35,25.61,772000
20131025,25.59,25.74,25.3,25.66,262000
20131028,25.49,26.01,25.49,25.97,561800
20131029,26.29,26.29,25.84,25.97,291000
20131030,25.99,26.09,25.77,26.05,621000
20131031,25.88,26.19,25.78,26.17,926900
20131101,26.51,26.51,25.8,25.97,1707300
20131104,25.98,26.3,25.78,26.24,896700
20131105,26.15,26.28,25.96,26.18,757600
20131106,26.02,26.39,25.49,25.68,543700
20131107,25.76,26.07,25.25,25.25,444100
20131108,25.3,25.63,24.21,25.37,1632900
20131111,25.14,25.37,24.89,25.18,379300
20131112,25.26,25.26,24.68,25,592700
20131113,25,25.33,24.82,25.33,416500
20131114,27.1,28.47,26.95,27.8,722100
20131118,27.56,28.21,27.54,27.98,701700
20131119,28.05,28.31,27.3,27.39,1838200
20131121,26.81,27.9,26.81,27.73,574500
20131122,27.48,27.93,27.31,27.62,420000
20131125,27.82,27.84,27.23,27.46,620800
20131126,27.52,27.85,27.12,27.33,759100
20131127,27.61,27.67,26.69,27.14,385700
20131128,27.29,27.59,26.65,26.65,186900
20131129,26.86,27.53,26.57,27.35,382000
20131202,27,27.44,26.95,27.18,328600
20131203,26.99,27.39,26.68,26.95,450900
20131204,26.81,26.96,26.28,26.58,403700
20131205,26.78,26.89,26.27,26.79,397000
20131206,26.84,27.25,26.44,27.09,437500
20131209,27.29,27.54,26.78,27.43,504200
20131210,27.58,27.78,26.48,26.48,470100
20131211,26.39,26.6,25.96,26.17,494100
20131212,26.24,26.34,25.78,26.13,680100
20131213,26.34,26.92,26.34,26.52,561300
20131216,26.33,27.17,26.33,26.74,602700
20131217,26.73,27.12,26.47,26.66,479600
20131218,26.86,27.41,26.63,26.63,930800
20131219,26.99,27.35,26.8,27.18,266800
20131220,27.18,27.8,27.11,27.7,962900
20131223,27.86,27.93,27.52,27.57,362300
20131226,27.57,27.68,26.92,26.92,302800
20131227,26.92,27.05,26.73,26.73,328600
20131230,26.73,27.08,26.59,26.59,328300
20140102,26.59,26.96,25.93,26.11,367100
20140103,26.22,26.82,26.07,26.82,679900
20140106,26.6,27.13,26.09,26.24,477200
20140107,26.44,26.74,25.83,26.04,459800
20140108,26.15,26.24,25.83,26,394400
20140109,25.92,26.19,25.33,25.36,397900
20140110,25.36,26.42,25.36,26.3,548400
20140113,26.3,26.93,26.3,26.43,429100
20140114,26.51,27.18,26.45,27.05,490700
20140115,27.14,27.16,26.84,26.85,473300
20140116,27.16,27.16,26.6,26.64,311000
20140117,26.84,26.95,26.26,26.39,306800
20140120,26.39,26.44,25.97,25.97,219900
20140121,26.17,26.37,25.94,25.96,296500
20140122,26.26,26.73,26.16,26.66,359000
20140123,26.45,26.98,26.15,26.15,533800
20140124,25.95,26.38,25.42,25.48,418600
20140127,25.68,26.08,25.15,25.19,468200
20140128,25.51,25.95,25.07,25.35,472600
20140129,25.18,25.63,24.68,24.68,470200
20140130,24.59,24.85,24.03,24.13,896300
20140131,24.13,24.28,23.94,24.24,746600
20140203,24.05,24.74,23.76,23.76,700500
20140204,23.79,24.02,23.2,23.39,659500
20140205,23.12,23.28,22.72,23.03,864000
20140206,22.99,23.8,22.91,23.44,811400
20140207,23.26,23.52,22.95,22.95,1054100
20140210,22.74,23.16,22.41,22.41,693400
20140211,22.56,22.91,22.42,22.61,773500
20140212,22.79,23.03,22.51,22.69,562500
20140213,22.65,22.88,22.3,22.61,437500
20140214,22.79,23.22,22.52,22.62,798100
20140217,22.65,22.65,21.71,21.75,315000
20140218,21.77,21.91,20.36,20.59,1180300
20140219,20.52,21.21,20.52,20.96,1070300
20140220,21.12,21.64,20.85,21.51,1198700
20140221,21.86,21.86,21.38,21.51,507600
20140224,21.55,21.65,21.27,21.27,833900
20140225,21.14,21.43,20.84,20.85,897800
20140226,20.86,21.5,20.86,21.35,1692000
20140227,21.52,22.31,20.94,22.31,1161000
20140228,22.31,22.38,21.69,21.99,1515700
20140305,22.42,22.42,21.69,21.7,321500
20140306,21.74,22.73,21.7,22.65,729600
20140307,22.53,22.91,21.64,21.68,1050800
20140310,21.56,21.77,21.11,21.56,823000
20140311,21.7,22.17,21.57,21.98,573100
20140312,21.83,22.23,21.78,22.21,416900
20140313,22.37,22.73,22.32,22.73,917500
20140314,23.08,23.16,21.84,21.91,769500
20140317,21.99,22.06,21.43,21.76,368200
20140318,21.61,23.07,21.5,22.56,852300
20140319,22.41,23.14,22.41,23.08,493600
20140320,22.91,23.78,22.8,23.55,540900
20140321,23.31,24.61,23.13,23.94,745700
20140324,24.17,24.25,23.57,23.89,512600
20140325,24.22,24.86,24.12,24.74,490400
20140326,25.14,25.39,24.69,24.75,672400
20140327,24.8,25.52,24.74,25.35,691500
20140328,25.35,25.83,25.29,25.61,538000
20140331,25.79,25.97,25.73,25.97,447900
20140401,26.15,26.15,25.62,25.83,486500
20140402,25.83,27.11,25.76,26.61,720300
20140403,26.48,26.91,25.78,26.13,552000
20140404,26.42,26.96,26.17,26.4,639600
20140407,26.67,26.98,26.16,26.22,424100
20140408,26.66,27,25.97,26.23,523000
20140409,26.05,26.24,25.1,25.52,392000
20140410,25.53,26.22,25.49,26.01,281100
20140411,26.04,27,25.9,26.77,527300
20140414,26.76,27.64,26.67,27.46,460700
20140415,27.45,27.52,26.75,26.84,662200
20140416,26.99,27.6,26.73,27.32,447400
20140417,27.32,28.46,27.32,28.24,651800
20140422,28.42,29.07,28.29,29.07,683700
20140423,28.87,29.05,28.26,28.31,444300
20140424,28.3,28.49,28,28.35,380800
20140425,28.17,28.44,27.5,28.04,433700
20140428,27.86,28.49,27.86,28.29,271300
20140429,28.57,29.36,28.28,28.32,300600
20140430,28.31,28.71,28.06,28.62,503800
20140502,28.81,30.14,28.24,30.14,558100
20140505,30.19,30.63,29.88,30.04,577100
20140506,30.18,31.07,29.76,31.07,959800
20140507,30.86,31.24,30.37,30.55,944900
20140508,30.56,30.56,29.88,30.1,607600
20140509,30.16,31.69,29.57,29.78,638900
20140512,29.83,31.21,29.77,31.03,461700
20140513,30.87,31.72,30.69,30.94,381600
20140514,30.94,32.32,30.79,31.34,751400
20140515,31.49,32.11,29.94,30.71,779800
20140516,31.18,31.63,31.02,31.35,433600
20140519,31.56,31.87,30.87,31,493700
20140520,31.18,31.18,29.9,30.08,595200
20140521,30.11,30.41,29.48,29.76,675500
20140522,29.57,30.55,29.57,30.25,393100
20140523,30.07,30.59,30,30.3,241100
20140526,30.75,31.16,30.48,30.76,275000
20140527,30.74,30.77,29.05,29.3,1032200
20140528,29.31,29.95,29.14,29.59,492900
20140529,29.59,30.15,28.96,29.65,714100
20140530,29.43,29.61,28.88,28.88,660200
20140602,28.9,29.47,28.87,29.12,196500
20140603,28.95,29.98,28.94,29.98,378400
20140604,29.92,30.17,29.74,30.01,326800
20140605,30.01,30.36,29.63,29.88,265800
20140606,31.81,31.81,29.64,29.86,869100
20140609,29.91,30.52,29.91,30.37,825200
20140610,30.46,30.95,30.33,30.46,784300
20140611,30.67,30.89,30.24,30.33,668700
20140613,30.46,30.6,29.97,29.97,727900
20140616,29.84,30.32,29.67,30.19,681000
20140617,30.02,30.55,29.95,30.06,267100
20140618,30.25,31.39,30.09,31.22,884800
20140620,31.21,31.44,30.24,30.25,710900
20140623,30.01,30.09,29.44,29.46,652600
20140624,29.74,30.52,28.5,29.39,1064900
20140625,29.2,29.86,28.79,29.57,346600
20140626,29.79,30.22,29.14,30.1,492500
20140627,29.89,30.53,29.78,30.1,223000
20140630,30.15,30.46,29.76,30.35,587300
20140701,30.93,30.93,29.42,29.48,355500
20140702,29.65,29.65,28.7,29.03,428500
20140703,29.02,29.28,28.74,29.27,325600
20140704,29.52,30.45,29.32,30.24,195800
20140707,30.03,30.17,29.57,29.68,814700
20140708,29.69,29.98,29.61,29.74,206600
20140710,29.93,30.46,29.8,30.46,1477500
20140711,30.51,31.26,30.24,31.19,710000
20140714,31.38,32.39,31.19,32.21,820000
20140715,32.19,32.79,32.12,32.25,980000
20140716,32.29,32.66,31.45,32.12,840800
20140717,32.01,32.38,31.83,32.34,623900
20140718,33.05,33.61,32.88,33.61,422900
20140721,33.55,34.23,33.3,34,523500
20140722,34.18,34.64,34.05,34.57,726700
20140723,34.32,34.86,33.62,34.05,639500
20140724,34.05,34.31,33.63,34.15,663200
20140725,34.15,34.22,33.61,33.8,247900
20140728,34.04,34.62,33.79,34.4,425800
20140729,34.39,34.45,33.37,33.44,247800
20140730,33.67,34.11,32.65,32.65,306500
20140731,32.25,32.36,31,31.54,599800
20140801,31.36,32.79,30.94,32.79,582700
20140804,32.79,33.47,32.31,33.47,542700
20140805,33.28,33.28,32.44,32.7,370500
20140806,32.53,33.42,32.41,33.26,333600
20140807,33.49,33.65,33.22,33.55,411500
20140808,33.34,33.63,33.11,33.48,438900
20140811,33.65,33.65,33.36,33.51,1142400
20140812,33.5,33.5,32.96,33.05,348700
20140813,33.28,33.43,32,32.34,1266000
20140814,32.12,32.86,32.1,32.25,744200
20140815,32.03,32.6,32.03,32.52,972500
20140818,32.73,32.75,32.13,32.17,642900
20140819,31.97,32.61,31.95,32.54,1654600
20140820,32.67,34.15,32.42,34.09,1113200
20140821,34.05,34.94,34.05,34.93,572000
20140822,34.69,35.25,34.47,35.15,347400
20140825,35.51,35.51,34.65,34.71,1002700
20140826,34.84,34.84,33.91,33.91,623100
20140827,34.05,35.61,34.05,35.43,351900
20140828,35.38,36.15,35.12,35.12,1046700
20140829,35.36,35.83,35.12,35.53,579200
20140901,35.6,36.63,35.6,35.75,249100
20140902,35.76,36.26,35.22,36.06,347500
20140903,36.2,36.6,35.5,35.83,517700
20140904,35.58,36.63,35.43,36.2,596800
20140905,36.2,36.55,36,36,393700
20140908,36.25,36.5,35.08,35.08,416400
20140909,34.13,34.97,33.49,33.51,829000
20140910,33.18,33.71,32.94,33.36,837900
20140911,33.7,33.72,32.66,33.06,661900
20140912,32.42,32.72,32.09,32.4,451000
20140915,32.32,32.63,31.43,31.89,930200
20140916,31.76,32.7,31.55,32.37,1026100
20140917,32.43,32.52,31.93,32.05,685300
20140918,31.9,31.9,31.26,31.26,499800
20140919,31.16,31.61,31.02,31.02,543200
20140922,30.64,30.87,29.62,30.07,698900
20140923,29.86,30.82,29.54,29.71,362400
20140924,29.5,30.05,29.3,30.02,795300
20140925,29.82,30.69,29.77,30.42,1778200
20140926,30.44,31.02,30.3,30.91,347400
20140929,29.74,30.45,29.65,29.93,504500
20140930,29.74,30.17,29.6,29.87,685300
20141001,30.43,31.32,29.72,30.24,1033500
20141002,30.02,30.59,29.85,30.33,629800
20141003,30.46,31.54,29.99,31.54,454800
20141006,35.32,35.65,32.79,33.44,1508800
20141007,33.96,34.86,33.75,34.05,454500
20141008,34.44,34.52,33.52,34.02,668200
20141009,34.39,34.79,32.27,32.79,925400
20141010,32.77,33.14,32.17,32.2,681600
20141013,32.7,33.58,32.7,32.79,579500
20141014,32.96,32.96,31.66,31.97,775100
20141015,31.23,31.84,30.21,31.36,817700
20141016,30.43,31.02,30.17,30.49,732500
20141017,30.7,31.38,30.44,31.21,756800
20141020,31,31.15,30.28,30.6,642600
20141021,30.08,30.32,28.47,28.67,1164100
20141022,28.47,30.23,28.47,29.07,700700
20141023,28.94,29.01,27.77,27.77,881700
20141024,27.6,29.24,27.4,28.53,806200
20141027,26.86,27.92,25.79,27.15,1164600
20141028,27.15,28.6,27.09,28.6,759300
20141029,28.45,29.31,28.24,28.85,756500
20141030,29.05,30.16,28.92,30.16,580400
20141031,30.36,31.37,29.82,31.01,756200
20141103,31.08,31.86,30.6,31.86,377000
20141104,31.94,31.94,31.06,31.63,491800
20141105,31.26,31.43,30.6,30.68,422600
20141106,30.63,30.88,30.06,30.06,476500
20141107,30.32,30.94,29.34,30.94,420600
20141110,31.26,31.26,30.66,30.84,690600
20141111,30.9,30.9,30.08,30.52,478800
20141112,30.45,31.17,30.06,30.4,359800
20141113,30.39,30.44,29.64,29.64,412800
20141114,28.93,30.65,28.85,29.77,582400
20141117,29.97,30.28,29.35,29.44,236400
20141118,29.65,30.3,29.5,30.3,452200
20141119,30.5,31.83,30.38,31.27,441100
20141121,31.49,33.98,31.35,33.54,737500
20141124,34.22,34.23,33.27,33.56,597400
20141125,33.7,34.55,32.53,32.53,813700
20141126,32.85,33.34,32.74,32.94,260700
20141127,33.2,34.44,33.09,33.8,258800
20141128,33.7,34.44,33.05,33.05,281800
20141201,32.82,33.28,31.34,31.86,461000
20141202,31.64,32.49,31.52,32.28,456500
20141203,32.67,32.83,31.73,32.58,153100
20141204,32.58,32.81,31.34,31.93,426400
20141205,31.64,31.97,31.14,31.36,449800
20141208,31.2,32.09,30.57,30.89,205000
20141209,30.55,30.87,30.24,30.74,291900
20141210,30.62,31.56,30.46,31.18,297200
20141211,31.18,31.49,30.86,30.9,434400
20141212,30.68,32.89,30.62,31.94,730800
20141215,31.94,33.52,31.65,31.94,730300
20141216,31.32,32.08,30.86,31.59,848100
20141217,31.67,32.35,30.88,32.21,1294900
20141218,32.08,33.09,31.17,31.27,588600
20141219,31.05,32.13,30.48,31.63,385100
20141222,31.51,32.67,31.51,32.58,482600
20141223,32.37,33.45,32.14,33.22,262500
20141226,33.44,34.44,33.17,33.95,184400
20141229,33.72,34.17,33.49,33.94,328200
20141230,33.71,34.35,33.35,33.61,483100
20150102,33.14,33.33,31.21,31.86,480700
20150105,31.31,31.66,30.52,30.9,660100
20150106,30.9,31.41,30.21,30.71,475200
20150107,30.93,32.75,30.93,32.51,573300
20150108,32.61,33.02,32.03,32.27,316600
20150109,32.13,32.13,30.33,30.72,489800
20150112,30.62,30.8,29.38,29.75,418000
20150113,29.91,30.38,29.5,30.02,417200
20150114,29.77,30.71,29.73,30.54,254200
20150115,30.82,32.3,30.78,30.86,953700
20150116,30.85,32.59,30.76,32.02,480600
20150119,31.69,32.02,29.86,30.1,432300
20150120,30.8,30.8,29.13,29.49,706100
20150121,29.96,30.28,29.21,29.97,530700
20150122,30.71,31.46,29.95,29.96,668000
20150123,30.16,30.63,29.34,29.64,278500
20150126,29.26,29.57,28.72,29.56,467600
20150127,29.18,30.44,28.64,29.94,398800
20150128,29.94,30.4,29.38,30,346600
20150129,30.01,31.2,29.43,30.9,520900
20150130,30.24,30.24,28.76,29.21,862700
20150202,29.39,31.2,28.86,30.9,467400
20150203,31.62,31.62,30.42,31.01,675300
20150204,31.22,31.44,29.8,30.15,569000
20150205,29.79,30.25,29.06,29.4,534000
20150206,29.02,29.58,28.89,29.4,490000
20150209,29.17,30.19,28.83,29.84,295600
20150210,29.39,29.73,28.79,28.79,535600
20150211,28.74,29.16,28.68,29.16,541100
20150212,29.49,30.39,29.35,30.39,593800
20150213,30.02,31.46,30.02,31.18,511400
20150218,30.71,31.41,29.78,30.89,1069400
20150219,30.34,31.34,30.29,30.61,693300
20150220,30.51,30.61,29.51,29.71,438200
20150223,29.4,30.21,29.3,30.21,472600
20150224,30.21,30.25,29.72,30.13,479100
20150225,29.87,30.76,29.74,30.76,368000
20150226,30.61,31.66,30.38,31.64,479400
20150227,31.64,32.3,31.31,32.3,1006700
20150302,32.29,32.29,31.5,31.97,512200
20150303,32.23,32.49,31.49,31.55,447200
20150304,31.14,31.38,30.26,30.54,432700
20150305,30.54,30.94,30.11,30.11,403600
20150306,30.07,30.79,29.79,30.79,288500
20150309,30.19,30.54,29.52,29.63,605000
20150310,29.22,30.51,29.08,30.13,471800
20150311,30.38,30.51,29.55,29.83,434800
20150312,30.13,31.19,30.01,31.16,524400
20150313,30.22,30.39,29.75,30.1,814500
20150316,30.08,30.73,30.01,30.46,455900
20150317,30.15,31.37,30.06,31.12,721500
20150318,31.05,31.8,30.46,31.8,688100
20150319,31.77,31.77,31,31.36,347700
20150320,31.99,33,31.33,32.55,641200
20150323,32.24,32.88,31.92,32.44,486000
20150324,32.45,32.9,31.73,31.89,485500
20150325,32.35,32.86,31.6,31.6,666700
20150326,31.18,31.64,30.46,30.61,544500
20150327,30.58,31.58,30.25,31.16,472500
20150330,31.12,32.17,30.98,31.8,274600
20150331,31.36,31.76,31.12,31.5,603000
20150401,31.83,33.38,31.49,32.86,747400
20150402,33.59,34.18,33.33,33.61,948600
20150406,33.71,34.73,33.71,34.41,389500
20150407,34.4,34.62,32.77,33.1,467800
20150408,33.58,33.58,32.19,32.52,378300
20150409,32.02,32.69,31.79,32.02,520600
20150410,31.95,33.42,31.95,33.42,409600
20150413,33.41,34.39,33.1,34.08,559500
20150414,34.09,34.12,33.09,33.16,656500
20150415,33.5,34.13,32.98,33.55,505200
20150416,33.54,33.7,32.84,33.26,508600
20150417,33.51,33.52,32.82,32.91,378400
20150420,32.82,33.07,32.52,32.71,264200
20150422,32.96,33.24,32.54,32.75,689800
20150423,32.77,33.19,32.72,33.12,635800
20150424,33.12,33.64,32.95,33.02,437400
20150427,32.91,33.34,32.29,32.72,441200
20150428,33.04,33.36,32.49,33.36,395800
20150429,32.94,33.23,32.12,32.78,652500
20150430,32.42,32.73,31.26,32.6,836600
20150504,32.95,33.65,32.41,33.39,680900
20150505,32.85,34.06,32.85,33.89,405300
20150506,33.72,34.07,33.1,33.8,439500
20150507,33.22,33.7,33.11,33.22,298300
20150508,33.61,33.7,33.27,33.31,432900
20150511,33.58,34.1,33.23,33.63,419300
20150512,33.52,34.02,33.16,33.28,663900
20150513,33.11,33.58,32.44,32.71,469600
20150514,32.69,32.81,31.59,32.21,801700
20150515,32.69,34.03,32.69,33.43,1001200
20150518,33.27,33.86,32.88,33.05,817600
20150519,33.11,33.84,32.99,33.75,466900
20150520,33.55,33.93,32.89,33.01,439900
20150521,32.89,32.91,32.18,32.4,457100
20150522,32.58,32.81,32.02,32.33,565700
20150525,32.11,33.45,32.05,33.27,217000
20150526,33.27,33.27,32.14,32.58,510300
20150527,32.5,32.82,31.89,32.82,634400
20150528,32.4,32.79,32.33,32.5,422300
20150529,32.2,32.54,31.51,31.51,713500
20150601,31.78,32.37,31.3,32.3,471500
20150602,32.3,32.49,31.76,31.97,655700
20150603,32.23,32.88,31.69,32.47,736100
20150605,32.9,32.93,31.38,31.67,646100
20150608,31.33,31.9,31.19,31.23,448800
20150609,31.4,32.58,31.26,31.88,1344100
20150610,31.88,32.28,31.76,32.2,419000
20150611,32.43,32.46,31.86,32.1,461700
20150612,31.83,31.92,31.16,31.8,817400
20150615,31.81,31.81,31.01,31.63,948500
20150616,31.77,32.78,31.48,32.26,1274400
20150617,32.32,32.73,32.29,32.59,769800
20150618,32.59,33.17,32.23,33.03,658400
20150619,32.63,32.96,32.04,32.18,772700
20150622,32.43,32.89,32.41,32.69,458000
20150623,32.98,33.29,32.55,32.73,631800
20150624,33,33.38,32.22,32.81,635200
20150625,32.5,32.77,32.01,32.27,723600
20150626,32.4,33.7,31.95,33.65,1203300
20150629,33.22,33.56,32.48,32.79,753500
20150630,32.55,33.6,32.33,33.6,880500
20150701,33.6,33.6,32.75,33.27,1165600
20150702,33.01,33.91,32.97,33.52,583700
20150703,33.17,34.1,32.96,34.01,443700
20150706,33.63,33.72,32.72,32.78,549900
20150707,32.55,33.15,32.21,33.03,496800
20150708,32.64,33.73,32.64,33.17,677500
20150710,33.17,34.04,32.75,33.99,897500
20150713,34.12,34.31,33.77,34.21,480100
20150714,33.93,34.8,33.93,34.74,466600
20150715,34.84,34.86,34.46,34.58,353800
20150716,34.58,35.06,34.2,34.52,395900
20150717,34.57,34.69,33.78,34.15,487000
20150720,33.98,34.18,33.59,34.02,364400
20150721,33.89,34.11,33.05,33.27,331600
20150722,32.93,33.91,32.75,33.91,726000
20150723,33.46,33.63,32.34,32.96,786900
20150724,32.8,32.8,31.49,32.24,582000
20150727,31.94,32.51,31.65,32.21,472200
20150728,32.68,32.75,31.75,32.52,880600
20150729,32.24,32.5,31.82,32.21,793000
20150730,32.37,33.11,32.19,32.93,655700
20150731,32.89,34.1,32.49,33.92,881100
20150803,34.04,34.72,33.56,33.65,577500
20150804,33.64,34.41,33.45,33.51,348400
20150805,33.89,33.89,32.45,32.45,509300
20150806,32.3,32.47,31.64,32.27,810600
20150807,32.03,32.39,31.38,31.73,480300
20150810,31.88,31.94,31.02,31.1,555900
20150811,31.01,31.15,30.39,30.96,433700
20150812,30.8,31.48,30.55,30.91,647300
20150813,30.8,30.95,30.4,30.86,402400
20150814,30.87,31.18,29.9,30.78,601700
20150817,30.57,31.06,30.38,30.41,432300
20150818,30.26,31.42,30.07,31.42,370500
20150819,31.02,31.07,29.71,30.38,502800
20150820,29.84,30.7,29.73,30.49,427500
20150821,30.09,30.34,29.57,29.68,555100
20150824,28.12,29.17,27.48,28.46,656400
20150825,28.94,29.33,28.39,29,679400
20150826,28.86,29.74,28.56,29.74,607100
20150827,30.08,30.68,29.54,30.35,475600
20150828,29.75,30.42,29.23,30,747600
20150831,29.79,29.8,28.55,29.8,876000
20150901,29.08,29.1,27.96,28.17,1231600
20150902,28.33,28.6,27.35,28.6,981800
20150903,28.84,29.33,28.1,29.18,649400
20150904,28.43,29.1,28.23,28.6,1042200
20150908,29.32,29.32,28.45,29.12,499000
20150909,29.6,29.74,28.89,29.32,1157700
20150910,28.38,30.75,28.38,30.75,810100
20150911,30.58,31.31,30.39,30.97,440500
20150914,31.05,32.39,30.68,32.39,660900
20150915,32.55,32.93,31.41,32.35,521500
20150916,32.36,33.17,32.28,33.17,873600
20150917,32.7,33.44,32.5,33.07,999000
20150918,32.59,32.63,31.72,31.83,1040500
20150921,32.18,32.4,31.32,31.48,854300
20150922,30.77,31.13,30.38,30.85,842200
20150923,30.49,31,30.25,30.57,635900
20150924,29.71,31.05,28.87,30.59,1035100
20150925,31.1,31.11,30.08,30.33,346400
20150928,29.84,30.35,29.71,30.29,493600
20150929,30.29,30.81,30.04,30.58,675800
20150930,31.5,31.87,30.68,31.38,1396300
20151001,31.38,31.71,30.07,30.55,1325300
20151002,30.55,31.25,30.22,31.17,771100
20151005,31.57,31.78,31.22,31.58,408900
20151006,31.46,31.99,30.35,30.84,801600
20151007,31.15,31.27,30.08,30.48,930200
20151008,30.28,30.59,30.03,30.12,863100
20151009,30.5,30.83,30.03,30.48,1501500
20151013,30.81,31.3,30.51,31.04,993200
20151014,30.88,31.8,30.6,30.66,1482600
20151015,30.67,31.25,30.33,31.25,949700
20151016,31.24,31.54,30.7,31.44,688900
20151019,31.43,32.27,30.96,32.25,531200
20151020,32.03,32.83,31.64,32.02,814100
20151021,32.01,32.53,31.58,32.11,344800
20151022,32.12,33.46,32.08,32.64,664000
20151023,33.3,33.47,32.38,32.44,605400
20151026,32.44,32.7,30.23,30.53,1342700
20151027,30.38,31.05,30.14,30.96,596800
20151028,30.8,31.21,30.23,30.31,566700
20151029,30,30.59,29.89,29.98,605200
20151030,29.97,31.25,29.83,31.25,951900
20151103,31.15,32.55,30.63,32.3,899900
20151104,32.41,33.37,32.29,32.67,1152100
20151105,32.55,33.36,32.27,33.36,746600
20151106,33.06,33.52,31.28,31.92,561100
20151109,31.44,31.94,30.91,31.1,513100
20151110,30.54,31.35,30.23,31.11,538600
20151111,31.12,32.26,31.12,32.01,857400
20151112,31.55,31.55,28.97,29.24,1549500
20151113,29.04,29.67,29.04,29.18,628900
20151116,29.09,29.93,29.04,29.19,628700
20151117,29.36,29.74,28.81,29.09,651800
20151118,28.96,29.77,28.89,29.23,641600
20151119,29.49,29.85,28.95,29.23,402900
20151123,29.71,30.06,28.85,29.56,715300
20151124,29.34,29.34,28.54,29.12,583100
20151125,28.99,29.4,28.66,29.13,707400
20151126,28.97,29.45,28.95,29.21,277800
20151127,29.02,29.31,28.02,28.07,459100
20151130,28.03,28.17,27.47,27.59,1219800
20151201,27.47,27.73,26.61,26.91,877300
20151202,27.01,27.1,25.82,26.26,770800
20151203,27.44,27.44,26.21,26.34,490000
20151204,26.22,26.27,25.49,25.96,533700
20151207,26.01,26.77,25.65,25.67,535700
20151208,25.89,25.94,25.03,25.21,444700
20151209,25.38,26.48,25.38,25.87,544800
20151210,26.15,26.22,24.92,25.32,496000
20151211,25.09,25.68,24.55,24.79,675900
20151214,24.62,24.67,23.29,23.45,1057800
20151215,23.27,24.15,23.27,23.79,785700
20151216,23.59,24.71,23.38,24.71,878500
20151217,25.14,25.52,24.85,25.18,722800
20151218,24.43,24.67,23.51,23.92,854300
20151221,23.73,23.73,23.13,23.23,615900
20151222,23.39,23.46,22.93,23.07,382700
20151223,23.05,23.73,23.05,23.55,404600
20151228,23.72,23.72,22.63,22.81,545600
20151229,22.81,23,22.39,22.69,316200
20151230,22.54,23.36,22.46,23.36,765400
20160104,23.2,23.2,21.97,22.11,598200
20160105,22.39,22.68,21.54,21.62,632300
20160106,21.47,22.08,21.03,21.53,650600
20160107,21.13,21.14,20.39,20.5,598300
20160108,20.5,20.69,19.42,19.55,784900
20160111,19.78,20.3,19.33,19.76,678000
20160112,19.56,20.37,19.56,19.75,592200
20160113,19.87,19.97,19.03,19.18,677300
20160114,19.03,19.28,18.26,18.73,766600
20160115,18.31,18.53,18.01,18.36,628100
20160118,18.6,18.6,17.28,17.45,438000
20160119,17.73,17.94,17.03,17.16,785900
20160120,17.04,17.28,16.68,17.06,1223300
20160121,17.06,17.54,16.76,17.21,1690600
20160122,17.53,18.41,17.3,18.27,698600
20160126,18.27,18.77,17.7,17.98,713800
20160127,17.89,19.65,17.89,19.3,1001300
20160128,19.44,19.85,18.7,19.85,771000
20160129,20.01,21.2,19.6,21.2,1077400
20160201,21.25,21.63,20.9,21.2,456900
20160202,20.83,21.15,20.13,20.14,653100
20160203,20.28,21.34,20.12,21.03,515900
20160204,21.18,22.54,21.18,21.82,747600
20160205,21.67,23.31,21.67,22.59,486900
20160210,22.51,23.04,22.37,23.03,249500
20160211,22.85,22.85,20.9,21.48,587000
20160212,21.17,21.53,20.67,21.52,419600
20160215,21.67,22.29,20.99,21.53,427500
20160216,21.22,22.36,21.22,22.3,507900
20160217,22.46,23.79,22.12,23.07,1034400
20160218,22.91,23.5,21.93,22.44,498100
20160219,22.27,22.43,21.85,21.92,593500
20160222,22.58,23.41,22.21,23.36,691000
20160223,23.21,23.57,22,22.08,535000
20160224,21.75,22.11,21.03,22.11,511100
20160225,21.91,22.3,21.28,22.3,385300
20160226,22.46,22.59,21.25,21.38,727400
20160229,21.38,22.59,21.38,22.24,720700
20160301,22.66,23.26,22.29,22.83,599600
20160302,22.95,22.98,22.31,22.76,908500
20160303,23,24.72,22.55,24.33,835800
20160304,25,26.39,25,26.03,1509900
20160307,26.39,26.73,25.66,26.23,684700
20160308,26.32,27.04,25.39,27.04,855200
20160309,27.39,27.65,25.8,25.8,939500
20160310,26.33,26.33,24.12,25.23,1215200
20160311,25.29,27.48,24.99,27.48,1318100
20160314,27.38,27.96,26.54,26.92,940700
20160315,26.52,26.52,23.9,24.47,892200
20160316,24.29,24.9,23.97,24.71,724700
20160317,26.16,27.45,25.13,26.48,1489400
20160318,26.75,27.49,26.58,26.89,925200
20160321,27.21,29.29,27.03,29.22,641800
20160322,29.27,29.37,28.02,28.51,528000
20160323,28.21,28.25,26.85,26.93,830000
20160324,26.65,27.2,25.38,27.13,843300
20160328,27.86,28.3,27.25,27.8,474300
20160329,28.11,28.51,27.29,28.31,932400
20160330,28.59,29.59,28.2,28.4,529800
20160331,28.11,28.57,27.09,27.55,1180800
20160401,27.86,28.72,26.75,28.51,559300
20160404,28.43,28.44,26.08,26.39,649600
20160405,26.13,27.12,25.93,26.58,545900
20160406,26.28,26.33,25.32,25.57,835800
20160407,25.83,26.25,25.3,25.6,601700
20160408,26.39,27.44,26.39,26.79,568800
20160411,27.05,27.55,25.75,26.01,821700
20160412,26.08,26.92,26.07,26.63,774000
20160413,27.4,28.68,27.09,28.3,1207100
20160414,28.17,28.32,26.15,26.61,1166700
20160415,26.85,27.73,26.45,27.39,1055700
20160418,27.66,27.88,26.76,26.82,694900
20160419,27.17,27.62,26.98,27.29,1284000
20160420,27.55,28.03,27,27.29,1498500
20160422,27.03,27.69,26.91,27.56,1206800
20160425,27.68,28.12,27.49,27.74,538000
20160426,27.88,28.07,27.46,27.84,527000
20160427,28.16,28.67,27.81,28.59,869900
20160428,28.84,29.03,28.24,28.56,504100
20160429,28.7,28.73,27.65,28.31,837200
20160502,28.4,28.65,27.88,28.25,457700
20160503,27.99,28.18,27.33,27.75,906000
20160504,27.79,27.96,27.27,27.65,743500
20160505,27.68,27.87,26.95,27.1,560300
20160506,27.05,27.79,26.83,27.53,648500
20160509,27.15,27.4,26.46,26.77,480900
20160510,27.16,27.8,27,27.77,465000
20160511,28.35,28.49,27.16,27.5,582700
20160512,27.65,28.95,27.4,28.6,833700
20160513,28.28,28.35,26.59,26.59,1189100
20160516,26.7,26.7,25.25,25.76,787200
20160517,25.39,25.87,24.9,25.29,868200
20160518,24.95,25.41,24.39,24.51,857900
20160519,24.41,24.61,23.79,24.6,790700
20160520,24.8,25.11,24.31,24.5,587900
20160523,23.81,24.3,23.71,24.09,515400
20160524,24.32,24.44,23.23,23.37,625400
20160525,23.48,24.37,23.48,23.92,759400
20160527,24.27,24.54,23.83,23.86,817000
20160530,23.86,24.12,23.4,23.49,217900
20160531,23.49,23.83,23.22,23.68,892300
20160601,23.69,23.85,23.14,23.47,692900
20160602,23.52,24.39,23.4,24.2,749800
20160603,24.2,24.65,24.01,24.17,842700
20160606,24.3,24.59,24.15,24.24,885300
20160607,24,24.69,24,24.42,793300
20160608,24.66,26.13,24.63,26,745200
20160609,25.9,26.1,25.43,25.8,817800
20160610,25.73,25.73,24.81,25.36,446600
20160613,24.9,25.7,24.75,25.56,381000
20160614,25.47,25.68,24.71,25.09,510700
20160615,24.98,25.66,24.8,25.4,577400
20160616,25.7,26.82,25.08,26.48,894000
20160617,26.8,27.44,26.65,26.78,1514300
20160620,27.11,27.86,27,27.4,669000
20160621,27.44,28.85,27.4,28.62,844400
20160622,28.56,29.47,28.53,28.53,653200
20160623,28.67,30.23,28.53,29.85,842000
20160624,28.95,29.51,28.42,29.13,585400
20160627,29.17,29.59,28.76,29.05,570800
20160628,29.28,30.53,29.28,29.93,990100
20160629,30.48,31.07,30.44,30.66,1173400
20160630,30.4,30.65,28.32,29.22,1615100
20160701,29.69,29.69,28.59,29.33,1132700
20160704,29.49,30.48,29.49,29.86,468800
20160705,29.84,30.65,29.31,30.58,698400
20160706,30.4,30.71,29.67,30.12,606200
20160707,30.01,30.14,29.35,29.48,384600
20160708,29.79,30.62,29.22,30.42,957600
20160711,30.55,32.45,30.55,32.42,780200
20160712,32.85,33.05,31.65,32.3,1091500
20160713,32.05,32.88,31.93,32.57,776200
20160714,32.99,34.22,32.61,33.31,1038800
20160715,33.52,33.96,32.94,33.17,513500
20160718,33.5,34.43,33.19,34.03,552400
20160719,34,34.29,33.63,34.29,540400
20160720,34.02,34.61,33.72,33.8,593400
20160721,34.01,34.35,33.79,33.89,290400
20160722,34.05,34.37,33.91,34.17,484900
20160725,33.92,34.19,32.82,33.73,242600
20160726,33.98,33.99,33.03,33.23,393600
20160727,33.1,33.75,32.17,32.51,421100
20160728,32.48,32.48,31.47,32.36,695500
20160729,32.39,32.43,31.55,32.15,571900
20160801,32.26,32.81,31.98,32.45,407400
20160802,32.1,32.35,31.06,31.49,470800
20160803,31.7,31.97,30.85,31.68,436200
20160804,31.89,32.59,31.41,32.32,674800
20160805,32.38,32.5,31.11,32.16,740800
20160808,31.94,32.47,31.09,31.27,378000
20160809,31.23,31.53,30.7,31.06,1105100
20160810,31.1,31.79,30.99,31.22,725200
20160811,31.16,32.26,30.89,31.9,443800
20160812,31.81,32.13,31.37,31.65,531800
20160815,31.66,34.03,31.66,33.03,680100
20160816,32.69,33.75,32.69,33.39,512700
20160817,33.39,33.97,32.29,33.97,537700
20160818,33.67,34.36,33.57,33.99,587800
20160819,33.63,34.22,33.32,34.16,374800
20160822,34.03,34.03,33.23,33.35,521800
20160823,33.77,33.78,32.99,33.21,303700
20160824,33.19,34.11,32.89,33.83,1138400
20160825,33.67,34.6,33.58,34.45,449400
20160826,34.47,35.56,33.1,33.32,761100
20160829,33.63,34.85,33.38,34.21,408900
20160830,34.25,34.38,33.32,33.44,262300
20160831,33.53,34.41,32.19,32.96,968600
20160901,33.18,33.57,32.58,33.4,292200
20160902,33.58,34.87,33.44,34.75,476100
20160905,35.14,35.37,34.84,35.02,261100
20160906,34.82,35.38,34.5,35.05,326600
20160908,35.15,35.5,35.04,35.37,718900
20160909,34.69,34.85,33.38,33.49,964400
20160912,33.49,34.12,32.92,33.68,383800
20160913,33.22,33.55,31.92,32.07,510800
20160914,32.03,32.51,31.73,32.33,509000
20160915,32.52,33.62,32.31,33.38,287500
20160916,33.31,33.41,32.52,32.7,772700
20160919,33.03,33.84,33.02,33.28,307000
20160920,33.5,34.38,33.29,34.2,548700
20160921,34.2,34.66,33.5,34,399500
20160922,34.42,34.87,33.86,34.8,467700
20160923,34.9,35.2,34.56,34.72,452400
20160926,34.59,34.91,34.37,34.81,164300
20160927,34.99,35.04,34.1,34.45,427700
20160928,34.81,34.9,33.89,34.47,309300
20160929,34.47,35.56,34.4,34.4,564600
20160930,34.4,34.72,33.63,33.63,1322300
20161003,33.66,34.29,33.2,33.77,399000
20161004,33.77,34.16,33.21,33.52,646200
20161005,33.62,34.57,33.59,34,1158400
20161006,34,34.3,33.61,34.1,369800
20161007,34.29,34.41,33.46,33.72,439800
20161010,34.07,34.95,33.98,34.31,420900
20161011,34.31,34.9,34.28,34.57,574900
20161013,34.91,35.27,34.4,35,999600
20161014,35.35,36.33,35.23,35.33,709900
20161017,35.54,36.23,35.45,36.15,651700
20161018,36.24,37.51,36.19,37.2,1076700
20161019,37.01,37.62,36.92,37,651100
20161020,36.91,37.82,36.04,37.18,540300
20161021,36.94,37.27,36.55,36.9,579700
20161024,36.71,37.08,36.35,36.56,792400
20161025,36.36,36.94,35.86,36.19,593200
20161026,35.92,36.61,35.41,36.26,534100
20161027,35.95,36.86,35.95,36.11,359900
20161028,35.88,36.66,35.88,36.42,421900
20161031,36.2,36.83,36.2,36.55,474000
20161101,36.97,37.58,35.4,35.81,843000
20161103,35.39,36.21,35.3,35.36,605300
20161104,35.3,36.1,34.6,34.72,307300
20161107,35.23,36.55,34.9,36.49,328600
20161108,36.2,37.55,36.2,36.49,500700
20161109,35,35.75,34.8,35.14,622500
20161110,35.16,35.55,32.22,32.53,1076800
20161111,32,32.19,27.59,28.51,1794200
20161114,28.5,29.48,27.61,27.77,862700
20161116,27.78,29.14,27.7,29.14,1335700
20161117,29.21,29.69,27.74,27.85,739000
20161118,27.87,28.42,27.78,28.25,522900
20161121,28.32,29.59,28.25,29.21,660800
20161122,29.7,30.39,29.01,29.01,724900
20161123,28.81,29.53,28.72,29.44,360300
20161124,29.46,29.87,28.71,28.71,147800
20161125,28.31,29.36,27.99,29.36,192500
20161128,29.17,30.18,29.16,29.93,399000
20161129,29.49,29.86,28.98,28.98,387200
20161130,29.68,29.85,28.89,28.95,930100
20161201,28.7,29.12,27.25,27.62,745100
20161202,27.31,28.29,27.15,27.77,674700
20161205,28.07,28.07,27.26,27.31,265600
20161206,27.28,27.84,26.58,27.74,299200
20161207,28.14,28.76,27.91,28.41,781400
20161208,28.52,29.48,28.09,28.59,671700
20161209,28.74,29.19,28.34,28.62,478000
20161212,28.1,28.88,28.02,28.29,518600
20161213,28.02,29.19,27.82,28.57,567900
20161214,28.8,28.84,27.81,27.81,812200
20161215,27.94,28.38,26.91,27.82,731300
20161216,28.18,29.12,27.92,28.54,512000
20161219,28.31,28.83,27.05,27.05,762700
20161220,27.5,27.5,26.76,27.22,428800
20161221,27.42,27.54,26.55,26.69,362100
20161222,26.51,26.88,26.16,26.79,418000
20161223,26.8,27.09,26.06,26.36,487300
20161226,26.45,26.94,26.45,26.81,97800
20161227,27.07,27.3,26.77,27.06,330600
20161228,27.1,27.46,26.81,27.05,564300
20161229,27.19,27.63,26.76,27.36,631500
20170102,27.38,27.49,27.06,27.2,102700
20170103,27.54,29.27,27.39,29.23,1121700
20170104,29.05,29.49,28.74,28.94,679100
