<DTYYYYMMDD>,<OPEN>,<HIGH>,<LOW>,<CLOSE>,<VOL>
20100601,12.09,12.28,12.09,12.17,313900
20100602,12.05,12.26,12.05,12.26,105600
20100604,12.13,12.53,12.13,12.17,599100
20100607,12.3,12.46,11.97,12.17,54100
20100608,12.21,12.25,11.97,12.17,646800
20100609,12.21,12.26,12.14,12.26,475600
20100610,12.29,12.29,12.07,12.13,438400
20100611,12.05,12.19,11.98,12.13,116300
20100614,12.17,12.17,12.09,12.15,110100
20100615,12.15,12.28,11.98,11.98,494700
20100616,11.91,12.19,11.89,12.13,231800
20100617,11.94,12.17,11.94,12.17,184100
20100618,12.17,12.5,12.12,12.12,1198800
20100621,12.12,12.17,12.03,12.13,66900
20100622,12.07,12.34,12.07,12.31,254100
20100623,12.14,12.28,12.08,12.13,164600
20100624,12.08,12.28,12,12.08,163000
20100625,12.08,12.33,12.03,12.03,124600
20100628,12.04,12.21,12.01,12.21,28600
20100629,11.97,12.16,11.97,12.04,124300
20100630,12.08,12.08,11.52,11.68,526800
20100701,11.67,11.92,11.3,11.55,612000
20100702,11.51,11.8,11.51,11.6,28600
20100705,11.47,11.5,11.38,11.5,2600
20100706,11.7,11.83,11.34,11.47,273600
20100707,11.51,11.69,11.5,11.61,231400
20100708,11.44,11.88,11.44,11.59,85000
20100712,11.55,11.73,11.29,11.59,101800
20100713,11.75,11.81,11.59,11.76,55900
20100714,11.6,11.75,11.6,11.67,23100
20100715,11.59,11.9,11.59,11.76,101300
20100716,11.67,11.8,11.59,11.8,42600
20100719,11.56,12.08,11.56,11.88,195200
20100720,11.73,11.91,11.63,11.9,269500
20100721,11.76,11.9,11.76,11.9,63200
20100722,11.9,12.08,11.81,12.08,138500
20100723,12.08,12.08,11.85,11.91,165700
20100726,11.99,12,11.76,11.92,238800
20100727,11.92,11.96,11.84,11.94,60100
20100728,11.84,12.08,11.64,12,338800
20100729,12,12.08,11.84,11.9,25500
20100730,12.04,12.2,11.84,11.93,255100
20100802,12.17,12.21,11.99,12.19,545000
20100803,12.15,12.15,11.92,12.13,376500
20100804,12.08,12.33,11.96,12.33,140800
20100805,12.24,12.48,12.04,12.33,617000
20100806,12.33,12.33,12.08,12.33,138500
20100809,12.34,12.5,12.17,12.33,352700
20100810,12.21,12.33,12.21,12.33,186600
20100811,12.08,12.25,11.8,12,87000
20100812,12.08,12.32,12.02,12.32,53000
20100813,12.32,12.37,12.1,12.33,107500
20100816,12.31,12.31,11.98,12.29,35900
20100817,12.32,12.33,12.17,12.33,473000
20100818,12.33,12.36,12.25,12.33,418200
20100819,12.32,12.33,12.26,12.33,578500
20100820,12.33,12.41,12.17,12.26,478500
20100823,12.25,12.29,12.25,12.29,85100
20100824,12.32,12.33,12.17,12.33,1011100
20100825,12.33,12.37,12.17,12.33,159500
20100826,12.25,12.39,12.22,12.33,286500
20100827,12.33,12.5,12.21,12.33,92200
20100830,12.33,12.47,12.25,12.44,111800
20100831,12.45,12.74,12.36,12.74,282500
20100901,12.74,13.12,12.5,12.91,138100
20100902,12.87,12.87,12.54,12.82,79900
20100903,12.54,13.03,12.13,12.78,411800
20100906,12.78,13.03,12.73,12.74,19900
20100908,12.74,13.03,12.74,13.03,99000
20100909,13.01,13.68,12.94,13.23,329100
20100910,13.13,13.36,13.11,13.32,175000
20100913,13.32,13.47,13.26,13.36,247000
20100914,13.32,13.47,13.32,13.38,187300
20100915,13.38,13.4,13.17,13.24,103000
20100916,13.24,13.47,13.13,13.14,137900
20100917,13.1,13.44,13.1,13.44,569000
20100920,13.15,13.47,13.07,13.43,95400
20100921,13.24,13.44,13.18,13.44,165200
20100922,13.34,13.56,13.34,13.38,117900
20100923,13.35,13.6,13.25,13.6,78500
20100924,13.29,13.64,13.29,13.64,201300
20100927,13.56,13.8,13.52,13.8,155500
20100928,13.81,13.97,13.74,13.95,91800
20100929,13.93,13.98,13.66,13.84,197400
20100930,13.66,13.94,13.5,13.72,166600
20101001,13.49,13.9,13.37,13.73,434900
20101004,13.56,13.72,13.32,13.32,77100
20101005,13.32,13.56,13.32,13.56,436300
20101006,13.56,13.94,13.46,13.65,140400
20101007,13.55,13.98,13.4,13.98,401000
20101008,13.65,14.36,13.65,14.23,561700
20101011,14.3,14.55,13.65,14.3,742100
20101013,14.39,14.93,14.23,14.8,954400
20101014,14.88,14.88,14.27,14.39,177200
20101015,14.72,14.72,14.14,14.15,85200
20101018,14.34,14.46,13.82,13.82,85200
20101019,13.85,14.37,13.56,13.98,88500
20101020,14.36,14.36,13.57,14.01,47200
20101021,13.98,14.28,13.98,14.21,156900
20101022,14.14,14.79,14.1,14.76,304700
20101025,14.78,14.95,14.66,14.83,106500
20101026,14.59,14.8,14.59,14.72,84000
20101027,14.72,14.81,14.49,14.54,353400
20101028,14.67,14.8,14.31,14.76,32200
20101029,14.8,14.96,14.76,14.84,408200
20101101,14.84,15.48,14.81,15.48,563800
20101103,15.45,15.74,15.45,15.66,477500
20101104,15.66,15.84,15.46,15.83,230100
20101105,15.91,16.02,15.32,15.95,149200
20101108,15.86,15.9,15.64,15.86,82800
20101109,15.87,15.93,15.62,15.87,730400
20101110,15.87,15.87,15.7,15.79,172700
20101111,15.91,15.93,15.62,15.62,93300
20101112,15.46,15.6,14.93,15.52,11200
20101116,15.51,15.51,15.05,15.13,44100
20101117,15.13,15.45,15.13,15.45,95100
20101118,15.37,15.84,15.37,15.84,339600
20101119,15.62,16.38,15.62,16.24,1284900
20101122,16.09,16.2,15.86,16.03,188900
20101123,16.28,16.28,15.98,16.2,545600
20101124,16.2,16.38,16.08,16.34,378900
20101125,16.35,16.44,16.2,16.44,155100
20101126,16.34,16.34,16.16,16.28,15100
20101129,16.36,16.44,16.08,16.2,352700
20101130,16.44,16.62,16.2,16.62,347700
20101201,16.61,16.9,16.44,16.85,1192900
20101202,18.91,18.91,17.42,17.68,1482000
20101203,17.77,17.79,17.05,17.25,362500
20101206,17.05,17.27,17.02,17.27,497700
20101207,17.22,17.35,16.87,17.06,524700
20101208,17.06,17.34,16.81,17.27,824200
20101209,17.27,17.34,17.1,17.27,415600
20101210,17.26,17.41,17.02,17.17,1183300
20101213,17.43,18.82,17.18,18.5,1434400
20101214,18.19,19.16,17.18,18.98,538400
20101215,18.75,20.97,18.4,19.74,650700
20101216,19.73,20.5,18.8,19.1,719400
20101217,19.4,19.4,18.42,18.91,361500
20101220,18.95,19.42,18.72,18.84,81900
20101221,18.91,18.91,18.42,18.42,200200
20101222,18.45,18.51,17.55,17.55,697900
20101223,17.75,18.83,17.59,18.08,156100
20101227,18.08,18.66,18.08,18.41,90900
20101228,18.5,18.94,18.38,18.78,243600
20101229,18.78,19.19,18.62,18.99,181600
20101230,19.19,19.61,18.46,19.44,387500
20110103,19.69,20.18,19.2,19.41,177200
20110104,19.41,19.55,19.12,19.43,263900
20110105,18.95,19.11,18.76,18.95,7111600
20110106,18.95,19.36,18.95,19.04,122800
20110107,19.15,19.77,18.96,19.2,296400
20110110,19.43,19.98,19.43,19.98,432400
20110111,20.18,21.42,19.94,20.79,683900
20110112,20.81,21.31,20.69,20.69,449800
20110113,20.84,21.16,20.1,20.1,1175300
20110114,20.1,20.1,19.29,19.53,910300
20110117,19.67,19.68,19.39,19.46,440600
20110118,19.53,19.6,19.22,19.28,419500
20110119,19.48,19.69,18.78,18.82,769000
20110120,18.78,19.85,18.58,19.4,16903700
20110121,19.75,19.77,19.2,19.37,552200
20110124,19.42,19.9,19.38,19.77,544400
20110126,19.77,19.77,19.38,19.69,429600
20110127,19.81,20.1,19.16,19.61,482800
20110128,19.77,19.77,18.38,18.54,471100
20110131,18.5,18.87,17.96,18.19,327100
20110201,18.12,18.73,18.12,18.4,632200
20110202,18.68,18.95,18.41,18.54,774500
20110203,18.38,18.76,18.03,18.15,319100
20110204,18.33,18.65,17.98,18.12,352000
20110207,18.65,20.17,18.3,19.73,1689700
20110208,19.73,19.77,19.25,19.52,929400
20110209,19.29,19.52,18.79,19.18,4541400
20110210,19.12,19.52,19.04,19.52,535000
20110211,20.1,20.98,19.9,20.95,2309100
20110214,20.94,21.38,20.28,21.21,1152900
20110215,21.1,21.41,20.79,21.01,1065900
20110216,20.89,21.18,20.35,20.35,1020800
20110217,20.47,20.67,20.18,20.39,708000
20110218,20.3,20.59,20.3,20.47,288400
20110221,20.58,20.59,20.26,20.27,133100
20110222,20.22,20.31,19.78,19.88,1047300
20110223,20.02,20.95,19.98,20.27,1965400
20110224,20.51,20.6,20.02,20.58,959000
20110225,20.6,20.67,20.29,20.64,947200
20110228,20.92,21.11,20.07,20.14,17281000
20110301,20.23,20.23,19.36,19.36,1328000
20110302,19.4,19.87,18.78,19.2,1588300
20110303,19.39,19.65,19.04,19.28,890500
20110304,19.21,19.51,19.21,19.44,229500
20110309,19.35,19.65,19.04,19.44,1243200
20110310,19.43,19.81,18.96,19.51,1252000
20110311,19.53,19.73,19.32,19.53,683100
20110314,19.41,20.1,19.36,19.66,531400
20110315,19.36,20.13,19.24,19.61,464700
20110316,19.8,19.81,19.32,19.44,404000
20110317,19.58,19.61,18.82,18.96,811500
20110318,19.14,19.38,18.82,19.07,273000
20110321,19.03,19.39,18.73,19.17,802900
20110322,19.16,19.43,19.07,19.24,398500
20110323,19.24,19.73,19.24,19.66,379700
20110324,19.71,20.91,19.67,20.43,757100
20110325,20.49,20.51,19.9,19.98,547600
20110328,20.09,20.43,19.99,20.06,344600
20110329,20.12,20.37,19.94,20.26,172400
20110330,20.43,21.64,20.36,21.54,1392500
20110331,21.54,22.24,21.42,22.24,917300
20110401,22.3,22.34,21.6,21.82,464300
20110404,21.82,22.16,21.34,21.42,522800
20110405,21.42,21.42,21.02,21.24,359000
20110406,21.3,21.53,20.87,21.16,755400
20110407,21.04,21.52,20.91,21.26,350200
20110408,21.26,21.67,21.23,21.38,511000
20110411,21.39,21.72,21.19,21.34,2996600
20110412,21.4,21.4,20.66,21.01,289700
20110413,21.08,21.08,20.52,20.6,950000
20110414,20.65,20.65,20.42,20.56,238200
20110415,20.63,20.63,20.42,20.56,101700
20110418,20.33,20.93,20.1,20.76,858800
20110419,20.72,20.78,20.6,20.76,259300
20110420,20.7,21.37,20.7,21.26,661600
20110425,21.26,21.59,21.17,21.18,212900
20110426,21.26,21.5,21.1,21.43,564400
20110427,21.52,21.95,21.37,21.69,708900
20110428,21.63,22.3,21.58,21.96,909000
20110429,22.08,22.26,21.31,21.5,744500
20110502,21.5,21.98,21.36,21.71,628300
20110503,21.59,22.06,21.38,21.91,711400
20110504,22.15,22.51,22.06,22.36,678700
20110505,22.45,22.51,22.12,22.12,392000
20110506,22.26,22.37,21.66,22.17,452300
20110509,22.12,22.6,20.76,22.2,679000
20110510,22.26,22.26,21.65,21.99,1181300
20110511,22.05,22.4,21.56,22.12,286100
20110512,22.12,22.5,21.97,22.28,675500
20110513,22.41,22.53,21.47,21.67,594400
20110516,21.73,21.78,21.47,21.47,256800
20110517,21.4,21.58,20.56,20.66,934700
20110518,20.76,21.03,20.41,20.57,689700
20110519,20.68,20.83,20.37,20.53,292500
20110520,20.53,20.63,20.37,20.37,311500
20110523,20.33,20.33,19.76,19.99,911800
20110524,19.99,20.52,19.8,20.2,498600
20110525,20.18,20.37,19.62,19.83,503900
20110526,19.99,19.99,19.52,19.79,529200
20110527,19.84,19.9,19.58,19.64,218700
20110530,19.42,19.8,19.42,19.75,94400
20110531,19.58,20.24,19.55,20.12,735400
20110601,20.28,20.53,19.83,19.83,361600
20110602,19.78,20.56,19.71,20.37,362400
20110603,20.11,20.99,20.1,20.82,1545800
20110606,20.82,21.27,20.45,20.66,377000
20110607,20.53,20.77,20.36,20.6,1352400
20110608,20.6,20.9,19.93,20.08,421800
20110609,20.02,20.66,19.9,20.41,488900
20110610,20.47,20.59,20.02,20.41,337800
20110613,20.47,21.11,20.23,20.29,415400
20110614,20.35,20.71,20.35,20.66,506500
20110615,20.41,21.14,20.39,20.66,714300
20110616,20.66,21.19,20.66,20.9,962600
20110617,21.14,21.15,20.66,20.66,1504100
20110620,20.61,20.66,20.16,20.16,655000
20110621,20.21,20.62,20.04,20.61,491400
20110622,20.57,21.38,20.57,20.99,990500
20110624,21.07,21.87,20.51,21,498000
20110627,21.06,21.52,20.62,20.74,414500
20110628,20.67,20.81,20.36,20.57,412600
20110629,20.6,20.62,19.94,19.94,652900
20110630,20.1,20.13,19.82,20.04,426300
20110701,20.11,20.44,19.96,20.13,440000
20110704,20.06,20.33,19.88,20.08,219600
20110705,20.12,20.12,19.7,19.87,664700
20110706,19.82,20.17,19.68,20.17,296400
20110707,20.23,20.33,20.05,20.25,185500
20110708,20,20.25,20,20.13,219800
20110711,20,20.06,19.75,19.92,149700
20110712,19.84,20.07,19.72,20.04,503600
20110713,20.19,20.29,19.91,20.17,282200
20110714,20.08,20.57,20.05,20.25,760100
20110715,21.45,22.08,21.17,21.79,3029000
20110718,21.58,21.7,21.45,21.62,904400
20110719,21.7,21.99,21.58,21.58,859500
20110720,21.46,21.99,21.46,21.58,696800
20110721,21.64,21.99,21.45,21.83,407100
20110722,21.77,22.2,21.67,21.89,621500
20110725,21.82,22.1,21.62,21.95,348900
20110726,21.99,22.04,21.73,21.74,222400
20110727,21.68,22.24,21.21,21.58,457600
20110728,21.59,22.16,21.59,21.91,2131900
20110729,21.85,22.2,21.78,21.99,811400
20110801,22.02,22.33,21.6,21.74,450200
20110802,21.67,21.97,21.3,21.37,389800
20110803,21.44,21.44,20.68,21.04,884800
20110804,20.57,20.97,19.78,20.08,938000
20110805,20.35,20.5,19.06,19.63,928500
20110808,19.54,19.54,17.55,18.26,750800
20110809,18.26,19.92,18.18,19.08,665700
20110810,19.08,19.3,18.32,18.51,654500
20110811,18.51,19.5,18.47,19.17,1276200
20110812,19.65,21.11,19.5,20.42,1851400
20110815,20.75,21.06,20.14,20.31,569700
20110816,20.24,20.33,19.67,19.92,692900
20110817,20.16,20.5,19.92,20.25,566600
20110818,19.91,20.16,19.5,20.09,777100
20110819,19.92,20.04,19.61,19.92,486800
20110822,19.96,20.43,19.84,20.04,193000
20110823,20.18,20.34,19.67,20.34,305900
20110824,20.33,20.34,19.93,20.23,277200
20110825,20.2,20.33,19.84,20.32,428900
20110826,20.24,20.24,19.89,20.08,277900
20110829,20.17,20.53,19.98,20.37,1382900
20110830,20.28,20.72,20.18,20.67,325900
20110831,20.75,20.96,20.26,20.67,641400
20110901,21.16,21.55,20.84,21.16,799900
20110902,21.08,21.58,20.81,21.13,309700
20110905,20.59,21.04,20.59,20.75,130900
20110906,20.67,21.16,20.67,20.67,769800
20110908,20.75,21.16,20.73,20.91,722600
20110909,21.03,21.32,20.33,20.75,419500
20110912,19.93,20.33,19.78,20.04,1670100
20110913,19.93,20.5,19.63,19.63,1011300
20110914,19.63,20.01,19.34,19.42,1591800
20110915,19.51,19.64,19.25,19.34,1454800
20110916,19.35,19.98,19.15,19.75,4216600
20110919,19.79,20.07,19.5,19.84,587600
20110920,19.93,20.17,19.68,19.82,438400
20110921,19.85,20.05,19.29,19.33,696100
20110922,18.92,19.12,18.55,18.66,651400
20110923,18.66,18.76,18.27,18.47,579000
20110926,18.52,18.94,17.8,17.9,1528600
20110927,18.14,18.71,18.02,18.48,1235600
20110928,18.72,18.84,18.26,18.48,495800
20110929,18.65,18.83,18.45,18.62,1198700
20110930,18.45,19.5,18.14,19.5,772300
20111003,19.1,19.29,18.52,18.93,883000
20111004,18.97,18.98,18.18,18.47,706900
20111005,18.42,18.86,18.27,18.55,568100
20111006,18.67,19.12,18.55,18.92,1787200
20111007,19.09,19.09,18.6,18.76,754100
20111010,18.98,19.06,18.42,18.42,2285700
20111011,18.42,18.62,17.06,17.14,5484500
20111013,17.13,18.01,16.39,17.76,3027200
20111014,17.75,18.83,17.64,18.05,2605400
20111017,18.05,18.76,18.05,18.59,882100
20111018,18.56,18.92,18.4,18.76,608900
20111019,18.8,19.08,18.59,18.91,373900
20111020,18.91,19.19,18.72,19.06,743800
20111021,19.07,19.91,19.07,19.5,1495900
20111024,19.56,19.91,18.65,18.86,3538700
20111025,18.86,19.59,18.63,19.3,1937100
20111026,19.41,19.75,19.2,19.67,1216400
20111027,19.79,19.92,18.97,19.59,1674100
20111028,19.45,19.74,19.13,19.44,1034200
20111031,19.42,19.71,19.01,19.67,664700
20111101,19,19.57,19,19.14,1092600
20111103,19.5,20.04,19.18,19.84,1639800
20111104,19.78,19.92,19.51,19.67,575300
20111107,19.79,19.9,19.09,19.5,1073600
20111108,19.34,19.59,19.34,19.56,583100
20111109,19.6,19.76,19.31,19.59,1154300
20111110,19.63,19.78,19.51,19.54,686600
20111111,19.63,19.92,19.6,19.92,11442600
20111114,19.89,19.92,19.58,19.71,735000
20111116,19.67,20.25,19.59,20,671700
20111117,20.08,20.08,19.67,19.89,1565900
20111118,20.04,20.21,19.73,19.84,833100
20111121,19.72,20,19.54,19.82,420200
20111122,19.81,20.08,19.39,19.84,350100
20111123,19.91,19.97,19.67,19.92,519600
20111124,19.92,20.08,19.84,20.08,245300
20111125,19.93,20,19.84,19.84,543200
20111128,19.93,20.67,19.92,20.62,1485500
20111129,20.66,20.91,20.62,20.83,1180500
20111130,20.85,21.83,20.85,21.83,8953300
20111201,21.83,22.4,21.69,21.99,2148900
20111202,22.13,22.41,21.45,21.69,1558700
20111205,21.99,21.99,21.49,21.58,822100
20111206,21.5,21.9,21.3,21.76,972100
20111207,21.76,22.26,21.44,21.99,508500
20111208,22.08,22.09,21.83,22.05,574400
20111209,22.04,22.57,21.92,22.41,771000
20111212,22.17,22.72,22,22.66,1785000
20111213,22.58,22.66,22.09,22.41,699300
20111214,22.38,22.48,21.98,22.38,551100
20111215,22.24,22.49,21.85,22.17,701900
20111216,22.17,22.4,21.79,22.16,470600
20111219,21.99,22.42,21.94,22.15,512600
20111220,21.93,22.43,21.93,22.12,826600
20111221,22.24,22.64,22.15,22.53,675800
20111222,22.53,22.64,22.06,22.43,487600
20111223,22.43,22.74,22.01,22.51,469400
20111226,22.51,22.51,22.22,22.34,91700
20111227,22.42,22.59,22.23,22.51,587200
20111228,22.39,22.72,21.99,22.39,526100
20111229,22.43,22.47,22.02,22.47,621700
20120102,22.31,23.13,22.16,22.51,671500
20120103,22.54,22.82,22.3,22.58,1366400
20120104,22.57,22.69,22.26,22.44,597500
20120105,22.43,22.43,21.83,22.18,653300
20120106,22.14,22.26,21.45,21.64,947400
20120109,21.59,21.82,21.46,21.76,717400
20120110,21.76,22.19,21.61,21.74,1064100
20120111,21.91,21.96,21.72,21.84,886300
20120112,21.89,22.03,21.68,21.84,3522300
20120113,21.84,22.02,21.68,21.93,1564900
20120116,21.83,22.19,21.83,21.97,96000
20120117,22,22.24,21.84,22.09,939400
20120118,22.23,22.5,22.05,22.26,884800
20120119,22.27,22.5,22.08,22.34,1211900
20120120,22.32,22.51,22.09,22.47,740300
20120123,22.41,22.51,22.24,22.51,608500
20120124,22.46,22.46,22.17,22.42,421400
20120126,22.38,22.38,22.01,22.17,1133200
20120127,22.3,22.3,21.8,21.97,1004400
20120130,21.96,22.15,21.73,22.14,464900
20120131,22.14,22.6,22.14,22.47,1172800
20120201,22.49,23.01,22.42,22.81,949000
20120202,22.9,23.76,22.72,23.6,2096600
20120203,23.48,24.22,23.26,24.1,3262000
20120206,23.91,24.83,23.91,24.55,2254100
20120207,24.55,24.73,23.97,24.4,885600
20120208,24.5,24.76,24.32,24.55,486600
20120209,24.42,24.91,24.41,24.7,869300
20120210,24.43,24.6,24.07,24.37,990700
20120213,24.42,24.83,24.27,24.51,608700
20120214,24.55,24.7,24.16,24.39,1113900
20120215,24.45,24.75,24.18,24.37,873700
20120216,24.43,25.14,24.18,24.89,1847600
20120217,25.01,25.24,24.73,25.02,1413400
20120222,25,25.76,25,25.76,1566000
20120223,25.74,25.97,25.43,25.97,1394700
20120224,25.97,26.41,25.93,26.1,884900
20120227,26.1,26.68,25.81,26.35,1457100
20120228,26.35,26.8,26.31,26.68,1025600
20120229,26.68,27.34,26.43,26.68,932900
20120301,26.68,27.06,26.5,26.8,1123300
20120302,26.8,27.18,26.53,27.18,482200
20120305,26.8,27.77,26.61,27.6,1044300
20120306,27.41,27.47,26.96,27.47,1849900
20120307,27.67,28.22,27.53,27.6,1431600
20120308,28.07,28.09,26.72,27.1,1563400
20120309,27.39,28.27,26.86,27.77,1528900
20120312,27.84,27.84,26.56,26.68,2081600
20120313,26.68,26.93,25.9,26.19,2843400
20120314,26.18,26.92,26.03,26.58,917100
20120315,26.76,26.81,26.2,26.26,1191100
20120316,26.35,26.67,26.23,26.39,994900
20120319,26.55,26.85,26.3,26.39,429400
20120320,26.33,26.66,26.15,26.2,492300
20120321,26.37,26.6,26.22,26.25,802500
20120322,26.31,26.6,25.91,26.11,1460900
20120323,26.05,26.38,25.57,25.9,712900
20120326,25.9,26.31,25.76,26.11,843300
20120327,26.18,26.23,25.7,26.11,1264600
20120328,26.04,26.04,25.62,25.78,657700
20120329,25.78,25.9,25.29,25.57,827100
20120330,25.83,25.97,25.14,25.32,1073300
20120402,25.32,25.68,25.32,25.33,1960200
20120403,25.38,26.11,25.29,25.44,1703300
20120404,25.44,25.44,24.82,24.9,1539500
20120405,24.83,24.83,24.27,24.4,1935000
20120409,24.22,24.22,23.74,23.97,1394500
20120410,23.98,24.53,23.79,24.11,3982600
20120411,24.24,24.44,23.89,24.15,1248900
20120412,24.15,24.82,24.11,24.69,1758000
20120413,24.68,24.8,23.98,24.23,1537900
20120416,24.36,24.57,23.66,24.27,1770800
20120417,24.73,25.05,24.39,24.6,2200600
20120418,24.65,24.81,24.34,24.65,820100
20120419,24.73,25.37,24.65,24.93,1090400
20120420,25.11,25.29,24.46,25.07,899700
20120423,24.99,25.37,24.84,25.24,1112900
20120424,25.27,25.52,25.18,25.48,654800
20120425,25.48,25.73,25.1,25.31,825000
20120426,25.18,25.21,24.43,25.17,1300700
20120427,25.48,25.48,23.95,24.62,968300
20120430,24.58,24.83,24.25,24.56,545000
20120502,24.56,25.24,24.15,25.21,1201800
20120503,25.2,25.42,24.91,25.21,703400
20120504,25.2,25.58,25.12,25.33,544600
20120507,25.05,25.39,25.01,25.39,1105200
20120508,25.58,25.63,25.28,25.46,791100
20120509,25.43,25.67,25.05,25.25,1439100
20120510,25.35,25.47,24.83,24.92,953400
20120511,24.92,25.29,24.83,25.15,1549700
20120514,24.99,25.4,24.66,24.87,630100
20120515,24.91,25.23,24.62,24.92,1021700
20120516,25.02,25.28,24.76,24.99,830200
20120517,24.99,25.08,24.33,24.89,750400
20120518,24.89,24.96,23.16,24.18,1637400
20120521,24.17,24.17,23.68,23.79,1065100
20120522,23.91,24.2,23.62,23.83,2122200
20120523,23.83,23.83,22.68,22.99,1822500
20120524,23,23.09,22,22.39,1662200
20120525,22.32,23.37,22.32,22.99,4220400
20120528,23.24,24.06,23.24,23.54,878700
20120529,23.54,24.29,23.2,23.96,1179600
20120530,23.85,24,23.57,23.86,807600
20120531,23.85,24.33,23.7,24.33,3409200
20120601,24.16,24.19,23.7,24.12,1236100
20120604,24.12,24.25,23.86,24.07,838200
20120605,24.07,24.73,23.74,24.16,734000
20120606,24.14,24.47,23.75,24.03,1314900
20120608,23.83,24.05,23.33,23.41,2019700
20120611,23.41,23.41,21.78,22.28,3224400
20120612,22.42,22.74,22.38,22.58,1778700
20120613,22.61,22.64,22.16,22.16,1300300
20120614,22.16,22.27,21.07,21.07,4361600
20120615,21.07,21.72,21.07,21.49,15521500
20120618,21.57,22.01,21.48,21.89,5195500
20120619,21.95,22.56,21.95,22.49,3266800
20120620,22.48,22.57,22.2,22.41,1962400
20120621,22.25,22.47,21.54,21.61,1972500
20120622,21.68,21.98,21.33,21.74,6474800
20120625,21.6,21.6,20.51,20.71,2374800
20120626,20.96,21.38,20.67,20.69,2170100
20120627,20.66,20.91,19.48,19.62,3496500
20120628,19.64,19.79,18.86,19.7,3889700
20120629,20.42,21.11,20.37,21.04,4104200
20120702,21.09,21.57,20.97,21.57,1566400
20120703,21.58,21.81,21.28,21.8,1571700
20120704,21.63,21.8,21.13,21.78,569700
20120705,21.92,22.05,21.57,21.74,1164700
20120706,21.61,22.12,21.08,21.9,1695600
20120710,21.94,22.13,20.68,21.29,1829700
20120711,21.35,21.38,20.66,20.75,1066300
20120712,20.13,21.7,20.12,21.46,1389900
20120713,21.61,21.84,21.28,21.51,1577000
20120716,21.47,21.62,21.17,21.55,1600600
20120717,21.38,21.88,21,21.41,3080800
20120718,21.29,21.59,21.21,21.46,1590700
20120719,21.63,21.97,21.46,21.66,2395200
20120720,21.56,21.62,20.79,21,925200
20120723,20.85,20.89,20.26,20.79,1009200
20120724,20.71,20.95,20.44,20.68,914000
20120725,20.73,20.89,20.54,20.73,1039400
20120726,21.2,21.48,20.8,21.28,699800
20120727,21.37,22.01,21.31,21.54,1900600
20120730,21.8,21.82,21.4,21.71,718300
20120731,21.61,21.9,21.38,21.77,935200
20120801,21.77,21.78,20.87,21.38,1269100
20120802,21.35,21.35,20.45,20.63,2116400
20120803,20.75,21.05,20.72,20.79,5068500
20120806,20.74,21.51,20.61,21.17,2210100
20120807,21.16,21.7,21.03,21.46,1194300
20120808,21.61,21.61,20.62,20.79,1929400
20120809,20.79,20.79,19.79,19.79,2704400
20120810,19.76,20.55,19.53,20.5,1289200
20120813,20.3,20.99,20.1,20.99,1483200
20120814,20.79,21.49,20.71,21.18,1878300
20120815,21.09,21.46,21.08,21.38,2160700
20120816,21.46,21.64,21.23,21.58,2047600
20120817,21.47,21.79,21.21,21.63,1613200
20120820,21.66,21.96,21.41,21.8,1440600
20120821,21.79,22.59,21.79,22.48,2602800
20120822,22.3,22.47,21.84,22.47,1758800
20120823,22.47,22.67,22.3,22.64,1334900
20120824,22.6,22.77,22.34,22.55,783700
20120827,22.63,22.63,22.09,22.34,977600
20120828,21.88,22.1,21.05,21.3,2098200
20120829,21.44,21.6,20.76,21.01,1832500
20120830,20.83,21.27,20.82,21.16,4161900
20120831,21.72,22.21,21.38,21.88,7180000
20120903,22.05,22.2,21.62,22.15,1259800
20120904,22.08,22.2,21.68,21.96,1213800
20120905,22.18,22.18,21.43,21.65,1569300
20120906,21.79,21.79,21.23,21.41,2672800
20120910,21.65,21.97,21.13,21.23,1699200
20120911,21.25,21.64,20.88,21.21,1731300
20120912,21.42,22.22,21.35,21.66,1896400
20120913,21.51,22.62,21.36,22.31,1691600
20120914,22.31,22.72,22.13,22.3,1710700
20120917,22.31,22.42,21.6,22.05,1144800
20120918,22.05,22.45,21.66,22.11,1102700
20120919,22.11,22.44,21.75,22.06,1341100
20120920,21.82,22.29,21.82,22.23,805200
20120921,22.23,22.54,22.08,22.42,571600
20120924,22.44,22.9,22.31,22.6,856700
20120925,22.69,23.11,22.49,23.11,2091600
20120926,22.92,23.11,22.58,22.82,1249600
20120927,22.87,22.9,22.44,22.53,1587200
20120928,22.57,22.58,21.62,22.36,3179700
20121001,22.37,22.6,21.96,22.16,1671000
20121002,22.16,22.6,21.69,21.8,1507400
20121003,21.91,22.19,21.76,21.76,2426800
20121004,21.73,22.16,21.69,21.9,878100
20121005,21.9,22.48,21.9,21.98,861700
20121008,21.91,22.14,21.69,22.14,931900
20121009,22.06,22.32,21.89,22.11,1036600
20121010,22.23,22.25,21.91,21.98,3218800
20121011,21.98,22.09,21.54,21.6,1530400
20121015,21.6,21.6,21.01,21.06,1877400
20121016,21.11,21.32,20.28,20.59,4191700
20121017,20.83,20.83,20.2,20.26,3299200
20121018,20.34,20.5,20.08,20.26,1606400
20121019,20.26,20.64,20.09,20.34,1416100
20121022,20.34,20.59,20.27,20.47,777400
20121023,20.47,20.56,19.92,19.92,1371300
20121024,19.89,20.03,19.4,19.54,1934200
20121025,19.58,19.93,19.21,19.93,1271700
20121026,19.95,20,19,19.16,1683400
20121029,19.08,19.54,18.91,19.42,928300
20121030,19.52,19.92,19.44,19.92,942600
20121031,19.92,20.19,19.59,19.67,1505800
20121101,19.67,19.84,19.47,19.84,1446300
20121105,19.47,19.83,19.47,19.59,770600
20121106,19.8,19.88,19.58,19.67,1191100
20121107,19.61,19.84,19.3,19.77,1410100
20121108,19.78,20.85,19.58,20.3,1998400
20121109,20.29,20.59,20.03,20.26,1560700
20121112,20.18,20.51,20.18,20.35,1017600
20121113,20.26,20.59,20.17,20.59,1491200
20121114,20.58,20.68,19.58,19.63,1730200
20121116,19.62,20.11,19.47,19.8,1057100
20121119,19.75,20.16,19.75,20.08,589800
20121121,20.07,20.47,19.65,19.82,2066200
20121122,19.04,19.37,18.71,18.91,3461300
20121123,18.9,19.17,18.58,18.74,2826300
20121126,18.75,18.98,18.01,18.11,3589100
20121127,18.11,18.24,17.68,17.73,2729200
20121128,17.73,18.37,17.73,18.32,5047600
20121129,18.37,18.46,18.03,18.36,2666000
20121130,18.54,18.54,17.57,18.45,2095300
20121203,18.44,18.73,18.26,18.7,1402500
20121204,18.62,19.6,18.62,19.48,4377600
20121205,19.58,19.95,19.44,19.74,3869700
20121206,19.75,20.16,19.62,20.16,2052300
20121207,20.16,20.42,19.99,20.17,1751000
20121210,20.16,20.37,19.84,20.37,2139600
20121211,20.31,20.44,20.13,20.4,1402300
20121212,20.26,20.3,19.68,19.98,2040300
20121213,20.01,20.01,19.81,19.87,907300
20121214,20.05,20.05,19.81,19.95,1221700
20121217,19.95,21.01,19.51,20.59,3168700
20121218,20.6,20.62,20.11,20.42,1665600
20121219,20.32,20.57,19.43,20.51,3427600
20121220,20.26,21.43,20.26,21.43,3138900
20121221,21.09,21.41,21.01,21.3,856500
20121226,21.15,21.69,21.03,21.41,1562300
20121227,21.42,21.58,21.08,21.37,1333800
20121228,21.15,21.48,20.94,21.4,1282300
20130102,21.48,22.08,21.48,21.74,1797400
20130103,21.81,22.33,21.53,21.9,1604500
20130104,21.67,22.07,21.54,21.94,3011100
20130107,21.94,22.3,21.22,21.66,1755000
20130108,21.66,21.66,20.99,21.2,1467600
20130109,21.07,21.39,20.6,21,2264100
20130110,21,21.23,20.67,20.99,1760100
20130111,21.06,21.37,20.89,21.23,805900
20130114,21.37,21.53,21.11,21.28,662800
20130115,21.39,21.45,20.99,21.2,978300
20130116,21,21.26,20.88,20.99,910400
20130117,20.95,21.07,20.84,20.89,959600
20130118,20.99,21.06,20.7,20.82,624000
20130121,20.81,21.11,20.72,21.1,509600
20130122,21.05,21.29,20.88,20.98,1154400
20130123,21.04,21.1,20.83,20.97,1293500
20130124,21.04,21.07,20.69,20.83,2234100
20130128,20.73,21.02,20.69,20.73,1153500
20130129,20.72,20.97,20.41,20.82,1207100
20130130,20.81,21.05,20.56,20.93,1678600
20130131,20.8,21.11,20.62,21.11,1347500
20130201,21,21.48,20.86,21.27,1492800
20130204,21.26,21.26,20.77,21.15,1003500
20130205,21.03,21.6,21.02,21.41,1602300
20130206,21.42,21.51,21.1,21.32,786200
20130207,21.33,21.33,20.92,21.03,1594200
20130208,21.01,21.11,20.78,20.78,1272700
20130213,20.84,21.08,20.78,20.78,971500
20130214,21.02,21.07,20.58,20.78,886200
20130215,20.76,20.78,20.61,20.63,1671600
20130218,20.56,20.68,20.32,20.48,1877400
20130219,20.49,20.77,20.22,20.38,1705800
20130220,20.4,20.4,19.81,19.92,1607100
20130221,19.91,20.14,19.49,20.14,1865000
20130222,20.3,20.53,19.93,20.4,1963900
20130225,20.4,20.56,20.27,20.4,1922600
20130226,20.22,20.31,19.9,20.06,1933300
20130227,19.97,20.22,19.97,20.14,1199600
20130228,19.98,20.25,19.98,20.14,966600
20130301,20.02,20.22,19.68,20.22,866800
20130304,20.19,20.19,19.55,20.19,1193800
20130305,20.13,20.34,19.85,20.19,1055900
20130306,20.31,20.89,20.2,20.73,1183300
20130307,20.85,21.1,20.4,20.69,1092900
20130308,20.59,21.6,20.51,21.52,1827400
20130311,21.48,21.91,21.31,21.75,3394400
20130312,21.76,21.85,21.2,21.44,1846600
20130313,21.57,21.65,21.09,21.28,3014100
20130314,21.41,21.41,20.8,20.96,1281600
20130315,21.05,21.15,20.77,20.88,1821000
20130318,20.94,20.94,20.45,20.73,1065000
20130319,20.65,20.83,20.53,20.57,1549300
20130320,20.4,20.63,20.26,20.56,1048200
20130321,20.45,20.57,20.1,20.4,1505300
20130322,20.49,20.52,19.99,20.28,1977100
20130325,20.21,20.44,19.88,20.12,1337200
20130326,20.23,20.28,19.97,20.28,1056600
20130327,20.26,20.56,19.95,20.07,1666100
20130328,20.07,20.28,19.59,20.28,1397200
20130401,20.2,20.27,19.71,20.16,771300
20130402,20.14,20.34,19.74,20.03,1776000
20130403,20.01,20.03,19.74,20.03,825200
20130404,20.02,20.23,19.76,20.03,785700
20130405,20.04,20.4,19.86,20.33,970000
20130408,20.45,20.45,19.9,20.28,922900
20130409,20.34,20.49,20.2,20.34,1652100
20130410,20.39,20.67,20.28,20.53,1393000
20130411,20.44,21.24,20.36,20.89,1602800
20130412,20.9,20.9,20.37,20.55,1840400
20130415,20.36,20.53,20.08,20.14,1461400
20130416,20.27,20.28,19.86,20.03,1251700
20130417,19.82,19.88,19.03,19.19,5363500
20130418,19.19,19.61,19.03,19.49,1158000
20130419,19.46,19.61,19.2,19.35,2009400
20130422,19.27,19.45,19.04,19.1,1364100
20130423,19.22,19.26,19.09,19.26,2787900
20130424,19.36,19.49,19.05,19.31,5755000
20130425,19.31,19.66,19.16,19.49,1441500
20130426,19.38,20.41,19.28,20.09,4659300
20130429,20.22,20.22,19.78,20.22,1938000
20130430,20.38,20.8,20.05,20.4,1931600
20130502,20.13,20.67,20.01,20.4,1355500
20130503,20.2,21.45,20.2,21.11,3166800
20130506,20.97,21.14,20.63,20.98,1538700
20130507,20.84,21.37,20.8,21.27,1104400
20130508,21.05,21.37,20.83,21.27,1388200
20130509,21.27,21.31,20.74,21.16,1645100
20130510,21.51,22.02,21.46,21.72,6027100
20130513,21.54,21.96,21.51,21.63,2326500
20130514,21.55,21.91,21.46,21.72,2301900
20130515,21.7,21.84,21.44,21.55,3232400
20130516,21.55,21.62,21.13,21.38,3269200
20130517,21.5,21.75,20.97,21.5,2831700
20130520,21.38,21.67,21.27,21.67,2213400
20130521,21.72,21.76,21.3,21.55,3707400
20130522,21.54,21.72,21.28,21.44,1831200
20130523,21.28,21.55,21.08,21.4,1632600
20130524,21.26,21.47,20.84,21.04,3909400
20130527,21.16,21.48,21.08,21.38,1428700
20130528,21.5,21.59,20.95,21.12,2395500
20130529,20.99,21.08,20.02,20.18,5404100
20130531,20.18,20.3,19.67,19.88,2784800
20130603,20,20.42,19.88,20.18,1627300
20130604,20.26,21.03,20.26,20.91,2676400
20130605,20.82,21.09,20.46,20.69,2278500
20130606,20.69,20.79,20.26,20.46,1678900
20130607,20.09,20.23,19.45,19.58,4302700
20130610,19.56,19.58,18.81,18.91,4608100
20130611,18.72,19.09,18.31,18.77,4515900
20130612,18.85,19.23,18.51,18.82,2511200
20130613,18.74,19.85,18.51,19.85,2989300
20130614,19.73,19.89,19.58,19.67,2244300
20130617,19.58,19.95,19.47,19.84,1999600
20130618,19.76,20.02,19.62,19.88,1967700
20130619,19.99,20.04,19.36,19.45,2056200
20130620,19.19,19.71,18.63,19.43,2206100
20130621,18.98,19.45,18.98,19.15,1633100
20130624,19.02,19.18,18.72,19.04,1507300
20130625,19.12,19.18,18.81,18.98,1691900
20130626,19.1,19.34,19,19.14,1494600
20130627,19.43,19.79,19.22,19.64,1441500
20130628,19.51,19.67,19.3,19.59,1639600
20130701,19.47,20.2,19.35,19.98,1227200
20130702,19.9,19.97,19.11,19.64,1744700
20130703,19.52,19.74,18.55,19,2974500
20130704,19.12,19.29,18.66,18.95,1278300
20130705,18.79,18.93,18.14,18.51,1736200
20130708,18.4,18.64,18.19,18.4,1369600
20130710,18.4,18.73,18.01,18.35,1992400
20130711,18.5,18.95,18.5,18.95,3359600
20130712,18.82,18.95,18.31,18.31,1336500
20130715,18.33,19.13,18.18,19.13,1159900
20130716,19.22,19.3,18.9,19.25,1209500
20130717,19.3,19.36,18.9,19.11,852700
20130718,19,19.62,19,19.53,2027200
20130719,19.51,19.76,19.38,19.6,1138900
20130722,19.49,19.81,19.4,19.73,1137300
20130723,19.81,19.81,19.37,19.64,1045400
20130724,19.73,19.79,19.24,19.79,1110300
20130725,19.63,20.15,19.5,20.11,1296100
20130726,19.98,20.39,19.83,20.39,2404800
20130729,20.27,20.39,19.75,19.98,898400
20130730,20.15,20.15,19.43,19.66,1616800
20130731,19.64,20.01,19.57,19.73,826000
20130801,19.74,20.23,19.68,20.22,1222700
20130802,20.19,20.67,20.02,20.51,2148000
20130805,20.54,20.54,19.96,20.15,1162000
20130806,20.21,20.33,19.42,19.55,1780300
20130807,19.49,19.59,18.95,19.25,2210400
20130808,19.25,19.92,19.25,19.73,1922900
20130809,20.15,20.54,19.9,20.5,4447300
20130812,20.57,20.73,20.08,20.23,1420600
20130813,20.29,20.39,19.85,20.34,1513200
20130814,20.15,20.43,20.06,20.24,3187300
20130815,20.05,20.06,19.55,19.73,2343300
20130816,19.64,19.71,19.42,19.57,1276200
20130819,19.47,19.68,18.92,18.95,2361000
20130820,18.87,19.36,18.84,19.21,3685400
20130821,19.16,19.19,18.95,19,2649700
20130822,19.12,19.45,19.06,19.3,2411100
20130823,19.18,20.51,19.07,20.43,1993700
20130826,20.33,20.4,19.73,19.85,1436700
20130827,19.73,20.06,19.62,19.85,1328800
20130828,19.85,19.97,19.68,19.87,1009100
20130829,19.99,20.41,19.9,20.24,1044600
20130830,20.21,20.36,19.71,20.07,2291700
20130902,20.2,20.33,19.75,19.89,3466700
20130903,19.98,20.27,19.79,20.27,1689000
20130904,20.15,20.22,19.98,20.07,1616800
20130905,20.14,20.21,19.85,20.07,2076400
20130906,20.21,20.51,19.73,20.32,1804900
20130909,20.3,20.57,20.11,20.48,2297100
20130910,20.48,20.48,19.94,20.32,2071600
20130911,20.19,20.38,19.95,20.22,1571700
20130912,20.13,20.42,19.88,20.32,2708100
20130913,20.22,20.51,20.03,20.45,1745400
20130916,20.52,20.78,20.52,20.75,2225700
20130917,20.67,20.68,20.21,20.44,1692800
20130918,20.44,20.44,20.03,20.24,3708700
20130919,20.3,20.65,20.19,20.5,2622100
20130920,20.34,20.6,19.94,20.17,2701100
20130923,20.22,20.62,20.08,20.28,1214100
20130924,20.28,20.34,20.14,20.24,1518500
20130925,20.19,20.26,19.89,20.26,1795000
20130926,20.27,20.27,20,20.13,1341400
20130927,20.12,20.24,20.04,20.17,897000
20130930,20.1,20.2,19.89,20.2,1507300
20131001,20.33,20.33,19.94,20.3,2118100
20131002,20.29,20.46,20.15,20.32,1009900
20131003,20.39,20.4,19.9,20.21,1591200
20131004,20.21,20.27,19.83,20.15,1319300
20131007,20.11,20.11,19.72,19.97,3060100
20131008,19.97,19.97,19.63,19.93,1395800
20131009,19.92,20.34,19.71,20.16,1369100
20131010,20.26,20.26,19.89,20.22,1104700
20131011,20.26,20.27,20.06,20.12,1029900
20131014,20.14,20.21,20.01,20.2,1027800
20131015,20.2,20.39,20.12,20.28,1820100
20131016,20.21,20.82,20.17,20.6,3081400
20131017,20.47,21.03,20.45,21.01,1706000
20131018,20.9,21.15,20.9,21.01,1066400
20131021,21.09,21.18,20.95,20.99,1620600
20131022,21.07,21.38,20.92,21.23,1746900
20131023,21.32,21.32,20.86,21.04,1215300
20131024,20.98,21.28,20.89,21.14,1177900
20131025,21.04,21.29,21.04,21.16,878000
20131028,21.06,21.31,20.96,21.28,1562300
20131029,21.3,21.46,21.14,21.38,1202300
20131030,21.44,21.46,21.16,21.33,827400
20131031,21.35,21.41,21.06,21.37,1691600
20131101,21.46,21.48,20.95,21.1,1851200
20131104,21.21,21.44,20.95,21.33,1297800
20131105,21.41,21.42,21.05,21.32,2054100
20131106,21.16,21.32,20.89,21.16,1516400
20131107,21.03,21.34,20.71,21.11,1382300
20131108,21.07,21.23,20.77,21.14,2428600
20131111,21.14,21.17,20.98,21.09,1187100
20131112,21.16,21.16,20.73,21.07,2141500
20131113,21.03,21.51,21,21.33,2411500
20131114,21.32,21.58,21.22,21.51,2395700
20131118,21.51,22.01,21.51,21.91,2366300
20131119,21.89,22,21.59,21.84,1637600
20131121,21.87,21.88,21.61,21.72,2280500
20131122,21.68,21.89,21.5,21.82,1094400
20131125,21.82,21.9,21.52,21.78,1212100
20131126,21.75,22.1,21.65,21.89,2290900
20131127,21.94,21.99,21.76,21.84,940300
20131128,21.89,22,21.63,21.81,911100
20131129,21.82,22,21.71,21.94,1226800
20131202,21.83,21.98,21.68,21.86,2182900
20131203,21.74,21.85,21.46,21.58,2387100
20131204,21.51,21.73,21.34,21.46,1526100
20131205,21.58,21.58,21.02,21.21,2090300
20131206,21.31,21.52,20.99,21.23,1613900
20131209,21.38,21.38,20.9,20.99,1295300
20131210,21.1,21.24,20.86,20.99,1459700
20131211,20.99,20.99,20.65,20.8,2169400
20131212,20.83,20.99,20.66,20.86,1370900
20131213,20.98,21.02,20.67,20.77,1570200
20131216,20.77,20.86,20.52,20.64,1456700
20131217,20.64,20.7,20.33,20.61,900100
20131218,20.61,20.92,20.53,20.6,1929900
20131219,20.71,21.29,20.67,20.77,1170700
20131220,20.87,20.89,20.52,20.7,1535800
20131223,20.7,21.14,20.7,20.85,1065900
20131226,20.77,20.91,20.62,20.66,893300
20131227,20.66,20.74,20.49,20.62,1013400
20131230,20.62,20.88,20.57,20.88,1348900
20140102,20.73,20.78,20.23,20.44,2068800
20140103,20.44,20.48,20,20.27,2078800
20140106,20.23,20.27,19.76,19.86,1586500
20140107,19.86,20.42,19.86,20.4,2010000
20140108,20.4,20.49,19.97,20.19,1423700
20140109,20.07,20.16,19.8,20.02,1992700
20140110,19.88,20.17,19.85,20.09,1806400
20140113,20.06,20.21,19.84,19.89,1127400
20140114,19.92,20.14,19.78,20.09,1819800
20140115,20.07,20.4,20.06,20.2,1395700
20140116,20.12,20.62,20.11,20.45,1414500
20140117,20.52,20.56,19.93,19.93,1584900
20140120,19.8,20.08,19.8,19.93,755400
20140121,20.1,20.1,19.83,20.06,1289200
20140122,20.12,20.36,19.99,20.27,1240300
20140123,20.12,20.48,19.66,19.77,1958900
20140124,19.65,19.81,19.48,19.61,1358300
20140127,19.75,19.81,19.52,19.67,1594500
20140128,19.84,19.84,19.55,19.55,1134600
20140129,19.54,19.68,19.24,19.5,1193000
20140130,19.46,19.63,19.26,19.54,1773400
20140131,19.38,19.93,19.31,19.93,2628600
20140203,19.91,20.08,19.48,19.58,2263000
20140204,19.5,19.62,19.33,19.5,1584000
20140205,19.33,20.14,19.3,20.08,1673400
20140206,20.27,20.8,19.97,20.77,2063400
20140207,20.59,21.09,20.48,20.99,1524000
20140210,20.79,21.21,20.72,21.14,3444400
20140211,21.2,21.87,21.17,21.7,3104200
20140212,21.83,21.83,21.43,21.68,4517300
20140213,21.5,21.5,21.13,21.46,1800700
20140214,21.42,21.83,21.35,21.59,1181700
20140217,21.56,21.61,21.31,21.53,1002700
20140218,21.39,21.45,21.14,21.27,1594200
20140219,21.14,21.4,21.09,21.4,2005400
20140220,21.26,21.47,21.06,21.3,2563900
20140221,21.3,21.48,21.16,21.37,1461500
20140224,21.48,21.49,21.22,21.33,1796200
20140225,21.25,21.35,21.05,21.27,1633000
20140226,21.25,21.32,21.05,21.28,1418400
20140227,21.57,21.78,21.38,21.57,1711500
20140228,21.57,21.7,21.33,21.57,2435900
20140305,21.36,21.58,21.32,21.53,1285000
20140306,21.53,21.94,21.48,21.91,1982600
20140307,21.91,21.91,21.61,21.8,1306000
20140310,21.69,21.85,21.53,21.72,1437100
20140311,21.84,21.85,21.3,21.4,1705500
20140312,21.54,21.71,21.28,21.57,1817200
20140313,21.48,21.65,21.45,21.57,1297900
20140314,21.57,21.66,21.21,21.35,1979100
20140317,21.35,21.43,21.17,21.31,3547000
20140318,21.31,21.47,21.08,21.17,2856700
20140319,21.06,21.94,21.06,21.84,2591700
20140320,21.66,22.69,21.63,22.17,1896700
20140321,22.18,22.43,22.03,22.19,2990700
20140324,22.35,23.09,22.2,22.76,2140900
20140325,22.6,23.35,22.59,22.95,3107300
20140326,23.08,23.26,22.85,22.85,2905000
20140327,23.14,23.52,23.11,23.36,3198000
20140328,23.45,23.76,23.19,23.36,2977400
20140331,23.52,23.8,23.3,23.8,2562500
20140401,23.82,23.83,23.48,23.71,2157900
20140402,23.71,24.21,23.69,24.1,2274500
20140403,24,24.22,23.98,24.15,1312500
20140404,24.28,24.89,24.2,24.36,2530300
20140407,24.45,24.51,23.84,24.07,2823100
20140408,24.08,24.74,23.93,24.1,2246800
20140409,24.06,24.49,23.92,24.34,2588000
20140410,24.33,24.44,23.73,23.88,2431600
20140411,23.88,24.06,23.75,23.88,2471700
20140414,23.88,24.14,23.88,23.95,959700
20140415,23.95,24.04,23.69,23.95,2285600
20140416,24.05,24.13,23.63,23.89,1759700
20140417,23.88,24.23,23.87,24.14,1255500
20140422,24.14,24.25,23.91,24.23,1392900
20140423,24.4,24.4,23.75,23.97,2260800
20140424,24.06,24.1,23.75,24.02,892900
20140425,23.91,24.09,23.74,23.9,1264000
20140428,23.88,23.98,23.56,23.79,1258800
20140429,23.88,24.01,23.75,24.01,1912000
20140430,23.89,24.59,23.89,24.59,2661000
20140502,24.9,25.01,24.38,24.9,1856800
20140505,25.01,25.16,24.9,25.02,865900
20140506,25.05,25.29,24.8,25.19,1125500
20140507,24.99,25.35,24.8,25.27,1331400
20140508,25.12,25.37,25,25.11,716200
20140509,25.09,25.34,24.87,25.03,1098400
20140512,25.17,25.57,25.05,25.43,1609600
20140513,25.43,25.64,25.25,25.44,1017200
20140514,25.48,25.66,25.39,25.47,692800
20140515,25.4,25.65,25.3,25.5,810100
20140516,25.49,25.71,25.29,25.48,1072600
20140519,25.48,25.68,25.18,25.49,1242900
20140520,25.61,25.7,25.22,25.48,1393700
20140521,25.48,25.56,25.35,25.42,647400
20140522,25.42,25.66,25.29,25.44,750100
20140523,25.44,25.71,25.4,25.62,913200
20140526,25.64,26.1,25.64,25.93,869100
20140527,26.11,26.21,25.84,25.88,787600
20140528,25.98,26.27,25.84,26,2134000
20140529,26.16,26.43,24.78,26.01,1619300
20140530,25.87,26.04,25.65,25.96,1623200
20140602,26.13,26.24,25.78,25.88,886200
20140603,25.88,25.98,25.66,25.98,1885200
20140604,25.97,26.41,25.8,26.09,1351500
20140605,26.09,26.29,25.98,26.03,1409700
20140606,26.2,26.46,26.1,26.46,1799600
20140609,26.46,26.89,26.34,26.86,2105200
20140610,26.83,27.32,26.79,27.32,1770100
20140611,27.7,27.7,27.42,27.59,2031900
20140613,27.84,28.08,27.55,27.97,2511500
20140616,27.96,28.6,27.87,28.47,2288600
20140617,28.46,28.46,27.46,27.86,4097700
20140618,27.89,28.25,27.4,28.12,3232200
20140620,27.87,28.31,27.79,28.23,1293700
20140623,28.12,28.28,27.75,28.1,971200
20140624,28.09,28.35,27.88,28.08,1595400
20140625,28.07,28.4,27.93,28.14,2124600
20140626,28.22,28.25,27.74,28.17,1247300
20140627,28.16,28.35,27.95,28.2,1599000
20140630,28.24,28.29,28.12,28.24,1448600
20140701,28.17,28.53,28.17,28.42,1780400
20140702,28.39,28.39,27.86,28.11,1861600
20140703,27.99,28.33,27.91,28.14,711000
20140704,28.13,28.27,28.04,28.12,250500
20140707,28.12,28.22,27.96,28.11,762800
20140708,28.02,28.15,27.9,28.06,597600
20140710,28.23,28.37,27.41,27.78,1999800
20140711,27.78,28.33,27.72,28.19,1743800
20140714,28.39,28.91,28.39,28.76,1843100
20140715,28.65,28.67,28.09,28.27,2776600
20140716,28.26,28.56,27.64,27.99,1583700
20140717,27.93,28.41,27.69,28.18,1798300
20140718,28.72,28.86,28.41,28.41,1604900
20140721,28.43,28.98,28.29,28.78,2097700
20140722,28.91,29.66,28.91,29.6,2324400
20140723,29.56,29.59,29.28,29.58,2772700
20140724,29.71,29.87,29.34,29.87,915900
20140725,29.74,29.91,29.5,29.63,397200
20140728,29.8,29.8,29.11,29.53,703700
20140729,29.53,29.7,29.14,29.5,2142700
20140730,29.72,29.9,29.05,29.24,1276700
20140731,29,29.22,28.38,28.5,1451000
20140801,28.3,28.54,27.88,28.54,1233300
20140804,28.53,28.69,27.92,28.16,952400
20140805,27.94,28.19,27.47,27.77,1232200
20140806,27.82,28.03,26.97,27.64,1179000
20140807,27.64,27.89,27.12,27.53,1256500
20140808,27.12,27.74,27.11,27.45,1994100
20140811,27.79,28.03,27.44,27.84,1146700
20140812,27.83,28.09,27.6,27.97,1623300
20140813,28.18,28.85,27.71,27.71,2334300
20140814,27.84,27.99,27.52,27.84,1447200
20140815,28.03,28.28,27.78,28.03,2263200
20140818,28.16,28.51,28.09,28.35,1510200
20140819,28.35,28.75,28.15,28.52,1126800
20140820,28.65,29.16,28.58,29.08,1526100
20140821,29.01,29.2,28.79,28.96,1958200
20140822,29.04,29.08,28.4,28.86,684900
20140825,29,29.15,28.96,29,994300
20140826,29.06,29.25,28.95,29,1597500
20140827,29.07,29.51,29.01,29.15,1035300
20140828,29.15,29.29,28.68,28.93,1167400
20140829,29.06,29.67,28.92,29.52,968200
20140901,29.72,30.05,29.38,29.65,2748600
20140902,29.86,30.29,29.68,30.2,1591600
20140903,30.33,30.67,30.01,30.15,1150200
20140904,30.01,30.11,29.41,29.56,904500
20140905,29.63,29.88,29.24,29.39,2508700
20140908,29.6,30.01,28.73,28.89,1179800
20140909,28.55,29.42,28.41,28.84,2117600
20140910,28.69,29.33,28.21,28.93,949900
20140911,29.16,29.27,28.43,28.85,1071900
20140912,28.52,29.02,28.29,28.43,1620800
20140915,28.5,28.88,28.31,28.84,894800
20140916,28.97,29.73,28.85,29.39,1275800
20140917,29.38,29.91,29.38,29.51,610300
20140918,29.5,29.5,29,29.16,1402200
20140919,29.15,29.65,29.02,29.16,889700
20140922,28.8,28.99,28.35,28.59,1102500
20140923,28.58,28.87,28.21,28.67,1248300
20140924,28.41,28.8,28.07,28.55,985400
20140925,28.42,28.67,27.99,27.99,1688400
20140926,27.93,28.36,27.6,28.13,796600
20140929,26.81,28.06,26.81,27.57,1815900
20140930,27.28,27.87,27.2,27.45,1404900
20141001,27.18,27.48,27.04,27.36,2703200
20141002,27.3,27.69,27,27.22,1311600
20141003,27.22,27.74,27.09,27.58,1571500
20141006,29.89,29.89,27.77,28.81,2626300
20141007,29.25,29.59,28.64,29.02,1334400
20141008,29.41,29.44,28.54,28.73,1362200
20141009,29.22,29.42,28.64,29,1400400
20141010,28.8,29.02,28.37,28.6,1007600
20141013,29.15,29.45,28.58,29.12,1299900
20141014,29.12,29.71,28.9,29.31,1035900
20141015,29.03,29.03,28.07,28.54,1824800
20141016,27.99,28.25,27.61,27.81,2620700
20141017,28.4,28.68,27.97,28.48,1502300
20141020,28.47,28.83,28.08,28.48,928500
20141021,27.46,28.41,27.36,27.84,2206000
20141022,27.83,28.17,27.58,27.81,1267300
20141023,27.69,27.69,26.95,26.95,2326200
20141024,26.95,27.74,26.47,27.04,1515700
20141027,25.42,27.27,25.42,26.9,2401400
20141028,26.89,27.71,26.72,27.71,1772400
20141029,27.38,27.8,27.35,27.48,946700
20141030,27.67,28.06,27.48,27.75,1071600
20141031,27.68,28.46,27.68,28.44,1284400
20141103,28.64,28.86,27.97,28.82,1497400
20141104,28.83,29.14,28.45,28.88,1009000
20141105,28.87,29.34,28.74,29.02,842800
20141106,28.82,29.2,28.55,28.7,1249300
20141107,29.06,29.24,28.55,28.9,3079600
20141110,28.91,29.48,28.9,28.93,2808500
20141111,28.82,29.2,28.52,28.93,909200
20141112,28.93,29.34,28.62,28.84,1279000
20141113,28.84,29.05,28.06,28.06,1199300
20141114,27.88,28.75,27.87,28.63,1170000
20141117,28.62,29.11,28.53,28.93,666000
20141118,28.98,29.6,28.94,29.41,2048400
20141119,29.49,30.08,29.49,29.9,1429000
20141121,30.11,31.16,30.11,30.69,2121500
20141124,31.38,31.38,30.18,30.21,1623900
20141125,30.42,30.87,30.02,30.21,1633500
20141126,30.42,30.65,30.14,30.38,778500
20141127,30.54,30.84,30.38,30.53,617300
20141128,30.68,30.93,30.28,30.28,1065200
20141201,30.2,30.63,29.45,29.75,2271600
20141202,29.63,30.03,29.4,29.54,1205500
20141203,29.58,29.82,29.27,29.75,894200
20141204,29.75,29.92,29.31,29.66,1043600
20141205,29.66,29.91,29.46,29.57,974000
20141208,29.53,30.41,28.97,29.31,1620700
20141209,29.47,29.47,28.74,28.97,1557500
20141210,28.97,29.14,28.58,28.8,1121800
20141211,28.79,28.86,28.19,28.45,1620900
20141212,28.25,28.96,27.71,28.02,2762300
20141215,28.06,28.74,27.51,28.24,1438300
20141216,28.01,28.41,27.57,28.15,1645700
20141217,28.23,29.06,28.02,28.7,2577400
20141218,28.7,29.18,28.23,28.29,943500
20141219,28.73,28.81,28.31,28.31,1217200
20141222,28.33,28.64,28.25,28.45,836900
20141223,28.65,29.28,28.47,29.14,1259200
20141226,29.1,29.68,28.92,29.15,994300
20141229,29.13,29.64,28.96,29.39,992000
20141230,29.6,29.88,29.22,29.44,1543800
20150102,29.35,29.55,28.83,29.06,1416100
20150105,28.76,29.08,28.48,28.71,2246500
20150106,28.75,29.58,28.59,28.91,2471000
20150107,29.12,30.15,29.07,29.95,1651500
20150108,29.74,30.55,29.74,30.41,1608400
20150109,30.15,30.39,29.88,30.04,864600
20150112,29.76,30.12,29.36,29.95,1337200
20150113,29.96,30.5,29.82,30.04,1622700
20150114,29.84,30.42,29.73,29.99,2200400
20150115,30.3,30.54,29.77,29.99,1356100
20150116,29.98,31.31,29.98,31.18,3215600
20150119,31.05,31.26,30.06,30.48,1613400
20150120,30.91,31.01,30.46,30.5,1250600
20150121,30.8,31.84,30.79,31.64,2192600
20150122,32.1,32.28,31.47,31.65,1718100
20150123,31.5,32.08,31.3,32.05,1761400
20150126,31.7,32.01,31.53,31.73,1610700
20150127,31.41,31.91,31.13,31.6,1494200
20150128,31.95,31.95,31.35,31.64,3290000
20150129,31.55,31.86,31.35,31.73,1592900
20150130,31.47,31.69,31.27,31.5,1707300
20150202,31.99,32.1,30.92,31.14,1500200
20150203,31.32,31.6,30.91,31.14,1335200
20150204,31.23,31.59,30.29,30.54,2322800
20150205,30.54,31.35,30.54,31.05,2925100
20150206,30.93,31.15,30.51,31.05,1197200
20150209,31.01,31.67,30.87,31.46,1883100
20150210,31.31,31.81,31.29,31.73,1206700
20150211,31.55,31.55,30.64,30.73,2760500
20150212,31,31.05,30.73,30.83,2847500
20150213,30.77,31.32,30.77,31.23,2311600
20150218,31.55,31.55,30.94,31.24,1661300
20150219,31.16,31.61,31.13,31.46,1744000
20150220,31.49,31.71,31.22,31.48,867600
20150223,31.45,31.63,31.08,31.2,1419100
20150224,31.45,31.45,31,31.25,1708000
20150225,31.09,31.63,31.06,31.5,2299900
20150226,31.61,31.69,31.15,31.37,1494900
20150227,31.46,31.79,31.14,31.46,1801500
20150302,31.44,31.53,31.13,31.33,1595100
20150303,31.26,31.69,31.2,31.55,2215300
20150304,31.37,31.49,31.07,31.2,2111700
20150305,31.36,31.53,31.15,31.23,913900
20150306,31.47,31.48,30.21,30.43,2684200
20150309,30.05,30.06,27.76,28.12,7933800
20150310,27.89,28.53,26.95,27.96,5608900
20150311,28,28.2,27.32,27.63,4257400
20150312,27.68,28.1,27.44,27.82,4354600
20150313,27.27,27.43,26.96,27.08,4577200
20150316,26.92,27.65,26.7,27.47,4865600
20150317,27.46,28.36,27.19,28.28,2778100
20150318,28.2,29.14,27.89,29.14,2510500
20150319,29.1,29.61,28.65,29.42,2384300
20150320,29.61,29.61,28.19,28.78,5477200
20150323,28.98,29.15,28.43,28.86,1375600
20150324,28.73,28.85,28.31,28.58,2648800
20150325,28.6,28.81,28.44,28.64,1902900
20150326,28.49,28.94,28.15,28.77,1474500
20150327,28.6,29.29,28.24,28.88,1464700
20150330,28.6,29.65,28.6,29.38,1638900
20150331,29.37,29.5,29.02,29.19,1566300
20150401,29.33,30.29,29.26,30.02,2645000
20150402,30.28,30.67,30.11,30.38,1558400
20150406,30.45,30.83,30.21,30.67,1294300
20150407,30.75,30.79,30.21,30.67,885600
20150408,30.95,31.02,30.34,30.53,2242900
20150409,30.54,31.07,30.25,30.89,2148600
20150410,30.67,31.3,30.56,31.3,2277800
20150413,30.98,31.7,30.98,31.53,3017000
20150414,31.23,31.67,31.09,31.41,670400
20150415,31.55,31.74,31.21,31.48,1176000
20150416,31.44,31.99,31.26,31.48,1437200
20150417,31.48,31.52,31.09,31.41,1709900
20150420,31.24,31.29,30.53,30.84,1057900
20150422,31.09,31.6,30.92,31.48,1009100
20150423,31.33,32.28,31.31,31.89,1234500
20150424,32.05,32.34,31.56,32.07,1210800
20150427,32.11,32.48,31.9,32.26,1123600
20150428,32.35,32.35,31.64,31.81,1041300
20150429,31.58,31.87,31.24,31.77,645600
20150430,31.71,32.07,31.15,32.07,1328900
20150504,32.22,32.22,30.64,31.26,2834000
20150505,31.11,31.44,30.65,31.37,1555400
20150506,31.28,31.32,30.76,31.21,1450200
20150507,31.37,31.86,31.11,31.51,922200
20150508,31.74,32.06,31.54,32.05,1755000
20150511,32.16,32.29,31.83,32.04,1327100
20150512,31.88,32.55,31.69,32.19,1393700
20150513,32.35,32.37,31.9,32.21,1620100
20150514,32.37,33.18,32.13,32.64,1862300
20150515,32.53,33.18,32.42,32.78,1714700
20150518,33.14,33.14,32.17,32.88,1478800
20150519,32.74,33.04,32.57,32.89,2553900
20150520,32.6,33.23,32.6,32.94,1251300
20150521,32.96,32.96,32.6,32.9,1272800
20150522,32.9,32.98,32.2,32.66,1320500
20150525,32.5,32.69,32.23,32.53,630800
20150526,32.53,32.54,31.7,32.03,1698100
20150527,32.15,32.42,31.93,32.04,1291800
20150528,31.89,32.45,31.72,32.33,1065700
20150529,32.11,32.28,30.93,31.16,3299100
20150601,31.13,31.47,31.02,31.47,676400
20150602,31.46,31.84,31.13,31.46,1460600
20150603,31.52,31.81,31.12,31.57,1010900
20150605,31.39,31.56,31.09,31.23,745300
20150608,31.09,31.44,31.04,31.25,669900
20150609,31.37,31.37,30.84,31.06,1229000
20150610,31.36,31.49,31.05,31.34,1088700
20150611,31.72,31.72,31,31.14,1667400
20150612,30.95,31.6,30.95,31.45,1418800
20150615,31.22,31.49,30.84,31.37,883000
20150616,31.51,31.51,31.19,31.37,949000
20150617,31.28,31.61,31.18,31.37,1060200
20150618,31.53,31.75,31.23,31.56,869500
20150619,31.33,31.4,31.06,31.25,1042200
20150622,31.46,31.75,31.35,31.42,940300
20150623,31.61,31.61,30.63,30.81,1840500
20150624,30.89,31.23,30.81,31.18,1518000
20150625,31.18,31.46,30.79,31.28,1096500
20150626,31.3,31.8,31.16,31.69,1109900
20150629,31.46,31.96,31.13,31.82,786100
20150630,31.98,32.21,31.82,31.99,1713000
20150701,32.3,33.47,32.19,33.22,2449200
20150702,33.49,33.55,32.98,33.13,1462000
20150703,32.99,33.1,32.77,32.87,542400
20150706,32.58,33.21,32.41,33.17,2106600
20150707,33.05,33.39,32.83,33.24,1480000
20150708,33.1,33.32,32.96,33.18,1013900
20150710,33.38,33.39,32.72,32.99,994400
20150713,32.85,33.13,32.81,32.93,829600
20150714,32.76,33.41,32.76,33.32,872000
20150715,33.45,33.64,33.19,33.55,717400
20150716,33.74,33.79,33.09,33.68,705400
20150717,33.68,34.12,33.29,33.34,718000
20150720,33.33,33.39,32.76,32.79,765100
20150721,33.05,34.07,33.04,33.79,2639700
20150722,33.47,34.49,33.47,34.16,2180600
20150723,34.16,34.44,33.53,33.81,3388700
20150724,33.75,33.75,32.63,33.08,1808000
20150727,32.81,33.12,32.33,32.81,1774200
20150728,32.94,32.95,31.99,32.35,2052600
20150729,32.14,32.57,32.05,32.47,1411000
20150730,32.38,33.01,32.09,32.93,1177000
20150731,32.78,33.41,32.75,33.28,1162700
20150803,33.41,33.69,33.29,33.53,1318400
20150804,33.6,34.33,33.53,34.12,2725900
20150805,34.26,34.35,33.58,33.83,1187200
20150806,33.78,33.78,33.28,33.4,1386400
20150807,33.23,33.41,32.62,32.85,1331700
20150810,33.18,33.34,32.98,33.22,886800
20150811,33.13,33.15,32.54,33.04,1313800
20150812,33.03,33.37,32.08,32.27,1928000
20150813,32.31,32.47,31.8,32.15,1131500
20150814,32.29,32.75,31.98,32.12,1132000
20150817,32.09,32.83,32.05,32.46,1132400
20150818,32.19,33.55,32.16,32.57,1638300
20150819,32.31,32.65,31.76,32.39,1796700
20150820,31.95,32.46,31.9,32.11,1054300
20150821,31.89,32.16,30.94,31.39,1739200
20150824,30.14,31.04,29.43,30.62,1550500
20150825,31.07,31.39,30.12,30.36,1395400
20150826,30.37,30.81,30.12,30.7,3363300
20150827,30.47,31.53,30.46,31.15,2993900
20150828,30.84,31.49,30.78,31.01,1567700
20150831,30.3,31.24,29.87,30.98,1981700
20150901,30.35,30.71,29.79,30.26,2430800
20150902,30.34,30.49,29.22,30.18,1984700
20150903,30.43,30.99,29.46,30.49,1447700
20150904,30.12,30.47,29.55,29.97,1435300
20150908,30.27,30.3,29.37,29.54,1719100
20150909,29.73,30.01,29.51,29.64,1774600
20150910,29.19,29.69,28.92,29.61,1422400
20150911,29.41,30.38,29.32,30.12,1253400
20150914,30.34,31.39,30.18,31.22,1262400
20150915,31,31.01,30.3,30.77,1288300
20150916,30.99,31.87,30.9,31.39,1486500
20150917,31.34,32.19,31.06,31.87,1177600
20150918,31.56,31.84,30.82,31.4,1111300
20150921,31.51,31.75,30.91,31.04,1376000
20150922,30.64,31.01,30.42,30.72,1038500
20150923,30.68,30.95,29.94,30.1,1174900
20150924,29.8,30.93,29.52,30.59,1783000
20150925,31.45,31.45,30.29,30.37,1053900
20150928,30.2,30.34,29.57,30.02,878500
20150929,30.02,30.65,29.99,30.41,922800
20150930,31.68,31.68,31.01,31.23,1777000
20151001,31.45,31.99,31.07,31.61,1359800
20151002,31.7,32.63,31.36,32.38,1181400
20151005,32.84,32.89,32.19,32.47,1304200
20151006,32.31,32.48,31.76,32.31,1188700
20151007,32.56,33.09,32.28,32.62,1314700
20151008,32.54,33.01,32.29,32.67,1032900
20151009,33.1,33.13,32.34,32.9,878700
20151013,32.9,33.22,32.51,32.92,1455200
20151014,32.69,32.72,32.01,32.15,3354200
20151015,32.31,32.77,32.15,32.3,1257200
20151016,32.31,32.44,31.81,31.88,1061500
20151019,31.87,32.57,31.84,32.4,1113800
20151020,32.57,33.27,32.11,32.38,2329600
20151021,32.38,33.12,31.92,32.13,2084000
20151022,32.29,33.22,32.28,32.76,1980300
20151023,33.22,33.66,32.43,32.76,1485000
20151026,33.03,33.22,32.42,32.68,1086400
20151027,32.68,33.15,32.48,32.84,1192900
20151028,32.75,33.27,32.58,32.8,1633800
20151029,32.27,33.11,32.27,32.42,2159500
20151030,32.29,32.76,31.92,32.37,1136300
20151103,34.36,35.61,33.79,35.07,7822000
20151104,35.26,36.14,33.99,34.83,2171500
20151105,34.84,35.51,34.84,35.07,3296100
20151106,34.82,35.35,34.64,35.12,2164100
20151109,35.12,35.91,35,35.37,1166300
20151110,35.35,35.8,34.5,35.59,2056600
20151111,35.6,36.55,35.6,36.36,2946800
20151112,36.24,36.77,35.81,36.51,2063500
20151113,36.07,36.46,35.91,36.26,1530300
20151116,36.27,37.67,36.21,36.36,3978100
20151117,36.62,37.13,36.12,36.29,2203300
20151118,36.47,37.01,36.15,36.68,2171800
20151119,36.93,37.18,35.85,36.16,2135400
20151123,36.1,36.34,35.75,36.07,2653600
20151124,36.23,36.59,35.68,36.39,1978100
20151125,36.02,36.02,34.84,35.15,3639500
20151126,35.16,36.77,35,36.77,2518300
20151127,36.47,36.65,35.6,35.98,1665400
20151130,35.32,35.61,34.85,35.24,3467700
20151201,35.22,35.78,35.18,35.58,3316300
20151202,35.41,36.39,35.07,35.43,3603100
20151203,35.91,36.32,35.78,35.91,2037400
20151204,36.08,36.28,35.26,35.48,1816700
20151207,35.7,37.61,35.68,37.31,4619400
20151208,37.34,37.38,36.17,36.81,1773000
20151209,37.19,37.62,36.45,37.62,2478200
20151210,37.62,37.62,36.82,37.32,923200
20151211,36.75,37.34,36.75,37.08,1810100
20151214,36.82,37.08,36.35,36.4,797600
20151215,36.34,36.66,36.22,36.44,1393000
20151216,36.19,37.23,35.89,37.2,1919500
20151217,37.39,37.54,37.01,37.36,1432000
20151218,36.98,37.14,35.25,35.31,2940300
20151221,35.33,35.61,34.55,35.61,2053500
20151222,35.67,36.08,35.35,35.8,1827100
20151223,36.12,36.57,35.85,36.39,1613700
20151228,36.39,36.47,35.71,35.75,737900
20151229,35.75,36.3,35.38,35.86,1470600
20151230,36.04,36.24,35.08,35.99,2189500
20160104,35.5,35.51,34.36,34.36,2086400
20160105,34.55,35.66,34.55,35.66,1572300
20160106,35.29,35.69,35.04,35.59,1474900
20160107,35.16,35.78,34.55,35.1,2922300
20160108,35.1,35.56,34.89,35.11,2021300
20160111,35.38,35.87,34.88,35.3,2736900
20160112,35.3,36.36,35.24,36.18,2809700
20160113,36.36,36.36,35.74,36.05,2084700
20160114,36.46,37.39,36.13,37.25,4653300
20160115,36.85,37.04,35.76,36.85,2713600
20160118,37.22,37.22,36.24,36.47,1132800
20160119,37.03,37.09,35.39,35.42,2466700
20160120,35.36,35.97,34.79,35.97,1734000
20160121,35.94,36.72,35.37,36.72,2396400
20160122,36.54,37.04,36.12,36.6,2294400
20160126,36.14,36.59,34.78,34.98,2296000
20160127,34.92,36.36,34.83,36.08,2226100
20160128,36.18,36.47,35.62,36.47,1454000
20160129,36.61,36.82,36.33,36.7,3226600
20160201,36.19,37.04,36.11,36.9,1748400
20160202,36.52,37.02,35.75,35.75,1356100
20160203,36.05,36.52,35.34,36.52,1047500
20160204,36.68,36.92,36.44,36.58,1139700
20160205,36.47,36.85,36.22,36.35,902800
20160210,35.93,36.53,35.28,35.28,1000400
20160211,35.01,35.49,34.89,35.06,1265900
20160212,35.47,35.48,34.94,35.03,879000
20160215,35.34,36.37,35.34,35.86,745500
20160216,35.65,36.47,35.64,35.9,1231300
20160217,36.18,36.75,35.87,36.48,2856000
20160218,36.08,36.8,36.08,36.8,1771100
20160219,36.47,36.99,36.37,36.71,1602800
20160222,37.28,37.52,35.91,36.37,4035800
20160223,36.49,37,36.49,36.71,2528300
20160224,36.23,36.63,36.23,36.28,2356700
20160225,36.28,36.6,35.9,36.18,848600
20160226,36.84,36.85,35.96,36.08,1394500
20160229,36.61,36.61,36.15,36.37,2264600
20160301,36.37,37.2,36.37,36.8,8400600
20160302,36.86,37.31,36.33,37.24,6011200
20160303,37.14,37.26,36.32,36.95,5587000
20160304,36.48,38.39,36.48,38.28,4160300
20160307,38.39,38.58,37.64,37.91,2692800
20160308,37.96,38,37.07,37.95,5493100
20160309,38.2,38.73,37.55,38.73,1709500
20160310,38.73,39.33,38.01,38.77,3535500
20160311,38.77,38.92,38.19,38.74,4141500
20160314,38.6,39.17,38.3,38.48,2427800
20160315,37.96,38.44,37.78,38.2,2805000
20160316,37.95,38.39,37.67,38.39,1809000
20160317,38.82,39.69,38.63,39.64,3142100
20160318,39.62,39.62,38.1,38.34,2705000
20160321,38.58,38.65,38.01,38.44,2534500
20160322,38.5,38.98,38.32,38.84,1117600
20160323,38.49,39.22,37.92,38.6,2153900
20160324,38.12,39.3,38.02,39.17,2317100
20160328,39.56,39.89,38.89,39.57,1014000
20160329,39.61,39.64,39.04,39.23,964200
20160330,39.44,39.48,38.41,38.78,2713000
20160331,38.59,39.04,38.4,38.6,3293200
20160401,38.76,39.41,38.48,39.41,1374600
20160404,38.9,39.06,37.99,38.47,1284700
20160405,38.12,39.23,38.02,39.08,1654900
20160406,39.36,40.03,39.01,39.49,1900200
20160407,39.8,39.88,39.3,39.69,873500
20160408,39.89,40.96,39.71,40.48,2023400
20160411,41.36,41.63,39.77,40.28,2159000
20160412,40.28,40.58,39.57,39.91,7230200
20160413,40.38,40.52,39.77,40.03,3722800
20160414,40.14,40.14,39.43,39.8,3147500
20160415,40.19,40.19,39.52,39.75,4056500
20160418,39.56,39.82,39.15,39.56,8724600
20160419,39.75,40.73,39.4,40.61,3548300
20160420,40.66,41.29,40.22,41.29,1989600
20160422,40.56,41.05,40.24,40.59,2046600
20160425,40.39,40.64,40.1,40.52,968400
20160426,40.52,40.66,40.16,40.61,1193500
20160427,40.66,41.79,40.56,41.53,1489300
20160428,41.38,41.74,41.22,41.48,1485200
20160429,41.48,41.52,40.21,40.59,2536600
20160502,40.93,40.93,40.33,40.38,1005100
20160503,40.21,40.36,39.94,40.3,1733900
20160504,39.96,40.47,39.96,40.44,926400
20160505,40.51,40.64,39.67,39.88,1788000
20160506,39.74,40.41,39.57,40.28,929600
20160509,40.13,40.64,39.57,40.64,1313200
20160510,40.98,41.65,40.66,41.65,1513900
20160511,41.94,41.94,40.96,40.98,2215900
20160512,41.57,41.61,41.04,41.59,1678900
20160513,41.65,41.65,40.6,41.43,1528900
20160516,41.41,41.42,40.99,41.36,1114400
20160517,41.34,41.41,40.61,41.04,2118400
20160518,40.58,41.31,40.58,41.23,1353900
20160519,40.92,41.45,40.9,41.45,983100
20160520,41.71,41.8,41.26,41.51,2389200
20160523,40.79,41.12,40.79,41.04,1093500
20160524,41.04,41.5,40.93,41.28,978900
20160525,41.3,41.89,41.19,41.43,1368700
20160527,41.43,41.96,41.04,41.37,674900
20160530,41.27,41.52,41.07,41.52,302800
20160531,41.32,41.51,40.8,41.51,2270300
20160601,41.32,41.39,41.03,41.18,2047900
20160602,41.18,41.34,40.68,41.04,1562300
20160603,41.23,41.28,40.89,41.28,1574900
20160606,41.27,41.38,40.87,41.05,2062800
20160607,40.84,41.06,40.64,40.84,2331800
20160608,40.99,41.36,40.68,41.33,2055800
20160609,41.3,41.46,41.09,41.14,1236900
20160610,41.14,41.22,40.62,40.79,1569400
20160613,40.55,40.93,40.51,40.9,691300
20160614,40.73,40.96,40.05,40.72,1974800
20160615,40.64,41.03,40.26,41.03,1651100
20160616,40.82,40.88,40.4,40.86,1544300
20160617,40.95,41.1,40.69,40.89,1449400
20160620,41.25,41.45,41.09,41.23,1290700
20160621,41.13,41.82,40.98,41.82,1603000
20160622,41.57,42.14,41.52,41.81,1398700
20160623,42.05,42.23,41.65,42.09,1204000
20160624,41.7,41.91,41.33,41.91,1183600
20160627,41.63,41.73,41.28,41.41,2332400
20160628,41.8,41.86,41.55,41.73,923900
20160629,41.91,42.33,41.82,42.3,1919600
20160630,41.91,42.88,41.91,42.88,1783400
20160701,43.09,43.18,42.35,42.52,1536700
20160704,42.54,42.67,42.23,42.43,848900
20160705,42.2,42.52,42.08,42.52,880600
20160706,42.4,42.64,41.93,42.59,1326800
20160707,42.81,42.81,42.17,42.54,1265800
20160708,42.75,43.17,42.6,42.79,3075100
20160711,42.79,43.24,42.79,43.21,1992700
20160712,43.56,43.56,43,43.29,2177200
20160713,43.29,43.43,43.08,43.22,910400
20160714,43.49,43.52,43.01,43.32,2374100
20160715,43.24,43.47,42.81,43.36,2909400
20160718,43.3,43.5,43.13,43.43,1465900
20160719,43.22,43.41,42.9,42.97,2477600
20160720,43.05,43.09,42.18,42.32,2570900
20160721,42.4,42.74,42.03,42.23,2096800
20160722,42.06,42.66,42.05,42.47,1971800
20160725,42.5,42.54,42.04,42.25,908300
20160726,42.26,42.63,42.23,42.36,2780100
20160727,42.42,42.56,41.88,41.91,3822800
20160728,41.89,42.32,41.57,42.3,1267900
20160729,42.3,42.59,42.09,42.37,1896700
20160801,42.37,42.39,42.08,42.14,1134700
20160802,41.91,42,41.45,42,5083900
20160803,41.72,42.27,41.62,42.25,999300
20160804,42.25,42.74,41.95,42.5,1727300
20160805,42.69,42.79,42.58,42.69,936800
20160808,42.6,42.76,42.31,42.59,549400
20160809,42.59,42.79,42.47,42.74,572700
20160810,42.81,42.81,42.47,42.66,655100
20160811,42.37,43.2,42.37,43.08,459100
20160812,43.08,43.14,42.24,42.97,594200
20160815,42.9,43.14,42.75,42.96,684100
20160816,42.65,42.94,42.23,42.79,798200
20160817,42.6,42.96,42.39,42.96,839400
20160818,42.74,42.95,42.44,42.87,1115300
20160819,42.59,42.94,42.46,42.86,884600
20160822,42.74,42.81,42.38,42.54,615600
20160823,42.55,42.73,42.45,42.45,856400
20160824,42.3,42.53,42.05,42.53,694600
20160825,42.4,42.62,42.26,42.62,842300
20160826,42.84,43.2,42.48,42.71,782900
20160829,42.76,43.4,42.67,43.02,657000
20160830,42.87,43.24,42.69,43.24,632900
20160831,43.37,43.52,42.94,43.14,1879400
20160901,43.08,43.22,42.84,42.99,989100
20160902,43.07,43.45,42.83,43.28,1419100
20160905,43.47,43.47,42.99,43.05,375000
20160906,43.24,43.28,42.99,43.23,866700
20160908,43.05,43.18,42.84,43.12,1797800
20160909,42.68,42.76,42.26,42.44,1246200
20160912,42.39,42.57,42.15,42.57,881900
20160913,42.34,42.44,41.95,42.25,1352900
20160914,42.06,42.41,41.96,42.14,1959200
20160915,42.14,42.92,41.99,42.84,1764600
20160916,42.49,42.85,42.47,42.84,830100
20160919,42.84,43.1,42.7,42.99,551400
20160920,42.81,43.1,42.66,42.75,1782700
20160921,42.75,42.93,42.45,42.89,914300
20160922,43.04,43.24,42.89,43.14,2664500
20160923,43.14,43.23,42.69,42.89,729200
20160926,42.71,42.77,42.53,42.69,595200
20160927,42.77,42.8,42.4,42.67,845400
20160928,42.68,42.86,42.44,42.5,1163900
20160929,42.64,42.64,42.29,42.39,962200
20160930,42.49,42.65,42.4,42.42,1243700
20161003,42.44,42.85,42.44,42.84,1817600
20161004,42.73,42.79,42.46,42.69,1278700
20161005,42.75,42.93,42.64,42.87,866900
20161006,42.75,43.1,42.75,43.03,592100
20161007,43.11,43.17,42.51,43.06,740000
20161010,43.18,43.22,43.03,43.18,473800
20161011,43.18,43.18,42.91,43.02,992300
20161013,42.97,43.3,42.66,43.3,1218600
20161014,43.16,43.56,43.06,43.3,1300600
20161017,43.46,43.56,43.06,43.43,1034900
20161018,43.35,43.72,43.26,43.72,1049900
20161019,43.73,44.23,43.5,44.03,1473400
20161020,43.79,44.54,43.58,44.42,1168600
20161021,44.3,44.42,43.91,44.12,1255800
20161024,44.32,44.34,43.89,43.97,655500
20161025,43.84,44.07,43.66,43.92,983600
20161026,43.82,44.01,43.55,44.01,519600
20161027,43.8,44.16,43.75,44.01,798500
20161028,43.83,44.04,43.34,43.82,956700
20161031,43.98,44.41,43.63,44.39,1018200
20161101,44.37,44.37,43.53,43.82,1213900
20161103,43.82,43.97,43.36,43.36,790700
20161104,43.26,43.58,42.87,43.19,1559300
20161107,43.38,44.02,43.33,43.8,1046900
20161108,43.8,43.91,43.41,43.82,946100
20161109,43.13,43.73,43.03,43.73,1944800
20161110,43.46,43.71,42.53,43.03,3838700
20161111,42.64,43.2,42,42.74,3771200
20161114,42.34,42.69,41.86,42.28,1759100
20161116,42.24,42.96,42.07,42.96,1639800
20161117,43.16,43.32,42.79,43.03,1245100
20161118,42.73,43.03,42.73,42.88,1654400
20161121,42.94,43.18,42.72,43.08,853600
20161122,43.25,43.8,43.04,43.54,1585500
20161123,43.25,43.5,43.14,43.5,702400
20161124,43.29,43.5,43.25,43.33,233200
20161125,42.99,43.52,42.99,43.52,439900
20161128,43.4,44,43.39,43.89,831900
20161129,43.5,44,43.5,43.59,857800
20161130,43.76,44.5,43.69,44.26,3011800
20161201,43.76,44.2,43.11,43.39,2240200
20161202,42.9,43.68,42.72,43.43,2013700
20161205,43.42,43.48,43.11,43.17,657400
20161206,43,43.59,43,43.58,2168300
20161207,43.75,43.85,43.24,43.6,1051000
20161208,43.7,43.87,43.35,43.78,1395900
20161209,43.88,43.91,43.46,43.75,2717500
20161212,43.9,43.9,43.11,43.41,1494100
20161213,43.3,43.66,43.25,43.6,2632700
20161214,43.65,43.65,43.05,43.05,2339800
20161215,43.04,43.32,42.8,43.02,974100
20161216,43.18,44.04,43,43.73,3236000
20161219,43.54,43.86,43.36,43.53,2627300
20161220,43.7,43.85,43.27,43.5,1760400
20161221,43.5,43.55,43.07,43.15,1458500
20161222,43.06,43.38,43.06,43.27,637000
20161223,43.3,43.95,43.22,43.89,801800
20161226,43.95,44.23,43.89,44.15,349500
20161227,44.3,44.35,43.98,44.3,412400
20161228,44.29,44.59,44.12,44.59,1667700
20161229,44.59,44.65,44.35,44.6,2164900
20170102,44.19,44.64,44.19,44.4,323100
20170103,44.4,45,44.4,45,3295300
20170104,44.81,45.61,44.78,45.47,1057500
