<DTYYYYMMDD>,<OPEN>,<HIGH>,<LOW>,<CLOSE>,<VOL>
20100601,16.45,17,16.36,16.43,2423100
20100602,16.43,17.26,16.24,17.26,3044600
20100604,16.89,16.98,16.4,16.58,2501200
20100607,16.53,16.73,16.06,16.15,2134700
20100608,16.29,16.54,15.92,16.54,2249900
20100609,16.62,16.85,15.89,16.06,3358900
20100610,16.26,16.66,16.26,16.62,3058400
20100611,16.49,17.1,16.32,17.1,2940600
20100614,17.13,17.87,16.85,17.73,5476700
20100615,17.79,17.86,17.34,17.77,2170900
20100616,17.59,17.69,17.32,17.5,4050000
20100617,17.44,18.07,17.39,17.81,3418800
20100618,17.76,18.16,17.68,17.91,2567800
20100621,18.09,18.2,17.56,18.02,2156300
20100622,17.82,18.31,17.82,17.98,4579200
20100623,18.08,18.33,17.71,18.24,2775900
20100624,18.08,18.45,17.55,17.55,2347900
20100625,17.6,17.88,17.5,17.85,1079700
20100628,17.87,18.05,17.68,17.73,1670200
20100629,17.33,17.44,16.58,16.78,4087200
20100630,16.79,17.27,16.63,16.63,2450900
20100701,16.73,16.96,16.23,16.53,2062100
20100702,16.63,16.71,16.26,16.58,3681100
20100705,16.7,16.79,16.46,16.62,952100
20100706,16.93,17.39,16.72,16.92,4300500
20100707,17,17.51,16.98,17.13,3218900
20100708,17.28,17.46,16.88,17.46,2955300
20100712,17.46,17.86,17.25,17.64,2563400
20100713,17.79,18.07,17.49,18.07,2831700
20100714,17.81,18.39,17.72,18.39,3096400
20100715,18.37,18.75,18.25,18.75,5598900
20100716,18.59,18.75,18.01,18.01,2549400
20100719,18.18,18.74,18.08,18.71,4968700
20100720,18.66,19.22,18.48,18.61,4813100
20100721,18.68,18.96,18.35,18.47,2801900
20100722,18.75,19.26,18.65,19.22,4215100
20100723,19.31,19.75,19.31,19.69,4188300
20100726,19.66,19.84,19.31,19.56,2290700
20100727,19.75,19.86,19.45,19.76,2024900
20100728,19.61,20.11,19.54,20.11,3312400
20100729,20.11,20.97,20.11,20.97,5330800
20100730,20.68,21.21,20.33,21.13,3975500
20100802,21.25,22.19,21.03,21.74,4984600
20100803,21.52,21.66,21.05,21.26,5648700
20100804,21.35,21.35,20.78,20.97,4561400
20100805,20.75,21.01,20.37,20.5,2920300
20100806,20.33,20.4,19.69,19.96,5751100
20100809,20.22,20.5,19.94,19.94,3379700
20100810,19.73,19.91,19.33,19.52,4933500
20100811,19.26,19.71,19.14,19.26,2299200
20100812,19.18,19.3,18.54,18.78,6807100
20100813,18.81,19.18,18.66,18.71,3218100
20100816,18.83,19.38,18.7,19.38,2199500
20100817,19.6,19.97,19.45,19.93,2850400
20100818,19.93,20.28,19.64,20.28,2942200
20100819,20.2,20.45,19.57,19.85,2759500
20100820,19.74,19.83,19.33,19.56,1561600
20100823,19.8,19.99,19.36,19.56,2286800
20100824,19.18,19.65,18.92,19.36,2051100
20100825,19.3,19.36,18.88,19.01,2227400
20100826,19.13,19.23,18.25,18.33,2355200
20100827,18.57,18.87,18.02,18.75,2980300
20100830,18.66,18.75,18.41,18.41,1119700
20100831,18.37,18.92,18.33,18.6,3087100
20100901,18.98,19.33,18.81,19.18,2784700
20100902,19.29,19.39,18.94,19.38,1673800
20100903,19.6,19.67,18.89,19.09,2000000
20100906,19.09,19.23,18.92,18.96,432800
20100908,18.9,19.03,18.69,18.99,1360800
20100909,19.15,19.77,19.06,19.77,2235300
20100910,19.81,20.02,19.7,19.97,1579400
20100913,20.12,20.43,19.97,20.41,1676200
20100914,20.25,20.88,20.25,20.78,2868900
20100915,20.71,21.34,20.45,21.13,2362600
20100916,20.97,21.14,20.3,20.62,1791300
20100917,20.44,20.79,19.77,20.03,3583100
20100920,19.94,20.66,19.94,20.57,2349200
20100921,20.57,20.67,20.11,20.33,3734700
20100922,20.2,20.88,20.08,20.88,3199700
20100923,20.58,21.6,20.54,21.31,3870800
20100924,21.39,21.69,20.8,21.14,3219700
20100927,21.08,21.35,20.82,21.14,1363400
20100928,21.26,21.3,20.83,21.09,1488100
20100929,21.05,21.14,20.64,20.88,2676400
20100930,20.92,20.98,20.29,20.41,4346400
20101001,20.62,21.01,20.49,20.78,3567200
20101004,20.63,21.52,20.63,21.31,3613300
20101005,21.56,21.77,21.37,21.69,3070700
20101006,21.69,21.81,21.33,21.48,3377800
20101007,21.48,21.58,20.45,20.88,2994400
20101008,20.79,21.17,20.65,20.97,2721000
20101011,21,21.25,20.87,21.25,1760600
20101013,21.36,21.9,21.29,21.9,4379200
20101014,21.94,22.29,21.73,22.06,2316600
20101015,22.03,22.03,21.35,21.78,1865900
20101018,21.73,21.81,21.33,21.39,1787000
20101019,21.05,21.2,20.04,20.11,4087400
20101020,20.33,20.41,19.82,19.84,3583300
20101021,19.96,20.07,19.06,19.46,2390300
20101022,19.56,20.03,18.97,19.26,2004000
20101025,19.52,19.79,19.1,19.27,2099500
20101026,19.14,19.6,18.99,19.43,1745400
20101027,19.52,20.03,19.52,19.93,2674900
20101028,20.16,20.26,19.43,19.43,2001100
20101029,19.6,20.03,19.43,20.03,2196200
20101101,19.26,19.6,18.99,19,5006300
20101103,19.18,19.18,18.32,18.46,7739700
20101104,18.62,19.39,18.61,19.35,4489800
20101105,19.28,19.5,19.23,19.36,2295600
20101108,19.43,19.43,18.93,18.96,2239900
20101109,19.1,19.11,17.9,17.94,5046700
20101110,17.96,18.24,17.56,17.82,5665000
20101111,17.79,18.15,17.73,18.03,2113400
20101112,17.67,17.97,17.45,17.82,3974100
20101116,17.62,18.07,17.24,17.39,2954900
20101117,17.63,18.04,17.47,17.96,1740500
20101118,18.18,18.64,18.15,18.64,2915900
20101119,18.52,18.75,18.36,18.66,3229200
20101122,18.48,18.62,17.79,17.98,2287700
20101123,17.59,17.89,17.03,17.16,2496500
20101124,17.47,17.98,17.47,17.94,4320400
20101125,17.91,18.32,17.7,18.08,2034700
20101126,17.68,18.51,17.64,18.13,4387000
20101129,17.87,18.14,17.5,17.68,2534800
20101130,17.64,18.49,17.52,18.49,4557500
20101201,18.64,18.95,18.41,18.92,3858400
20101202,18.99,19.12,18.66,18.95,3477600
20101203,18.91,19.13,18.54,18.75,2770800
20101206,18.82,18.87,18.34,18.62,2417400
20101207,18.83,18.98,18.63,18.71,1923300
20101208,18.66,18.75,17.81,17.95,3499600
20101209,18.07,18.12,17.33,17.65,3639800
20101210,17.76,18.02,17.52,17.79,3252000
20101213,18.02,18.07,17.73,17.79,2897500
20101214,17.77,18.43,17.58,17.61,4561600
20101215,17.5,17.68,16.81,16.81,4815800
20101216,16.99,16.99,16.05,16.22,5617900
20101217,16.24,16.52,15.95,16.45,3464300
20101220,16.54,16.62,15.77,15.81,2890300
20101221,15.93,17.04,15.89,16.87,4468500
20101222,16.77,17.32,16.66,17.28,2857100
20101223,17.12,17.33,17.01,17.25,1104200
20101227,16.96,17.2,16.93,17.04,657300
20101228,17.2,17.66,17.15,17.46,1482800
20101229,17.63,18.24,17.54,18.15,2539000
20101230,18.11,18.62,17.81,18.62,3433700
20110103,18.67,19.07,17.8,18.41,3020600
20110104,18.48,18.6,17.82,18.21,2395200
20110105,17.97,18.59,17.87,18.32,2095900
20110106,18.26,18.36,17.71,17.71,3511100
20110107,17.6,17.96,17.38,17.38,2780600
20110110,17.26,17.64,17.21,17.32,2103800
20110111,17.5,17.74,17.41,17.41,2434000
20110112,17.6,18.01,17.37,17.91,2686900
20110113,17.9,18.11,17.23,17.3,3248200
20110114,17.21,17.57,17.05,17.37,2011300
20110117,17.43,17.73,17.1,17.15,1955300
20110118,17.3,17.68,17.15,17.68,3013300
20110119,17.7,17.78,17.26,17.58,2457300
20110120,17.44,17.61,17.33,17.6,1783800
20110121,17.64,17.73,17.1,17.16,2063500
20110124,17.17,17.55,17.09,17.55,1632100
20110126,17.4,17.62,16.68,16.96,3198200
20110127,16.99,17.11,16.12,16.4,5708800
20110128,16.45,16.54,15.74,15.74,3152600
20110131,15.89,16.05,15.48,15.69,2534400
20110201,15.89,16.29,15.74,16.28,4100300
20110202,16.23,16.4,15.42,15.47,4425700
20110203,15.59,15.9,15.44,15.59,4076600
20110204,15.69,15.74,14.92,15.01,2996100
20110207,15.17,15.23,14.79,15.13,3271300
20110208,15.05,15.72,14.98,15.64,3408600
20110209,15.48,15.59,14.91,15.13,2758500
20110210,15.11,15.2,14.78,14.82,2935300
20110211,14.9,15.84,14.83,15.83,7393400
20110214,15.77,16.49,15.52,16.32,4789000
20110215,16.14,16.35,15.8,15.97,2632300
20110216,16.13,16.22,15.45,15.71,6927800
20110217,15.81,15.81,15.37,15.5,3547600
20110218,15.39,15.87,15.38,15.73,3810000
20110221,15.69,15.72,15.07,15.12,3456900
20110222,15,15,14.32,14.32,9249600
20110223,14.49,14.61,14.01,14.4,9586200
20110224,14.4,14.8,14.17,14.8,6720200
20110225,14.9,14.96,14.4,14.49,7898500
20110228,14.63,14.64,13.54,14.1,7627700
20110301,14.15,14.18,13.43,13.43,7885400
20110302,13.45,13.8,13.24,13.55,9399500
20110303,13.75,14.09,13.55,14.06,9755200
20110304,14,14.06,13.53,13.55,7396600
20110309,13.55,13.62,13.04,13.21,5033900
20110310,13.08,13.6,13.04,13.4,5950500
20110311,13.29,13.87,13.22,13.8,5474600
20110314,13.29,13.34,12.82,12.91,18042700
20110315,12.57,12.82,12.51,12.75,17523400
20110316,12.89,13.4,12.88,13.21,16556300
20110317,13.36,13.48,12.85,12.85,9482000
20110318,12.99,13.22,12.92,13.03,5110700
20110321,13.13,13.21,12.8,12.84,4987000
20110322,12.82,13.08,12.65,13.02,3820000
20110323,12.95,13.05,12.74,12.74,3916700
20110324,12.83,12.94,12.65,12.73,4835500
20110325,12.71,13.04,12.71,12.84,3429700
20110328,12.89,13.04,12.71,12.71,4599200
20110329,12.48,12.84,12.48,12.77,14216100
20110330,12.88,13.01,12.78,13.01,3498500
20110331,13.04,13.19,12.85,13.19,6723100
20110401,13.25,13.75,13.13,13.63,7525400
20110404,13.71,13.77,13.47,13.52,4385600
20110405,13.51,13.69,13.4,13.63,5543300
20110406,13.7,13.86,13.46,13.46,4355900
20110407,13.49,13.97,13.47,13.97,7996400
20110408,13.89,14.13,13.84,13.94,6600300
20110411,13.98,14.08,13.62,13.74,3898400
20110412,13.55,13.71,13.25,13.34,5249300
20110413,13.47,13.54,13.36,13.51,2944300
20110414,13.55,13.7,13.22,13.52,4682900
20110415,13.61,13.89,13.21,13.79,3669600
20110418,13.57,13.95,13.52,13.8,3386100
20110419,13.83,14.27,13.8,14.27,3229600
20110420,14.4,14.82,14.4,14.57,6644200
20110425,14.58,14.65,14.27,14.53,3486600
20110426,14.5,14.77,14.36,14.53,3802100
20110427,14.53,14.6,14.21,14.47,3279400
20110428,14.25,14.44,13.8,13.95,5145000
20110429,14.02,14.44,13.87,14.07,6704100
20110502,14.26,14.38,13.85,14.06,3542000
20110503,13.98,14.19,13.59,13.81,3393500
20110504,13.87,13.93,13.22,13.35,4466200
20110505,13.31,13.62,13.09,13.24,5143400
20110506,13.56,13.77,13.29,13.66,4248300
20110509,13.59,13.71,13.33,13.54,4068500
20110510,13.52,13.7,13.22,13.57,4977900
20110511,13.4,13.84,13.29,13.84,6238100
20110512,13.67,14.13,13.55,14.05,5165900
20110513,13.89,14.35,13.52,14.14,10106000
20110516,14.01,14.28,13.56,13.59,4276800
20110517,13.62,14.01,13.26,14.01,3753400
20110518,13.99,14.03,13.29,13.38,3804200
20110519,13.46,13.54,12.87,12.92,3910000
20110520,12.99,13.65,12.83,13.49,5752500
20110523,13.33,13.85,13.19,13.8,4167300
20110524,13.85,14.28,13.74,14.14,4906400
20110525,14.09,14.67,14.03,14.22,6190500
20110526,14.27,14.53,14.09,14.26,8319500
20110527,14.26,14.51,14.13,14.26,5552700
20110530,14.31,14.4,14.19,14.24,2597600
20110531,14.5,14.75,14.27,14.7,5919300
20110601,14.61,14.87,14.01,14.08,6552500
20110602,14.09,14.41,13.95,14.41,4421500
20110603,14.39,14.79,14.25,14.74,6104800
20110606,14.77,14.87,14.17,14.18,5810200
20110607,14.29,14.54,14.18,14.18,5256700
20110608,14.12,14.35,14.06,14.17,4827200
20110609,14.2,14.44,14.13,14.42,4902400
20110610,14.36,14.41,13.85,14.01,3121500
20110613,14.13,14.21,13.79,13.82,2394000
20110614,13.93,14.18,13.39,13.44,4129800
20110615,13.35,13.48,13.18,13.29,5380500
20110616,13.31,13.53,12.87,13.05,4524400
20110617,13.22,13.31,12.93,13,4329000
20110620,13,13.21,12.89,13.07,2251500
20110621,13.18,13.18,12.83,12.92,3156500
20110622,12.87,13,12.7,12.91,5926300
20110624,13.01,13.07,12.8,12.92,1988900
20110627,12.96,13.4,12.96,13.4,4406000
20110628,13.45,13.75,13.32,13.46,4131200
20110629,13.55,13.65,13.01,13.31,4348100
20110630,13.26,13.28,12.92,12.94,4659900
20110701,13,13.36,12.9,13.25,4675900
20110704,13.25,13.35,13.08,13.35,1868800
20110705,13.3,13.43,12.99,13.09,6466200
20110706,13.04,13.07,12.68,12.74,6585600
20110707,12.87,12.92,12.59,12.7,5047400
20110708,12.54,12.66,12.44,12.46,4643500
20110711,12.33,12.55,12.15,12.19,5391800
20110712,12.13,12.27,12,12,5156000
20110713,12.22,12.79,12.19,12.75,12407700
20110714,12.82,12.86,12.51,12.69,7478100
20110715,12.74,12.92,12.53,12.68,3788200
20110718,12.49,12.67,12.23,12.33,4510900
20110719,12.49,12.6,12.35,12.6,5052100
20110720,12.68,13.14,12.58,12.94,4099700
20110721,12.97,13.79,12.97,13.42,7043100
20110722,13.53,13.93,13.31,13.74,5015200
20110725,13.56,13.87,13.36,13.4,3515000
20110726,13.38,13.56,13.11,13.16,3244200
20110727,13.06,13.18,12.63,12.63,4241600
20110728,12.72,13.33,12.61,12.81,5406300
20110729,12.61,13.25,12.53,13.22,4014300
20110801,13.35,13.4,12.73,12.87,4310200
20110802,12.87,13.1,12.54,12.61,5693900
20110803,12.59,12.76,12.22,12.57,7602400
20110804,12.36,12.4,11.66,11.66,7914600
20110805,11.73,12.2,11.46,11.92,7268500
20110808,11.44,11.83,10.88,11.19,8399800
20110809,11.25,12.6,11.05,12.44,9102700
20110810,12.08,13,11.85,12.42,7051300
20110811,12.79,13.51,12.53,12.75,6089100
20110812,12,12.37,11.79,12.03,10224000
20110815,12.16,12.59,12.05,12.31,4105700
20110816,12.18,12.55,12.05,12.18,4654900
20110817,12.32,12.43,11.8,12.36,5547900
20110818,11.97,12.05,11.61,11.7,4214500
20110819,11.59,12.18,11.41,11.94,4491500
20110822,12.09,12.39,11.88,11.96,3160000
20110823,12.02,12.48,11.66,12.44,6152100
20110824,12.31,12.41,11.98,12.13,7629800
20110825,12.19,12.21,11.66,11.76,3858900
20110826,11.73,11.99,11.56,11.67,5493800
20110829,11.89,12.52,11.73,12.52,5051800
20110830,12.35,13.04,12.27,12.93,5220700
20110831,13.08,13.27,12.81,13.13,6086200
20110901,13.92,14.55,13.76,13.83,10531800
20110902,13.48,13.78,13.31,13.32,7066500
20110905,13.06,13.06,12.68,12.81,3844200
20110906,12.44,13.43,12.42,13.27,4818200
20110908,13.57,13.89,13.4,13.57,4005200
20110909,13.27,13.48,12.7,12.7,4460500
20110912,12.4,12.59,12.09,12.34,6787200
20110913,12.47,12.69,12.13,12.27,3649400
20110914,12.42,12.49,11.87,12.17,4504500
20110915,12.31,12.41,12,12.13,3313400
20110916,12.1,12.38,12.06,12.38,1904700
20110919,12.1,12.14,11.92,11.96,3761300
20110920,12.02,12.05,11.22,11.22,7066200
20110921,11.46,11.46,10.99,11.05,5408500
20110922,10.61,10.73,10.31,10.39,7881700
20110923,10.46,10.86,10.35,10.61,6411500
20110926,10.79,10.82,10.26,10.63,3315000
20110927,10.87,11.03,10.57,10.61,4130500
20110928,10.67,10.77,10.44,10.44,4814500
20110929,10.52,10.66,10.32,10.53,4244400
20110930,10.41,10.51,10.06,10.19,7189300
20111003,10.03,10.34,9.74,9.76,6462300
20111004,9.69,10.04,9.61,9.92,8162300
20111005,10.04,10.26,9.7,10.11,4277300
20111006,10.32,10.69,10.19,10.43,3699600
20111007,10.7,10.71,10.19,10.32,4464100
20111010,10.48,10.99,10.47,10.88,4056000
20111011,10.82,11.3,10.71,10.96,4185600
20111013,11.19,11.57,10.79,11.48,6237300
20111014,11.56,11.86,11.45,11.78,4237000
20111017,11.53,11.62,11.25,11.52,3911200
20111018,11.44,12.01,11.31,11.79,4139700
20111019,11.89,12.16,11.82,12.15,5163000
20111020,12.01,12.03,11.6,11.71,4087200
20111021,11.91,12.25,11.8,12.1,4262900
20111024,12.17,12.59,12.07,12.48,3305700
20111025,12.4,12.61,12.08,12.35,3877600
20111026,12.53,12.92,12.4,12.92,3810200
20111027,13.35,13.83,13.1,13.61,8782700
20111028,13.36,13.99,13.36,13.73,4293000
20111031,13.37,13.48,13.06,13.06,4206000
20111101,12.48,12.59,12.22,12.44,6241100
20111103,12.86,12.87,12.52,12.54,3632400
20111104,12.36,12.79,12.35,12.66,3061900
20111107,12.61,12.97,12.61,12.97,2429000
20111108,13.05,13.19,12.8,13.14,3450900
20111109,12.95,12.99,12.31,12.31,3966500
20111110,12.72,12.73,12.49,12.54,4180400
20111111,12.74,13.2,12.67,13,3036900
20111114,12.87,13.13,12.58,12.61,3101700
20111116,12.45,12.77,12.27,12.52,4138600
20111117,12.45,12.5,11.79,11.86,5154900
20111118,11.94,12.08,11.66,11.9,4918900
20111121,11.57,11.9,11.57,11.84,3853400
20111122,11.92,12.13,11.64,11.87,5305100
20111123,11.59,11.83,11.59,11.73,5491400
20111124,11.91,12.21,11.66,12.06,2964100
20111125,11.86,12.4,11.83,12.09,2482500
20111128,12.32,12.91,12.28,12.76,5972800
20111129,12.79,13.48,12.66,13.05,6606800
20111130,13.46,13.74,13.07,13.07,7125700
20111201,13.54,13.71,13.24,13.62,6303200
20111202,13.69,13.97,13.61,13.91,5950500
20111205,14.15,14.21,13.7,13.87,6669800
20111206,13.7,14.15,13.5,14.11,6699500
20111207,14.01,14.03,13.61,13.79,3775600
20111208,13.89,13.94,13.1,13.1,4267800
20111209,13.27,13.67,13,13.6,3039700
20111212,13.48,13.49,13.14,13.33,2389000
20111213,13.47,13.83,13.37,13.38,4125500
20111214,13.35,13.61,13.28,13.36,5322500
20111215,13.53,13.74,13.45,13.65,3360300
20111216,13.73,13.87,13.54,13.74,2702500
20111219,13.78,13.95,13.18,13.22,4880500
20111220,13.36,13.47,12.71,13.11,5798200
20111221,12.9,13.12,12.66,12.8,3671400
20111222,12.84,13.13,12.61,12.98,3352900
20111223,13,13.27,12.86,13.2,1999400
20111226,13.13,13.55,13.13,13.29,1188200
20111227,13.36,13.5,13.17,13.4,1796500
20111228,13.41,13.41,12.91,12.93,2207500
20111229,13.12,13.26,12.79,12.91,3251100
20120102,12.78,13.39,12.78,13.39,2518500
20120103,13.39,14.09,13.33,14.05,3800900
20120104,13.92,14.09,13.68,13.91,2240100
20120105,13.79,13.99,13.32,13.57,3004500
20120106,13.74,13.82,13.36,13.47,1668900
20120109,13.66,13.88,13.62,13.68,2152500
20120110,13.9,13.9,13.49,13.61,4167900
20120111,13.52,13.72,13.46,13.62,3129900
20120112,13.73,13.88,13.58,13.87,3364100
20120113,13.79,13.87,13.14,13.18,3508200
20120116,13.27,13.47,13.14,13.27,1192200
20120117,13.19,13.48,13.01,13.14,4196600
20120118,13.14,13.17,12.92,13.11,6075700
20120119,13.23,13.72,13.2,13.58,4803300
20120120,13.58,14.14,13.41,14.13,3631600
20120123,14.04,14.49,13.94,14.09,6501000
20120124,14.03,14.12,13.83,13.83,7459800
20120126,14.09,14.59,14.09,14.41,7172200
20120127,14.45,15.14,14.41,14.62,6525900
20120130,14.36,14.61,13.97,14.52,3231100
20120131,14.68,14.76,13.97,14.08,6254600
20120201,14.2,14.88,14.1,14.78,4372600
20120202,14.69,14.96,14.53,14.9,3198000
20120203,14.83,15.52,14.7,15.28,5054300
20120206,15.35,15.47,15.06,15.36,2163900
20120207,15.15,15.57,15.02,15.48,3229400
20120208,15.5,15.7,15.33,15.55,3644400
20120209,15.42,15.59,14.84,15.01,4007100
20120210,14.7,14.92,14.47,14.56,2781900
20120213,14.76,15.27,14.68,15.27,2458700
20120214,15.22,15.45,14.91,14.98,2820300
20120215,15.31,15.83,15.31,15.74,6069600
20120216,15.55,16.27,15.41,16.26,4873500
20120217,16.2,16.36,15.82,16.31,3543800
20120222,16.31,16.31,15.82,15.96,2064000
20120223,15.81,15.93,15.6,15.75,3642600
20120224,15.82,16.03,15.55,15.66,2951000
20120227,15.65,15.65,15.06,15.15,2995600
20120228,15.19,15.52,15.18,15.38,4000300
20120229,15.45,15.59,14.94,15.07,6272700
20120301,15.22,15.84,15.15,15.84,2818900
20120302,15.96,16.57,15.83,16.47,3700600
20120305,16.42,16.75,16.28,16.56,4891700
20120306,16.22,16.4,15.75,15.9,3545500
20120307,16.05,16.63,16.05,16.63,3433800
20120308,17,17.16,16.74,16.88,4028100
20120309,16.96,16.96,16.09,16.09,3855400
20120312,15.98,16.47,15.83,16.31,6323200
20120313,16.44,17.09,16.36,16.95,2792500
20120314,16.75,17.13,16.29,16.38,3286100
20120315,16.18,16.18,15.77,15.88,3058700
20120316,16.09,16.2,15.41,15.41,3848100
20120319,15.53,15.82,15.35,15.38,2451100
20120320,15.14,15.89,15.1,15.89,3038800
20120321,15.95,16.04,15.62,15.79,3981700
20120322,15.65,15.95,15.05,15.23,5549200
20120323,15.35,15.35,14.87,15.15,6475100
20120326,15.29,15.48,15.17,15.48,3175400
20120327,15.48,15.83,14.88,14.88,6798400
20120328,14.88,14.99,14.66,14.7,4005300
20120329,14.61,14.68,14.15,14.6,5095400
20120330,14.69,14.89,14.05,14.05,3351000
20120402,14.14,14.14,13.61,14.05,6072300
20120403,14.22,14.39,13.92,14.1,3018600
20120404,13.96,14.91,13.8,14.78,5038900
20120405,14.66,15.27,14.48,15.05,3302800
20120409,14.63,14.79,14.26,14.48,3136200
20120410,14.54,14.54,13.74,14.05,4427400
20120411,14.33,14.42,13.75,13.75,2643000
20120412,13.92,14.4,13.74,14.19,3057300
20120413,14.01,14.26,13.66,13.74,3718900
20120416,13.94,14.3,13.66,14.17,3371300
20120417,14.35,15.09,14.35,14.98,3323800
20120418,14.88,15.46,14.65,15.22,5470800
20120419,15.07,15.6,15.01,15.28,2928800
20120420,15.42,15.44,14.49,14.53,4523800
20120423,14.27,14.31,13.9,13.97,4884200
20120424,14.01,14.18,13.87,14.09,3669400
20120425,14.42,14.7,14.28,14.54,4807300
20120426,14.54,14.98,14.36,14.88,3341100
20120427,15.05,15.05,13.7,13.7,9616700
20120430,13.75,13.82,13.46,13.65,4155800
20120502,13.57,13.96,13.38,13.89,5939200
20120503,13.96,14.47,13.85,14.27,5123800
20120504,14.28,14.85,13.89,13.98,7587500
20120507,13.78,14.16,13.65,14.15,3214600
20120508,13.82,14.25,13.7,14.09,3768100
20120509,13.73,13.89,13.28,13.38,4603100
20120510,13.54,13.65,12.92,12.92,10200900
20120511,12.79,13.35,12.69,13.24,3972500
20120514,13.02,13.02,12.62,12.69,3633300
20120515,13.03,13.26,12.41,12.58,5790800
20120516,12.8,12.98,12.53,12.74,4390700
20120517,12.72,13.11,12.58,12.71,4101600
20120518,12.67,12.95,12.4,12.56,3839200
20120521,12.67,13.15,12.33,12.83,3205600
20120522,12.67,12.78,12.08,12.09,4964400
20120523,12.05,12.42,11.82,12.42,5493200
20120524,12.44,12.66,11.96,12.54,3966300
20120525,12.61,13.27,12.44,13.16,5142900
20120528,13.38,13.77,13.25,13.48,2469300
20120529,13.48,13.56,12.9,12.99,2733400
20120530,12.74,12.98,12.34,12.77,3480000
20120531,12.77,13.73,12.56,13.4,5087900
20120601,12.95,13.59,12.87,12.95,4239200
20120604,12.95,13.55,12.95,13.33,3277700
20120605,13.37,13.51,12.53,12.62,3434500
20120606,12.68,13.56,12.68,13.56,3184500
20120608,13.35,13.65,13.13,13.6,2193700
20120611,13.7,14.04,13.19,13.31,2559100
20120612,13.43,13.54,12.81,13.22,3729900
20120613,13.12,13.89,13.05,13.89,4739400
20120614,13.75,13.95,13.3,13.5,2236200
20120615,13.63,14.04,13.29,13.97,3585300
20120618,13.65,14.15,13.6,13.73,2639900
20120619,13.96,14.07,13.65,13.87,4067700
20120620,13.74,14.01,13.5,13.74,2485000
20120621,13.73,13.84,13.12,13.26,1978800
20120622,13.37,13.61,13.19,13.47,1880500
20120625,13.23,13.46,12.85,12.97,1641700
20120626,13.03,13.13,12.69,12.77,2027300
20120627,12.91,13.18,12.65,12.66,2410100
20120628,12.66,13.02,12.54,12.81,1875700
20120629,13.3,13.56,13.06,13.11,3125700
20120702,12.94,13.32,12.91,13.21,1931000
20120703,13.29,14.1,13.22,13.65,4389300
20120704,13.7,13.82,13.38,13.51,2466100
20120705,13.6,13.96,13.28,13.62,2737100
20120706,13.44,13.47,12.92,13.2,2975000
20120710,13.23,13.34,12.42,12.64,3390800
20120711,12.6,12.71,12.1,12.4,4510500
20120712,12.19,12.36,11.86,12.19,2855500
20120713,12.23,12.52,12.08,12.33,2319400
20120716,12.26,12.48,11.65,11.7,3508300
20120717,11.86,12.33,11.7,12.33,3100200
20120718,12.32,12.8,12.08,12.76,2328500
20120719,12.87,13.25,12.77,13.25,3113200
20120720,13.03,13.03,12.42,12.64,2818500
20120723,12.03,12.2,11.66,11.79,3524200
20120724,11.85,12.06,11.67,11.87,3033500
20120725,12.07,12.2,11.91,11.93,2085500
20120726,12.05,12.69,12.05,12.54,3512400
20120727,12.75,13.73,12.64,13.29,6052800
20120730,13.15,13.73,13.15,13.73,2755200
20120731,13.82,14.12,13.11,13.11,3808000
20120801,13.2,13.9,13.06,13.76,3708100
20120802,13.47,13.6,13.13,13.44,2590000
20120803,14.11,14.42,13.94,14.31,4229600
20120806,14.36,15.3,14.2,15.2,6917400
20120807,15.29,15.47,14.46,14.58,7309900
20120808,14.29,15.18,14.29,15,4857700
20120809,14.89,15.26,14.59,15.26,2910900
20120810,14.93,15.42,14.84,15.36,4266900
20120813,15.13,15.27,14.76,15.06,3189200
20120814,15.29,15.31,14.32,14.44,4095600
20120815,14.52,14.84,14.36,14.71,4885600
20120816,14.89,15.3,14.67,15.06,4147000
20120817,15.09,15.24,14.67,15.24,2209100
20120820,15.24,15.25,14.85,15.06,2142300
20120821,15.19,15.49,14.8,14.99,4273600
20120822,14.84,15.28,14.84,14.97,3277700
20120823,14.89,14.95,14.31,14.37,4225400
20120824,14.26,14.83,14.26,14.62,3222300
20120827,14.51,14.75,14.34,14.53,1643100
20120828,14.65,15.2,14.59,15.06,2618400
20120829,15.08,15.22,14.51,14.8,3450000
20120830,14.63,15.1,14.58,14.95,1897700
20120831,15.06,15.21,14.63,14.63,6466600
20120903,14.7,15.18,14.68,14.88,3434900
20120904,14.8,15.03,14.53,14.75,2830000
20120905,14.97,14.98,14.67,14.89,2568100
20120906,14.97,15.2,14.89,15.14,3326400
20120910,15.28,15.34,14.9,15.02,3187500
20120911,14.98,15.11,14.85,15.06,2843300
20120912,15.18,15.19,14.84,15.06,2641400
20120913,14.9,15.57,14.78,15.33,5026200
20120914,15.46,15.76,15.08,15.22,3915800
20120917,15.22,15.56,14.89,15.14,1962000
20120918,15.06,15.37,15.05,15.29,2039700
20120919,15.37,15.81,15.34,15.58,3540900
20120920,15.43,15.95,15.38,15.95,8551700
20120921,16.12,16.12,15.83,15.91,3504900
20120924,15.77,16.11,15.71,16.04,4192500
20120925,16.06,16.12,15.86,15.96,3530100
20120926,15.84,16,15.53,15.91,1905900
20120927,15.95,16,15.73,15.99,2562200
20120928,15.9,15.97,15.17,15.42,4164500
20121001,15.49,16,15.29,15.86,2067500
20121002,15.8,16.04,15.76,15.95,4932700
20121003,15.95,15.96,15.5,15.51,2529700
20121004,15.51,15.79,15.09,15.37,2881900
20121005,15.73,16.11,15.64,16.04,3733700
20121008,15.94,16.29,15.88,16.25,3200300
20121009,16.26,16.26,15.84,15.89,3699200
20121010,15.94,16.06,15.71,15.95,2507200
20121011,15.98,16.23,15.9,16.13,2974000
20121015,16.16,16.2,16,16.17,3080700
20121016,16.25,16.26,16.04,16.07,2838500
20121017,16.06,16.27,16.01,16.22,4348400
20121018,16.13,16.31,15.92,16.17,4058900
20121019,16.26,16.27,16.01,16.07,2489300
20121022,16.04,16.13,15.8,15.85,1931900
20121023,15.81,15.81,15.44,15.58,2080300
20121024,15.58,15.61,15.27,15.39,1124700
20121025,15.48,15.8,15.33,15.55,3394600
20121026,15.42,15.48,15.15,15.24,2192300
20121029,15.23,15.33,15.02,15.33,807400
20121030,15.29,15.45,15.14,15.33,943000
20121031,15.2,15.44,15.2,15.26,1513800
20121101,15.29,15.93,15.24,15.64,1444100
20121105,15.54,15.86,15.42,15.73,1785900
20121106,15.85,16.2,15.61,16.15,1652300
20121107,16.07,16.18,15.74,16.02,1813400
20121108,16.01,16.21,15.75,15.91,1413000
20121109,15.77,16.22,15.52,15.86,2303900
20121112,15.86,15.99,15.51,15.52,1380400
20121113,15.4,15.54,15.09,15.31,3662200
20121114,15.24,15.52,14.71,14.79,2854200
20121116,14.67,14.92,14.44,14.49,2165500
20121119,14.63,15.2,14.49,15.06,2304400
20121121,15.17,15.32,14.84,15.2,2373100
20121122,15.32,15.68,15.26,15.49,1816900
20121123,15.62,16.04,15.51,16.04,2583100
20121126,15.91,16,15.6,15.73,1737000
20121127,15.73,15.98,15.35,15.4,2127700
20121128,15.08,15.48,14.97,15.37,2630500
20121129,15.51,15.81,15.34,15.77,1787700
20121130,15.77,16.12,15.62,15.79,5382100
20121203,15.72,16.44,15.72,16.23,4586400
20121204,16.23,16.92,16,16.26,7928400
20121205,16.35,16.57,15.84,16.13,3969700
20121206,16.31,16.65,15.95,16.57,3570100
20121207,16.54,16.84,16.38,16.57,2600700
20121210,16.59,16.79,16.46,16.66,1323300
20121211,16.7,16.78,15.74,15.87,6197500
20121212,15.91,16.03,15.48,15.54,5948100
20121213,15.63,15.64,15.22,15.33,4607500
20121214,15.46,15.58,15.3,15.36,3277400
20121217,15.33,15.68,15.32,15.38,2778100
20121218,15.63,15.81,15.4,15.65,2333300
20121219,15.68,16.04,15.68,15.86,3740600
20121220,15.77,15.99,15.68,15.99,1897600
20121221,15.73,15.89,15.68,15.86,1448000
20121226,15.73,16.02,15.65,15.91,1003600
20121227,15.92,16.19,15.78,15.9,1754800
20121228,15.78,16.07,15.77,15.85,2619300
20130102,16.11,16.31,15.91,15.97,3927500
20130103,16.05,16.2,15.92,16.05,3033300
20130104,15.92,16.02,15.62,15.68,4420800
20130107,15.76,15.86,15.52,15.52,2078300
20130108,15.56,15.77,15.39,15.54,2822300
20130109,15.52,16.08,15.33,16.07,4773300
20130110,16.06,16.33,15.95,16.3,4127800
20130111,16.27,16.4,16.01,16.4,3732200
20130114,16.46,16.5,16.21,16.47,2529500
20130115,16.34,16.57,16.1,16.26,2434800
20130116,16.26,16.32,15.98,16.13,4734100
20130117,16,16.22,16,16.07,5733600
20130118,16.13,16.39,16.03,16.34,6407000
20130121,16.39,16.47,16.29,16.39,1531300
20130122,16.2,16.31,15.88,15.95,3293900
20130123,15.87,16.03,15.8,15.95,2695000
20130124,16.05,16.48,15.68,15.95,8144200
20130128,15.82,16.01,15.56,15.76,3395700
20130129,15.6,15.89,15.43,15.86,3194700
20130130,15.68,15.81,15.44,15.55,4429700
20130131,15.64,15.68,15.25,15.55,3975100
20130201,15.64,15.83,15.47,15.58,2869000
20130204,15.53,15.66,15.35,15.6,3276200
20130205,15.61,15.76,15.4,15.54,2343600
20130206,15.55,15.7,15.42,15.67,3476000
20130207,15.66,15.72,15.2,15.33,3162900
20130208,15.38,15.4,14.93,15.2,3668400
20130213,15.25,15.5,15.04,15.2,2704100
20130214,15.06,15.53,15.06,15.42,1585900
20130215,15.37,15.42,15.02,15.2,2417400
20130218,15.2,15.25,14.8,14.89,2448900
20130219,15.06,15.18,14.71,14.8,2546400
20130220,14.73,15.04,14.57,14.59,4046100
20130221,14.54,14.67,14.42,14.62,3719300
20130222,14.68,15.2,14.5,14.95,4510400
20130225,15.14,15.18,14.8,14.92,3052100
20130226,14.83,15.3,14.74,15.15,4594300
20130227,15.06,15.5,14.98,15.35,3977800
20130228,15.27,15.53,15.22,15.42,3250400
20130301,15.25,15.47,15.21,15.43,2768500
20130304,15.27,15.52,15.21,15.52,2309400
20130305,15.53,15.61,15.08,15.17,2646600
20130306,15.15,15.51,14.9,15.29,2263500
20130307,15.52,15.68,15.17,15.37,1850400
20130308,15.18,15.52,15.11,15.31,2416600
20130311,15.18,15.41,15.18,15.37,1862400
20130312,15.41,15.49,15.11,15.24,2363200
20130313,15.17,15.36,14.93,15.02,4017900
20130314,15.17,15.17,14.72,14.98,2951800
20130315,14.9,15.14,14.54,14.62,3396300
20130318,14.62,14.69,14.36,14.57,3105800
20130319,14.51,14.6,14.3,14.53,3132900
20130320,14.53,14.71,14.18,14.41,3964000
20130321,14.3,14.45,14.13,14.22,3501500
20130322,14.69,14.96,14.54,14.75,7533400
20130325,14.94,14.94,14.6,14.75,3911400
20130326,14.72,14.86,14.5,14.71,2636300
20130327,14.71,14.87,14.55,14.67,3234900
20130328,14.7,15.42,14.53,15.36,3795500
20130401,15.24,15.57,15.09,15.41,2330500
20130402,15.36,15.45,14.98,15.15,3603100
20130403,15.23,15.65,14.91,15.48,6101500
20130404,15.55,15.62,15.37,15.6,2917800
20130405,15.51,16.12,15.44,16.07,3952100
20130408,15.95,16.35,15.85,16.26,2355900
20130409,16.31,16.48,15.95,16.08,2833900
20130410,16.04,16.31,16,16.06,2859900
20130411,16.23,16.23,15.95,16.11,2529300
20130412,15.95,16.15,15.91,16.08,6365600
20130415,15.97,16,15.64,15.64,3631700
20130416,15.72,15.94,15.53,15.67,2537500
20130417,15.53,15.61,15.29,15.39,4321600
20130418,15.37,15.52,15.2,15.37,3051600
20130419,15.48,15.84,15.4,15.7,3570200
20130422,15.82,15.86,15.46,15.69,2231500
20130423,15.75,15.95,15.48,15.77,2932600
20130424,15.7,15.93,15.7,15.79,2500900
20130425,15.76,15.89,15.4,15.69,1810300
20130426,15.6,15.61,15.36,15.56,1534300
20130429,15.6,16.01,15.53,15.73,2216700
20130430,15.7,16.22,15.66,16.11,3449900
20130502,16.21,16.59,15.63,15.84,2733000
20130503,16.06,16.31,15.81,16.04,4827400
20130506,15.93,15.96,15.55,15.56,3667500
20130507,15.49,15.87,15.49,15.7,2489300
20130508,15.75,15.86,15.66,15.77,2841000
20130509,15.72,16.22,15.63,15.82,1896000
20130510,15.69,15.9,15.69,15.84,2068000
20130513,15.72,16.01,15.69,15.77,2030000
20130514,16,16.68,15.86,16.47,6354500
20130515,16.43,16.76,16.3,16.32,3214600
20130516,16.32,16.46,16.14,16.39,1944800
20130517,16.5,16.72,16.36,16.66,1992200
20130520,16.58,16.86,16.47,16.74,2703700
20130521,16.82,17.25,16.72,17.17,6037100
20130522,17.18,17.29,17.09,17.13,2660100
20130523,16.98,17.28,16.92,17.14,2616300
20130524,17.04,17.27,16.98,17.14,2780800
20130527,17.21,17.25,17.02,17.02,1028400
20130528,17.15,17.25,16.54,16.81,3408400
20130529,16.71,16.81,16.5,16.54,2283300
20130531,16.41,16.52,15.48,15.49,7164300
20130603,15.67,15.75,15.35,15.59,3545000
20130604,15.5,15.83,15.5,15.59,3213700
20130605,15.49,15.84,15.49,15.68,2644400
20130606,15.64,15.69,15.31,15.45,2199200
20130607,15.23,15.75,14.95,14.99,3678800
20130610,14.97,15.02,14.67,14.72,3804800
20130611,14.63,14.63,14.31,14.5,4077400
20130612,14.62,14.87,14.29,14.49,5257400
20130613,14.58,15.17,14.55,15,2849200
20130614,14.87,15.18,14.81,14.94,3658500
20130617,14.95,15.2,14.81,14.86,3884900
20130618,14.66,14.91,14.42,14.7,3226400
20130619,14.86,14.87,14.18,14.27,3304800
20130620,14.24,14.61,13.7,14.54,4556600
20130621,14.24,14.63,13.9,13.94,2856400
20130624,13.53,13.87,13.29,13.7,6284900
20130625,13.72,14.07,13.72,13.86,4271700
20130626,13.98,14.32,13.91,14.22,4119500
20130627,14.16,14.6,13.99,14.16,3451000
20130628,14.07,14.21,13.85,13.98,4602900
20130701,13.85,14.57,13.85,14.57,4822300
20130702,14.42,14.77,13.99,14.1,9097900
20130703,13.98,14.3,13.78,13.94,3709600
20130704,14.05,14.3,13.95,14.21,2970500
20130705,14.14,14.21,13.64,13.87,3614000
20130708,13.94,14.31,13.75,13.95,2324600
20130710,13.94,14.12,13.81,14,1645000
20130711,14.21,14.58,14.1,14.54,1930600
20130712,14.45,14.69,13.99,14.07,2912800
20130715,14.31,14.74,14,14.63,2320400
20130716,14.95,15.31,14.83,15.04,4188400
20130717,15.04,15.29,14.88,15.16,3074600
20130718,15.05,15.48,14.96,15.29,2528100
20130719,15.07,15.35,15.07,15.31,1232800
20130722,15.32,15.61,15.24,15.38,2560600
20130723,15.45,15.65,15.31,15.45,1761300
20130724,15.28,15.43,15.05,15.07,2420400
20130725,15.07,15.4,14.97,15.36,2354400
20130726,15.22,15.39,15.1,15.31,948400
20130729,15.17,15.38,15.04,15.28,1110700
20130730,15.48,15.48,15,15,2679900
20130731,14.91,15.07,14.68,14.85,2569000
20130801,15.16,15.4,14.88,15.17,2355400
20130802,15.17,15.28,14.77,14.91,1732800
20130805,14.87,15.09,14.71,14.95,2177400
20130806,14.92,14.99,14.45,14.6,3429600
20130807,14.48,14.6,14.34,14.4,2483300
20130808,14.45,15.42,14.42,15.34,3360000
20130809,15.46,15.79,15.11,15.39,3498800
20130812,15.52,15.77,15.38,15.49,3276600
20130813,15.59,15.61,15.25,15.49,2374700
20130814,15.52,15.55,15.05,15.32,5263100
20130815,14.97,15.13,14.76,14.79,4454200
20130816,14.82,15,14.51,14.64,3181300
20130819,14.52,14.78,14.23,14.31,4242900
20130820,14.31,14.45,14.05,14.08,2118400
20130821,14.07,14.4,13.98,14.22,2345700
20130822,14.29,14.34,13.97,14.19,2099300
20130823,14.19,14.73,13.89,14.63,2622800
20130826,14.51,14.98,14.45,14.63,2341500
20130827,14.4,14.58,13.97,14.25,2658700
20130828,14.37,14.37,13.97,14.24,2234100
20130829,14.32,14.57,14.19,14.35,1526400
20130830,14.47,14.57,14.05,14.33,4453600
20130902,14.5,14.67,14.38,14.64,2294500
20130903,14.52,14.63,14.21,14.45,2672300
20130904,14.41,14.55,14.32,14.4,2295700
20130905,14.47,14.86,14.33,14.62,3051300
20130906,14.84,15.21,14.65,15.02,4287000
20130909,15.17,15.54,15.13,15.49,3591500
20130910,15.68,15.72,15.15,15.41,3022900
20130911,15.37,15.49,15.15,15.28,2119900
20130912,15.34,15.39,14.98,15.22,1521800
20130913,15.22,15.57,15.07,15.4,1658200
20130916,15.44,15.6,15.11,15.35,2021300
20130917,15.36,15.55,15.22,15.54,2290200
20130918,15.49,16.1,15.28,16.03,5601200
20130919,15.98,16.1,15.63,15.77,3750500
20130920,15.87,15.91,15.32,15.53,2806900
20130923,15.63,15.63,15.17,15.4,3393200
20130924,15.53,15.75,15.33,15.55,1473700
20130925,15.48,15.67,15.27,15.45,1717700
20130926,15.38,15.62,15.2,15.3,1713500
20130927,15.29,15.49,15.17,15.33,938300
20130930,15.21,15.31,14.78,15.27,4762400
20131001,15.47,15.6,15.28,15.48,3040900
20131002,15.34,15.5,15.23,15.34,2131300
20131003,15.34,15.45,15.04,15.08,1767500
20131004,15.2,15.2,14.86,14.95,1718100
20131007,14.89,15.25,14.81,15.14,3613600
20131008,15.09,15.25,15.09,15.14,1226300
20131009,15.14,15.56,15.09,15.49,2348400
20131010,15.47,15.66,15.33,15.66,1904100
20131011,15.5,15.82,15.39,15.64,2999400
20131014,15.61,15.68,15.34,15.48,2390700
20131015,15.48,15.54,15.09,15.33,3708200
20131016,15.23,15.75,15.23,15.55,3867100
20131017,15.44,15.7,15.34,15.61,2604400
20131018,15.71,15.72,15.33,15.45,2647300
20131021,15.54,15.76,15.39,15.59,1602900
20131022,15.69,15.89,15.57,15.68,1759900
20131023,15.65,15.65,15.28,15.44,1390200
20131024,15.47,15.48,15.05,15.25,1908100
20131025,15.28,15.37,15.11,15.25,2289600
20131028,15.28,15.47,15.27,15.27,2081800
20131029,15.26,15.42,15.14,15.31,1485400
20131030,15.28,15.39,15.09,15.26,2317900
20131031,15.34,15.35,15.05,15.27,2707500
20131101,15.36,15.36,14.93,15.07,2974200
20131104,15.02,15.13,14.93,15.1,2643900
20131105,15.1,15.11,14.8,14.86,2768600
20131106,14.78,14.81,14.38,14.5,5552500
20131107,14.61,14.61,14.18,14.22,10539300
20131108,14.18,14.29,13.76,14.18,5968200
20131111,14.18,14.51,14.04,14.35,2208600
20131112,14.45,14.55,13.96,14.2,3944000
20131113,14.14,14.63,14.04,14.52,3878700
20131114,14.39,14.71,14.22,14.54,7752000
20131118,14.55,14.92,14.44,14.54,3550900
20131119,14.5,14.5,14.08,14.26,2947600
20131121,14.04,14.37,13.99,14.26,2468100
20131122,14.19,14.58,14.16,14.39,1546500
20131125,14.48,14.48,14.04,14.13,2295600
20131126,14.04,14.28,14.02,14.26,2725300
20131127,14.34,14.34,13.89,14.09,2445600
20131128,14.29,14.45,14.18,14.26,2773700
20131129,14.35,14.43,14.21,14.4,1654000
20131202,14.28,14.39,13.79,14.04,3085700
20131203,13.93,14.03,13.59,13.75,4515300
20131204,13.83,13.89,13.58,13.79,2508400
20131205,13.88,14,13.6,13.92,4164900
20131206,13.99,13.99,13.59,13.67,2836500
20131209,13.66,13.93,13.58,13.86,2272000
20131210,13.78,13.95,13.5,13.61,3424600
20131211,13.69,13.73,13.47,13.52,2416300
20131212,13.62,13.62,13.21,13.26,3233300
20131213,13.29,13.42,13.04,13.18,3362000
20131216,13.25,13.54,13.21,13.41,3031600
20131217,13.48,13.48,13.24,13.27,2073600
20131218,13.34,13.56,13.2,13.21,3826700
20131219,13.27,13.38,13.17,13.31,2832400
20131220,13.25,13.5,12.99,13.09,2950600
20131223,13.11,13.21,13,13.05,1970600
20131226,13.07,13.16,13,13.08,1682600
20131227,13.08,13.3,12.99,13.12,2880000
20131230,13.12,13.27,13.08,13.12,3724400
20140102,13.2,13.2,12.71,12.8,6448700
20140103,12.8,13.23,12.7,13.23,7238900
20140106,13.12,13.42,13.06,13.16,2675200
20140107,13.11,13.41,13,13.06,2991000
20140108,13.08,13.16,12.9,13,2375400
20140109,12.92,13.03,12.68,12.8,5425400
20140110,12.77,13.27,12.77,13.17,4868100
20140113,13.06,13.26,13.06,13.19,1955300
20140114,13.31,13.81,13.31,13.69,6113800
20140115,13.81,13.81,13.55,13.71,4572100
20140116,13.67,13.88,13.57,13.7,3343400
20140117,13.7,13.73,13.44,13.47,2529100
20140120,13.42,13.63,13.42,13.49,1107000
20140121,13.6,13.69,13.22,13.26,6862500
20140122,13.37,14.02,13.35,13.94,7162300
20140123,13.94,14.19,13.63,13.66,10758600
20140124,13.59,13.67,13.27,13.38,4788200
20140127,13.35,13.62,13.33,13.53,1864900
20140128,13.67,13.73,13.47,13.49,1549400
20140129,13.49,13.59,13.25,13.32,2947600
20140130,13.25,13.57,13.22,13.31,2574700
20140131,13.22,13.26,13.01,13.01,1818200
20140203,13,13.07,12.54,12.54,3982600
20140204,12.49,12.68,12.49,12.62,2516000
20140205,12.54,12.75,12.49,12.74,4608200
20140206,12.85,13.4,12.7,13.12,6443100
20140207,13.25,13.43,12.85,13,5952600
20140210,12.85,13,12.6,12.75,2009500
20140211,12.85,13.28,12.73,13,3549400
20140212,13.11,13.11,12.77,12.84,2134000
20140213,12.84,12.84,12.35,12.44,3337400
20140214,12.53,12.81,12.38,12.77,2265600
20140217,12.89,12.89,12.58,12.58,1259700
20140218,12.67,12.67,12.07,12.07,4237300
20140219,12.04,12.41,11.9,12.29,2547700
20140220,12.14,12.45,12.08,12.25,1269600
20140221,12.25,12.7,12.21,12.66,2807600
20140224,12.73,12.73,12.25,12.62,3768400
20140225,12.55,12.7,12.08,12.29,4386600
20140226,12.36,12.41,12.06,12.08,8106900
20140227,12.12,12.53,12.12,12.35,3135300
20140228,12.38,12.44,11.9,11.9,7698200
20140305,11.93,12.01,11.65,11.71,2686300
20140306,11.75,12.15,11.75,11.88,2822600
20140307,11.87,12.07,11.66,11.66,3070700
20140310,11.61,11.77,11.3,11.38,3575000
20140311,11.55,11.56,11.26,11.49,2819700
20140312,11.36,11.6,11.3,11.57,1983500
20140313,11.69,11.69,11.32,11.43,3404200
20140314,11.51,11.51,11.12,11.17,2428100
20140317,11.24,11.33,11.09,11.17,1814500
20140318,11.12,11.48,11.04,11.38,2999500
20140319,11.27,11.49,11.16,11.29,2866600
20140320,11.25,11.72,11.09,11.49,2827200
20140321,11.38,11.53,11.23,11.35,2843900
20140324,11.39,11.64,11.24,11.56,1996400
20140325,11.69,11.74,11.4,11.65,1343300
20140326,11.77,11.79,11.59,11.66,2810500
20140327,11.85,12.18,11.69,12.08,5189100
20140328,12.12,12.37,11.98,12.25,4395900
20140331,12.39,12.59,12.24,12.45,3205200
20140401,12.58,12.58,12.22,12.39,3709300
20140402,12.39,12.78,12.28,12.77,6825000
20140403,12.5,12.64,12,12.14,5919300
20140404,12.32,12.43,12.01,12.01,4270100
20140407,12.21,12.28,11.89,11.98,2649700
20140408,12.28,12.64,12.25,12.39,4508600
20140409,12.51,12.53,12.14,12.22,5627700
20140410,12.21,12.33,12.15,12.25,3814300
20140411,12.18,12.63,12.1,12.51,2769800
20140414,12.57,12.65,12.28,12.41,2991900
20140415,12.3,12.45,12.14,12.2,3617400
20140416,12.23,12.29,12.01,12.18,4359000
20140417,12.25,12.32,12.07,12.3,2645700
20140422,12.46,12.67,12.3,12.5,3469100
20140423,12.41,12.54,12.28,12.31,2981300
20140424,12.33,12.58,12.27,12.58,9393700
20140425,12.45,12.65,12.23,12.25,5482200
20140428,12.24,12.32,12.09,12.12,2341100
20140429,12.28,12.73,12.28,12.51,6911000
20140430,12.5,12.77,12.46,12.73,11772200
20140502,12.85,12.92,12.7,12.92,7985400
20140505,12.98,13.09,12.68,12.86,2635200
20140506,12.79,12.79,12.52,12.61,4661500
20140507,12.66,12.85,12.58,12.76,2943700
20140508,12.75,12.91,12.69,12.69,1450900
20140509,12.9,12.9,12.67,12.67,2751100
20140512,12.71,12.81,12.54,12.7,3615600
20140513,12.76,12.82,12.57,12.61,3704000
20140514,12.69,12.77,12.57,12.71,1831300
20140515,12.71,12.82,12.59,12.75,2369600
20140516,12.75,12.82,12.71,12.75,1334600
20140519,12.77,12.78,12.65,12.75,1321100
20140520,12.79,12.8,12.65,12.7,2071800
20140521,12.75,12.84,12.69,12.72,1393000
20140522,12.73,12.78,12.26,12.75,3148000
20140523,12.75,12.95,12.71,12.93,2238400
20140526,12.95,13.04,12.85,12.88,903500
20140527,12.87,12.91,12.64,12.68,3335800
20140528,12.79,12.85,12.69,12.73,1681500
20140529,12.72,12.8,12.61,12.72,2204100
20140530,12.69,12.72,12.28,12.44,7360600
20140602,12.43,12.67,12.41,12.47,1341700
20140603,12.47,12.64,12.42,12.62,3133400
20140604,12.55,12.6,12.38,12.43,1789700
20140605,12.47,12.55,12.21,12.26,2186400
20140606,12.53,12.64,12.31,12.31,4191100
20140609,12.28,12.79,12.28,12.71,1675800
20140610,12.76,12.99,12.72,12.76,9879700
20140611,12.93,12.98,12.73,12.85,1411600
20140613,12.85,13.08,12.84,12.86,1628700
20140616,12.88,12.98,12.8,12.82,1380100
20140617,12.85,12.89,12.59,12.71,707600
20140618,12.78,12.85,12.69,12.84,2139000
20140620,12.75,12.93,12.75,12.93,2443200
20140623,12.93,12.93,12.75,12.85,749100
20140624,12.84,13.08,12.83,12.85,1004200
20140625,12.76,13.05,12.75,12.9,2926000
20140626,12.98,13.05,12.8,12.9,6857900
20140627,12.84,12.95,12.78,12.94,3962000
20140630,13.01,13.12,12.93,13.01,4229700
20140701,13.03,13.15,13,13.06,2473500
20140702,13.06,13.08,12.83,12.85,2607900
20140703,12.82,12.99,12.82,12.99,972700
20140704,13.06,13.06,12.91,12.94,286500
20140707,12.9,13.03,12.9,12.96,713000
20140708,12.9,12.96,12.78,12.9,969300
20140710,12.92,13.27,12.92,13.14,2504700
20140711,13.07,13.31,13.04,13.19,2314200
20140714,13.27,13.4,13.21,13.25,2495500
20140715,13.16,13.39,13,13.04,1981500
20140716,13.09,13.17,12.89,12.92,1038900
20140717,12.9,13.09,12.73,12.9,2508400
20140718,13.05,13.23,12.97,13.04,4466700
20140721,13.11,13.14,12.94,13.03,3571800
20140722,13.03,13.15,12.8,13.03,1496500
20140723,13.03,13.08,12.8,12.87,3320700
20140724,12.9,12.99,12.79,12.79,1606200
20140725,12.8,12.83,12.62,12.7,2785900
20140728,12.73,12.8,12.53,12.64,3258700
20140729,12.62,12.69,12.03,12.03,3114800
20140730,12.1,12.25,11.99,12.11,2407600
20140731,12.03,12.09,11.78,11.83,2386200
20140801,11.81,12.01,11.69,11.86,1871000
20140804,11.86,12.07,11.78,11.98,1308000
20140805,11.98,12.2,11.81,12.1,1677600
20140806,12.1,12.26,12.01,12.04,1056500
20140807,12.11,12.15,11.86,11.86,1389700
20140808,11.84,11.99,11.8,11.86,2815100
20140811,11.86,12.07,11.82,11.86,1499500
20140812,11.85,12.02,11.82,11.85,1418000
20140813,11.94,11.94,11.7,11.7,2567400
20140814,11.69,11.95,11.69,11.81,1884400
20140815,11.9,12.37,11.89,12.3,2237500
20140818,12.36,12.42,12.19,12.2,1311800
20140819,12.2,12.69,12.13,12.61,1652100
20140820,12.64,12.92,12.53,12.79,3984100
20140821,12.8,12.83,12.59,12.61,1631400
20140822,12.56,12.77,12.46,12.46,1059800
20140825,12.57,12.92,12.57,12.77,3222500
20140826,12.82,12.87,12.75,12.75,3094300
20140827,12.75,13.06,12.75,13.04,7005900
20140828,13.01,13.08,12.93,13.08,3854900
20140829,13.15,13.36,13.03,13.36,4829800
20140901,13.36,13.44,12.9,13.18,1900100
20140902,13.18,13.47,13.09,13.34,2397200
20140903,13.43,13.47,13.36,13.47,2557300
20140904,13.38,13.48,13.25,13.37,1581400
20140905,13.39,13.43,13.21,13.21,914300
20140908,13.3,13.39,12.91,12.91,2423100
20140909,12.82,12.91,12.43,12.53,2356700
20140910,12.5,12.77,12.26,12.42,1590100
20140911,12.49,12.79,12.44,12.67,1670700
20140912,12.51,12.59,12.3,12.3,2544300
20140915,12.33,12.88,12.25,12.47,1858600
20140916,12.55,12.92,12.46,12.65,1882800
20140917,12.7,12.9,12.65,12.74,1373700
20140918,12.7,12.88,12.56,12.57,1225800
20140919,12.62,12.7,12.3,12.41,1669600
20140922,12.25,12.36,11.9,11.94,2231800
20140923,11.88,12.08,11.78,11.92,1926000
20140924,11.79,12.12,11.76,12.05,884400
20140925,11.95,12.09,11.72,11.88,1931200
20140926,11.96,12.28,11.85,12.24,1171100
20140929,11.91,11.91,11.53,11.72,5842100
20140930,11.59,11.71,11.36,11.62,2902900
20141001,11.46,11.66,11.27,11.38,4196400
20141002,11.33,11.54,11.31,11.4,2787500
20141003,11.47,12.16,11.44,11.8,2668700
20141006,12.71,12.72,12.26,12.41,2877000
20141007,12.66,12.75,12.44,12.57,2151500
20141008,12.75,12.82,12.35,12.57,1802700
20141009,12.82,12.88,12.44,12.71,1861600
20141010,12.58,12.75,12.24,12.24,1447200
20141013,12.68,12.84,12.45,12.55,2222500
20141014,12.24,12.6,12.14,12.38,956100
20141015,12.24,12.29,11.73,11.81,2401500
20141016,11.58,11.83,11.34,11.44,3397700
20141017,11.44,11.92,11.44,11.72,2817600
20141020,11.78,11.89,11.65,11.65,1933700
20141021,11.14,11.64,11.14,11.29,2350600
20141022,11.29,11.62,11.17,11.17,1545900
20141023,11.11,11.38,10.77,10.77,6387400
20141024,10.81,11.67,10.71,11.17,5567100
20141027,10.61,11.14,10.41,10.92,4483900
20141028,10.91,11.29,10.84,11.2,1845800
20141029,11.14,11.62,11.06,11.25,2312300
20141030,11.24,11.36,11.08,11.31,2148700
20141031,11.3,11.6,11.19,11.6,2202500
20141103,11.58,11.62,11.25,11.26,1791600
20141104,11.26,11.55,11.09,11.27,1507100
20141105,11.19,11.38,11.08,11.16,1237600
20141106,11.09,11.13,10.76,10.76,2714800
20141107,10.76,10.9,10.49,10.49,3046700
20141110,10.54,10.81,10.41,10.41,2058500
20141111,10.4,10.65,10.36,10.65,1375300
20141112,10.65,11,10.6,10.92,1831500
20141113,10.87,11.13,10.64,10.64,2195500
20141114,10.68,10.9,10.55,10.78,2961300
20141117,10.9,10.94,10.69,10.73,1654500
20141118,10.77,11,10.7,11,1222700
20141119,11,11.34,10.99,11.22,2889500
20141121,11.25,11.94,11.25,11.67,3900700
20141124,11.99,11.99,11.65,11.68,4840900
20141125,11.95,11.96,11.65,11.65,4775500
20141126,11.77,11.85,11.51,11.59,2076100
20141127,11.78,11.79,11.35,11.48,1169600
20141128,11.3,11.77,11.29,11.72,1854700
20141201,11.66,11.75,11.23,11.25,2874300
20141202,11.21,11.4,10.94,10.94,1937500
20141203,10.94,11.21,10.93,11.01,2102500
20141204,11.01,11.16,10.84,10.97,1631800
20141205,10.97,11.12,10.87,11.06,760900
20141208,11.05,11.32,10.85,11.01,2095500
20141209,11,11.1,10.83,10.91,1809800
20141210,10.9,11,10.77,10.77,1321200
20141211,10.77,10.86,10.61,10.61,1629600
20141212,10.6,10.7,10.21,10.21,2175600
20141215,10.21,10.34,9.93,10.16,2585000
20141216,10.05,10.21,9.8,9.94,4803900
20141217,9.94,10.41,9.94,10.22,2906800
20141218,10.17,10.45,10.02,10.2,1734700
20141219,10.13,10.33,10.05,10.15,1351600
20141222,10.19,10.53,10.16,10.49,1368100
20141223,10.45,10.64,10.41,10.46,1315200
20141226,10.43,10.68,10.35,10.45,854400
20141229,10.45,10.51,10.31,10.37,687000
20141230,10.45,10.61,10.33,10.41,1607600
20150102,10.28,10.42,9.84,9.84,1418900
20150105,9.81,10.09,9.68,10.09,3122400
20150106,10.1,10.37,10.02,10.37,1977100
20150107,10.43,10.69,10.28,10.65,2770800
20150108,10.78,10.81,10.59,10.73,1453400
20150109,10.63,10.63,10.1,10.16,4286500
20150112,10.09,10.17,9.93,9.93,2693900
20150113,9.98,10.27,9.93,9.93,1526600
20150114,9.88,10.23,9.87,9.89,3624400
20150115,9.99,10.26,9.98,10.05,1411900
20150116,9.96,10.21,9.93,10.18,1089700
20150119,10.15,10.18,9.97,10.09,703600
20150120,10.22,10.26,9.96,9.98,1360300
20150121,10.03,10.46,9.98,10.35,1970600
20150122,10.39,10.6,10.26,10.48,1555200
20150123,10.36,10.56,10.32,10.35,4816300
20150126,10.2,10.39,10.09,10.36,1606600
20150127,10.35,10.65,10.2,10.33,2578000
20150128,10.26,10.48,10.19,10.26,3168600
20150129,10.34,10.49,10.15,10.37,1320000
20150130,10.41,10.41,10.17,10.17,2225900
20150202,10.32,10.33,9.7,10.11,2996800
20150203,10.06,10.31,10.06,10.13,2581800
20150204,10.17,10.25,9.94,10.02,3302400
20150205,9.91,10.42,9.91,10.3,1711800
20150206,10.16,10.29,9.96,10.22,2923000
20150209,10.22,10.48,10.22,10.32,1912500
20150210,10.2,10.43,10.14,10.18,1201100
20150211,10.05,10.24,10.05,10.12,1407500
20150212,10.27,10.42,10.14,10.32,2135800
20150213,10.25,10.81,10.25,10.51,3141300
20150218,10.63,10.9,10.6,10.73,2083500
20150219,10.65,10.89,10.65,10.78,1854200
20150220,10.82,10.87,10.64,10.78,1369500
20150223,10.66,10.81,10.54,10.71,1476500
20150224,10.78,10.79,10.46,10.68,1579900
20150225,10.63,10.77,10.54,10.72,2345900
20150226,10.78,10.87,10.61,10.82,3603100
20150227,10.83,11.05,10.7,10.9,3220400
20150302,10.91,10.95,10.81,10.84,2688500
20150303,10.85,10.95,10.73,10.83,2521400
20150304,10.71,10.91,10.63,10.82,2764800
20150305,10.83,11.14,10.73,11.06,2381800
20150306,11.11,11.21,10.85,10.96,1813500
20150309,10.76,10.84,10.52,10.61,3053400
20150310,10.49,10.57,10.26,10.27,2819400
20150311,10.27,10.65,10.23,10.55,2148300
20150312,10.74,10.88,10.65,10.78,2049300
20150313,10.78,10.95,10.69,10.87,1765400
20150316,10.91,11.21,10.86,10.94,3211500
20150317,10.88,11.25,10.88,11.15,2370100
20150318,11.13,11.72,11,11.53,3052800
20150319,11.51,11.87,11.51,11.78,2309700
20150320,11.98,12.47,11.96,12.42,4785500
20150323,12.19,12.57,12.19,12.44,2326800
20150324,12.42,12.85,12.39,12.85,2356000
20150325,12.99,13.23,12.71,13.13,3634200
20150326,13.02,13.46,12.87,13.13,2956700
20150327,13.16,13.16,12.48,12.79,4835900
20150330,12.71,13.03,12.65,12.75,1495200
20150331,12.66,12.8,12.47,12.47,2500000
20150401,12.54,13.18,12.54,13,2526900
20150402,13.21,13.27,12.86,13,2617000
20150406,13.31,13.57,13.07,13.23,3058600
20150407,13.27,13.47,13.13,13.18,1740300
20150408,13.46,13.55,13.17,13.24,1930100
20150409,13.14,13.45,12.83,12.88,3638600
20150410,12.88,12.97,12.7,12.9,1745500
20150413,12.82,13.03,12.64,12.64,1767800
20150414,12.71,12.86,12.29,12.3,1846300
20150415,12.23,12.68,12.06,12.39,2064100
20150416,12.38,12.64,12.22,12.36,2116500
20150417,12.05,12.33,12.05,12.21,1892300
20150420,12.12,12.2,11.93,12,1642500
20150422,12.07,12.29,12.03,12.2,1462800
20150423,12.26,12.43,12.15,12.27,1347800
20150424,12.24,12.5,12.17,12.17,1566600
20150427,12.23,12.58,12.09,12.09,2384100
20150428,12.15,12.22,11.72,11.72,2835400
20150429,11.78,11.82,11.15,11.44,3420200
20150430,11.2,11.65,11.16,11.42,1913000
20150504,11.23,11.6,11.11,11.39,3115500
20150505,11.49,11.49,11.24,11.29,1934500
20150506,11.32,11.44,11.03,11.15,1802100
20150507,10.91,11.11,10.91,10.97,2422400
20150508,11.16,11.2,10.91,10.95,1250500
20150511,10.99,11.11,10.85,11.02,1833200
20150512,10.91,11.1,10.75,11.01,2974300
20150513,10.9,11.03,10.87,10.87,3472400
20150514,10.88,10.96,10.54,10.61,3067800
20150515,10.78,11.19,10.72,11.09,3755300
20150518,11.03,11.29,10.61,10.82,2208500
20150519,10.88,10.93,10.65,10.79,1562900
20150520,10.72,10.9,10.66,10.74,1198200
20150521,10.74,10.74,10.48,10.66,1670400
20150522,10.73,10.76,10.29,10.5,1928100
20150525,10.45,10.54,10.32,10.44,723900
20150526,10.37,10.43,10.11,10.2,1654200
20150527,10.09,10.32,10.09,10.29,770700
20150528,10.18,10.5,10.06,10.5,1482300
20150529,10.64,10.83,10.52,10.58,4334800
20150601,10.56,10.67,10.46,10.56,1364400
20150602,10.48,10.89,10.48,10.68,1292400
20150603,10.78,10.87,10.25,10.3,3352300
20150605,10.16,10.58,10.16,10.47,1243900
20150608,10.48,10.7,10.28,10.49,1365500
20150609,10.43,10.57,9.99,9.99,2652600
20150610,10.06,10.41,9.99,10.11,1857400
20150611,10.24,10.24,9.78,9.91,1348600
20150612,9.78,9.89,9.5,9.51,2529300
20150615,9.51,9.55,9.23,9.35,1806700
20150616,9.35,9.76,9.31,9.41,2079500
20150617,9.41,9.54,9.33,9.4,1491000
20150618,9.46,9.61,9.33,9.46,2050800
20150619,9.6,9.99,9.52,9.74,3876200
20150622,9.8,9.94,9.51,9.56,1826600
20150623,9.64,9.79,9.57,9.76,1458300
20150624,9.69,9.79,9.66,9.78,1315000
20150625,9.71,9.74,9.57,9.64,1984900
20150626,9.69,9.87,9.63,9.73,1922100
20150629,9.66,9.73,9.56,9.62,1266000
20150630,9.64,9.77,9.59,9.64,2428700
20150701,9.63,9.78,9.6,9.68,1023500
20150702,9.75,9.89,9.59,9.66,1779600
20150703,9.61,9.72,9.52,9.55,442900
20150706,9.48,9.57,9.38,9.47,873200
20150707,9.42,9.51,9.31,9.41,1265000
20150708,9.35,9.41,9.23,9.28,1292400
20150710,9.4,9.51,9.28,9.28,716700
20150713,9.32,9.4,9.08,9.23,1370200
20150714,9.25,9.26,9.07,9.15,1165500
20150715,9.08,9.33,9.08,9.21,687600
20150716,9.28,9.35,9.11,9.17,886900
20150717,9.23,9.37,9.09,9.16,915100
20150720,9.13,9.31,8.97,9.01,1357700
20150721,9.01,9.13,8.83,8.96,808700
20150722,8.88,8.96,8.73,8.96,1447500
20150723,8.96,8.96,8.6,8.77,1568000
20150724,8.76,8.82,8.57,8.68,3446500
20150727,8.63,8.91,8.59,8.7,2238300
20150728,8.76,8.83,8.57,8.71,3004200
20150729,8.65,8.99,8.59,8.79,1131700
20150730,8.83,8.93,8.64,8.73,881900
20150731,8.71,9.26,8.69,9.05,2322100
20150803,9.04,9.17,8.92,9.03,1219800
20150804,9.14,9.17,8.85,8.95,1534600
20150805,8.95,9.03,8.69,8.8,2330700
20150806,8.74,8.8,8.57,8.57,1581500
20150807,8.52,8.62,8.17,8.18,6262700
20150810,8.11,8.37,8.11,8.18,4297800
20150811,8.11,8.26,8.02,8.07,3442500
20150812,8.08,8.11,7.77,7.87,2907700
20150813,7.9,8.06,7.7,7.91,1945500
20150814,7.97,8.07,7.85,7.89,3834900
20150817,7.85,8.26,7.85,7.93,881900
20150818,7.93,7.93,7.79,7.89,4512100
20150819,7.83,7.83,7.62,7.79,3958100
20150820,7.69,7.93,7.55,7.93,12261900
20150821,7.94,7.94,7.67,7.83,1928000
20150824,7.57,8,7.3,7.78,3682700
20150825,7.85,8.12,7.73,8,2897400
20150826,7.96,8.04,7.82,7.92,2117400
20150827,7.98,8.34,7.85,8.22,2568600
20150828,8.16,8.19,7.99,8.17,2156700
20150831,8.13,8.28,7.77,8.18,4043800
20150901,8.07,8.07,7.63,7.68,2837700
20150902,7.65,7.81,7.42,7.77,5490100
20150903,7.78,7.93,7.69,7.78,2173200
20150904,7.67,7.78,7.56,7.78,2382600
20150908,7.84,7.87,7.59,7.74,1571500
20150909,7.73,7.79,7.5,7.56,3448600
20150910,7.42,7.73,7.37,7.73,3914700
20150911,7.73,7.73,7.52,7.55,1655900
20150914,7.51,7.77,7.45,7.69,1872600
20150915,7.56,8,7.56,7.8,1448200
20150916,7.86,8.48,7.81,8.16,2953600
20150917,8.1,8.4,7.97,8.22,2405900
20150918,8.16,8.29,7.94,8.29,4968600
20150921,8.26,8.35,8.15,8.27,1308400
20150922,8.16,8.16,7.97,8.05,2060800
20150923,7.99,8.11,7.71,8.03,2011200
20150924,7.82,8.14,7.82,8.03,2804900
20150925,8.09,8.17,7.98,8.08,1334500
20150928,8.02,8.13,7.95,8.04,903600
20150929,8.04,8.13,8,8.06,1073200
20150930,8.2,8.35,8.05,8.05,4320300
20151001,8.11,8.15,7.84,7.96,2228900
20151002,7.9,8.21,7.83,8.11,1454400
20151005,8.25,8.75,8.11,8.42,1456500
20151006,8.48,8.82,8.46,8.57,1075100
20151007,8.71,8.94,8.42,8.5,2017000
20151008,8.56,8.69,8.38,8.58,844800
20151009,8.66,8.95,8.66,8.81,1073800
20151013,8.86,8.87,8.49,8.71,1047000
20151014,8.65,8.87,8.58,8.67,2889300
20151015,8.73,8.83,8.5,8.61,1227100
20151016,8.65,8.95,8.55,8.85,1895300
20151019,8.85,9.02,8.75,9.01,1326800
20151020,9,9.23,8.78,8.96,2032100
20151021,8.96,9.09,8.78,8.95,1371100
20151022,8.97,9.21,8.96,9.15,1868100
20151023,9.23,9.52,9.11,9.11,2760300
20151026,9.01,9.18,8.95,9.04,1322200
20151027,9.04,9.23,8.95,9.19,1920600
20151028,9.17,9.34,9.02,9.23,1466000
20151029,9.11,9.28,8.89,9.01,1976600
20151030,9,9,8.57,8.72,2102400
20151103,8.6,9.21,8.6,9.02,1710100
20151104,9.02,9.65,9.01,9.15,2303700
20151105,9.16,9.51,9.11,9.34,1057200
20151106,9.33,9.5,8.93,9.05,2067900
20151109,9.01,9.08,8.72,8.83,2673400
20151110,8.78,8.78,8.59,8.67,2852500
20151111,8.66,9.09,8.63,8.86,8053800
20151112,8.92,9.15,8.78,8.84,1346400
20151113,8.78,9.05,8.42,8.8,2386800
20151116,8.73,8.8,8.31,8.47,3857100
20151117,8.5,8.64,8.28,8.35,3167100
20151118,8.29,8.36,8.19,8.23,3990100
20151119,8.22,8.32,8.19,8.23,2919400
20151123,8.29,8.39,7.91,8.05,4264800
20151124,7.99,8.08,7.9,7.92,2426600
20151125,7.87,7.9,7.57,7.75,4787500
20151126,7.7,7.97,7.7,7.9,1308900
20151127,7.84,8.02,7.69,7.79,3254500
20151130,7.73,7.81,7.19,7.19,43496600
20151201,7.3,7.43,7.15,7.31,5527300
20151202,7.26,7.71,7.26,7.66,3567700
20151203,7.79,8.06,7.67,7.67,9249100
20151204,7.77,7.77,7.42,7.51,4494200
20151207,7.55,7.63,7.34,7.53,4755900
20151208,7.49,7.68,7.42,7.54,11311800
20151209,7.56,7.97,7.56,7.69,4809100
20151210,7.64,7.75,7.52,7.68,3308800
20151211,7.62,7.78,7.59,7.69,2714900
20151214,7.65,7.72,7.41,7.51,2114200
20151215,7.46,7.64,7.38,7.61,1700300
20151216,7.54,7.62,7.32,7.6,2015400
20151217,7.65,7.93,7.6,7.63,1393500
20151218,7.57,7.64,7.25,7.36,3929000
20151221,7.36,7.45,7.25,7.3,2000900
20151222,7.26,7.38,7.15,7.22,1153300
20151223,7.23,7.3,7.1,7.2,1482300
20151228,7.23,7.3,7.18,7.23,807000
20151229,7.21,7.28,7.15,7.2,680700
20151230,7.15,7.3,6.9,7.3,2529700
20160104,7.2,7.26,6.96,7.09,1277300
20160105,7.06,7.41,7.06,7.41,1560700
20160106,7.35,7.35,7.08,7.13,3183700
20160107,7.08,7.19,6.87,7.16,5752100
20160108,7.11,7.31,7.06,7.3,1059700
20160111,7.3,7.32,7.15,7.29,1463300
20160112,7.25,7.4,7.15,7.34,1932500
20160113,7.31,7.53,7.29,7.39,1490500
20160114,7.34,7.43,7.19,7.25,2466400
20160115,7.19,7.24,6.93,7.06,2358400
20160118,6.98,7.05,6.79,6.94,1618900
20160119,7.01,7.18,6.99,7.11,1246100
20160120,6.99,7.11,6.86,7.03,1046000
20160121,7.03,7.26,6.95,7.11,2429100
20160122,7.15,7.4,6.97,7.02,1621200
20160126,6.97,7.01,6.77,6.77,1884900
20160127,6.72,7.03,6.68,7.02,1504900
20160128,6.97,7.01,6.76,6.86,1819900
20160129,6.87,6.99,6.75,6.96,2957100
20160201,7.01,7.15,6.92,7.11,1237900
20160202,7.09,7.16,6.91,7.15,2160600
20160203,7.19,7.33,7.06,7.15,2109000
20160204,7.2,7.5,7.18,7.4,3053600
20160205,7.35,7.72,7.35,7.7,2573200
20160210,7.59,7.74,7.54,7.73,1691900
20160211,7.67,7.72,7.49,7.56,1640200
20160212,7.62,7.66,7.47,7.59,1156500
20160215,7.64,7.8,7.62,7.69,946700
20160216,7.69,7.96,7.69,7.93,2369200
20160217,7.97,8.1,7.81,7.9,1798100
20160218,7.85,7.96,7.72,7.79,1156800
20160219,7.79,7.95,7.79,7.91,1091500
20160222,8.02,8.18,7.97,8,1218800
20160223,8,8.1,7.82,7.82,1263300
20160224,7.75,7.86,7.64,7.79,1540800
20160225,7.73,7.91,7.6,7.77,1184100
20160226,7.83,8.12,7.74,7.93,1097500
20160229,8.07,8.16,7.89,7.98,3025700
20160301,8.04,8.22,7.99,8.17,2191200
20160302,8.25,8.26,7.87,7.87,4445900
20160303,7.9,8.64,7.9,8.28,6494700
20160304,9.64,9.64,8.49,9.05,10292900
20160307,9.12,9.31,9.01,9.25,4641300
20160308,9.25,9.59,9.07,9.42,5110800
20160309,9.49,9.89,9.3,9.4,6555400
20160310,9.46,10.14,9.44,10.12,5108000
20160311,10.04,10.11,9.89,9.98,3417200
20160314,9.94,10.17,9.66,9.85,2291800
20160315,9.72,9.72,9.02,9.15,5185200
20160316,9.08,9.83,9.08,9.7,3850000
20160317,10.4,10.68,10.2,10.68,7609600
20160318,10.76,10.81,10.53,10.81,8636900
20160321,10.89,10.89,10.58,10.76,2750200
20160322,10.89,10.89,10.32,10.32,3180600
20160323,10.2,10.26,9.93,10.08,3244900
20160324,9.64,9.9,9.3,9.65,5808000
20160328,9.75,10.27,9.75,10.22,4508000
20160329,10.26,10.55,10.09,10.39,4791000
20160330,10.53,10.89,10.07,10.4,4062200
20160331,10.32,10.36,9.93,10.16,2127100
20160401,10.13,10.27,9.92,10.17,1300100
20160404,10.07,10.37,9.81,9.94,1904500
20160405,9.84,10.12,9.77,9.9,1551900
20160406,9.76,9.97,9.59,9.59,2095300
20160407,9.67,9.76,9.16,9.54,2687900
20160408,9.88,10.22,9.78,10.04,2864000
20160411,10.18,10.18,9.8,9.8,1469200
20160412,9.92,10.24,9.85,10.16,1527800
20160413,10.41,10.65,10.22,10.32,3350200
20160414,10.43,10.54,9.93,9.93,2157900
20160415,10.09,10.42,9.94,10.34,4897600
20160418,10.43,10.59,10.19,10.32,1408400
20160419,10.39,10.83,10.39,10.69,1408600
20160420,10.62,10.7,10.2,10.25,2678800
20160422,10.13,10.17,9.86,10.03,3190600
20160425,10.09,10.37,10.02,10.16,874200
20160426,10.32,10.32,10.13,10.19,669300
20160427,10.32,10.65,10.22,10.47,2152200
20160428,10.41,10.6,10.34,10.51,1724700
20160429,10.62,10.72,10.23,10.27,1607200
20160502,10.33,10.33,9.97,10.04,1209000
20160503,9.9,10.07,9.9,9.97,1076500
20160504,9.91,10.11,9.78,10.01,1635900
20160505,10.05,10.35,10.01,10.01,1209600
20160506,10.06,10.18,9.87,10.12,613100
20160509,10.04,10.11,9.87,9.97,1988100
20160510,10.06,10.48,10.06,10.3,3870600
20160511,10.44,10.81,10.25,10.8,5330700
20160512,10.89,11.19,10.74,11.16,2556400
20160513,11.2,11.4,10.91,11.25,3086300
20160516,11.39,11.4,10.97,11.12,2278400
20160517,11.13,11.21,10.78,10.83,1401000
20160518,10.81,10.86,10.47,10.59,2910300
20160519,10.45,10.61,10.2,10.35,2135600
20160520,10.34,10.51,9.96,10.01,2333100
20160523,9.81,10.04,9.74,9.9,1753100
20160524,9.9,10.15,9.83,9.84,1515000
20160525,9.86,10.08,9.62,9.69,1330200
20160527,9.6,9.81,9.5,9.66,1700800
20160530,9.78,9.78,9.5,9.63,665700
20160531,9.55,9.8,9.51,9.6,2876500
20160601,9.61,9.84,9.45,9.84,1849400
20160602,9.9,9.99,9.66,9.9,2493700
20160603,9.99,10.48,9.9,10.32,2564900
20160606,10.35,10.53,10.19,10.3,1640100
20160607,10.22,10.34,10.02,10.16,1751500
20160608,10.17,10.88,10.07,10.7,3326600
20160609,10.67,10.97,10.6,10.78,1382000
20160610,10.76,10.8,10.4,10.45,1800600
20160613,10.29,10.4,10.11,10.32,1542600
20160614,10.26,10.4,9.96,10.02,1557300
20160615,10,10.21,9.9,10,2708100
20160616,9.87,10.11,9.83,10,2252500
20160617,10.05,10.15,9.93,9.94,1635400
20160620,10.11,10.5,10.11,10.23,1722300
20160621,10.26,10.56,10.07,10.56,2297500
20160622,10.6,10.72,10.42,10.45,2445300
20160623,10.5,10.79,10.36,10.75,2894600
20160624,10.43,10.63,9.91,9.92,6456300
20160627,10,10.02,9.66,9.73,1909900
20160628,9.95,9.97,9.54,9.75,3404500
20160629,9.8,10.21,9.77,10.1,2670800
20160630,10.1,10.35,10.1,10.29,2596400
20160701,10.35,10.36,10.07,10.12,2487500
20160704,10.15,10.55,10.15,10.28,1798500
20160705,10.18,10.28,9.96,10.07,2211100
20160706,9.92,10.15,9.78,9.92,2370200
20160707,9.98,10.05,9.89,10,990500
20160708,10.1,10.3,10.06,10.1,4478000
20160711,10.19,10.32,10.15,10.18,2008700
20160712,10.32,10.36,10,10.05,2233900
20160713,10,10.17,9.95,9.96,2288500
20160714,10.1,10.32,10.08,10.29,1462800
20160715,10.21,10.44,10.21,10.39,1792000
20160718,10.4,10.78,10.36,10.76,1961600
20160719,10.8,11.04,10.76,10.93,3599700
20160720,10.84,10.98,10.74,10.89,1635500
20160721,10.9,11.16,10.78,10.96,2333300
20160722,11.04,11.06,10.67,10.85,3327200
20160725,10.88,11.05,10.72,10.85,3612000
20160726,10.85,11.03,10.7,10.81,2258500
20160727,10.8,10.89,10.62,10.79,3614000
20160728,10.71,11,10.71,10.93,2163100
20160729,10.98,11.27,10.93,11.21,2119400
20160801,11.2,11.38,11.16,11.24,1313700
20160802,11.23,11.3,10.9,11.06,1263600
20160803,10.94,11.26,10.82,11.17,1910800
20160804,11.13,11.62,11.07,11.5,3043900
20160805,11.5,11.77,11.38,11.55,4211900
20160808,11.48,11.55,11.07,11.33,1927500
20160809,11.39,11.46,11.01,11.08,1948700
20160810,10.79,10.91,10.5,10.65,4548400
20160811,10.58,10.67,10.3,10.62,3724100
20160812,10.67,10.73,10.21,10.31,3303900
20160815,10.3,10.33,10,10.05,5117400
20160816,10.03,10.12,9.94,10.03,1998100
20160817,9.98,10.12,9.92,10.05,1465700
20160818,10.19,10.25,10.05,10.16,4008800
20160819,10.16,10.36,10.02,10.36,3239600
20160822,10.4,10.43,10.11,10.21,3592100
20160823,10.24,10.4,10.05,10.1,4802400
20160824,10.02,10.27,9.91,10.23,4076100
20160825,10.1,10.35,10.1,10.26,1795700
20160826,10.21,10.6,10.02,10.47,4423600
20160829,10.42,10.87,10.37,10.8,2437300
20160830,10.85,10.88,10.66,10.81,3530900
20160831,10.75,10.93,10.39,10.57,3192200
20160901,10.58,10.63,10.25,10.58,2588800
20160902,10.51,10.8,10.49,10.8,3093300
20160905,10.7,10.75,10.52,10.74,956500
20160906,10.8,10.9,10.6,10.68,1086800
20160908,10.59,10.63,10.4,10.54,2131800
20160909,10.39,10.44,9.83,9.83,4879700
20160912,9.81,10.05,9.61,10.05,2151300
20160913,10,10.02,9.78,9.93,2434600
20160914,9.85,10.19,9.85,10.18,5715100
20160915,10.17,10.31,10.1,10.26,911000
20160916,10.26,10.29,10.04,10.16,2235200
20160919,10.19,10.35,10.15,10.18,3908300
20160920,10.28,10.31,10.13,10.21,1239400
20160921,10.22,10.48,10.2,10.3,1221000
20160922,10.46,10.57,10.24,10.27,2839400
20160923,10.33,10.39,9.88,10.01,4239400
20160926,9.94,10.11,9.82,9.82,2711800
20160927,9.89,9.95,9.74,9.82,2130800
20160928,9.83,10.24,9.83,10.17,3631000
20160929,10.09,10.34,10.03,10.12,1753000
20160930,10.2,10.26,10.1,10.23,1640100
20161003,10.35,10.55,10.16,10.46,2189100
20161004,10.55,10.56,10.3,10.38,1104300
20161005,10.35,10.58,10.35,10.51,1844000
20161006,10.51,10.67,10.45,10.59,1063700
20161007,10.64,10.77,10.56,10.69,1836400
20161010,10.74,10.85,10.58,10.85,1129100
20161011,10.84,10.89,10.72,10.85,1379800
20161013,10.86,10.86,10.55,10.75,2258600
20161014,10.77,10.9,10.73,10.81,1483800
20161017,10.82,10.85,10.54,10.61,1899000
20161018,10.65,10.86,10.49,10.83,1847600
20161019,10.77,11,10.68,10.8,2236400
20161020,10.77,10.82,10.56,10.75,1974600
20161021,10.7,10.81,10.55,10.67,3881200
20161024,10.67,11.12,10.67,11.06,3862800
20161025,11.11,11.14,10.74,10.97,3282200
20161026,10.87,11.03,10.74,10.85,2751600
20161027,10.88,11,10.72,10.92,1631400
20161028,10.83,11.05,10.78,10.92,2288100
20161031,10.84,10.94,10.67,10.75,5516300
20161101,10.76,10.82,10.42,10.64,2144600
20161103,10.63,10.7,10.29,10.3,3594700
20161104,10.36,10.42,10.18,10.33,2185800
20161107,10.35,10.8,10.35,10.8,3376400
20161108,10.79,11.03,10.59,10.93,2400300
20161109,10.7,10.88,10.46,10.88,2687600
20161110,10.85,10.85,9.94,10,9625400
20161111,9.97,9.97,9.03,9.22,7876200
20161114,9.13,9.36,8.71,9,4298200
20161116,9.09,9.23,8.9,9.15,2751600
20161117,9.28,9.41,9.09,9.17,3056800
20161118,9.12,9.19,8.72,8.76,4964900
20161121,8.78,9.06,8.59,9.06,3769300
20161122,9.13,9.17,8.8,8.8,5161800
20161123,8.81,8.85,8.63,8.65,5534400
20161124,8.68,9.03,8.68,8.92,1016100
20161125,8.8,9.06,8.77,9.03,2571200
20161128,9.06,9.07,8.88,8.92,1866600
20161129,8.92,9.08,8.9,8.92,2705600
20161130,9.06,9.33,9,9.33,2688800
20161201,9.18,9.18,8.87,8.93,2792500
20161202,8.78,9.42,8.77,9.42,3803400
20161205,9.42,9.43,9.22,9.3,2382300
20161206,9.26,9.73,8.87,9.64,3441000
20161207,9.68,10.04,9.68,9.89,4573300
20161208,10.04,10.04,9.34,9.54,3306500
20161209,9.54,9.63,9.35,9.49,3449300
20161212,9.33,9.54,9.31,9.41,3318400
20161213,9.35,9.73,9.32,9.68,2188000
20161214,9.64,9.82,9.52,9.66,1853900
20161215,9.6,9.71,9.44,9.58,1259700
20161216,9.58,9.84,9.55,9.74,2054900
20161219,9.74,9.88,9.62,9.74,3112300
20161220,9.77,9.89,9.66,9.72,2883800
20161221,9.72,9.78,9.54,9.6,3017200
20161222,9.55,9.85,9.55,9.78,915900
20161223,9.8,10.17,9.69,9.97,1635300
20161226,9.99,10.11,9.93,9.93,358200
20161227,10.03,10.09,9.92,10.02,817600
20161228,10,10.33,10,10.32,1490800
20161229,10.35,10.44,10.25,10.27,1916900
20170102,10.15,10.46,10.08,10.28,1133200
20170103,10.29,11.22,10.29,11.15,3294900
20170104,11,11.84,10.97,11.56,4718600
