<DTYYYYMMDD>,<OPEN>,<HIGH>,<LOW>,<CLOSE>,<VOL>
20100601,8.27,8.28,8.18,8.24,116400
20100602,8.23,8.48,8.23,8.45,510000
20100604,8.45,8.47,8.11,8.4,124800
20100607,8.32,8.45,8.24,8.37,58800
20100608,8.4,8.53,8.31,8.48,110800
20100609,8.34,8.5,8.34,8.48,160200
20100610,8.45,8.51,8.37,8.42,95300
20100611,8.34,8.54,8.34,8.48,198100
20100614,8.52,8.53,8.47,8.51,31500
20100615,8.51,8.53,8.3,8.4,128000
20100616,8.4,8.62,8.3,8.62,66500
20100617,8.6,8.6,8.3,8.54,56700
20100618,8.4,8.54,8.4,8.4,17600
20100621,8.4,8.52,8.4,8.52,626200
20100622,8.5,8.62,8.43,8.48,225100
20100623,8.6,8.62,8.4,8.43,249300
20100624,8.46,8.47,8.34,8.4,222700
20100625,8.43,8.59,8.4,8.53,821400
20100628,8.53,8.8,8.51,8.8,93700
20100629,8.8,8.8,8.41,8.67,285500
20100630,8.67,8.86,8.67,8.8,554100
20100701,8.86,8.94,8.72,8.83,140600
20100702,8.9,9.04,8.89,8.97,83200
20100705,8.99,8.99,8.79,8.9,16900
20100706,8.98,8.98,8.91,8.92,118200
20100707,8.98,9.15,8.98,9.05,132700
20100708,9.16,9.18,8.85,9.15,153600
20100712,9.1,9.17,8.99,9.16,92100
20100713,9.21,9.21,9.05,9.2,161800
20100714,9.2,9.2,8.94,9.15,55500
20100715,9.16,9.16,8.97,9.09,46200
20100716,9.18,9.18,8.88,8.97,81600
20100719,8.94,9.05,8.8,9.02,124000
20100720,9.02,9.03,8.78,8.94,76700
20100721,8.94,9.02,8.86,8.9,95700
20100722,8.99,8.99,8.89,8.99,134800
20100723,9.01,9.01,8.9,8.97,269600
20100726,8.99,9.1,8.99,9.08,125200
20100727,9.1,9.11,8.99,9.09,69500
20100728,9.11,9.11,8.94,8.94,127900
20100729,9.04,9.05,8.91,9.05,63600
20100730,9.08,9.08,8.94,9.02,86600
20100802,9.08,9.16,9.03,9.16,222100
20100803,9.11,9.44,9.1,9.35,633000
20100804,9.44,9.46,9.26,9.46,189000
20100805,9.43,9.56,9.31,9.56,264800
20100806,9.39,9.64,9.36,9.64,58400
20100809,9.62,9.64,9.41,9.48,88400
20100810,9.32,9.54,9.22,9.54,139300
20100811,9.37,9.54,9.37,9.51,161300
20100812,9.5,9.5,9.36,9.48,29600
20100813,9.48,9.51,9.32,9.32,274800
20100816,9.23,9.65,9.23,9.65,1253300
20100817,9.72,9.74,9.54,9.63,189200
20100818,9.65,9.84,9.62,9.81,127600
20100819,9.8,9.83,9.7,9.8,335700
20100820,9.75,9.83,9.7,9.81,88600
20100823,9.85,9.86,9.58,9.75,153900
20100824,9.65,9.88,9.65,9.81,74000
20100825,8.87,8.94,8.22,8.49,543700
20100826,8.68,9.19,8.49,9.11,648900
20100827,8.87,9.11,8.87,9.07,849100
20100830,8.95,8.95,8.76,8.87,491400
20100831,8.76,9.01,8.59,8.68,446400
20100901,8.68,8.99,8.56,8.95,234100
20100902,8.94,9.3,8.94,9.3,248400
20100903,9.11,9.33,9.07,9.29,757300
20100906,9.29,9.33,9.08,9.19,48000
20100908,9.13,9.3,8.8,8.84,773300
20100909,8.8,8.8,8.37,8.56,528800
20100910,8.46,8.52,8.43,8.49,175300
20100913,8.54,8.71,8.25,8.35,250900
20100914,8.33,8.39,8.24,8.25,235100
20100915,8.25,8.38,8.25,8.26,79000
20100916,8.26,8.39,8.24,8.36,220900
20100917,8.36,8.53,8.18,8.18,516200
20100920,8.27,8.27,8.13,8.2,144900
20100921,8.13,8.14,8.06,8.12,205000
20100922,8.11,8.15,7.94,7.99,171200
20100923,8.01,8.03,7.96,7.98,259000
20100924,7.98,8.13,7.79,8.02,996200
20100927,8.01,8.07,7.87,8.02,653700
20100928,8.06,8.06,7.89,8.02,549300
20100929,7.96,7.96,7.78,7.83,408900
20100930,7.85,8.02,7.78,7.98,88500
20101001,8.01,8.34,7.95,8.32,637700
20101004,8.24,8.24,7.99,8.15,98100
20101005,8.3,8.35,8.17,8.33,771400
20101006,8.45,8.45,8.23,8.41,489700
20101007,8.41,8.52,8.29,8.52,283200
20101008,8.52,8.56,8.39,8.52,273600
20101011,8.56,8.59,8.49,8.59,90000
20101013,8.59,8.65,8.52,8.56,198700
20101014,8.46,8.71,8.41,8.71,402900
20101015,8.67,8.7,8.56,8.68,786700
20101018,8.65,8.72,8.63,8.63,606100
20101019,8.66,8.71,8.36,8.71,1453600
20101020,8.72,8.87,8.51,8.6,686100
20101021,8.61,9.26,8.6,9.19,253900
20101022,9.17,9.17,9.03,9.07,1058400
20101025,9.06,9.11,8.86,9.07,187300
20101026,9.03,9.07,8.94,9.02,93200
20101027,9.11,9.11,8.99,9.09,24900
20101028,9.09,9.19,9.07,9.19,86600
20101029,9.22,9.22,9.04,9.16,103100
20101101,9.18,9.28,9.01,9.28,472000
20101103,9.26,9.33,9.04,9.26,620900
20101104,9.34,9.57,9.29,9.44,405500
20101105,9.54,9.54,9.28,9.42,155300
20101108,9.53,9.54,9.26,9.41,819600
20101109,9.34,9.34,9.04,9.19,50900
20101110,9.26,9.26,8.85,8.87,124500
20101111,8.76,9.05,8.68,9.03,65800
20101112,8.8,9.08,8.64,9.08,58500
20101116,9.11,9.11,8.95,9.11,178800
20101117,9.11,9.11,8.95,8.95,121300
20101118,9.11,9.12,8.99,9.12,97800
20101119,9.11,9.15,8.99,9.15,117700
20101122,9.14,9.23,9.03,9.19,90600
20101123,9.03,9.19,8.99,9.19,146100
20101124,9.18,9.5,9.12,9.5,83800
20101125,9.5,9.5,9.26,9.26,37200
20101126,9.23,9.34,9.12,9.26,11700
20101129,9.26,9.26,9.06,9.07,17000
20101130,9.11,9.41,8.92,9.41,120700
20101201,9.37,9.45,9.25,9.45,89800
20101202,9.41,9.41,9.15,9.17,40800
20101203,9.26,9.26,9.04,9.04,175000
20101206,9.22,9.22,8.95,9.15,174500
20101207,9.28,9.32,9.06,9.19,34700
20101208,9.26,9.3,9.04,9.04,26500
20101209,9.11,9.26,9,9,58400
20101210,9.23,9.23,9.05,9.19,26100
20101213,9.01,9.25,9.01,9.15,177800
20101214,9.19,9.26,9.07,9.19,162200
20101215,9.26,9.26,9.08,9.23,41000
20101216,9.26,9.26,9.08,9.19,141100
20101217,9.24,9.26,8.91,9.26,161900
20101220,9.11,9.21,9.01,9.12,28800
20101221,9.15,9.19,9.02,9.02,105400
20101222,9.23,9.23,8.9,8.9,160900
20101223,8.95,9.08,8.86,9.03,148900
20101227,9.03,9.03,8.79,8.88,245400
20101228,8.88,8.94,8.8,8.87,220200
20101229,8.94,8.95,8.82,8.87,166300
20101230,8.94,8.95,8.87,8.87,362500
20110103,8.91,9.04,8.87,8.94,219700
20110104,8.95,8.95,8.87,8.95,154200
20110105,8.95,8.95,8.8,8.91,92900
20110106,8.91,9.01,8.87,8.99,190000
20110107,8.98,8.99,8.89,8.91,76100
20110110,8.88,8.95,8.87,8.91,101400
20110111,8.93,9.02,8.87,8.94,279400
20110112,8.95,9.05,8.95,8.99,374100
20110113,8.99,9.07,8.95,8.95,62900
20110114,8.96,9.03,8.8,8.98,202000
20110117,8.97,9.03,8.87,8.94,95300
20110118,8.91,9.22,8.91,9.21,201300
20110119,9.04,9.11,8.98,9.03,121700
20110120,8.95,9.03,8.91,9.03,223000
20110121,9.1,9.11,8.99,8.99,92100
20110124,9.01,9.19,8.94,9.15,348100
20110126,9.16,9.16,8.96,9.14,113000
20110127,9.16,9.16,8.85,8.88,153600
20110128,9.01,9.01,8.72,8.86,539900
20110131,8.97,9.15,8.8,9.01,169900
20110201,9.03,9.03,8.81,8.81,175800
20110202,9.02,9.19,8.91,8.95,365600
20110203,8.95,9.26,8.86,8.96,1004500
20110204,8.95,9.17,8.92,8.92,106400
20110207,9.02,9.03,8.84,8.95,72900
20110208,9.1,9.15,8.94,9.15,48800
20110209,9.11,9.15,8.96,9.15,37200
20110210,9.11,9.27,8.89,9.27,185600
20110211,9.05,9.06,8.87,8.95,286200
20110214,8.86,8.94,8.84,8.94,122000
20110215,8.99,9.14,8.87,8.95,117100
20110216,9.02,9.12,8.91,9.12,297100
20110217,9.12,9.13,8.89,8.91,268300
20110218,9.06,9.06,8.87,8.9,153100
20110221,8.8,9,8.72,8.96,66600
20110222,8.91,9.01,8.77,8.77,266700
20110223,8.95,8.95,8.83,8.93,61200
20110224,8.94,9.09,8.94,9.05,58000
20110225,9.11,9.11,8.87,8.91,58800
20110228,9.02,9.19,8.95,9.19,144600
20110301,8.95,9.18,8.91,9.18,75600
20110302,9.11,9.22,8.99,8.99,77100
20110303,9.07,9.11,9.03,9.09,30200
20110304,9.14,9.15,9.01,9.01,23400
20110309,9.02,9.34,9.01,9.34,110000
20110310,9.26,9.33,9.03,9.03,92000
20110311,9.03,9.46,9.03,9.34,238000
20110314,9.34,9.34,9.11,9.11,16800
20110315,9.11,9.26,9.05,9.26,74000
20110316,9.26,9.26,9.07,9.08,183700
20110317,9.22,9.22,8.96,9.03,77200
20110318,9.2,9.2,9.04,9.04,63100
20110321,9.12,9.13,9.01,9.05,35700
20110322,9.11,9.19,9.04,9.11,401800
20110323,9.19,9.33,9.14,9.26,167300
20110324,9.26,9.33,9.23,9.3,25600
20110325,9.26,9.41,9.26,9.41,254100
20110328,9.38,9.38,9.12,9.12,53800
20110329,9.22,9.35,9.12,9.19,59800
20110330,9.37,9.93,9.37,9.93,362200
20110331,10.04,10.12,9.81,9.9,269100
20110401,9.97,10.12,9.9,10.12,102700
20110404,10.13,10.13,9.97,9.97,113800
20110405,9.97,10.09,9.89,9.93,365700
20110406,9.95,9.95,9.89,9.93,78600
20110407,10.08,10.08,9.81,9.93,179900
20110408,9.9,9.93,9.81,9.85,31100
20110411,9.85,10.12,9.85,10.12,70200
20110412,9.99,10.03,9.87,9.89,72700
20110413,9.97,10,9.83,10,161100
20110414,9.94,9.97,9.91,9.95,38300
20110415,9.97,10.04,9.94,10.04,173800
20110418,10.1,10.19,10,10.12,105800
20110419,10.11,10.24,10.04,10.24,267000
20110420,10.25,10.39,10.24,10.38,172200
20110425,10.42,10.59,10.34,10.35,110200
20110426,10.43,10.43,10.25,10.32,290400
20110427,10.35,10.43,10.32,10.35,244300
20110428,10.34,10.49,10.32,10.32,178600
20110429,10.43,10.63,10.32,10.43,218900
20110502,10.43,10.48,10.02,10.33,174100
20110503,10.32,10.34,9.96,9.96,69600
20110504,9.98,10.1,9.92,10.03,135800
20110505,10.21,10.41,10.2,10.3,50600
20110506,10.34,10.34,10.29,10.34,86900
20110509,10.34,10.34,10.22,10.27,265600
20110510,10.34,10.34,10.1,10.25,73300
20110511,10.14,10.52,10.04,10.08,353800
20110512,10.07,10.39,10.06,10.33,155800
20110513,10.32,10.34,10.2,10.3,120000
20110516,10.33,10.34,10.16,10.3,151200
20110517,10.22,10.27,10.07,10.07,191500
20110518,10.16,10.34,10.14,10.24,216100
20110519,10.3,10.34,10.09,10.34,238800
20110520,10.33,10.63,10.25,10.52,181200
20110523,10.79,10.79,10.42,10.52,94900
20110524,10.58,10.61,10.44,10.57,139200
20110525,10.57,10.57,10.39,10.39,71500
20110526,10.5,10.56,10.32,10.48,244000
20110527,10.58,10.58,10.43,10.48,229600
20110530,10.58,10.58,10.36,10.37,62600
20110531,10.43,10.52,10.43,10.52,316600
20110601,10.57,10.6,10.41,10.57,490500
20110602,10.57,10.61,10.48,10.57,297100
20110603,10.47,10.52,10.42,10.52,133000
20110606,10.6,10.6,10.45,10.57,233300
20110607,10.57,10.6,10.48,10.48,127800
20110608,10.57,10.62,10.42,10.49,116100
20110609,10.48,10.58,10.46,10.52,96400
20110610,10.52,10.66,10.45,10.52,98400
20110613,10.65,10.65,10.39,10.39,60600
20110614,10.52,10.67,10.43,10.52,160500
20110615,10.65,10.65,10.41,10.49,170000
20110616,10.61,10.61,10.39,10.39,115800
20110617,10.5,10.64,10.45,10.61,1058200
20110620,10.47,10.66,10.47,10.58,114500
20110621,10.61,10.61,10.48,10.52,68700
20110622,10.48,10.57,10.45,10.48,148200
20110624,10.57,10.57,10.48,10.57,119500
20110627,10.5,10.65,10.5,10.57,70800
20110628,10.65,10.66,10.52,10.61,393200
20110629,10.65,10.83,10.59,10.83,191800
20110630,10.79,10.84,10.5,10.7,217500
20110701,10.96,10.99,10.43,10.43,321100
20110704,10.58,10.66,10.43,10.52,94400
20110705,10.51,10.66,10.51,10.57,273200
20110706,10.53,10.59,10.4,10.48,150000
20110707,10.62,10.68,10.34,10.35,169300
20110708,10.4,10.66,10.15,10.66,222300
20110711,10.56,10.56,10.16,10.52,163500
20110712,10.6,10.6,10.46,10.52,301700
20110713,10.6,10.65,10.34,10.34,191300
20110714,10.37,10.52,10.25,10.25,71200
20110715,10.46,10.46,10.12,10.12,198500
20110718,10.13,10.43,9.89,10.43,67400
20110719,10.42,10.42,10.25,10.3,302400
20110720,10.43,10.54,10.27,10.27,236500
20110721,10.21,10.5,10.21,10.3,137900
20110722,10.43,10.58,10.32,10.52,253300
20110725,10.52,10.52,10.27,10.33,135300
20110726,10.25,10.34,10.19,10.32,172100
20110727,10.23,10.25,10.07,10.07,153600
20110728,10.3,10.34,10.14,10.21,93100
20110729,10.21,10.46,10.12,10.34,285500
20110801,10.34,10.49,10.2,10.25,92000
20110802,10.46,10.48,10.26,10.34,419700
20110803,10.34,10.52,10.14,10.34,244000
20110804,10.27,10.41,9.9,10.22,135300
20110805,10.07,10.2,9.92,10,131700
20110808,9.95,10.12,9.58,9.58,333600
20110809,9.85,9.94,9.69,9.69,85800
20110810,9.87,10.03,9.62,9.71,74100
20110811,9.94,9.94,9.67,9.89,147300
20110812,9.89,9.89,9.61,9.85,77100
20110815,9.98,9.98,9.67,9.71,212100
20110816,9.94,9.94,9.62,9.89,155500
20110817,9.76,9.82,9.71,9.76,1387800
20110818,9.71,9.79,9.6,9.71,111300
20110819,9.59,9.8,9.29,9.71,349800
20110822,9.71,9.9,9.61,9.87,72000
20110823,9.68,9.78,9.56,9.57,851000
20110824,9.48,9.64,9.47,9.53,90800
20110825,9.62,9.62,9.45,9.51,181300
20110826,9.53,9.53,9.42,9.44,202100
20110829,9.51,9.85,9.51,9.75,99200
20110830,9.76,9.89,9.71,9.89,139300
20110831,9.85,10.66,9.85,10.66,200400
20110901,10.41,10.61,10.16,10.52,311700
20110902,10.34,10.79,9.98,10.79,322400
20110905,10.52,10.54,10.39,10.52,81800
20110906,10.52,10.52,10.31,10.34,145400
20110908,10.43,10.52,10.35,10.52,190600
20110909,10.52,10.56,10.36,10.56,33900
20110912,10.37,10.58,10.35,10.52,44000
20110913,10.59,10.59,10.32,10.47,176800
20110914,10.25,10.52,10.25,10.41,123100
20110915,10.5,10.51,10.39,10.43,322900
20110916,10.48,10.48,10.27,10.43,1070100
20110919,10.57,10.57,10.44,10.51,74600
20110920,10.59,10.59,10.34,10.39,225000
20110921,10.44,10.52,10.39,10.52,343500
20110922,10.5,10.5,10.26,10.5,56000
20110923,10.5,10.5,10.31,10.41,68300
20110926,10.48,10.48,10.25,10.43,143200
20110927,10.43,10.52,10.3,10.45,336600
20110928,10.45,10.51,10.36,10.51,50200
20110929,10.47,10.47,10.28,10.32,217100
20110930,10.28,10.43,10.23,10.43,71500
20111003,10.25,10.25,10.09,10.09,104700
20111004,10.2,10.2,9.81,9.81,93900
20111005,10.06,10.21,10.06,10.07,62400
20111006,10.18,10.21,10.07,10.07,99000
20111007,10.21,10.32,9.94,9.94,86200
20111010,10.11,10.16,9.99,10.16,215800
20111011,10.06,10.16,10.06,10.16,77100
20111013,10.3,10.31,9.89,10.16,146700
20111014,10.12,10.16,9.97,10.16,19500
20111017,10.03,10.11,9.92,10.08,110500
20111018,10.14,10.16,10.05,10.16,108500
20111019,10.09,10.31,10.02,10.16,113100
20111020,10.03,10.16,10.03,10.07,230400
20111021,10.07,10.16,10.05,10.16,33700
20111024,10.16,10.16,10.07,10.07,146900
20111025,10.12,10.16,10.03,10.16,140500
20111026,10.19,10.27,10,10.1,41900
20111027,10.25,10.49,10.13,10.17,224200
20111028,10.22,10.3,10.12,10.12,43600
20111031,10.03,10.22,9.99,9.99,107000
20111101,9.98,10.3,9.89,10.24,95400
20111103,10.29,10.52,10.16,10.52,280500
20111104,10.52,10.52,10.39,10.52,73400
20111107,10.5,10.5,10.36,10.43,49400
20111108,10.47,10.59,10.4,10.45,38900
20111109,10.42,10.47,10.24,10.34,54100
20111110,10.42,10.52,10.34,10.52,89700
20111111,10.51,10.57,10.4,10.57,45400
20111114,10.44,10.61,10.44,10.61,72400
20111116,10.66,10.72,10.52,10.61,204100
20111117,10.52,10.58,10.19,10.27,133900
20111118,10.23,10.3,10.07,10.07,93000
20111121,10.07,10.43,10.02,10.34,417800
20111122,10.29,10.41,10.26,10.34,170000
20111123,10.28,10.52,10.15,10.52,89900
20111124,10.52,10.53,10.36,10.36,19400
20111125,10.37,10.57,10.37,10.4,74000
20111128,10.54,10.61,10.45,10.57,35900
20111129,10.55,10.61,10.43,10.54,73500
20111130,10.57,10.68,10.34,10.34,88500
20111201,10.47,10.78,10.43,10.6,264100
20111202,10.66,10.78,10.63,10.75,91200
20111205,10.62,10.88,10.62,10.83,204700
20111206,10.87,11.15,10.87,11.09,233700
20111207,11.14,11.28,10.98,11.28,179600
20111208,11.28,11.41,11.02,11.41,83700
20111209,11.39,11.58,11.05,11.58,201600
20111212,11.55,11.55,11.24,11.24,262900
20111213,11.33,11.49,11.13,11.13,280400
20111214,11.24,11.38,11.14,11.28,103900
20111215,11.24,11.61,11.16,11.21,159400
20111216,11.4,11.41,11.24,11.41,965400
20111219,11.47,11.47,11.13,11.39,95800
20111220,11.42,11.42,11.06,11.24,168800
20111221,11.24,11.33,11.16,11.23,66800
20111222,11.19,11.29,11.04,11.14,167800
20111223,11.24,11.39,11.13,11.2,103500
20111226,11.2,11.39,11.19,11.36,248500
20111227,11.31,11.36,11.22,11.22,155000
20111228,11.31,11.33,11.14,11.33,129600
20111229,11.23,11.4,11.17,11.4,199900
20120102,11.4,11.62,11.31,11.46,145300
20120103,11.47,11.48,11.2,11.2,560900
20120104,11.21,11.48,11.21,11.38,315200
20120105,11.4,11.47,11.36,11.42,224700
20120106,11.42,11.47,11.33,11.47,170100
20120109,11.47,11.47,11.42,11.47,144800
20120110,11.47,11.47,11.29,11.45,302700
20120111,11.46,11.47,11.24,11.47,488500
20120112,11.46,11.46,11.22,11.29,122600
20120113,11.26,11.33,11.21,11.24,131100
20120116,11.33,11.33,11.2,11.24,108500
20120117,11.32,11.42,11.16,11.38,150800
20120118,11.38,11.59,11.22,11.59,225200
20120119,11.58,11.58,11.27,11.32,261300
20120120,11.38,11.38,11.15,11.22,487100
20120123,11.29,11.29,11.15,11.2,85500
20120124,11.2,11.2,11.15,11.2,57700
20120126,11.25,11.29,11.13,11.2,143000
20120127,11.19,11.2,11.08,11.12,271400
20120130,11.15,11.15,10.94,10.95,692500
20120131,10.96,11.06,10.83,11.06,714900
20120201,11.06,11.06,10.88,11.01,497000
20120202,11.09,11.22,10.95,11.11,230100
20120203,11.22,11.22,11.02,11.15,169400
20120206,11.14,11.15,10.89,10.93,144000
20120207,10.93,10.96,10.85,10.87,211400
20120208,10.91,10.95,10.84,10.93,335600
20120209,10.97,11.04,10.88,10.93,253800
20120210,10.88,11.06,10.88,10.99,258500
20120213,10.99,11.11,10.93,11.11,157800
20120214,11.14,11.15,10.85,10.88,122900
20120215,11.08,11.09,10.97,10.97,344700
20120216,11.08,11.1,10.98,11.06,183200
20120217,10.88,11,10.53,10.6,3406400
20120222,10.69,10.76,10.6,10.7,324700
20120223,10.75,10.75,10.58,10.6,718800
20120224,10.6,10.91,10.6,10.7,1023400
20120227,10.9,10.9,10.75,10.88,197000
20120228,10.96,11.11,10.94,11.06,230500
20120229,10.99,11.32,10.96,11.2,372300
20120301,11.26,11.27,11.11,11.15,128500
20120302,11.13,11.31,11.13,11.31,772500
20120305,11.33,11.5,11.15,11.5,239300
20120306,11.49,11.5,11.29,11.42,201300
20120307,11.42,11.58,11.38,11.57,165500
20120308,11.6,11.85,11.59,11.74,556700
20120309,11.74,11.96,11.65,11.87,346700
20120312,11.87,12.01,11.54,11.99,300700
20120313,11.78,12.17,11.78,12.17,131300
20120314,12.25,12.25,11.92,12.23,166300
20120315,12.13,12.23,11.94,12.23,111100
20120316,12.23,12.36,12.14,12.23,186400
20120319,12.23,12.23,12.02,12.13,178700
20120320,12.11,12.38,11.92,12.38,413900
20120321,12.28,12.28,12.07,12.18,219800
20120322,12.26,12.26,11.97,12.11,137300
20120323,12.11,12.29,12.11,12.29,706200
20120326,12.2,12.57,12.2,12.57,153300
20120327,12.56,12.56,12.24,12.56,134200
20120328,12.53,12.56,12.24,12.45,113900
20120329,12.43,12.44,12.2,12.38,111500
20120330,12.43,12.76,12.33,12.76,315800
20120402,12.7,12.79,12.56,12.65,156800
20120403,12.74,12.93,12.69,12.93,72500
20120404,12.92,12.93,12.7,12.93,82100
20120405,12.93,12.93,12.48,12.79,100700
20120409,12.71,13.04,12.55,13.04,117400
20120410,13.04,13.04,12.66,12.89,120600
20120411,13.03,13.03,12.44,12.64,96000
20120412,12.64,12.85,12.5,12.57,296900
20120413,12.54,12.54,12.35,12.38,438300
20120416,12.17,12.49,12.11,12.36,279400
20120417,12.38,12.42,12.24,12.36,106300
20120418,12.4,13.04,12.36,13.03,128200
20120419,12.93,13.03,12.65,12.85,143900
20120420,12.9,13.17,12.73,13.08,168900
20120423,12.94,13.03,12.8,13.03,38700
20120424,12.83,13.03,12.76,12.76,80600
20120425,12.76,12.98,12.74,12.9,268300
20120426,12.97,13.2,12.87,13.2,274600
20120427,13.2,13.64,13.13,13.19,145800
20120430,13.1,13.1,12.97,13.1,245800
20120502,13.04,13.38,12.95,13.38,489300
20120503,13.21,13.38,13.21,13.26,247500
20120504,13.28,13.58,13.28,13.58,315000
20120507,13.49,14.01,13.39,13.53,196400
20120508,13.52,14.02,13.47,13.88,309900
20120509,13.87,14.16,13.74,14.01,643000
20120510,14.18,14.29,13.88,14.13,571200
20120511,14.11,14.2,13.82,13.93,557900
20120514,13.92,13.93,13.54,13.69,494900
20120515,13.78,14.19,13.61,13.88,219900
20120516,13.87,14.39,13.37,14.39,198200
20120517,14.39,14.39,13.78,13.97,117500
20120518,14.2,14.24,13.83,13.99,45200
20120521,13.97,14.01,13.81,14.01,82200
20120522,14.05,14.06,13.78,13.78,169400
20120523,13.69,13.86,13.63,13.69,232800
20120524,13.69,13.88,13.6,13.6,125400
20120525,13.72,13.83,13.57,13.57,67600
20120528,13.5,13.91,13.46,13.88,301200
20120529,14.01,14.05,13.65,13.78,338300
20120530,13.65,13.72,13.37,13.37,55300
20120531,13.36,13.97,13.17,13.69,135500
20120601,13.82,14.41,13.59,14.41,439100
20120604,14.18,14.25,13.97,14.2,78900
20120605,13.97,14.15,13.88,14.15,77800
20120606,13.96,13.98,13.78,13.97,165100
20120608,13.75,13.81,13.49,13.49,706400
20120611,13.6,13.78,13.5,13.69,412800
20120612,13.86,14.06,13.6,14.06,157100
20120613,13.92,13.99,13.66,13.69,106700
20120614,13.83,13.83,13.42,13.5,421000
20120615,13.54,13.57,12.64,13.12,2199700
20120618,13.22,13.95,13.05,13.88,501500
20120619,13.85,13.92,13.65,13.87,78400
20120620,13.88,13.88,13.55,13.87,90400
20120621,13.82,13.82,13.58,13.78,96000
20120622,13.78,13.85,13.57,13.85,54100
20120625,13.77,14.11,13.43,14.11,47600
20120626,13.96,14.06,13.7,13.77,180500
20120627,13.78,14.2,13.78,13.85,175600
20120628,14.02,14.29,13.97,14.11,272500
20120629,14.26,14.26,13.74,13.97,127600
20120702,13.97,13.97,13.69,13.73,404500
20120703,13.73,13.97,13.6,13.97,177500
20120704,13.96,14.11,13.88,13.88,117300
20120705,13.97,14.2,13.77,14.2,1056900
20120706,14.19,14.19,13.97,14.15,54800
20120710,14.21,14.3,14.04,14.04,170100
20120711,14.22,14.22,13.9,14.11,168600
20120712,14.1,14.57,13.91,14.52,112400
20120713,14.62,14.82,14.46,14.8,92100
20120716,14.71,14.86,14.52,14.65,139200
20120717,14.64,14.84,14.62,14.76,66900
20120718,14.76,14.76,14.49,14.6,118300
20120719,14.71,15.03,14.62,14.98,59400
20120720,15.03,15.03,14.01,14.01,217700
20120723,13.97,13.97,13.47,13.55,918000
20120724,13.57,13.87,13.55,13.74,258500
20120725,13.88,14.28,13.6,14.28,75300
20120726,14.24,14.78,14.01,14.78,194200
20120727,14.7,14.7,14.1,14.24,215400
20120730,14.38,14.38,13.88,14.37,137300
20120731,14.37,14.58,14.03,14.12,73200
20120801,14.2,14.81,14.09,14.25,525100
20120802,14.25,14.26,13.82,13.82,136500
20120803,14.06,14.5,13.97,14.06,122000
20120806,14.06,14.53,13.97,13.97,482500
20120807,14.03,14.42,13.88,14.42,66600
20120808,14.05,14.79,14.05,14.53,235300
20120809,14.69,15.09,14.3,14.71,112300
20120810,14.55,15.13,14.53,15.03,67200
20120813,15.17,15.22,14.78,15.12,35400
20120814,15.12,15.41,14.91,15.37,261300
20120815,15.22,15.36,15.02,15.15,286200
20120816,15.64,15.64,15.16,15.64,440100
20120817,15.69,15.73,15.18,15.65,124600
20120820,15.57,15.68,15.36,15.68,129700
20120821,15.71,15.76,15.37,15.55,76500
20120822,15.6,15.68,15.41,15.55,98000
20120823,15.55,15.65,15.37,15.46,328200
20120824,15.45,15.48,15.23,15.23,91400
20120827,15.27,15.5,15.03,15.22,204600
20120828,15.09,15.63,14.92,15.07,620000
20120829,15.19,15.51,15.09,15.51,181400
20120830,15.55,15.55,15.19,15.4,61400
20120831,15.53,15.53,14.48,14.48,415600
20120903,14.6,15.97,14.6,15.69,175700
20120904,15.69,15.69,14.76,15.37,149500
20120905,15.37,15.63,15.24,15.6,238700
20120906,15.68,15.68,15.3,15.6,98400
20120910,15.65,15.89,15.52,15.6,79000
20120911,15.63,15.63,15.09,15.53,157600
20120912,15.53,15.53,14.97,15.49,280400
20120913,15.54,15.54,14.94,15.46,557800
20120914,15.33,15.33,15.11,15.27,444900
20120917,15.32,15.46,15.23,15.39,144700
20120918,15.27,15.78,15.27,15.63,198900
20120919,15.5,15.83,15.5,15.78,317400
20120920,15.6,15.92,15.16,15.92,163700
20120921,15.97,16.52,15.61,16.52,217300
20120924,16.52,16.58,15.69,15.69,267500
20120925,15.69,16.56,15.38,16.53,521700
20120926,16.83,16.87,16.39,16.46,923800
20120927,16.53,16.86,16.22,16.86,433100
20120928,16.76,16.83,16.51,16.67,449800
20121001,16.67,16.68,16.3,16.44,124300
20121002,16.44,16.82,16.32,16.58,628800
20121003,16.74,16.74,16.44,16.48,244500
20121004,16.53,16.58,16.11,16.54,543000
20121005,16.73,16.83,16.52,16.81,75900
20121008,16.8,16.89,16.44,16.89,61400
20121009,16.87,16.87,16.66,16.87,21900
20121010,16.88,17.31,16.19,16.33,167800
20121011,16.5,16.72,16.24,16.64,554000
20121015,16.8,16.99,16.67,16.95,955500
20121016,16.95,16.96,16.76,16.81,200300
20121017,16.85,17.28,16.84,16.97,104300
20121018,17.07,17.6,16.92,17.18,271800
20121019,17.68,17.8,17.24,17.24,98800
20121022,17.28,17.51,17.16,17.35,305600
20121023,17.43,17.52,17.16,17.51,178100
20121024,17.68,17.68,16.98,17.53,208100
20121025,17.5,17.51,16.86,16.86,313100
20121026,16.72,16.72,16.31,16.71,492600
20121029,16.67,16.78,16.46,16.74,205500
20121030,16.71,16.76,16.66,16.75,156000
20121031,16.71,17.55,16.71,16.76,332400
20121101,16.7,17.49,16.67,17.46,164800
20121105,17.36,17.9,17.27,17.87,175100
20121106,17.68,17.8,17.43,17.65,116200
20121107,17.46,17.65,17.16,17.51,110800
20121108,17.38,17.6,17.34,17.51,268200
20121109,17.37,17.47,17.33,17.41,297900
20121112,17.41,17.42,17.12,17.23,265300
20121113,17.09,17.22,16.91,17.04,74800
20121114,17.14,17.26,16.54,16.85,199200
20121116,16.85,16.9,16.61,16.76,125600
20121119,16.67,17,16.67,16.97,510800
20121121,16.81,17.06,16.42,16.47,502600
20121122,16.36,16.52,15.69,16.2,394100
20121123,16.08,16.53,16.08,16.25,398200
20121126,16.33,16.45,16.11,16.13,288400
20121127,16.24,16.34,15.88,16.19,150100
20121128,16.28,16.61,16.07,16.48,217400
20121129,16.45,16.46,15.94,16.02,427900
20121130,16.33,16.38,15.93,16.06,238400
20121203,16.06,16.21,15.83,16.06,408500
20121204,16.25,16.25,15.24,15.37,439900
20121205,15.51,15.78,15.27,15.65,878300
20121206,15.53,15.92,15.32,15.65,1885700
20121207,15.65,16.8,15.65,16.31,1569200
20121210,15.86,16.37,15.83,16.3,6908000
20121211,16.16,16.29,16.02,16.16,2141400
20121212,16.24,16.69,16.2,16.56,1185900
20121213,16.58,17.16,16.43,17.04,1262800
20121214,16.95,17.24,16.71,17.14,597800
20121217,17.2,17.41,16.81,17.26,734600
20121218,17.14,17.46,16.92,17.34,1028000
20121219,17.23,17.52,17.05,17.52,984200
20121220,17.37,17.69,17.21,17.32,780400
20121221,17.25,17.45,16.91,17.04,1021800
20121226,17.14,17.38,16.81,17.23,1040000
20121227,17.33,17.5,16.95,17.41,1126800
20121228,17.41,17.67,17.19,17.44,1390300
20130102,17.56,18.17,17.51,17.83,1022800
20130103,17.69,18.62,17.41,18.1,3783700
20130104,18.1,18.1,16.96,17.15,2042900
20130107,17.15,17.44,16.28,16.76,1166000
20130108,16.88,17.01,16.4,16.58,1532800
20130109,16.71,17.5,16.3,17.5,863500
20130110,17.49,17.51,16.94,17.51,547100
20130111,17.25,18.38,17.14,17.79,564500
20130114,17.96,17.96,17.55,17.74,392500
20130115,17.74,17.86,17.33,17.86,252400
20130116,17.81,17.81,17.29,17.69,374700
20130117,17.78,17.83,17.55,17.83,330800
20130118,17.75,18.13,17.51,17.69,434400
20130121,17.69,17.87,17.42,17.54,414400
20130122,17.72,17.8,17.22,17.64,1619900
20130123,17.34,17.77,17.34,17.44,480500
20130124,17.56,17.69,16.93,17.03,710600
20130128,17.14,17.73,16.86,17.68,968300
20130129,17.66,17.67,16.96,17.44,1145400
20130130,17.34,17.73,17.25,17.36,638100
20130131,17.36,17.6,17.19,17.55,521500
20130201,17.4,18.09,17.4,17.87,2410800
20130204,17.73,17.99,17.6,17.83,920300
20130205,17.69,17.96,17.55,17.65,1132800
20130206,17.55,17.92,17.53,17.92,657600
20130207,17.97,18.12,17.78,18.06,1272500
20130208,17.97,18.42,17.84,18.42,1493100
20130213,18.37,18.57,17.99,18.2,746000
20130214,18.29,18.29,17.68,17.95,1109000
20130215,18.03,18.06,17.64,17.92,1302100
20130218,18.02,18.13,17.53,18.11,934200
20130219,18.16,18.42,17.95,18.42,753000
20130220,18.46,18.64,18.22,18.42,1164500
20130221,18.47,18.5,17.99,18.16,818300
20130222,18.29,18.34,17.73,18.15,1227600
20130225,17.98,18.49,17.98,18.43,822600
20130226,18.53,18.53,18.06,18.42,614100
20130227,18.4,18.41,18.03,18.34,631300
20130228,18.53,18.71,18.13,18.71,873100
20130301,18.5,18.86,18.33,18.86,826900
20130304,18.81,19.12,18.74,18.95,940900
20130305,19.23,19.23,18.81,18.86,625700
20130306,18.91,19.18,18.76,19.18,565600
20130307,19.23,19.41,19,19.09,779500
20130308,19.38,19.48,18.75,19.18,537100
20130311,19.18,19.53,19.07,19.28,608400
20130312,19.55,19.55,19.09,19.17,1186300
20130313,19.25,19.35,18.93,19.35,675300
20130314,19.3,19.54,19.03,19.18,501800
20130315,19.19,19.22,18.89,19.22,991800
20130318,19.23,19.26,18.8,19.08,660900
20130319,18.91,19.13,18.88,19.09,546100
20130320,19.09,19.09,18.07,18.34,1708100
20130321,18.42,18.78,18.36,18.72,402900
20130322,18.81,18.91,18.53,18.75,398100
20130325,18.75,18.86,18.36,18.53,499400
20130326,18.43,18.7,18.35,18.53,514100
20130327,18.61,18.71,18.4,18.68,666200
20130328,18.67,19,18.28,19,970900
20130401,18.77,18.89,18.57,18.62,693100
20130402,18.72,18.81,18.03,18.06,759600
20130403,18.14,18.41,18.1,18.41,592000
20130404,18.47,18.47,18.14,18.23,1121200
20130405,18.4,18.55,18.07,18.55,836800
20130408,18.4,18.89,18.23,18.86,616300
20130409,18.86,18.9,18.56,18.72,688200
20130410,18.86,19,18.55,18.72,990600
20130411,18.84,18.9,18.48,18.9,386800
20130412,18.9,18.9,18.64,18.8,942800
20130415,18.8,18.85,18.46,18.85,541500
20130416,18.99,18.99,18.57,18.76,713900
20130417,18.76,18.86,18.58,18.86,554200
20130418,19.01,19.31,18.77,19,759100
20130419,18.98,19.4,18.94,19.4,665500
20130422,19.4,19.44,19.14,19.23,808600
20130423,19.3,19.63,19.19,19.51,717800
20130424,19.33,19.82,19.33,19.51,448600
20130425,19.6,19.88,19.48,19.7,996800
20130426,19.73,19.93,19.46,19.77,431300
20130429,19.78,20.03,19.56,19.93,635100
20130430,19.72,20.06,19.72,19.93,780300
20130502,20.07,20.19,19.73,19.93,1017500
20130503,19.9,19.95,19.68,19.91,1765500
20130506,19.92,19.94,19.53,19.62,704800
20130507,19.68,19.77,19.51,19.75,762700
20130508,19.79,19.9,19.68,19.76,449100
20130509,19.87,19.87,19.66,19.85,473000
20130510,19.83,20.1,19.71,20.05,1494200
20130513,20.05,20.48,19.91,20.05,564100
20130514,20,20.27,19.95,20.09,980200
20130515,20.12,20.17,19.8,19.97,1129300
20130516,19.83,19.95,19.24,19.29,1380400
20130517,19.33,19.55,19.05,19.37,570200
20130520,19.41,19.81,19.37,19.53,718000
20130521,19.67,19.69,19.19,19.64,537200
20130522,19.71,19.94,19.55,19.69,950800
20130523,19.62,19.8,19.57,19.71,553700
20130524,19.76,19.88,19.57,19.8,992900
20130527,19.92,20.06,19.6,19.76,496600
20130528,19.78,19.83,19.54,19.7,482500
20130529,19.7,19.7,19.3,19.53,541200
20130531,19.57,19.78,18.91,19.78,2031200
20130603,19.71,19.86,19.49,19.64,725600
20130604,19.68,19.71,19.45,19.57,675100
20130605,19.62,19.62,19.18,19.5,488600
20130606,19.48,19.57,19.15,19.15,1067000
20130607,19.15,19.5,18.87,19.23,475700
20130610,19.47,19.47,18.84,18.87,770800
20130611,18.8,18.8,18.17,18.54,929700
20130612,18.62,18.75,18.21,18.21,474200
20130613,18.23,18.63,17.99,18.63,752900
20130614,18.79,18.8,18.24,18.53,619100
20130617,18.39,18.8,18.39,18.39,580800
20130618,18.38,18.5,18.13,18.21,927800
20130619,18.25,18.25,17.69,17.88,713500
20130620,17.7,17.7,16.8,17.18,2438700
20130621,17.19,17.32,16.51,16.83,1381900
20130624,16.76,16.96,16.25,16.88,1196000
20130625,16.95,17.82,16.7,17.82,1009400
20130626,17.92,17.92,17.44,17.53,1387000
20130627,17.37,17.55,17.21,17.55,644400
20130628,17.54,17.71,17.14,17.45,1093700
20130701,17.44,17.46,16.86,16.98,693900
20130702,16.99,17.15,16.38,16.7,1055900
20130703,16.74,17.04,16.18,16.21,1424000
20130704,16.37,16.84,16.18,16.84,2092100
20130705,16.88,16.88,16.27,16.27,2529900
20130708,16.2,16.94,16.08,16.58,918200
20130710,16.87,16.89,16.6,16.65,481100
20130711,16.81,17.35,16.77,17.17,639200
20130712,17.2,17.26,16.85,17.08,735100
20130715,17.18,17.32,16.76,16.99,379300
20130716,17.17,17.17,16.82,16.87,487100
20130717,16.87,17.42,16.87,16.98,638700
20130718,17.12,17.31,16.95,17.07,440300
20130719,17.11,17.29,16.8,17.29,317600
20130722,17.22,17.48,17.12,17.21,668400
20130723,17.22,17.7,17,17.53,1306200
20130724,17.75,17.89,17.32,17.61,1086600
20130725,17.66,17.82,17.42,17.5,742700
20130726,17.48,17.58,17.36,17.36,479500
20130729,17.2,17.51,17.2,17.38,807100
20130730,17.51,17.6,17.21,17.6,534100
20130731,17.51,17.61,17.36,17.58,968000
20130801,17.54,17.78,17.45,17.78,1025000
20130802,17.77,18.01,17.58,17.59,716300
20130805,17.46,17.92,17.46,17.79,833100
20130806,17.65,17.89,17.48,17.54,573400
20130807,17.43,17.78,17.41,17.73,536700
20130808,17.66,17.88,17.49,17.88,1389800
20130809,17.83,18.08,17.68,18.06,611400
20130812,18.09,18.33,17.9,18.07,1024900
20130813,18.11,18.37,17.93,18.07,631000
20130814,18.06,18.17,17.73,17.73,534600
20130815,17.59,17.92,17.24,17.82,805800
20130816,17.82,17.89,17.64,17.83,427500
20130819,17.73,17.87,17.59,17.69,513400
20130820,17.54,18.02,17.5,17.69,859400
20130821,17.53,18.15,17.45,18.15,904900
20130822,18.04,18.47,18,18.16,579300
20130823,18.44,18.53,18.02,18.39,536400
20130826,18.53,18.66,18.13,18.29,591200
20130827,18.09,18.45,18.07,18.22,333000
20130828,18.22,18.79,18.22,18.54,824300
20130829,18.41,19.04,18.41,18.8,864600
20130830,18.67,19.1,18.63,18.91,975000
20130902,18.86,19.02,18.61,18.87,412400
20130903,18.76,19.16,18.56,18.95,582700
20130904,19.05,19.26,18.84,19.15,403200
20130905,19.28,19.34,18.9,19.01,344700
20130906,19.02,19.48,19.01,19.08,627400
20130909,18.97,19.6,18.97,19.24,824900
20130910,19.41,19.55,19.06,19.15,321800
20130911,19.06,19.61,19.05,19.38,932100
20130912,19.31,19.88,19.31,19.67,960600
20130913,19.59,19.71,19.34,19.37,424900
20130916,19.37,19.78,19.37,19.4,417300
20130917,19.42,19.88,19.41,19.46,415300
20130918,19.49,19.71,19.36,19.36,385000
20130919,19.47,19.52,19.26,19.41,1077500
20130920,19.49,19.59,19.31,19.47,989800
20130923,19.6,19.67,19.4,19.41,504700
20130924,19.41,19.66,19.38,19.48,797900
20130925,19.56,19.73,19.53,19.62,612500
20130926,19.67,19.73,19.38,19.63,469500
20130927,19.66,19.88,19.57,19.76,740300
20130930,19.76,20.09,19.66,19.81,839200
20131001,19.89,20.1,19.72,20,605400
20131002,19.99,20.59,19.96,20.38,647300
20131003,20.46,20.79,20.27,20.42,1058200
20131004,20.54,20.79,20.39,20.59,1074200
20131007,20.68,21.06,20.62,20.75,877600
20131008,20.68,20.86,20.55,20.59,566400
20131009,20.63,20.88,20.51,20.68,435100
20131010,20.65,20.81,20.65,20.74,353400
20131011,20.65,20.85,20.65,20.76,506000
20131014,20.75,21.05,20.57,20.84,254100
20131015,20.97,21.22,20.72,21.22,826800
20131016,21.15,21.72,21.12,21.41,639500
20131017,21.41,21.82,21.3,21.82,476400
20131018,21.82,22.14,21.72,21.77,1262500
20131021,21.72,21.83,21.55,21.6,405900
20131022,21.63,21.65,21.55,21.6,457300
20131023,21.6,21.6,21.23,21.23,543400
20131024,21.23,21.35,20.97,20.99,338300
20131025,20.99,21.17,20.72,20.92,522300
20131028,20.88,21.44,20.88,21.13,1261100
20131029,21.14,21.47,21.14,21.46,494400
20131030,21.57,21.95,21.46,21.89,720800
20131031,21.99,22.22,21.79,21.89,520900
20131101,21.91,22.24,21.83,22.17,366900
20131104,22.17,22.63,22.03,22.17,1219900
20131105,22.17,22.19,21.55,21.55,908700
20131106,21.55,21.64,20.9,21.27,1027100
20131107,21.25,21.53,20.9,20.97,342300
20131108,20.96,21.01,20.36,20.61,817300
20131111,20.58,20.98,20.56,20.75,319000
20131112,20.72,21.03,20.68,20.79,322800
20131113,20.79,21.22,20.65,21.12,430600
20131114,21.13,21.81,21.13,21.43,305600
20131118,21.72,22.11,21.57,21.7,215700
20131119,21.61,21.79,21.31,21.41,368100
20131121,21.25,21.8,21.25,21.51,828600
20131122,21.34,21.96,21.33,21.7,269000
20131125,21.83,22.39,21.72,22.22,687300
20131126,22.26,22.93,22.26,22.29,945700
20131127,22.42,22.64,22.11,22.36,774500
20131128,22.54,22.64,22.17,22.44,329600
20131129,22.44,22.69,22.35,22.64,1775000
20131202,22.55,22.64,22.26,22.31,558400
20131203,22.18,22.39,22.08,22.08,513800
20131204,22.31,22.31,21.93,22,458700
20131205,21.89,22.2,21.89,22.03,180100
20131206,22.16,22.42,22.05,22.26,577800
20131209,22.17,22.21,21.98,22.06,272900
20131210,22.06,22.09,21.65,21.89,453200
20131211,22.02,22.09,21.46,21.46,419100
20131212,21.51,21.82,21.13,21.41,534900
20131213,21.44,21.49,20.81,21.03,758700
20131216,21.02,21.25,20.81,20.85,479900
20131217,20.86,21.65,20.86,21.27,1357000
20131218,21.29,21.48,21.05,21.39,664100
20131219,21.39,21.56,21.29,21.56,346900
20131220,21.56,21.95,21.55,21.55,404100
20131223,21.55,21.99,21.08,21.6,524700
20131226,21.65,21.72,21.28,21.28,368300
20131227,21.27,21.7,21.27,21.69,895000
20131230,21.69,22.09,21.67,21.84,1414400
20140102,21.75,21.76,21.18,21.5,350500
20140103,21.58,21.66,21.08,21.14,498700
20140106,21.51,21.55,20.37,20.91,841000
20140107,20.81,21.1,20.61,20.91,421200
20140108,20.98,21.13,20.76,21,359000
20140109,20.99,21.48,20.81,21.22,745800
20140110,21.3,21.38,21.09,21.22,1119200
20140113,21.2,21.51,20.89,21.19,560900
20140114,21.3,21.78,21.04,21.6,723400
20140115,21.6,22.45,21.6,22.31,1658400
20140116,22.31,22.72,22.15,22.42,740600
20140117,22.53,22.7,22.08,22.09,389000
20140120,22,22.29,21.86,21.93,360000
20140121,21.97,22.23,21.75,21.75,388900
20140122,21.7,22,21.7,21.79,386700
20140123,21.7,22.07,21.7,21.89,909100
20140124,21.81,21.83,20.97,21.62,666700
20140127,21.65,21.89,21.22,21.22,433400
20140128,21.38,21.54,21.07,21.22,343400
20140129,21.1,21.22,20.85,20.94,635300
20140130,21.05,21.1,20.41,20.41,502700
20140131,20.22,21.07,20.22,20.99,682400
20140203,21.05,21.05,19.98,20.28,499300
20140204,20.28,21.04,20.25,20.69,889300
20140205,20.73,20.78,19.88,20.37,927000
20140206,20.07,21.14,20.07,20.75,871500
20140207,20.73,21.03,20.66,21.03,874700
20140210,20.96,21.03,20.56,20.64,984200
20140211,20.64,20.72,20.15,20.27,1111100
20140212,20.2,20.47,19.96,20.13,543000
20140213,20,20.15,19.39,19.54,866800
20140214,19.59,20.38,19.28,19.44,1351100
20140217,19.35,19.69,18.58,18.58,1024600
20140218,18.77,18.77,17.59,17.73,2766000
20140219,17.55,18.89,17.55,18.57,1065000
20140220,18.47,19.21,18.43,19.05,750400
20140221,18.95,19.52,18.71,19.15,840000
20140224,19.17,19.46,18.89,19.24,1875400
20140225,19.23,19.3,18.88,19.14,793500
20140226,18.93,19.46,18.59,18.9,695200
20140227,18.9,19.63,18.65,18.9,805600
20140228,19.13,19.13,18.53,18.71,1594600
20140305,18.89,18.89,18.35,18.44,316700
20140306,18.51,18.87,18.41,18.49,584400
20140307,18.59,18.63,17.78,17.92,725500
20140310,17.99,18.1,17.22,17.26,977500
20140311,17.29,18.13,17.29,17.8,1651600
20140312,17.77,18.3,17.77,18.21,1913400
20140313,18.21,18.87,18.18,18.64,1077200
20140314,18.66,18.98,17.88,17.89,1755400
20140317,17.88,18.27,17.73,17.82,678500
20140318,17.91,18.37,17.6,18.17,1262700
20140319,18.15,18.39,17.77,17.95,713900
20140320,17.99,18.29,17.88,18.18,556300
20140321,18.03,18.59,17.95,18.33,924500
20140324,18.44,18.49,18.02,18.39,371000
20140325,18.57,18.57,18.26,18.39,568700
20140326,18.57,18.82,18.25,18.45,810800
20140327,18.43,18.93,18.24,18.77,1053600
20140328,18.83,19.21,18.71,18.98,608000
20140331,19.13,19.33,18.87,19.29,1161400
20140401,19.29,19.4,18.87,19.09,544000
20140402,19.19,19.74,19.05,19.43,1055400
20140403,19.39,19.54,19.23,19.38,738900
20140404,19.38,19.65,19.33,19.33,802500
20140407,19.42,19.64,19.28,19.34,455100
20140408,19.56,19.62,19.08,19.21,421700
20140409,19.21,19.21,18.1,18.39,2110200
20140410,18.38,18.66,18.27,18.39,417200
20140411,18.39,18.72,18.28,18.49,681400
20140414,18.59,18.7,18.42,18.57,711800
20140415,18.44,18.7,18.25,18.62,556800
20140416,18.77,19.04,18.56,18.87,636600
20140417,18.88,19.21,18.8,19.09,532000
20140422,19.16,19.71,19.08,19.5,818200
20140423,19.56,19.64,19.11,19.29,550400
20140424,19.28,19.43,19.12,19.38,227700
20140425,19.49,19.51,19.15,19.4,626100
20140428,19.43,19.43,19.01,19.19,1783100
20140429,19.24,19.46,18.89,19.05,981500
20140430,19.04,19.38,18.77,19.29,1566100
20140502,19.28,19.81,19.08,19.66,1343000
20140505,19.66,20.28,19.66,20.06,1270600
20140506,20.13,20.23,19.92,20.09,753400
20140507,20.13,20.34,19.94,20.28,1189400
20140508,20.56,21.19,20.51,20.57,3681700
20140509,20.46,20.47,20.19,20.43,698700
20140512,20.44,20.91,20.26,20.59,691100
20140513,20.58,21.05,20.58,20.63,723500
20140514,20.66,20.93,20.58,20.84,696500
20140515,20.84,21.12,20.68,20.84,698300
20140516,20.84,21.17,20.65,21.17,1506000
20140519,21.18,21.18,20.66,21.1,1180700
20140520,21.1,21.25,20.47,20.59,2809400
20140521,20.59,20.8,20.56,20.72,808900
20140522,20.72,20.97,20.6,20.93,913500
20140523,21.05,21.36,20.99,21.12,848700
20140526,21.19,21.46,21.07,21.36,547900
20140527,21.43,21.55,20.99,21.22,1060100
20140528,21.33,21.51,21.07,21.28,540500
20140529,21.36,21.55,21.27,21.43,881400
20140530,21.42,21.7,21.33,21.6,756000
20140602,21.6,21.78,21.11,21.18,510400
20140603,21.23,21.55,21.18,21.4,568300
20140604,21.37,21.55,21.01,21.24,424600
20140605,21.32,21.46,21.21,21.38,326900
20140606,21.47,22.03,21.46,21.89,1402400
20140609,21.96,22.46,21.56,22.34,1093600
20140610,22.38,22.82,22.38,22.67,1602000
20140611,22.77,23.31,22.67,23.14,901800
20140613,23.13,23.49,22.98,23.39,787000
20140616,23.36,23.42,22.83,23.2,584600
20140617,23.09,23.41,23.02,23.36,320100
20140618,23.36,23.95,23.19,23.71,863200
20140620,23.47,23.82,23.38,23.69,893800
20140623,23.76,23.76,23.32,23.51,315700
20140624,23.51,23.71,23.19,23.65,956500
20140625,23.81,24.15,23.35,23.84,1995100
20140626,23.89,23.9,23.55,23.74,514900
20140627,23.72,24.02,23.63,24.02,663900
20140630,24.02,24.18,23.72,23.82,1308600
20140701,23.9,23.98,23.48,23.59,534900
20140702,23.52,23.69,23.13,23.35,461300
20140703,23.36,23.6,23.25,23.51,628800
20140704,23.67,23.81,23.45,23.66,209100
20140707,23.66,24.02,23.66,23.88,528800
20140708,23.96,24.09,23.84,24,256100
20140710,23.96,24.28,23.89,24.21,520900
20140711,24.29,24.43,24.19,24.29,350900
20140714,24.31,24.47,24.13,24.35,544100
20140715,24.41,24.85,24.34,24.77,804100
20140716,24.88,24.92,24.18,24.26,923800
20140717,24.09,24.36,23.97,24.19,1447100
20140718,24.25,24.77,24.25,24.63,1267800
20140721,24.55,24.86,24.46,24.73,693100
20140722,24.88,25.1,24.56,24.87,740800
20140723,24.84,24.89,24.49,24.59,401900
20140724,24.63,24.8,24.51,24.57,514100
20140725,24.68,24.68,24.22,24.59,304700
20140728,24.67,24.68,24.22,24.63,674400
20140729,24.71,24.84,24.24,24.45,881400
20140730,24.44,24.63,24.1,24.15,382100
20140731,24.14,24.16,23.63,23.97,815100
20140801,23.79,24.09,23.6,24.05,349100
20140804,24.25,24.47,23.92,24.4,434500
20140805,24.35,24.62,24.07,24.07,1036600
20140806,24.07,24.2,23.85,24.15,431600
20140807,24.09,24.27,23.35,23.95,690400
20140808,23.97,24.04,23.59,24.04,276700
20140811,24.03,24.46,24.03,24.26,692200
20140812,24.09,24.41,23.53,23.68,5464100
20140813,23.77,23.91,23.66,23.87,569700
20140814,23.72,23.99,23.64,23.73,434200
20140815,23.85,24.01,23.71,23.97,1366800
20140818,24.02,24.37,23.74,23.94,960000
20140819,24,24.09,23.88,24.03,622700
20140820,24.02,24.24,23.85,24.16,746700
20140821,24.26,24.33,23.99,24.25,579400
20140822,24.33,24.33,23.88,24.27,399900
20140825,24.39,24.71,24.15,24.63,1024200
20140826,24.65,24.92,24.51,24.63,661800
20140827,24.63,24.85,24.6,24.81,777900
20140828,24.82,25.06,24.67,24.79,586900
20140829,24.74,25.09,24.67,24.92,1044900
20140901,25.07,25.1,24.58,24.98,331400
20140902,25.09,25.09,24.35,24.77,998700
20140903,24.98,25.03,24.61,25.01,649600
20140904,25.01,25.23,24.82,24.97,1296100
20140905,24.9,25.18,24.88,25.17,577300
20140908,25.14,25.45,24.66,24.77,755600
20140909,24.6,24.76,24.2,24.76,1042900
20140910,24.72,24.81,24.39,24.75,1074000
20140911,24.91,25.18,24.51,24.95,688700
20140912,24.9,25,24.09,24.4,715900
20140915,24.53,24.81,24.3,24.64,560600
20140916,24.64,24.98,24.51,24.64,553800
20140917,24.71,24.85,24.4,24.73,710300
20140918,24.7,24.73,24.34,24.68,894300
20140919,24.69,24.69,24.26,24.4,918200
20140922,24.25,24.27,23.65,23.83,1046400
20140923,23.68,24.21,23.66,24.11,1169200
20140924,24.21,24.21,23.91,24.09,1320400
20140925,23.99,24.41,23.93,24.26,1167100
20140926,24.33,24.45,24.11,24.45,1742400
20140929,24.11,24.11,23.72,24.04,385700
20140930,23.92,23.93,23.19,23.5,911700
20141001,23.5,23.5,22.07,22.74,1572600
20141002,22.7,23,22.32,22.79,1353800
20141003,22.93,23.37,22.76,23.19,1131400
20141006,23.75,24.18,23.4,23.53,874900
20141007,23.78,24.05,23.54,23.87,340800
20141008,24.02,24.19,23.71,23.81,570800
20141009,23.95,24.02,23.41,23.71,702500
20141010,23.69,23.69,23.13,23.21,432700
20141013,23.37,23.92,23.25,23.71,1543100
20141014,23.66,23.68,23.07,23.5,644400
20141015,23.4,23.4,22.62,23.21,520000
20141016,23.05,23.12,22.54,22.82,715500
20141017,22.99,23.63,22.56,23.36,792200
20141020,23.36,23.52,22.89,23.12,1150600
20141021,22.96,23.02,22.35,22.55,922600
20141022,22.68,22.68,22.17,22.28,788100
20141023,22.32,22.32,21.26,21.41,1081000
20141024,21.55,22.17,21.09,21.79,359200
20141027,20.28,22.62,20.28,22.22,1637900
20141028,22.36,23.4,22.08,23.19,1042100
20141029,23.37,23.67,22.85,23.45,1905200
20141030,23.58,24.2,23.21,23.54,2227100
20141031,23.7,24.26,23.54,23.95,693400
20141103,24.03,24.68,23.63,23.97,1544300
20141104,24.13,24.48,23.9,24.02,675800
20141105,24.04,24.45,24.04,24.27,585300
20141106,24.43,24.49,23.93,24.3,1091200
20141107,24.46,24.46,23.97,24.07,1260500
20141110,24.2,24.27,23.76,23.95,1104800
20141111,23.88,24.2,23.88,23.97,608600
20141112,24.09,24.34,23.64,24.26,898500
20141113,24.25,24.49,24.06,24.34,541300
20141114,24.2,24.45,23.81,24.11,423600
20141117,24.24,24.36,23.65,24.01,546200
20141118,24.01,24.52,23.93,24.41,402000
20141119,24.28,24.85,24.17,24.77,399200
20141121,24.65,25.96,24.65,25.68,1083900
20141124,25.81,26.12,25.51,25.84,778200
20141125,25.73,26.23,25.63,25.9,410400
20141126,26.08,26.32,25.79,26.05,646900
20141127,26.05,26.53,25.92,26.25,321200
20141128,26.41,26.69,26.38,26.44,822800
20141201,26.39,26.53,25.64,26.19,619500
20141202,26.36,26.66,25.95,26.32,1187000
20141203,26.32,26.56,25.82,26.16,749300
20141204,26.22,26.42,25.99,26.25,422600
20141205,26.19,26.48,26.03,26.21,566800
20141208,26.2,26.24,25.72,25.95,665200
20141209,25.95,25.95,25.35,25.72,776100
20141210,25.72,26.08,25.63,25.72,683400
20141211,25.72,25.8,25.35,25.59,608000
20141212,25.46,25.65,25.21,25.28,705100
20141215,25.31,25.57,24.68,24.98,682600
20141216,24.98,25.06,24.3,24.65,739100
20141217,24.69,25.54,24.45,25.12,654100
20141218,25.29,25.77,25.27,25.33,461800
20141219,25.44,25.9,25.35,25.78,319100
20141222,25.81,26.09,25.62,25.84,519400
20141223,25.75,26.29,25.75,26.05,408600
20141226,26.1,26.29,25.73,26.01,429000
20141229,26.01,26.43,26.01,26.1,421500
20141230,26.16,26.58,26.16,26.49,740300
20150102,26.49,26.67,25.96,26.3,674000
20150105,26.29,26.3,25.39,25.61,1129000
20150106,25.61,26.72,25.51,26.62,1232900
20150107,26.72,27.05,26.06,26.49,2971600
20150108,26.74,26.78,25.72,26.3,1995000
20150109,26.16,26.17,24.53,24.92,2903100
20150112,25,25,24.39,24.81,801600
20150113,24.86,25.34,24.78,24.81,766700
20150114,24.82,25.28,24.56,25.07,906200
20150115,25.15,25.45,24.58,25.11,969700
20150116,25.14,25.38,24.58,25.15,1007900
20150119,25.15,25.15,23.45,23.59,1486000
20150120,23.64,24.19,23.39,23.98,1357900
20150121,24.2,24.98,24.04,24.82,1567400
20150122,24.7,25.05,24.49,24.57,451100
20150123,24.4,24.71,23.69,24.67,977200
20150126,24.34,24.4,24.11,24.11,827400
20150127,24.17,24.58,23.78,24.56,645900
20150128,24.55,24.55,24.07,24.19,421400
20150129,24.19,24.9,24.04,24.9,586100
20150130,24.64,24.65,23.23,23.91,1328400
20150202,24.05,25.94,23.66,25.68,2974600
20150203,25.83,26.49,25.32,25.87,2244200
20150204,26.14,26.14,25.12,25.15,735500
20150205,25.11,25.99,24.42,24.53,1346900
20150206,24.61,24.8,23.92,24.42,1432100
20150209,24.72,25.43,24.05,24.91,660600
20150210,24.63,25.79,24.14,24.14,1121200
20150211,24.25,24.96,23.96,24.96,1016500
20150212,25.02,25.75,24.7,25.63,760400
20150213,25.64,27.56,25.25,25.93,1364900
20150218,25.98,26.92,25.45,26.06,393200
20150219,26.03,26.59,25.78,25.82,705600
20150220,25.92,25.92,24.94,25.3,814500
20150223,25.2,25.2,24.54,24.54,1153500
20150224,25.35,26.11,25.22,26.06,23429300
20150225,25.97,26.78,25.77,26.49,1491600
20150226,26.63,26.89,26.16,26.73,1179200
20150227,26.58,26.91,26.32,26.5,1110400
20150302,26.51,26.79,25.68,25.98,1018400
20150303,25.93,26.38,25.61,26.08,785200
20150304,26.08,26.29,25.74,26.12,478200
20150305,26.13,26.5,25.9,26.3,920300
20150306,26.27,26.83,26.18,26.21,693800
20150309,26.21,26.3,25.77,25.93,1200600
20150310,25.8,26.67,25.58,26.25,1227500
20150311,26.26,26.73,26.17,26.4,707000
20150312,26.48,27.42,26.48,26.88,1494300
20150313,26.87,26.99,26.48,26.77,833900
20150316,26.79,27.43,26.79,27.25,688500
20150317,27.21,28.1,26.81,27.83,1628500
20150318,27.83,28.79,27.46,28.58,1501300
20150319,28.49,28.93,27.97,28.45,1136200
20150320,28.52,29.12,28.52,28.79,1174700
20150323,28.73,29.22,28.58,29.02,619100
20150324,29.15,29.51,28.81,29.2,744200
20150325,29.27,29.47,28.91,29.12,821800
20150326,29,29.06,28.43,28.6,1099600
20150327,28.64,29.43,28.54,28.87,1718300
20150330,28.85,29.76,28.85,29.46,1161100
20150331,29.57,30.13,29.38,29.89,1330300
20150401,29.94,30.85,29.86,30.85,1861800
20150402,30.84,31.14,30.56,30.7,702500
20150406,30.69,31.37,30.46,30.55,936400
20150407,30.57,30.81,29.75,30.01,1664900
20150408,30.09,30.43,29.38,29.82,1329100
20150409,29.68,30.06,29.54,29.97,986800
20150410,29.96,30.03,29.57,30.03,928000
20150413,29.77,30.19,29.7,29.93,710300
20150414,29.94,30.42,29.92,30.23,927200
20150415,30.24,30.51,30.03,30.18,2858500
20150416,30.19,31.05,30,30.33,820100
20150417,30.32,30.65,30.14,30.65,548100
20150420,31.05,31.05,29.91,30.68,587400
20150422,30.68,31.22,30.45,30.99,1839400
20150423,31.04,31.12,30.89,31.02,689000
20150424,30.96,31.33,30.88,31.17,858600
20150427,31.02,31.53,30.5,30.8,1078700
20150428,30.94,31.23,30.68,31.07,539500
20150429,30.92,31.22,30.75,31.22,597000
20150430,31.35,31.41,30.37,31.09,1133200
20150504,30.95,31.51,30.77,31.51,1070400
20150505,31.54,32.07,31.47,31.78,941700
20150506,31.78,31.92,31.15,31.36,1397700
20150507,31.52,31.74,31.33,31.66,1882600
20150508,31.62,32.43,31.62,32.29,1842200
20150511,33.02,33.35,32.39,32.82,1111900
20150512,32.63,33.93,32.48,33.36,2400600
20150513,33.36,33.36,32.36,32.53,1739500
20150514,32.53,33.77,32.37,33.63,1945500
20150515,33.46,34.02,33.22,33.27,2054700
20150518,33.42,33.49,32.55,32.96,743900
20150519,32.96,33.16,31.77,32.19,1381900
20150520,32.05,33.1,32.04,32.92,22866200
20150521,33.15,33.37,32.78,32.82,872600
20150522,33.15,33.15,32.26,32.67,1657300
20150525,32.49,32.97,32.48,32.75,1483700
20150526,32.83,32.85,32.22,32.85,1197500
20150527,32.92,33.15,32.49,33.04,1482700
20150528,33.13,33.34,32.77,33.11,860100
20150529,33.28,33.28,32.37,32.81,1119700
20150601,32.94,33.43,32.6,33.29,964400
20150602,33.49,33.62,32.82,33.6,875900
20150603,33.61,33.88,33.23,33.75,690300
20150605,33.95,34.11,33.43,33.6,1463000
20150608,33.62,33.94,33.47,33.84,1408300
20150609,33.85,34.16,33.65,33.79,1177100
20150610,33.83,34.08,33.56,33.7,778200
20150611,33.86,33.86,32.87,32.87,881800
20150612,33.09,33.43,32.82,32.97,2146900
20150615,33.12,33.2,32.92,32.92,801900
20150616,33,33.45,32.97,33.36,950700
20150617,33.31,34.05,33.21,33.93,856300
20150618,34.16,34.38,33.67,34.04,843600
20150619,34.04,34.68,33.92,34.47,1631500
20150622,34.64,34.92,34.27,34.74,1102000
20150623,34.76,34.9,34.46,34.59,567500
20150624,34.59,34.73,34.16,34.29,373400
20150625,34.28,34.29,33.54,33.77,944800
20150626,33.93,34.31,33.78,34.05,469300
20150629,33.85,34.09,33.42,33.98,609700
20150630,34.14,34.54,33.71,34.15,1822800
20150701,34.25,35.04,33.76,35.04,1491500
20150702,35.1,35.81,34.96,35.04,950600
20150703,34.92,35.5,34.85,35.36,698900
20150706,35.36,35.71,34.86,35.4,855500
20150707,35.43,35.5,34.72,35.5,972200
20150708,35.67,35.67,35.11,35.51,987000
20150710,35.69,35.93,35.23,35.78,730600
20150713,35.79,35.92,35.4,35.59,841900
20150714,35.46,36.53,35.27,35.83,977500
20150715,36.01,36.2,35.72,36.16,1645600
20150716,36.06,36.37,36.03,36.32,740700
20150717,36.32,36.41,35.93,35.93,1540400
20150720,36.1,36.26,35.75,35.97,511000
20150721,36.24,36.24,35.75,35.83,969100
20150722,35.72,35.92,35.28,35.47,916600
20150723,35.31,35.58,34.72,34.85,1034200
20150724,34.51,34.79,33.73,34.79,850900
20150727,34.6,34.79,34.04,34.04,710500
20150728,34.08,34.63,33.94,34.39,1445400
20150729,34.25,34.96,34.05,34.96,836600
20150730,35.32,35.32,34.52,34.94,979300
20150731,33.94,34.07,33.19,33.99,3510200
20150803,33.92,34.61,33.92,34.08,2123000
20150804,34.08,34.67,33.79,34.03,1756300
20150805,34.44,34.61,34.06,34.3,829400
20150806,34.36,34.36,33.36,33.38,1284700
20150807,33.35,33.35,32.14,32.53,1560600
20150810,32.7,32.88,31.78,32.03,2250600
20150811,32.01,32.32,31.58,32.15,1506200
20150812,32.03,32.03,31.24,31.99,796200
20150813,31.81,32.53,31.81,32.53,1219000
20150814,33.01,33.89,32.84,33.55,6998700
20150817,33.6,34.65,33.38,34.04,2930100
20150818,34.23,34.91,33.69,34.67,1196000
20150819,34.52,34.79,33.96,34.47,2071200
20150820,34.29,34.65,34,34.14,2493700
20150821,34.22,34.3,33.41,33.5,1449700
20150824,32.7,33.18,31.98,32.53,1966300
20150825,32.96,34.14,32.96,33.6,2384200
20150826,33.65,34.15,33.49,33.99,2619400
20150827,33.87,35.16,33.87,34.67,2876300
20150828,34.33,34.67,34.08,34.67,1999800
20150831,34.71,34.71,33.37,34.33,15813800
20150901,34.29,34.76,32.84,32.92,3830400
20150902,32.93,33.91,31.47,32.3,5409500
20150903,32.3,33.51,32.21,32.74,2630500
20150904,32.16,32.67,31.57,31.75,7824600
20150908,32.42,32.42,31.3,31.54,1674500
20150909,32.06,32.27,31.35,31.66,1481700
20150910,30.65,31.82,30.65,31.11,1877000
20150911,30.82,32.44,30.82,32.37,1720600
20150914,32.72,33.71,32.33,33.44,1597000
20150915,33.57,33.94,32.26,33.35,1460400
20150916,33.37,34.49,33.37,34.38,1626800
20150917,33.71,35.06,33.65,34.47,2128800
20150918,33.94,34.45,32.92,33.34,5005700
20150921,32.88,33.64,32.88,33,1171400
20150922,32.16,33.68,32.16,33.47,4343900
20150923,33.42,33.96,32.86,33.21,2691000
20150924,32.21,33.39,32.11,33.02,5558000
20150925,33.41,33.59,32.55,32.55,1281900
20150928,32.7,33.09,32.29,32.35,1105400
20150929,32.35,33.34,32.35,32.94,1183500
20150930,33.79,33.9,32.81,32.88,2057100
20151001,33.18,33.55,32.15,32.61,1096600
20151002,32.35,33.77,32.33,33.47,1493800
20151005,33.96,34.12,33.06,33.06,1458300
20151006,33.07,33.75,32.77,33.02,1282900
20151007,33.68,33.85,33.09,33.5,1307600
20151008,33.48,33.82,33.26,33.33,1769900
20151009,33.73,33.93,33.27,33.58,1233000
20151013,33.56,34.42,33.24,33.5,1022400
20151014,33.32,33.98,32.74,33.16,1714800
20151015,33.17,34.01,33.03,33.61,1247200
20151016,33.61,33.94,33.16,33.4,1184900
20151019,33.39,34.13,33.13,34.1,1446700
20151020,34.09,34.39,33.23,33.89,1052700
20151021,33.88,34.12,32.57,32.67,2977000
20151022,32.83,33.67,32.82,33.23,1150700
20151023,33.23,33.87,33.2,33.2,910100
20151026,33.42,34.05,32.86,33.69,1231900
20151027,33.52,34.72,33.52,34.17,1337600
20151028,33.97,34.73,33.4,33.72,1177400
20151029,33.29,33.98,33.27,33.67,900300
20151030,33.56,34.08,33.39,33.39,1434700
20151103,33.41,34.54,33.41,33.95,1343600
20151104,34.29,35.5,34.29,34.91,3207300
20151105,34.93,35.48,34.88,35.2,2036900
20151106,34.99,36,34.85,35.3,1713600
20151109,35.43,35.47,34.57,34.88,1205400
20151110,34.86,35.77,34.58,35.6,2115800
20151111,35.85,36.39,35.79,35.79,987900
20151112,35.98,36.77,35.44,36.12,1080700
20151113,35.82,36.88,35.82,36.46,1613200
20151116,36.26,36.62,36.26,36.35,921500
20151117,36.79,36.81,35.87,35.97,1046500
20151118,36.19,36.8,35.71,36.01,583100
20151119,36.34,36.55,35.58,35.9,1664400
20151123,36.21,36.77,35.85,35.85,1039800
20151124,35.66,36.32,35.58,36.27,728100
20151125,35.65,35.94,34.86,35.33,2500600
20151126,35.56,35.74,35.02,35.38,703500
20151127,35.37,35.37,33.8,33.81,3512300
20151130,33.6,34.71,33.6,34.08,3257600
20151201,34,34.29,33.31,33.35,2034700
20151202,33.32,34.2,32.82,33.09,4844900
20151203,33.8,34.57,33.41,34.13,1689000
20151204,33.89,34.29,33.24,33.92,1545200
20151207,34.08,34.84,33.91,34.34,843300
20151208,34.34,34.77,33.68,34.38,1114700
20151209,34.71,35.88,34.49,35.25,2587100
20151210,35.4,35.4,34.04,34.72,820700
20151211,34.46,35.67,34.36,34.81,938100
20151214,34.65,34.95,33.71,34.08,1030700
20151215,34.26,35.04,33.96,34.04,654200
20151216,33.79,34.34,33.38,34,1600200
20151217,34.24,35.19,34.05,34.05,808400
20151218,33.8,33.99,33.04,33.69,2558200
20151221,33.52,34.04,33.04,33.89,1610300
20151222,34.04,34.05,33.42,33.59,1181000
20151223,33.87,34.44,33.6,34.31,931700
20151228,34.56,35.29,34.13,34.13,632700
20151229,34.14,34.49,33.83,33.9,930900
20151230,33.93,34.16,33.16,33.53,1739300
20160104,33.19,33.44,32.15,32.32,2107000
20160105,32.25,33.88,32.24,33.88,1505700
20160106,33.35,34.51,33.35,34.08,1253600
20160107,33.65,34.13,32.79,33.14,1752200
20160108,33.49,33.99,33.26,33.59,1250100
20160111,33.49,34.2,33.49,33.53,1637200
20160112,33.46,34.3,33.34,33.77,1984100
20160113,33.93,34.21,33.5,33.88,994000
20160114,33.83,34.16,33.04,33.15,1050000
20160115,32.49,33.12,32.49,32.56,1433100
20160118,32.4,33.35,32.4,32.57,1230300
20160119,33.23,33.59,32.51,32.56,736000
20160120,32.4,33.22,31.94,32.46,1125800
20160121,32.51,33.3,32.3,33.1,1037500
20160122,33.21,34.05,33.21,33.5,1291800
20160126,33.37,33.69,32.62,33.22,1116900
20160127,33.36,34.24,33.3,33.63,1312200
20160128,33.8,34.15,33.09,33.94,967100
20160129,34.12,35.87,34.12,35.42,1842600
20160201,35.22,36.1,34.81,35.6,1130700
20160202,35.43,35.8,34.6,34.91,961800
20160203,35.13,35.54,34.43,35.16,1337100
20160204,35.4,35.85,35.16,35.69,1383500
20160205,35.78,36.14,35.48,35.66,763500
20160210,35.79,36.09,35.32,35.32,679700
20160211,35.08,35.72,34.86,35.08,1305700
20160212,35.32,35.57,34.87,35.1,1191100
20160215,35.27,35.59,35.06,35.34,719300
20160216,35.49,35.61,34.83,35.39,780800
20160217,35.64,36.6,35.38,35.93,1399700
20160218,35.74,36.62,35.58,36.15,953900
20160219,35.66,36.56,35.66,36.2,926400
20160222,36.65,37.83,36.48,36.51,1307600
20160223,36.64,36.82,35.66,36.34,1599600
20160224,36.16,36.64,35.81,36.5,744400
20160225,36.32,37.27,36.23,37.18,1427500
20160226,37.37,37.91,36.65,37.27,1023500
20160229,37.82,37.9,37.15,37.5,1404500
20160301,37.75,37.84,36.64,37.21,1346700
20160302,37.38,37.38,36.55,37.26,1091900
20160303,37.53,39.17,37.17,38.42,1845500
20160304,38.59,39.9,38.59,38.76,2648900
20160307,39.27,39.29,38.13,38.52,1262400
20160308,38.65,39.05,38.39,38.98,1766700
20160309,39.25,39.6,38.73,39.02,806500
20160310,39.29,40.2,39.05,39.66,1039000
20160311,39.85,39.89,39.17,39.76,2699300
20160314,39.49,39.95,37.72,38.29,2042200
20160315,38.18,38.29,37.54,38.2,713500
20160316,37.94,38.63,37.47,38.51,1338000
20160317,39.65,39.95,38.91,39.04,1673700
20160318,39.36,39.8,39.13,39.56,1786100
20160321,39.76,40,39.49,39.58,930600
20160322,39.85,40.34,39.56,39.99,977500
20160323,39.82,40.06,39.55,39.85,921300
20160324,39.42,39.93,38.98,39.58,614500
20160328,40.02,40.49,39.79,40.12,673700
20160329,40.04,40.68,39.74,39.76,1532200
20160330,40.02,40.62,39.9,40.32,714700
20160331,40.03,40.66,39.53,40.11,1714400
20160401,39.63,40.38,39.5,39.68,1144700
20160404,39.34,39.63,38.39,38.65,999900
20160405,38.3,38.96,38.04,38.64,1034700
20160406,38.11,38.53,37.62,37.99,952000
20160407,38.23,38.6,37.8,38.53,1133200
20160408,38.84,39.56,38.84,38.98,971200
20160411,39.24,39.45,38.45,38.59,685700
20160412,38.97,39.86,38.68,39.25,1321100
20160413,40,40.38,39.63,39.66,1076600
20160414,39.76,40.16,39,39.35,1187100
20160415,38.93,40.21,38.93,39.45,1379100
20160418,39.68,40.78,39.31,40.26,967700
20160419,40.46,41.67,40.29,41.56,1607000
20160420,41.41,41.69,40.75,41.51,983600
20160422,41.29,41.54,40.88,41.51,941700
20160425,41.61,42.01,40.72,41.05,854600
20160426,41.26,41.69,41.16,41.33,918200
20160427,41.51,42.37,41.23,42.17,934000
20160428,41.97,42.59,41.97,42.45,754700
20160429,42.21,42.57,41.74,42.34,1153900
20160502,42.14,42.47,41.78,42.22,560700
20160503,41.78,42.8,41.64,42.2,991200
20160504,42.19,42.56,41.71,42.56,674900
20160505,42.55,42.83,42.25,42.25,588800
20160506,42.1,43.01,42.1,42.85,799200
20160509,42.57,43.88,42.57,43.8,2929300
20160510,44.22,44.48,43.19,44.39,1087900
20160511,44.99,45.29,44.35,44.6,1691600
20160512,44.54,46.44,44.5,45.24,1726700
20160513,44.22,45.12,43.57,44.3,2418600
20160516,44.09,45.74,44.05,45.08,1339400
20160517,44.99,45.54,44.21,44.39,1114000
20160518,44.06,44.82,43.95,44.4,963900
20160519,44.19,45.43,44.08,45.14,1162400
20160520,45.48,46,45.24,45.5,908900
20160523,45.05,45.67,44.7,45.34,970000
20160524,45.56,46.31,44.7,44.98,1076100
20160525,45.2,45.78,44.85,45.09,850200
20160527,45.31,46.33,44.87,45.14,700900
20160530,44.98,45.83,44.98,45.24,551100
20160531,45.07,45.83,44.93,45.39,2559800
20160601,45.46,46.26,45.23,45.39,747600
20160602,45.49,46.11,45.29,45.69,1142700
20160603,45.91,46.62,45.57,46.29,671100
20160606,46.19,46.8,45.57,46.14,1238600
20160607,46.44,46.99,45.86,46.31,867100
20160608,46.54,46.96,46.37,46.44,1375800
20160609,46.43,46.92,46.08,46.76,799300
20160610,46.57,46.79,46.02,46.02,753700
20160613,45.62,46.68,45.56,46.56,541200
20160614,46.56,47.07,45.22,45.93,1058800
20160615,45.71,46.54,45.5,45.94,884100
20160616,45.9,47.48,45.66,47.21,834200
20160617,47.24,47.56,47.04,47.27,1439700
20160620,47.6,48.3,47.45,47.86,938100
20160621,47.98,48.2,46.49,47.06,1126000
20160622,46.98,47.91,46.41,47.24,1849500
20160623,47.38,47.82,47.09,47.31,1156300
20160624,46.36,46.98,45.88,46.39,958700
20160627,46.24,46.59,45.25,45.59,1313000
20160628,46.15,47.3,46,46.89,2007300
20160629,47.22,48.17,47.22,47.77,1101900
20160630,47.56,49.4,47.54,48.43,1610500
20160701,48.67,49.05,48.03,48.58,1108400
20160704,48.57,49.69,48.16,48.48,944200
20160705,48.19,49.52,47.93,49.25,1277900
20160706,49.37,49.47,48.26,48.84,1079600
20160707,49.09,49.53,48.38,49.47,1191300
20160708,49.66,50.02,49.27,49.37,1500700
20160711,49.49,50.02,49.17,49.42,1032300
20160712,49.97,50.26,49.46,49.67,1068300
20160713,49.44,50.42,49.43,49.92,1622200
20160714,50.27,50.42,48.72,49.42,1376700
20160715,49.19,49.48,48.65,48.89,1295100
20160718,49.12,50.97,48.58,50.19,3381000
20160719,49.88,51.04,49.88,50.79,1803400
20160720,50.93,51.12,49.5,49.5,1291200
20160721,49.53,50.1,49.1,49.17,991400
20160722,49.17,51,49.17,50.87,1666400
20160725,50.98,53.22,50.89,52.98,1689800
20160726,53.14,54.06,52.67,53.84,1332500
20160727,53.71,54.29,53.03,53.4,1155000
20160728,53.11,54.7,53.11,54.7,1624100
20160729,54.57,55.64,54.21,55.28,1065400
20160801,55.31,55.43,53.9,54.15,1002100
20160802,54.11,54.38,53.15,53.6,1322200
20160803,53.23,54.03,52.93,53.37,622000
20160804,53.58,54.83,53.04,54.83,837300
20160805,55.04,55.04,54.28,54.63,825900
20160808,54.35,55.01,53.46,53.75,498600
20160809,54.05,54.17,52.85,53,766500
20160810,53.31,53.82,52.61,52.76,669900
20160811,52.6,53.24,52.59,52.96,986200
20160812,53.23,53.58,51.61,52.05,545500
20160815,52.08,52.39,51.34,52.04,911800
20160816,51.51,52.3,50.71,51.46,1104600
20160817,51.08,51.96,50.5,51.9,1002500
20160818,51.9,52.06,50.78,51.62,1201100
20160819,51.19,51.89,50.73,51.64,1417100
20160822,51.28,51.73,50.15,50.27,856500
20160823,50.39,51.46,50.33,50.77,659200
20160824,50.17,50.83,49.91,50.18,525500
20160825,50.19,51.17,50.19,50.98,535000
20160826,51.16,52.46,49.49,50.22,1464800
20160829,50.32,52.03,50.32,51.37,1157800
20160830,51.07,51.22,50.49,51.22,631900
20160831,51.01,51.47,49.39,50.34,1988700
20160901,50.54,51.2,49.89,51.2,1086400
20160902,51.11,51.89,50.98,51.36,1381500
20160905,51.56,51.76,50.84,51.16,299700
20160906,51.6,51.91,50.7,51.9,648800
20160908,51.96,52,51.26,51.74,1017600
20160909,51.25,51.5,49.58,49.96,1301900
20160912,49.58,50.81,49.4,50.46,726500
20160913,49.94,50.14,49.32,49.52,1738000
20160914,49.34,49.99,49.16,49.27,857200
20160915,49.21,50.48,49.21,50.17,722300
20160916,50.17,50.23,49.31,49.38,727700
20160919,49.77,50.16,49.25,49.77,530900
20160920,49.77,51.46,49.77,51.11,830200
20160921,51.48,51.72,50.81,51.51,994400
20160922,52.2,52.57,51.46,52.11,806800
20160923,51.81,52.98,51.72,52.06,712900
20160926,51.58,52.02,50.49,50.77,587500
20160927,51.06,51.76,50.65,51.26,563800
20160928,51.26,52.3,51.26,52.01,849900
20160929,52.27,52.27,50.87,50.87,529700
20160930,50.9,51.44,50.09,50.09,1232900
20161003,50.09,51.29,49.82,51.07,1078000
20161004,50.87,51.29,49.97,50.98,999500
20161005,51.26,51.75,50.89,51.21,665700
20161006,51.24,51.69,50.57,51.32,673200
20161007,51.59,51.93,50.59,50.59,1093600
20161010,51.1,51.29,50.46,51.19,598600
20161011,51.16,51.39,49.83,50.37,1134400
20161013,50,52.4,50,52.11,2127700
20161014,52.61,52.75,51.66,52.09,708000
20161017,52.09,52.87,51.76,52.84,625100
20161018,52.86,52.86,52.19,52.57,2246000
20161019,52.37,52.63,51.84,52.32,1124600
20161020,51.92,53.68,51.73,53.35,1130400
20161021,52.89,54.07,52.78,53.82,1046100
20161024,54.07,54.08,53.39,53.85,741100
20161025,53.75,54.48,53.11,53.52,927800
20161026,53.35,54.69,53.28,54.3,1991700
20161027,54.62,55.52,54.02,54.15,1397100
20161028,53.89,55.24,52.54,55.24,2428000
20161031,55.32,56.98,55.32,56.68,2464500
20161101,56.75,56.96,55.38,55.44,1397300
20161103,55.42,56.45,54.36,54.56,1084500
20161104,54.36,56.24,54.05,55.22,1098400
20161107,55.41,56.61,55.13,55.9,723800
20161108,55.44,56.84,55.39,56.09,813200
20161109,53.95,56.16,53.93,55.75,765700
20161110,55.78,56.16,52.65,53.49,1591200
20161111,52.67,53.51,50.54,52.21,3292600
20161114,51.53,52.46,50.55,52.46,1998500
20161116,53.22,53.37,51.12,51.77,1426200
20161117,51.6,52.6,51.14,51.61,1106000
20161118,51.66,52.69,51.27,52.38,696400
20161121,52.38,53.15,51.42,53.15,962700
20161122,53.79,53.79,51.86,52.46,941000
20161123,52.01,52.45,50.93,51.86,944300
20161124,51.71,52.45,51.44,51.46,324700
20161125,51.01,52.26,50.45,52.02,1043700
20161128,51.9,52.26,51.13,51.8,1082500
20161129,51.25,52.92,51.03,51.03,1126400
20161130,51.79,52.25,50.69,52.25,3400900
20161201,51.11,51.85,49.37,50.28,2274200
20161202,49.52,52.19,48.8,51.47,1586000
20161205,51.49,52.73,50.47,50.82,1264500
20161206,50.57,52.26,50.06,52.26,1372900
20161207,52.53,52.89,50.87,52.37,1260800
20161208,52.2,53.36,51.11,52.46,1530500
20161209,52.72,52.76,51.42,51.77,895100
20161212,51.35,51.55,50.79,51.21,771500
20161213,50.81,52.36,50.81,52.26,1067400
20161214,52.36,52.74,50.68,51.31,1343200
20161215,51.2,51.78,50.68,51.46,1067600
20161216,51.47,53.25,50.96,52.81,1419400
20161219,53.21,54.71,52.46,52.69,1912700
20161220,52.77,53.99,51.42,51.85,1841200
20161221,51.98,52.87,51.61,52.49,1080900
20161222,52.49,53.41,51.87,52.86,858700
20161223,52.67,53.26,52.31,52.36,855700
20161226,52.67,53.14,52.06,52.76,276200
20161227,53.2,53.53,52.56,53.2,507600
20161228,53.21,54.39,52.86,54.31,586200
20161229,54.5,54.96,54.04,54.4,1025100
20170102,54.4,55.48,53.82,54.75,400700
20170103,55.36,55.36,54.4,54.64,1235100
20170104,54.39,55.42,54.13,54.85,2133500
