<DTYYYYMMDD>,<OPEN>,<HIGH>,<LOW>,<CLOSE>,<VOL>
20100601,5.3,5.45,5.29,5.33,5400
20100602,5.38,5.44,5.38,5.44,762900
20100604,5.44,5.63,5.37,5.63,762900
20100607,5.63,5.8,5.63,5.72,22800
20100608,5.64,5.64,5.55,5.63,4500
20100609,5.63,5.71,5.5,5.5,14400
20100610,5.89,5.89,5.58,5.63,94500
20100611,5.63,5.69,5.63,5.69,37800
20100614,5.67,5.83,5.67,5.69,99000
20100615,5.69,5.76,5.69,5.69,631800
20100616,5.69,5.69,5.69,5.69,6300
20100617,5.69,5.69,5.54,5.63,62700
20100618,5.66,5.69,5.55,5.55,559200
20100621,5.55,5.55,5.51,5.55,222300
20100622,5.69,5.69,5.55,5.55,8100
20100623,5.66,5.66,5.38,5.38,579000
20100624,5.55,5.55,5.27,5.27,64200
20100625,5.41,5.49,5.3,5.43,3300
20100628,5.59,5.59,5.27,5.27,191400
20100629,5.27,5.46,5.27,5.27,241800
20100630,5.58,5.58,5.33,5.58,43800
20100701,5.48,5.76,5.48,5.76,152100
20100705,5.69,5.72,5.69,5.72,16200
20100706,5.71,5.72,5.71,5.72,25500
20100707,5.72,5.72,5.66,5.72,22200
20100708,5.73,5.76,5.73,5.76,13500
20100712,5.69,5.69,5.69,5.69,45000
20100713,5.55,5.76,5.55,5.76,88500
20100715,5.66,5.67,5.58,5.67,50400
20100716,5.62,5.62,5.58,5.58,622200
20100719,5.62,5.76,5.62,5.76,787200
20100720,5.69,5.76,5.69,5.76,77100
20100721,5.76,5.76,5.76,5.76,11400
20100722,5.76,5.97,5.76,5.83,1070700
20100723,5.75,5.83,5.69,5.69,66000
20100726,5.69,5.83,5.55,5.6,107400
20100727,5.62,5.62,5.6,5.6,15300
20100728,5.69,5.83,5.55,5.72,86400
20100729,5.61,5.85,5.58,5.83,17400
20100730,5.59,5.83,5.59,5.82,32100
20100802,5.69,5.79,5.65,5.65,32400
20100803,5.63,5.63,5.63,5.63,1200
20100804,5.5,5.8,5.5,5.8,24600
20100805,5.65,5.83,5.62,5.62,34800
20100806,5.79,5.97,5.79,5.97,13500
20100809,5.95,6.05,5.95,6.05,22500
20100810,6.05,6.1,6.01,6.02,74100
20100811,5.55,5.55,5.41,5.45,36000
20100812,5.65,5.73,5.38,5.55,60000
20100813,5.55,5.69,5.45,5.45,42600
20100816,5.55,5.55,5.49,5.52,19200
20100817,5.52,5.54,5.44,5.51,105900
20100818,5.54,5.55,5.48,5.51,111000
20100819,5.5,5.51,5.47,5.49,88200
20100820,5.51,5.55,5.48,5.52,24300
20100823,5.52,5.55,5.44,5.48,57300
20100824,5.49,5.49,5.39,5.4,42000
20100825,5.4,5.47,5.37,5.37,71100
20100826,5.37,5.49,5.33,5.38,60600
20100827,5.39,5.44,5.34,5.43,132300
20100830,5.34,5.35,5.33,5.34,37200
20100831,5.27,5.27,5.2,5.21,274200
20100901,5.28,5.28,5.2,5.22,18000
20100902,5.24,5.24,5.08,5.16,33900
20100903,5.2,5.21,4.91,4.97,102900
20100906,4.99,5.12,4.99,5.02,95700
20100908,5.01,5.01,4.91,4.92,209100
20100909,4.94,4.97,4.82,4.84,763200
20100910,4.84,5.05,4.82,5.05,3906900
20100913,5.06,5.1,5.04,5.1,197400
20100914,5.16,5.38,5.16,5.29,1022400
20100915,5.27,5.49,5.27,5.29,799200
20100916,5.29,5.52,5.29,5.46,716400
20100917,5.46,5.62,5.37,5.49,1082700
20100920,5.49,5.55,5.43,5.43,144900
20100921,5.36,5.41,5.3,5.37,304500
20100922,5.3,5.35,5.25,5.27,61800
20100923,5.27,5.27,5.18,5.27,54000
20100924,5.19,5.28,5.16,5.16,227700
20100927,5.11,5.27,4.99,5.1,945300
20100928,5.13,5.17,5.06,5.12,485100
20100929,5.13,5.27,5.13,5.23,1241100
20100930,5.27,5.39,5.19,5.39,2815800
20101001,5.83,6.12,5.69,6.04,19709700
20101004,5.91,5.99,5.81,5.96,7477500
20101005,5.97,6.34,5.96,6.22,2862300
20101006,6.16,6.34,6.13,6.27,1410300
20101007,6.24,6.49,6.23,6.49,2492100
20101008,6.51,6.52,6.42,6.52,2446200
20101011,6.39,6.52,6.38,6.52,1050900
20101013,6.52,6.58,6.41,6.58,879900
20101014,6.58,6.58,6.47,6.58,1765500
20101015,6.49,6.55,6.47,6.55,438600
20101018,6.49,6.59,6.49,6.59,1445400
20101019,6.47,6.66,6.44,6.56,1913100
20101020,6.67,6.78,6.6,6.75,761100
20101021,6.87,7.05,6.8,7.03,4724700
20101022,7.04,7.13,6.93,7.13,835500
20101025,7.27,7.38,7.02,7.13,471900
20101026,7.15,7.38,6.99,7.34,1421400
20101027,7.35,7.35,7.13,7.13,410100
20101028,7.13,7.3,7.1,7.19,678300
20101029,7.15,7.15,6.94,7.05,1209300
20101101,7.07,7.17,6.94,7.1,513900
20101103,7.16,7.27,6.99,7.27,203700
20101104,7.15,7.26,7.12,7.17,500100
20101105,7.21,7.28,7.05,7.2,459600
20101108,7.21,7.21,7.14,7.17,447900
20101109,7.2,7.2,7.05,7.13,515700
20101110,7.13,7.19,6.94,7.13,313800
20101111,7.21,7.36,7,7.24,1233000
20101112,7.26,7.35,7.2,7.22,1953600
20101116,7.49,7.49,7.38,7.38,547500
20101117,7.33,7.38,7.33,7.35,501900
20101118,7.49,7.49,7.39,7.4,779400
20101119,7.44,7.48,7.19,7.48,118200
20101122,7.48,7.48,7.45,7.47,185100
20101123,7.44,7.44,7.33,7.38,1285500
20101124,7.35,7.56,7.34,7.42,825000
20101125,7.42,7.48,7.42,7.48,64800
20101126,7.45,7.57,7.45,7.52,278400
20101129,7.49,7.49,7.22,7.3,785700
20101130,7.47,7.53,7.41,7.53,1301700
20101201,7.59,7.59,7.49,7.52,678600
20101202,7.53,7.58,7.3,7.47,417300
20101203,7.44,7.49,7.09,7.09,588900
20101206,7.15,7.3,6.98,7.22,687000
20101207,7.35,7.46,7.13,7.2,537300
20101208,7.24,7.29,6.85,6.98,540600
20101209,7.07,7.07,6.76,6.84,734700
20101210,6.97,7.19,6.9,6.98,594900
20101213,7.1,7.1,6.94,7.07,872700
20101214,7.02,7.06,6.8,7.06,809700
20101215,7.12,7.13,6.98,7.07,798000
20101216,7.08,7.12,6.82,7.03,753000
20101217,7.08,7.31,7.03,7.31,924300
20101220,7.31,7.51,7.1,7.42,155400
20101221,7.38,7.44,7.18,7.22,167700
20101222,7.22,7.38,6.91,7.22,787800
20101223,7.32,7.49,7.26,7.39,265200
20101227,7.4,7.41,7.3,7.41,218400
20101228,7.44,7.45,7.33,7.38,95700
20101229,7.39,7.39,7.24,7.38,119400
20101230,7.35,7.49,7.33,7.49,764100
20110103,7.4,7.49,7.22,7.41,825300
20110104,7.41,7.43,7.31,7.4,663300
20110105,7.39,7.49,7.27,7.42,305100
20110106,7.39,7.4,7.3,7.38,186300
20110107,7.37,7.37,7.15,7.35,243000
20110110,7.44,7.44,7.16,7.22,566100
20110111,7.29,7.39,7.17,7.22,653100
20110112,7.22,7.35,7.22,7.24,614700
20110113,7.3,7.38,7.15,7.38,427500
20110114,7.37,7.42,7.23,7.24,459900
20110117,7.25,7.27,6.94,7.27,818700
20110118,7.27,7.3,7.11,7.22,7364100
20110119,7.16,7.32,7.16,7.22,396900
20110120,7.22,7.22,7.15,7.16,295200
20110121,7.19,7.19,7.06,7.1,825000
20110124,7.11,7.21,7.08,7.21,1554300
20110126,7.11,7.2,6.95,7.13,2241600
20110127,7.06,7.12,6.94,7.05,1067700
20110128,7.05,7.05,6.69,6.87,516300
20110131,6.95,6.95,6.49,6.66,957300
20110201,6.78,6.78,6.58,6.72,255300
20110202,6.72,6.73,6.53,6.72,1157400
20110203,6.61,6.62,6.5,6.6,468600
20110204,6.6,6.61,6.38,6.38,903600
20110207,6.52,6.52,6.22,6.27,2346000
20110208,6.16,6.24,5.97,6.19,1071300
20110209,6.08,6.26,6.08,6.22,922500
20110210,6.16,6.28,6.02,6.05,1810800
20110211,6.02,6.16,5.87,6.16,1642200
20110214,6.22,6.54,6.22,6.49,1215000
20110215,6.65,6.66,6.47,6.66,200100
20110216,6.66,6.74,6.66,6.66,946800
20110217,6.59,6.74,6.52,6.74,388500
20110218,6.58,6.74,6.53,6.74,628200
20110221,6.62,6.8,6.62,6.75,85800
20110222,6.78,6.88,6.7,6.74,178500
20110223,6.67,6.77,6.59,6.66,198300
20110224,6.66,6.66,6.57,6.63,28500
20110225,6.66,6.74,6.51,6.63,335700
20110228,6.63,6.8,6.63,6.74,794700
20110301,6.8,6.93,6.8,6.93,319200
20110302,6.94,7.35,6.94,7.35,573900
20110303,7.23,7.49,7.22,7.49,409800
20110304,7.47,7.48,7.2,7.48,153000
20110309,7.51,7.69,7.44,7.69,241200
20110310,7.63,7.64,7.44,7.58,368700
20110311,7.58,7.58,7.46,7.58,408600
20110314,7.63,7.7,7.4,7.53,622200
20110315,7.49,7.5,7.26,7.4,877200
20110316,7.47,7.47,7.24,7.37,469800
20110317,7.49,7.49,7.24,7.24,178500
20110318,7.24,7.35,7.02,7.2,483600
20110321,7.2,7.27,7.13,7.17,350700
20110322,7.11,7.13,6.94,6.94,523800
20110323,6.94,7.02,6.8,6.9,176400
20110324,6.94,6.99,6.77,6.94,94500
20110325,6.94,7.04,6.78,6.8,432900
20110328,6.88,6.92,6.58,6.66,790500
20110329,6.66,6.74,6.63,6.72,197400
20110330,6.74,6.9,6.66,6.81,572100
20110331,6.93,7.43,6.93,7.35,729300
20110401,7.48,7.65,7.11,7.13,852600
20110404,7.24,7.24,6.74,6.94,435600
20110405,7.01,7.01,6.69,6.75,635700
20110406,6.81,6.88,6.69,6.84,138600
20110407,6.91,7.02,6.64,6.8,436500
20110408,6.84,6.89,6.74,6.8,290700
20110411,6.81,6.85,6.74,6.77,557700
20110412,6.72,6.77,6.66,6.72,308400
20110413,6.77,6.77,6.44,6.52,531300
20110414,6.47,6.55,6.24,6.35,6119400
20110415,6.34,6.6,6.34,6.49,9426900
20110418,6.52,6.52,6.35,6.38,1137600
20110419,6.42,6.49,6.35,6.49,1159500
20110420,6.62,6.62,6.38,6.51,533400
20110425,6.48,6.6,6.44,6.6,171900
20110426,6.55,6.55,6.47,6.47,44100
20110427,6.47,6.51,6.3,6.41,517800
20110428,6.49,6.57,6.37,6.37,1253700
20110429,6.46,6.61,6.32,6.51,1342800
20110502,6.74,6.8,6.58,6.65,455700
20110503,6.65,6.65,6.47,6.65,56400
20110504,6.65,6.65,6.46,6.63,192600
20110505,6.56,6.73,6.53,6.68,542400
20110506,6.76,6.8,6.58,6.79,563400
20110509,6.79,6.79,6.56,6.57,507300
20110510,6.74,6.74,6.45,6.54,570300
20110511,6.54,6.57,6.31,6.43,670800
20110512,6.3,6.53,6.29,6.46,333000
20110513,6.64,6.65,6.32,6.36,713100
20110516,6.42,6.42,6.05,6.12,1280400
20110517,6.01,6.2,5.97,6.13,1302000
20110518,6.13,6.28,6.13,6.2,915600
20110519,6.28,6.29,6.14,6.29,2326800
20110520,6.29,6.29,6.12,6.23,1845900
20110523,6.2,6.22,6.06,6.06,191700
20110524,6.06,6.06,5.86,5.94,989700
20110525,5.95,6.23,5.9,6.23,1171800
20110526,6.28,6.45,6.2,6.42,658500
20110527,6.32,6.37,6.25,6.29,369000
20110530,6.27,6.43,6.24,6.39,101100
20110531,6.43,6.71,6.35,6.57,1647600
20110601,6.6,6.71,6.43,6.47,608700
20110602,6.5,6.52,6.26,6.5,682800
20110603,6.54,6.78,6.4,6.68,625500
20110606,6.51,6.73,6.48,6.73,231000
20110607,6.75,6.76,6.61,6.63,630900
20110608,6.57,6.58,6.43,6.54,406800
20110609,6.46,6.51,6.39,6.43,534600
20110610,6.53,6.65,6.36,6.51,83400
20110613,6.51,6.62,6.26,6.26,623100
20110614,6.37,6.37,6.08,6.09,988500
20110615,5.98,6.23,5.93,6.23,979500
20110616,6.23,6.27,5.89,5.95,798000
20110617,6.08,6.08,5.63,5.69,2044800
20110620,5.66,5.91,5.66,5.86,541800
20110621,5.91,5.97,5.81,5.87,460500
20110622,5.87,5.87,5.74,5.75,266100
20110624,5.72,5.82,5.53,5.53,681300
20110627,5.65,5.7,5.47,5.7,1400700
20110628,5.67,5.74,5.63,5.68,1288500
20110629,5.74,5.75,5.57,5.59,791100
20110630,5.65,5.71,5.6,5.66,1689000
20110701,5.69,5.78,5.58,5.78,770100
20110704,5.78,5.94,5.69,5.75,270000
20110705,5.84,5.94,5.78,5.84,488700
20110706,5.8,5.81,5.66,5.78,102900
20110707,5.78,5.93,5.67,5.83,565200
20110708,5.82,5.89,5.69,5.8,325500
20110711,5.79,5.79,5.58,5.61,248100
20110712,5.61,5.66,5.54,5.66,905700
20110713,5.68,5.79,5.6,5.69,245400
20110714,5.7,5.92,5.54,5.77,465900
20110715,5.8,5.8,5.67,5.75,156300
20110718,5.75,5.75,5.6,5.66,364800
20110719,5.69,5.69,5.57,5.61,317700
20110720,5.63,5.66,5.48,5.48,823500
20110721,5.57,5.64,5.4,5.46,598500
20110722,5.46,5.52,5.3,5.46,1612500
20110725,5.46,5.59,5.46,5.5,474000
20110726,5.53,5.53,5.33,5.44,1038600
20110727,5.43,5.43,5.29,5.35,345000
20110728,5.38,5.38,5.27,5.29,206400
20110729,5.27,5.49,5.25,5.44,580500
20110801,5.52,5.52,5.38,5.42,857100
20110802,5.42,5.42,5.12,5.17,607200
20110803,5.25,5.25,4.76,5.07,1233900
20110804,4.98,4.98,4.79,4.83,3221100
20110805,4.9,4.93,4.47,4.67,524100
20110808,4.59,4.59,4.32,4.32,605100
20110809,4.47,5.12,4.12,4.51,789300
20110810,4.43,4.54,4.4,4.54,246000
20110811,4.5,5,4.48,4.87,383400
20110812,4.95,5.07,4.81,5.04,576600
20110815,5.12,5.15,5.02,5.07,516600
20110816,5.09,5.09,4.97,5.05,822900
20110817,5.04,5.24,5.04,5.11,546000
20110818,5.02,5.12,4.9,5.1,261900
20110819,5.07,5.1,5.02,5.05,123300
20110822,5.1,5.27,5.07,5.18,1310400
20110823,5.21,5.26,5.05,5.13,182100
20110824,5.12,5.14,4.77,5.04,543900
20110825,5.05,5.14,5.01,5.07,495900
20110826,5.09,5.09,4.95,5.01,543000
20110829,5.07,5.23,4.93,5.05,659700
20110830,5.07,5.18,5.07,5.12,1201200
20110831,5.23,5.23,5.08,5.15,200100
20110901,5.12,5.29,5.08,5.19,1986900
20110902,5.19,5.19,5.13,5.15,270600
20110905,5.07,5.07,4.92,4.94,153000
20110906,4.86,4.96,4.61,4.9,315900
20110908,5,5,4.8,4.83,1085100
20110909,4.8,4.96,4.8,4.87,288600
20110912,4.81,5.06,4.67,4.73,553500
20110913,4.74,4.81,4.69,4.73,407700
20110914,4.73,4.73,4.55,4.72,396600
20110915,4.67,4.84,4.67,4.83,633900
20110916,4.81,4.9,4.81,4.87,450900
20110919,4.8,4.87,4.28,4.74,2094600
20110920,4.68,4.78,4.68,4.71,561600
20110921,4.73,4.78,4.57,4.75,724500
20110922,4.74,4.74,4.31,4.42,1374600
20110923,4.42,4.49,4.25,4.38,601500
20110926,4.44,4.44,4.32,4.34,591000
20110927,4.39,4.69,4.39,4.58,1555800
20110928,4.59,4.59,4.46,4.5,1563000
20110929,4.55,4.56,4.45,4.56,862200
20110930,4.56,4.67,4.42,4.67,816600
20111003,4.65,4.81,4.54,4.81,665400
20111004,4.81,4.88,4.48,4.56,2951100
20111005,4.64,4.97,4.6,4.78,1366800
20111006,4.81,5.1,4.81,5.08,499200
20111007,5.07,5.12,4.86,4.97,517800
20111010,4.95,5.25,4.95,5.15,741300
20111011,5.14,5.18,5.1,5.18,298800
20111013,5.27,5.39,4.97,5.16,632100
20111014,5.23,5.31,5.19,5.26,363000
20111017,5.11,5.29,5.08,5.12,646200
20111018,5.12,5.26,5.12,5.21,519300
20111019,5.21,5.52,5.21,5.38,524700
20111020,5.35,5.4,5.31,5.38,231900
20111021,5.39,5.45,5.34,5.39,69600
20111024,5.41,5.55,5.37,5.55,417000
20111025,5.46,5.54,5.46,5.51,390000
20111026,5.52,5.61,5.52,5.59,114600
20111027,5.62,5.66,5.56,5.66,272400
20111028,5.59,5.7,5.52,5.69,316200
20111031,5.52,5.86,5.52,5.67,444300
20111101,5.67,5.67,5.5,5.61,139200
20111103,5.64,5.69,5.47,5.54,751800
20111104,5.58,5.58,5.35,5.42,662700
20111107,5.42,5.5,5.37,5.42,154500
20111108,5.51,5.55,5.15,5.27,426000
20111109,5.24,5.29,5.12,5.25,333600
20111110,5.28,5.45,4.99,5.07,800700
20111111,5.12,5.38,5.1,5.28,820800
20111114,5.25,5.44,5.21,5.43,114600
20111116,5.28,5.43,5.28,5.33,351300
20111117,5.29,5.36,5.21,5.25,145200
20111118,5.34,5.34,4.98,5.13,674100
20111121,5.14,5.18,5.06,5.17,141300
20111122,5.1,5.18,5.1,5.11,386100
20111123,5.02,5.12,5.02,5.11,579000
20111124,5.13,5.17,5.1,5.17,31200
20111125,5.08,5.26,5.08,5.26,75600
20111128,5.25,5.25,5.13,5.23,123600
20111129,5.21,5.22,5.05,5.12,196500
20111130,5.16,5.42,5.11,5.15,593700
20111201,5.26,5.27,5.05,5.26,159600
20111202,5.32,5.32,5.24,5.28,87600
20111205,5.29,5.4,5.22,5.26,185400
20111206,5.26,5.56,5.25,5.51,673800
20111207,5.41,5.63,5.37,5.44,6195300
20111208,5.38,5.63,5.38,5.42,218400
20111209,5.34,5.51,5.34,5.49,114600
20111212,5.56,5.8,5.53,5.61,663000
20111213,5.7,5.78,5.59,5.67,334200
20111214,5.67,5.67,5.46,5.51,393000
20111215,5.57,5.95,5.35,5.45,1098300
20111216,5.53,5.58,5.35,5.45,2945700
20111219,5.39,5.52,5.17,5.32,646800
20111220,5.25,5.49,5.25,5.49,417000
20111221,5.4,5.42,5.22,5.27,548700
20111222,5.23,5.23,5.01,5.05,2233200
20111223,5.05,5.11,5,5.1,693000
20111226,5.11,5.3,5.01,5.1,101100
20111227,5.04,5.1,5.04,5.08,530100
20111228,5.08,5.11,5.05,5.09,1161000
20111229,5.09,5.14,4.95,5.09,2528400
20120102,5.07,5.14,5.07,5.07,118200
20120103,5.08,5.1,5.07,5.09,202800
20120104,5.05,5.1,5.03,5.09,609000
20120105,5.01,5.01,4.82,4.82,565500
20120106,4.83,5.08,4.77,5.01,581400
20120109,4.95,5.02,4.89,4.95,736500
20120110,4.97,5.02,4.9,5,1911300
20120111,4.93,5.02,4.9,4.99,499200
20120112,4.99,5.04,4.95,5.04,582900
20120113,4.98,5.02,4.93,5.02,791400
20120116,5.06,5.06,4.95,5.03,318900
20120117,5.09,5.13,5.04,5.07,119100
20120118,5.05,5.22,4.99,5.15,774300
20120119,5.08,5.54,5.08,5.46,1349700
20120120,5.38,5.73,5.37,5.66,503700
20120123,5.58,5.67,5.55,5.65,546600
20120124,5.63,5.71,5.58,5.7,368400
20120126,5.69,5.9,5.63,5.9,641700
20120127,5.94,6.04,5.68,5.73,623700
20120130,5.68,5.73,5.61,5.61,357600
20120131,5.61,5.68,5.48,5.63,1083900
20120201,5.61,5.84,5.55,5.83,721200
20120202,5.82,5.84,5.66,5.73,762600
20120203,5.76,5.82,5.75,5.82,602100
20120206,5.86,5.9,5.75,5.75,572100
20120207,5.75,5.8,5.68,5.78,2049300
20120208,5.7,5.78,5.7,5.77,699000
20120209,5.77,5.77,5.65,5.66,241200
20120210,5.63,5.69,5.61,5.66,436800
20120213,5.73,5.8,5.66,5.79,221100
20120214,5.79,5.84,5.73,5.8,207300
20120215,5.86,5.89,5.77,5.77,287700
20120216,5.77,5.78,5.61,5.68,556200
20120217,5.77,5.8,5.66,5.78,1008600
20120222,5.75,5.79,5.58,5.66,1844400
20120223,5.65,5.66,5.53,5.63,1079400
20120224,5.62,5.69,5.59,5.63,1222200
20120227,5.6,5.64,5.53,5.63,4353600
20120228,5.66,5.73,5.63,5.69,2276700
20120229,5.67,5.98,5.65,5.9,5108400
20120301,5.92,6.25,5.83,6.11,1192200
20120302,5.95,5.95,5.72,5.85,1488900
20120305,5.85,5.87,5.69,5.72,796200
20120306,5.65,5.65,5.42,5.49,9655800
20120307,5.51,5.58,5.45,5.55,4881000
20120308,5.55,5.62,5.41,5.62,1750800
20120309,5.66,5.7,5.58,5.63,754500
20120312,5.63,5.63,5.47,5.53,2041800
20120313,5.58,5.61,5.47,5.59,839700
20120314,5.59,5.59,5.38,5.49,1807800
20120315,5.46,5.46,5.32,5.35,1792500
20120316,5.36,5.53,5.36,5.51,461400
20120319,5.51,5.54,5.47,5.49,297600
20120320,5.49,5.51,5.43,5.51,501000
20120321,5.49,5.58,5.42,5.57,885300
20120322,5.55,5.56,5.5,5.52,1109100
20120323,5.54,5.58,5.49,5.56,936300
20120326,5.59,5.66,5.55,5.58,521400
20120327,5.55,5.63,5.5,5.52,721200
20120328,5.52,5.6,5.45,5.51,3031200
20120329,5.5,5.53,5.42,5.51,869100
20120330,5.55,5.63,5.51,5.58,898800
20120402,5.65,5.81,5.58,5.77,1471500
20120403,5.79,5.89,5.66,5.83,789900
20120404,5.73,5.85,5.65,5.85,441000
20120405,5.8,5.86,5.79,5.86,172500
20120409,5.72,5.83,5.72,5.83,192600
20120410,5.83,5.83,5.68,5.75,858600
20120411,5.77,5.78,5.67,5.72,1031700
20120412,5.75,5.78,5.63,5.75,1809300
20120413,5.75,5.83,5.72,5.8,1367700
20120416,5.76,5.98,5.75,5.98,1357800
20120417,6,6.27,6,6.19,2976000
20120418,6.12,6.56,6.12,6.39,5205300
20120419,6.39,6.67,6.39,6.55,3597300
20120420,6.58,6.63,6.3,6.61,401700
20120423,6.51,6.51,6.37,6.51,509100
20120424,6.4,6.53,6.37,6.45,2031600
20120425,6.54,6.68,6.43,6.56,715200
20120426,6.51,6.63,6.43,6.59,1768200
20120427,6.7,6.79,6.66,6.75,355500
20120430,6.91,6.91,6.62,6.81,703800
20120502,6.78,6.86,6.63,6.86,1452000
20120503,6.8,6.91,6.75,6.84,821100
20120504,6.83,6.94,6.78,6.87,2154900
20120507,6.87,7.31,6.84,7.09,2807700
20120508,7.14,7.55,7.01,7.16,2391900
20120509,7.15,7.29,7.09,7.15,1752300
20120510,7.2,7.42,7.2,7.28,1183800
20120511,7.52,7.58,7.26,7.29,2571900
20120514,7.28,7.29,6.94,7.21,510600
20120515,7.24,7.28,7.01,7.01,771900
20120516,7.05,7.11,6.73,6.86,1186500
20120517,6.82,6.86,6.43,6.48,7237800
20120518,6.48,6.63,6.35,6.63,2584200
20120521,6.64,6.86,6.64,6.86,1152300
20120522,6.86,6.86,6.67,6.82,874200
20120523,6.82,7,6.46,6.79,905700
20120524,6.73,6.73,6.61,6.72,672600
20120525,6.65,6.75,6.61,6.72,754200
20120528,6.77,7.03,6.69,6.86,277500
20120529,6.97,7.13,6.82,7.01,831000
20120530,7.02,7.02,6.79,6.98,1588800
20120531,7.08,7.24,6.96,7.24,1330800
20120601,7,7.15,6.88,7.15,1120200
20120604,7.09,7.34,7.01,7.15,652800
20120605,7.14,7.15,6.98,7.01,609300
20120606,7.01,7.05,6.87,6.95,1417500
20120608,6.89,7.06,6.82,6.86,928200
20120611,6.86,6.93,6.73,6.86,1227000
20120612,6.86,7.13,6.8,7.05,1002300
20120613,7.01,7.18,7.01,7.15,260700
20120614,7.15,7.2,6.94,7.02,745800
20120615,7.06,7.13,6.84,6.86,1592400
20120618,6.84,7.14,6.82,7.03,1068300
20120619,7.02,7.11,6.89,6.98,2088000
20120620,6.93,6.98,6.82,6.85,1054800
20120621,6.87,6.96,6.76,6.95,1003500
20120622,6.91,6.98,6.79,6.86,724500
20120625,6.8,6.95,6.78,6.82,386400
20120626,6.82,6.89,6.74,6.89,875400
20120627,6.89,6.91,6.75,6.8,2511000
20120628,6.8,6.92,6.78,6.8,119700
20120629,6.79,7.06,6.78,6.95,1998000
20120702,6.95,7.08,6.9,7.08,430800
20120703,7.08,7.42,6.98,7.21,997800
20120704,7.15,7.37,7.06,7.26,418800
20120705,7.29,7.35,7.12,7.35,1518000
20120706,7.25,7.29,7.15,7.24,378000
20120710,7.24,7.32,7.06,7.28,1015200
20120711,7.18,7.2,6.96,7.04,1971600
20120712,7.03,7.2,6.96,7.15,265800
20120713,7.26,7.26,6.97,7.11,938100
20120716,7.08,7.1,6.99,7.06,203100
20120717,7.17,7.17,7.02,7.12,775800
20120718,7.09,7.12,7.01,7.12,991500
20120719,7.14,7.29,7.05,7.29,2156400
20120720,7.24,7.32,7.17,7.24,975900
20120723,7.16,7.2,7.01,7.01,390300
20120724,6.99,7.04,6.83,7.01,965100
20120725,7.1,7.1,6.88,7.01,630300
20120726,7.1,7.1,7.01,7.01,939300
20120727,7.01,7.48,6.98,7.18,1779000
20120730,7.2,7.25,7.08,7.16,700800
20120731,7.29,7.29,7.14,7.22,1403700
20120801,7.26,7.34,7.19,7.22,2005200
20120802,7.21,7.35,7.21,7.35,358200
20120803,7.39,7.46,7.24,7.43,810600
20120806,7.44,7.46,7.38,7.44,1121400
20120807,7.45,7.63,7.4,7.58,1834800
20120808,7.58,7.69,7.49,7.58,1009200
20120809,7.62,8.22,7.62,8.07,4479000
20120810,8.02,8.38,7.99,8.38,4928400
20120813,8.36,8.64,8.26,8.42,4771500
20120814,8.57,8.57,8.35,8.55,1315200
20120815,8.48,8.56,8.47,8.49,1339800
20120816,8.57,8.79,8.52,8.71,1162200
20120817,8.66,8.72,8.4,8.55,504000
20120820,8.6,8.65,8.48,8.65,553200
20120821,8.71,8.72,8.52,8.72,1480200
20120822,8.74,8.74,8.6,8.68,686700
20120823,8.58,8.66,8.55,8.66,289800
20120824,8.65,8.9,8.58,8.9,977400
20120827,8.89,8.92,8.78,8.87,1413300
20120828,8.87,8.87,8.74,8.86,882900
20120829,8.82,9.06,8.78,9.03,930000
20120830,8.96,9.05,8.82,8.87,956400
20120831,8.87,9.01,8.78,9.01,2786700
20120903,9.05,9.14,8.94,9.02,506700
20120904,9.01,9.17,8.94,9.1,3667200
20120905,9.1,9.3,9.08,9.3,2443200
20120906,9.32,9.48,9.26,9.48,2054400
20120910,9.41,9.53,9.39,9.47,698700
20120911,9.4,9.44,9.15,9.44,864600
20120912,9.43,9.46,9.15,9.4,2385300
20120913,9.38,9.5,9.28,9.41,934200
20120914,9.44,9.47,9.3,9.44,930300
20120917,9.4,9.49,9.24,9.34,969600
20120918,9.34,9.4,9.27,9.35,1339800
20120919,9.32,9.4,9.23,9.38,911100
20120920,9.3,9.44,9.29,9.37,1213200
20120921,9.35,9.42,9.32,9.41,702900
20120924,9.41,9.44,9.3,9.44,1559100
20120925,9.38,9.44,9.35,9.41,607800
20120926,9.34,9.55,9.32,9.55,1991400
20120927,9.58,9.73,9.58,9.73,1248000
20120928,9.68,9.73,9.55,9.73,1049100
20121001,9.72,9.83,9.69,9.76,1125600
20121002,9.79,10.08,9.79,10.01,1090200
20121003,10.08,10.1,9.95,10.01,744000
20121004,10.07,10.22,10.06,10.18,849000
20121005,10.29,10.33,10.11,10.33,1542000
20121008,10.17,10.34,10.06,10.14,2359200
20121009,10.2,10.27,10.05,10.05,602700
20121010,10.1,10.19,10.01,10.14,859800
20121011,10.19,10.6,9.98,10.37,2998500
20121015,10.32,10.61,10.26,10.26,1160400
20121016,10.31,10.53,10.21,10.44,1013400
20121017,10.5,10.58,10.45,10.55,989400
20121018,10.53,10.64,10.51,10.58,573300
20121019,10.64,10.81,10.4,10.58,1046400
20121022,10.58,10.77,10.49,10.7,1231200
20121023,10.63,10.88,10.62,10.62,950100
20121024,10.64,10.76,10.56,10.76,1110900
20121025,10.71,11.01,10.68,10.91,1185000
20121026,10.85,11.04,10.73,11.04,619800
20121029,10.98,11.08,10.82,10.87,564000
20121030,10.87,10.95,10.84,10.87,3132000
20121031,10.85,11.07,10.73,11.07,1469400
20121101,11.18,11.37,11.05,11.27,1221000
20121105,11.24,11.38,11.16,11.3,805200
20121106,11.26,11.68,11.2,11.43,773400
20121107,11.43,11.51,11.16,11.16,998700
20121108,11.23,11.44,10.99,11.27,1416900
20121109,11.33,11.34,11.25,11.3,1230000
20121112,11.41,11.41,11.16,11.34,353700
20121113,11.28,11.28,10.82,11.01,833700
20121114,11,11.02,10.55,10.73,1433700
20121116,10.7,10.86,10.53,10.86,1290900
20121119,10.85,11.11,10.79,11.11,385500
20121121,11.34,11.34,10.89,11.1,965100
20121122,11.01,11.07,10.79,11.07,939900
20121123,11.01,11.02,10.82,10.82,1233900
20121126,10.84,11.02,10.58,10.58,789300
20121127,10.65,11.07,10.33,10.66,1460400
20121128,10.69,10.96,10.68,10.87,560100
20121129,10.82,11.04,10.82,11.03,447300
20121130,11.01,11.22,10.88,11.2,1872300
20121203,11.14,11.39,10.23,10.38,2426100
20121204,10.3,10.48,9.85,10.35,2831700
20121205,10.41,10.65,10.32,10.64,1798500
20121206,10.57,11.07,10.57,10.86,2962500
20121207,10.88,11.01,10.84,11.01,964800
20121210,10.95,10.95,10.67,10.78,1729200
20121211,10.79,10.97,10.55,10.97,3709500
20121212,10.96,11.06,10.76,11.01,2140800
20121213,10.99,11.25,10.76,11.21,2212500
20121214,11.3,11.44,11.09,11.3,1662300
20121217,11.3,11.35,11.06,11.3,1939800
20121218,11.2,11.73,11.2,11.59,5336100
20121219,11.5,11.59,11.08,11.44,2496900
20121220,11.47,11.85,11.47,11.74,1975800
20121221,11.4,11.94,11.39,11.73,3724500
20121226,11.69,12.01,11.51,11.69,1074600
20121227,11.72,11.89,11.64,11.81,1364100
20121228,11.81,11.93,11.81,11.93,1399800
20130102,12.01,12.01,11.63,11.66,1627200
20130103,11.63,11.65,11.37,11.5,2481600
20130104,11.52,11.52,11.38,11.44,846900
20130107,11.51,11.56,11.16,11.56,850800
20130108,11.57,11.86,11.5,11.84,6316500
20130109,11.86,12.16,11.7,12.16,1665900
20130110,12.13,12.43,12.03,12.36,1528800
20130111,12.28,12.28,12.11,12.15,1262700
20130114,12.15,12.15,11.67,11.73,1593900
20130115,11.71,11.73,11.51,11.66,1844100
20130116,11.66,11.99,11.61,11.99,2042100
20130117,11.99,11.99,11.75,11.91,1336500
20130118,11.93,12.01,11.82,11.93,1836600
20130121,11.88,12.27,11.8,12.17,3456300
20130122,12.17,12.3,11.93,12.01,1670700
20130123,12.01,12.28,11.93,12.23,1574100
20130124,12.22,12.47,12.04,12.24,13226100
20130128,12.16,12.47,12.16,12.47,6664800
20130129,12.41,12.72,12.37,12.6,4412700
20130130,12.62,12.7,12.54,12.62,2919000
20130131,12.66,12.7,12.31,12.62,3286800
20130201,12.6,12.86,12.36,12.81,3971700
20130204,12.78,12.92,12.55,12.73,1597200
20130205,12.74,13.04,12.74,12.82,784200
20130206,12.91,12.96,12.63,12.68,1386300
20130207,12.76,12.92,12.62,12.7,2125200
20130208,12.7,12.82,12.5,12.78,2961900
20130213,12.8,13.11,12.67,13.03,1999800
20130214,13.07,13.43,12.98,13.27,1340400
20130215,13.27,13.83,13.27,13.65,3763200
20130218,13.65,13.79,13.27,13.73,3381900
20130219,13.78,13.78,13.23,13.59,2406300
20130220,13.64,13.67,13.22,13.58,5641800
20130221,13.57,13.66,13.42,13.59,1929300
20130222,13.65,13.76,13.49,13.76,1477200
20130225,13.77,14.01,13.67,13.79,1178400
20130226,13.8,14.06,13.67,13.92,1817400
20130227,13.92,14.08,13.86,14.08,1664400
20130228,14.08,14.11,13.71,13.88,3184500
20130301,13.83,13.98,13.61,13.87,2374800
20130304,13.87,14.08,13.73,13.95,1282800
20130305,13.88,14.13,13.88,13.93,2091600
20130306,13.95,13.99,13.68,13.69,2301600
20130307,13.75,13.81,12.97,13.42,6701400
20130308,13.42,13.59,13.1,13.43,2808900
20130311,13.44,13.45,13.27,13.36,1293900
20130312,13.35,13.37,13.06,13.3,2438100
20130313,13.23,13.27,13.06,13.23,2759400
20130314,13.13,13.23,13.03,13.16,1917900
20130315,13.24,13.33,12.83,13.03,3496800
20130318,12.91,12.93,12.75,12.8,3704400
20130319,12.82,12.93,12.63,12.8,1990500
20130320,12.74,13.13,12.74,12.86,2124000
20130321,12.86,12.86,12.68,12.77,2512800
20130322,12.72,12.83,12.43,12.47,2186100
20130325,12.46,12.83,12.46,12.7,1422000
20130326,12.83,12.83,12,12.44,4419600
20130327,12.44,12.8,12.44,12.74,5801100
20130328,12.75,12.87,12.38,12.56,1899000
20130401,12.58,12.69,12.1,12.27,2155500
20130402,12.3,12.57,12.28,12.47,1742100
20130403,12.56,12.67,12.28,12.54,2170500
20130404,12.6,12.67,12.36,12.42,1370400
20130405,12.42,12.55,12.12,12.53,1929300
20130408,12.67,12.67,12.4,12.64,1787400
20130409,12.75,12.82,12.44,12.52,1340400
20130410,12.59,12.93,12.51,12.74,4077000
20130411,12.83,12.83,12.54,12.73,2346300
20130412,12.78,12.86,12.46,12.54,1601100
20130415,12.47,12.54,12.29,12.33,1406100
20130416,12.3,12.59,12.16,12.59,855300
20130417,12.54,12.62,12.37,12.53,1589400
20130418,12.57,12.75,12.32,12.42,1765200
20130419,12.49,12.69,12.3,12.54,1474800
20130422,12.56,12.56,12.26,12.5,3237300
20130423,12.47,12.52,12.36,12.43,1919100
20130424,12.57,13.03,12.44,12.97,3241200
20130425,13.03,13.09,12.73,12.99,3483000
20130426,13.07,13.29,12.87,13.21,4522800
20130429,13.29,13.43,13.11,13.43,2406300
20130430,13.43,13.67,13.34,13.65,1909500
20130502,13.56,13.92,13.45,13.52,4379400
20130503,13.67,13.84,13.37,13.8,2610900
20130506,13.8,13.98,13.58,13.85,1826100
20130507,13.88,14.1,13.74,14.07,1677300
20130508,14.04,14.32,13.85,14.21,3179100
20130509,14.14,14.3,14.12,14.24,1964100
20130510,14.43,14.67,14.22,14.22,23032500
20130513,13.95,14.13,13.9,14.05,3462600
20130514,13.96,14.19,13.94,14.1,1541400
20130515,14.1,14.37,14.03,14.34,3318000
20130516,13.95,14.21,13.84,14.08,4989600
20130517,14.15,14.5,14.07,14.21,1494000
20130520,14.24,14.48,14.1,14.34,2125200
20130521,14.33,14.47,14.21,14.32,2008500
20130522,14.32,14.79,14.03,14.66,3144200
20130523,14.49,14.9,14.49,14.66,1758400
20130524,14.7,15.08,14.52,14.85,1938700
20130527,14.89,15.17,14.83,15.04,1399700
20130528,15.1,15.23,14.79,15.02,1439300
20130529,15,15.01,14.66,15.01,2432200
20130531,14.85,15.02,14.22,14.37,3673700
20130603,14.37,14.45,14.11,14.33,12800200
20130604,14.44,14.66,13.98,14.33,2480900
20130605,14.4,14.41,14.03,14.09,1137800
20130606,14.16,14.16,13.67,13.77,2387900
20130607,13.65,13.81,13.34,13.55,1487700
20130610,13.72,13.72,13.27,13.45,1410700
20130611,13.31,13.75,13.16,13.72,2976200
20130612,13.64,14.06,13.64,13.81,2397100
20130613,13.81,14.15,13.65,14.07,1220400
20130614,14.07,14.28,13.72,13.94,1738100
20130617,13.88,14.36,13.77,14.24,1169300
20130618,14.23,14.54,14.21,14.43,3894200
20130619,14.47,14.66,13.87,14.22,2083000
20130620,14.3,14.3,13.27,13.96,2741400
20130621,13.78,13.89,13.5,13.64,2306900
20130624,13.52,13.59,12.35,13.46,2407300
20130625,13.46,13.52,13.28,13.44,777600
20130626,13.52,13.93,13.52,13.9,982500
20130627,13.78,14.24,13.77,13.9,1423700
20130628,13.97,14.07,13.71,13.81,2366400
20130701,13.6,14.04,13.52,13.8,931800
20130702,13.79,14,13.25,13.25,1610100
20130703,13.08,13.52,12.86,13.03,2339200
20130704,13.13,13.51,13.13,13.33,2454900
20130705,13.25,13.4,13.11,13.35,2006200
20130708,13.33,13.9,13.33,13.83,939900
20130710,13.9,14.18,13.72,14.16,1106500
20130711,14.3,14.66,14.15,14.54,1484200
20130712,14.38,14.6,14.31,14.41,1542200
20130715,14.64,14.66,14.42,14.46,2102000
20130716,14.47,14.48,14.2,14.33,934300
20130717,14.35,14.47,14.23,14.46,593100
20130718,14.41,14.58,14.25,14.37,1605700
20130719,14.16,14.46,14.16,14.46,3374700
20130722,14.46,14.97,14.43,14.85,1012800
20130723,14.85,15,14.36,14.51,1664900
20130724,14.58,14.81,14.53,14.63,1287900
20130725,14.51,14.75,14.34,14.75,1097500
20130726,14.67,14.76,14.48,14.66,1389400
20130729,14.62,14.93,14.47,14.85,967100
20130730,14.93,15.43,14.85,15.28,3576600
20130731,15.29,15.43,15.11,15.21,1882500
20130801,15.29,15.82,15.19,15.29,2579000
20130802,15.29,15.39,15.08,15.39,1286100
20130805,15.4,15.68,15.19,15.36,1787500
20130806,15.39,15.44,14.94,15.04,1281600
20130807,15.06,15.11,14.55,14.66,2368100
20130808,14.82,15.36,14.64,15.19,4344700
20130809,15.45,15.53,15.17,15.52,3227400
20130812,15.42,15.64,15.13,15.29,1404400
20130813,15.32,15.32,14.95,15,1761500
20130814,15.03,15.1,14.45,14.98,1641800
20130815,15.02,15.02,14.41,14.93,2335200
20130816,14.83,15.04,14.59,14.79,2083600
20130819,14.72,14.75,14.2,14.52,2289500
20130820,14.41,14.66,14.28,14.43,1435300
20130821,14.41,14.67,14.28,14.46,1680300
20130822,14.66,14.66,14.28,14.59,1229400
20130823,14.67,15.28,14.61,15.19,2689400
20130826,15.09,15.36,14.83,15.15,1167800
20130827,15.23,15.36,14.92,15.02,2516800
20130828,15.03,15.17,14.74,14.93,3540700
20130829,14.95,15.06,14.78,14.98,2278900
20130830,15.16,15.66,14.74,15.16,25647600
20130902,15.16,15.41,14.89,15.19,2234500
20130903,15.06,15.34,14.69,14.76,2810000
20130904,14.81,14.99,14.56,14.8,2563300
20130905,14.82,14.88,14.56,14.77,1568700
20130906,14.71,15.09,14.64,15.06,1330100
20130909,15.04,15.54,15.04,15.54,2216400
20130910,15.49,15.9,15.36,15.75,2315700
20130911,15.67,16.22,15.43,15.49,2465400
20130912,15.49,15.92,15.47,15.73,1571100
20130913,15.92,15.92,15.02,15.09,5506300
20130916,15.13,15.36,14.93,15.06,2477900
20130917,14.93,15.1,14.6,14.78,3708100
20130918,14.68,15.67,14.63,15.54,2792800
20130919,15.42,15.49,14.9,14.93,25753400
20130920,15.03,15.31,14.76,14.89,3229900
20130923,15.04,15.19,14.78,15.19,1354800
20130924,15.21,15.38,15.04,15.22,4730400
20130925,15.19,15.36,15.08,15.27,1857200
20130926,15.19,15.32,14.87,14.96,1139400
20130927,14.94,15.29,14.8,15.04,1756800
20130930,14.86,15.02,14.7,14.86,2159400
20131001,14.79,14.98,14.61,14.8,2272000
20131002,14.76,14.95,14.43,14.52,2504100
20131003,14.5,14.5,14.09,14.22,2500200
20131004,14.22,14.52,14.18,14.41,1565800
20131007,14.25,14.5,14.14,14.5,685400
20131008,14.48,14.58,14.17,14.38,2346000
20131009,14.38,14.76,14.21,14.73,2541200
20131010,14.76,15.04,14.76,14.99,1921600
20131011,14.88,15.1,14.72,15.09,929500
20131014,15.08,15.12,14.85,15.06,1178600
20131015,15.08,15.26,14.73,14.97,2855900
20131016,15.1,15.13,14.39,14.46,4648100
20131017,14.48,14.52,13.83,14.07,5759200
20131018,14.09,14.47,14.09,14.34,2924100
20131021,14.25,14.5,14.25,14.46,1081600
20131022,14.46,14.66,14.36,14.46,2173300
20131023,14.41,14.63,14.37,14.63,1559400
20131024,14.72,14.72,14.33,14.58,2758700
20131025,14.66,14.89,14.52,14.86,1634200
20131028,14.86,14.87,14.33,14.63,3026800
20131029,14.66,14.77,14.6,14.7,1763500
20131030,14.69,14.8,14.52,14.8,1408700
20131031,14.81,15.02,14.62,14.93,2087000
20131101,14.88,15.09,14.77,14.93,1804000
20131104,14.93,15.45,14.91,15.28,3355600
20131105,15.43,15.43,15.14,15.35,1615300
20131106,15.41,15.42,14.97,15.1,1680400
20131107,15.1,15.7,15.1,15.54,5969900
20131108,15.7,15.74,14.82,15.47,2739300
20131111,15.45,15.61,15.29,15.54,1389500
20131112,15.53,15.59,15.02,15.1,2023700
20131113,15.14,15.29,14.64,15.11,2691900
20131114,15.11,15.51,15.11,15.32,3630600
20131118,15.34,15.47,15.25,15.42,2418400
20131119,15.49,15.49,15.06,15.36,2567800
20131121,15.3,15.86,15.25,15.67,2076900
20131122,15.61,16.62,15.61,16.4,4825200
20131125,16.35,16.62,16.14,16.29,1901100
20131126,16.24,17.15,16.24,17.15,5982800
20131127,17.17,17.31,17.04,17.21,2236800
20131128,17.29,17.57,17.13,17.21,1133700
20131129,17.26,17.66,17.12,17.27,3212200
20131202,17.22,17.46,17.12,17.18,1462600
20131203,17.12,17.31,16.68,17.05,1404400
20131204,17.06,17.23,16.83,17.11,2032100
20131205,17.12,17.69,17.02,17.52,4328200
20131206,17.6,18.09,17.44,17.61,3037600
20131209,17.61,17.65,17.33,17.41,1980500
20131210,17.37,17.69,17.23,17.44,2128100
20131211,17.44,17.56,16.97,17.18,1162500
20131212,17.26,17.79,17.22,17.44,1978200
20131213,17.48,17.97,17.47,17.83,2265100
20131216,17.65,17.87,17.65,17.78,1739100
20131217,17.77,17.79,17.5,17.64,754500
20131218,17.65,18.07,17.65,17.79,1354400
20131219,17.82,18.32,17.82,18,1346200
20131220,18.01,18.22,17.77,17.92,2269600
20131223,17.72,18.1,17.72,17.94,1217000
20131226,17.92,17.98,17.63,17.84,781700
20131227,17.83,17.87,17.5,17.73,1938600
20131230,17.65,18.01,17.41,17.62,2057700
20140102,17.72,17.73,17.1,17.45,2473200
20140103,17.35,17.64,16.94,16.94,8204400
20140106,17.03,17.37,16.99,17,2607400
20140107,17.06,17.15,16.6,16.83,1666100
20140108,16.83,17,16.49,16.87,1975400
20140109,16.75,17.09,16.57,16.81,3963700
20140110,16.66,16.9,16.64,16.9,2697900
20140113,16.79,16.86,16.43,16.57,2604600
20140114,16.57,17.1,16.57,17.09,2286800
20140115,17.2,17.25,17.02,17.09,1797300
20140116,17.02,17.22,16.72,17.02,1689700
20140117,16.98,17.06,16.62,16.75,1422000
20140120,16.76,16.98,16.53,16.61,1111200
20140121,16.74,16.8,16.35,16.61,1010800
20140122,16.6,16.81,16.32,16.62,1493600
20140123,16.42,16.85,16.42,16.64,1288300
20140124,16.35,16.64,16.23,16.38,1592600
20140127,16.37,16.55,16.21,16.4,1365100
20140128,16.62,16.75,16.21,16.37,2127200
20140129,16.27,16.46,15.99,16.17,2813400
20140130,16.09,16.18,15.74,15.74,2971200
20140131,15.56,16.29,15.47,16.15,3894900
20140203,16.21,16.58,15.9,16.05,5627300
20140204,16.05,16.82,15.97,16.66,3380800
20140205,16.62,16.82,16.41,16.76,3437000
20140206,16.77,17.24,16.63,17.1,3874100
20140207,17.27,17.34,16.82,17.22,1982100
20140210,17.13,17.3,16.92,17.17,1516800
20140211,17.18,17.52,17.12,17.19,2532300
20140212,17.32,17.33,16.97,17.17,1620000
20140213,17.17,17.29,16.87,17.22,1509100
20140214,17.26,17.47,16.99,17.26,1307000
20140217,17.44,17.44,16.95,17,1024400
20140218,17,17.04,16.44,16.46,3374700
20140219,16.23,16.32,15.94,16.3,3847100
20140220,16.25,16.95,16.19,16.73,2596200
20140221,16.73,17.24,16.62,17.05,2450800
20140224,16.97,17.65,16.93,17.57,2986700
20140225,17.69,18.18,17.67,18.17,3729700
20140226,18.12,18.87,17.87,18.57,2706300
20140227,18.67,19.03,18.25,18.73,1912400
20140228,18.73,19.4,18.58,19.08,3979800
20140305,19.08,19.69,18.94,19.18,2078900
20140306,19.16,19.43,18.77,18.99,3245000
20140307,18.95,19.16,18.4,18.64,2515900
20140310,18.51,18.75,18.41,18.58,1427100
20140311,18.69,19.12,18.63,18.9,2075400
20140312,18.93,19.27,18.49,18.63,2320000
20140313,18.71,18.94,18.5,18.67,1589900
20140314,18.99,19.03,18.31,18.54,1978700
20140317,18.43,18.64,18.32,18.44,1918700
20140318,18.49,19.31,18.42,19.26,3247700
20140319,19.4,19.53,19.11,19.22,2261300
20140320,19.15,19.67,19.06,19.63,1809600
20140321,19.32,19.32,18.39,18.5,7892500
20140324,18.53,18.95,18.49,18.95,6041000
20140325,19.15,19.15,18.55,18.71,2986800
20140326,18.87,18.88,18,18.45,4721100
20140327,18.55,18.79,18.32,18.63,4218300
20140328,18.69,19.28,18.64,19.2,4135400
20140331,19.29,19.77,19.11,19.73,4363000
20140401,19.77,19.97,19.48,19.64,2984600
20140402,19.64,20.19,19.54,20.18,3367300
20140403,20.03,20.09,19.77,19.9,2622500
20140404,20.11,20.34,19.74,19.88,2510200
20140407,19.98,20.21,19.84,19.96,2541300
20140408,20.2,20.2,19.78,19.94,2719800
20140409,19.8,20.17,19.78,20.04,2086300
20140410,20.04,20.2,19.59,19.77,1951700
20140411,19.81,20.39,19.66,20.29,3043700
20140414,20.33,20.61,20.16,20.44,1931800
20140415,20.29,20.46,20.05,20.33,3292500
20140416,20.54,20.65,20.16,20.37,2912700
20140417,20.41,20.49,20.04,20.2,2414000
20140422,20.07,20.41,20.07,20.2,4615400
20140423,20.28,20.28,19.46,19.95,2410700
20140424,20.02,20.09,19.55,19.81,1756700
20140425,19.67,19.83,19.51,19.75,1463600
20140428,19.69,19.81,19.46,19.58,1683800
20140429,19.64,20.03,19.53,20.03,2411200
20140430,20.02,20.61,19.91,20.61,7270200
20140502,20.89,21.34,20.53,20.98,5918900
20140505,21.06,21.73,20.81,21.32,4483100
20140506,21.32,21.46,20.95,21.32,2699700
20140507,21.07,21.66,21.07,21.57,3478400
20140508,21.57,21.96,21.38,21.76,2268200
20140509,22.19,22.41,21.77,22.2,5451400
20140512,22.27,22.78,22.14,22.75,1578900
20140513,22.88,23.32,22.65,23.09,3886800
20140514,23.11,23.32,22.82,23.21,2784300
20140515,23.15,23.28,22.86,23.22,1887100
20140516,23.25,23.37,23,23.24,2365700
20140519,23.28,24.41,23.22,24.33,5577600
20140520,24.36,24.42,23.29,23.46,4576400
20140521,23.38,23.94,23.24,23.84,3371300
20140522,24,24.15,23.68,24.08,2475700
20140523,24.08,25,23.98,24.72,3823900
20140526,24.88,24.89,23.98,24.37,2224600
20140527,24.54,24.54,23.47,23.54,3543300
20140528,23.61,23.74,23.12,23.37,3278700
20140529,23.51,23.56,22.93,23.15,2950900
20140530,22.99,23.63,22.99,23.4,5783400
20140602,23.74,23.74,22.96,23.23,2194000
20140603,23.07,23.49,23.07,23.41,2727100
20140604,23.41,24.24,23.41,24.24,2462500
20140605,24.33,24.48,23.86,24.04,2027700
20140606,24.22,24.66,24.09,24.66,3326600
20140609,24.63,25.31,24.54,25.31,2527700
20140610,25.32,25.4,24.88,25.07,6558000
20140611,25.25,25.33,24.73,24.96,3681100
20140613,25.09,25.3,24.96,25.24,2194900
20140616,25.26,25.63,25.1,25.63,2138000
20140617,25.64,25.72,25.14,25.67,1018300
20140618,25.72,25.83,25.21,25.61,1979300
20140620,25.61,25.78,25.36,25.63,1596600
20140623,25.49,25.67,25.02,25.15,1090700
20140624,25.08,25.79,25.08,25.79,2697700
20140625,25.83,26.1,25.49,25.68,2076100
20140626,25.78,25.91,25.3,25.3,1763000
20140627,25.38,25.49,24.94,25.47,1304400
20140630,25.4,25.74,25.25,25.46,2593500
20140701,25.5,25.93,25.15,25.3,1310900
20140702,25.51,25.65,25.13,25.55,1806400
20140703,25.37,25.94,25.29,25.94,1523000
20140704,25.86,26.06,25.64,26.06,458500
20140707,25.86,26.03,25.68,25.81,1002500
20140708,25.77,25.84,25.58,25.72,1270400
20140710,25.94,25.94,25.43,25.81,1886200
20140711,25.79,26.08,25.7,25.89,1280400
20140714,25.89,26.3,25.79,25.84,1906100
20140715,25.95,26.23,25.6,25.81,1624200
20140716,25.91,25.92,25.12,25.16,2063600
20140717,25.22,25.46,24.37,24.41,3990500
20140718,24.94,25.1,24.02,24.1,3439100
20140721,24.16,24.71,24.16,24.71,4646500
20140722,24.71,25.76,24.66,25.68,2816800
20140723,25.47,25.68,25.02,25.11,1822800
20140724,25.19,25.68,25.19,25.68,3161100
20140725,25.61,25.85,25.1,25.15,3680000
20140728,25.3,25.4,24.88,25.4,1696700
20140729,25.4,25.4,24.69,24.79,2238400
20140730,24.82,24.95,24.37,24.71,1888400
20140731,24.49,24.62,24.08,24.5,2322200
20140801,24.2,25.38,24.2,25.38,2890100
20140804,25.41,25.69,25.18,25.63,3271200
20140805,25.65,25.72,25.33,25.49,1983700
20140806,25.56,25.61,24.93,24.93,1976800
20140807,25.01,25.72,24.9,25.72,1762200
20140808,25.42,25.42,23.94,23.94,10992600
20140811,24.09,24.35,23.41,23.89,4150200
20140812,23.85,24.02,23.58,23.69,2621800
20140813,23.71,24.49,23.71,24.15,2658000
20140814,24.15,24.5,23.99,24.5,2624500
20140815,24.63,24.85,23.87,24.21,3380200
20140818,24.12,24.22,23.77,23.92,3067600
20140819,23.94,24.37,23.47,23.84,4445600
20140820,23.84,24.11,23.63,24.02,2987400
20140821,23.95,24.34,23.86,24.34,1413700
20140822,24.14,24.25,23.63,23.7,2488600
20140825,23.81,23.91,23.55,23.85,2740500
20140826,23.88,24.69,23.78,24.61,3219000
20140827,24.72,25.21,24.48,25.15,2666400
20140828,25.06,25.19,24.8,25.16,2143700
20140829,25.17,25.88,25.02,25.88,3164400
20140901,25.94,26.07,25.55,25.74,1788100
20140902,25.82,25.93,24.82,24.91,3569200
20140903,24.83,25.08,23.61,24.5,5020900
20140904,24.49,24.49,23.61,24.31,5112200
20140905,24.35,25.05,24.09,24.9,2911700
20140908,24.99,25.16,23.92,24.13,4763200
20140909,23.77,24.23,23.52,24.01,2484900
20140910,23.94,24.02,23.5,23.74,2051800
20140911,23.81,23.94,23.22,23.67,2034800
20140912,23.5,23.76,22.51,23.01,3155100
20140915,22.87,23.27,22.62,23.14,3046300
20140916,23.15,23.74,23.11,23.33,3129600
20140917,23.48,23.54,22.6,22.71,4875900
20140918,22.58,22.79,21.59,21.62,5998800
20140919,21.37,21.73,20.96,21.54,10287100
20140922,21.4,21.45,20.6,21.26,4540200
20140923,21.19,21.75,20.91,21.18,4232200
20140924,21.06,22.12,20.85,21.79,4533000
20140925,21.72,22.05,21.5,21.67,3746100
20140926,21.73,22.1,21.52,22.02,2371100
20140929,21.51,21.93,21.25,21.5,2258800
20140930,21.33,22.24,21.29,22.14,5172500
20141001,21.89,22.23,21.41,21.5,3903800
20141002,21.52,22.13,21.33,21.85,2684300
20141003,21.88,22.6,21.66,22.33,1677400
20141006,22.99,23.47,22.42,22.63,3816400
20141007,23.07,23.26,22.64,22.89,4450900
20141008,23.06,23.26,22.61,22.94,2605500
20141009,23.42,23.95,23.13,23.59,4554900
20141010,23.48,23.92,23.11,23.33,3837000
20141013,23.76,23.76,23.07,23.07,3009200
20141014,23.21,23.41,22.95,23.35,3296700
20141015,23.18,23.33,22.58,22.67,6179300
20141016,22.24,22.87,21.9,22.63,2402700
20141017,22.79,23.26,22.65,23.14,1953900
20141020,23.11,23.19,22.07,22.27,3462500
20141021,21.29,22.11,21.28,21.54,2661700
20141022,21.61,21.91,21.24,21.54,1548400
20141023,21.24,21.45,20.3,20.65,3089100
20141024,20.77,21.36,20.26,20.82,2379300
20141027,20.15,23.34,20.15,22.74,7223000
20141028,22.9,24.38,22.47,24.36,3872600
20141029,24.24,24.61,23.87,24.38,3134700
20141030,24.38,25.23,24.08,24.5,3831900
20141031,24.59,25.06,24.16,24.98,4788600
20141103,24.63,25,24.4,24.79,2351700
20141104,24.73,25.04,24.51,24.81,2647500
20141105,24.73,25.53,24.55,25.29,2520100
20141106,25.15,25.68,24.82,25.68,2588100
20141107,25.63,25.65,24.58,25.19,5489900
20141110,25.34,25.85,24.9,25.12,2252700
20141111,25.03,25.33,24.28,24.37,2708500
20141112,24.37,24.49,23.87,24.1,7701800
20141113,24.12,24.38,23.67,23.94,1556500
20141114,23.88,23.9,22.94,23.75,3262400
20141117,23.77,24.36,22.65,23.08,3430000
20141118,23.12,23.43,22.42,23.41,8939000
20141119,23.76,24.04,23.36,23.98,4386200
20141121,24.37,24.73,23.84,24.5,3894400
20141124,24.89,24.89,23.67,24.07,3804100
20141125,24.38,24.38,23.87,24.02,2678200
20141126,24.22,24.5,24.04,24.28,4228700
20141127,24.32,24.62,24.15,24.37,1224800
20141128,24.37,24.63,24.22,24.28,3176200
20141201,24.37,24.37,22.89,22.93,4505100
20141202,23.07,23.59,22.77,23.5,4722200
20141203,23.61,23.71,22.75,22.8,7568700
20141204,22.9,22.98,21.85,22.33,7661400
20141205,22.33,23.01,22.31,22.88,2678500
20141208,22.88,23.38,22.46,22.71,2030100
20141209,22.46,23.16,22.29,22.91,2916000
20141210,22.98,23.02,22.52,22.66,1802000
20141211,22.68,23.09,22.22,22.89,1938900
20141212,22.73,22.85,21.81,21.97,2174300
20141215,22.32,22.35,21.41,21.98,2256200
20141216,21.59,21.76,20.52,21.02,5846900
20141217,21.17,22.05,21.02,21.94,4327000
20141218,21.95,22.49,21.61,21.93,2313300
20141219,21.57,22.13,21.57,21.79,2316900
20141222,22.02,22.12,21.7,22.05,1573200
20141223,22.06,22.33,22.02,22.26,1498200
20141226,22.18,22.64,22.02,22.1,1007100
20141229,21.95,22.63,21.95,22.33,2257800
20141230,22.07,22.26,20.17,20.73,9140700
20150102,20.89,20.89,19.03,19.19,4457800
20150105,18.97,18.97,17.27,18.09,8830600
20150106,18.18,18.35,16.54,16.8,11460900
20150107,17.54,17.54,16.33,16.49,8224700
20150108,16.59,17.35,16.54,17.01,8666100
20150109,16.88,17.03,16.48,16.57,6975500
20150112,16.45,16.6,14.86,14.86,11394200
20150113,14.96,15.62,14.16,15.08,9558700
20150114,14.84,15.67,14.84,15.32,3573800
20150115,15.37,15.4,14.79,14.79,6441200
20150116,14.72,16.07,14.71,15.8,6783300
20150119,15.84,16,15.47,15.8,3668000
20150120,15.84,16.25,15.67,15.88,5626600
20150121,15.96,17.18,15.76,16.88,5740200
20150122,16.62,16.71,13.66,14.32,20970900
20150123,14.63,14.95,13.92,14.23,10155000
20150126,14.09,15.06,13.56,14.66,4394500
20150127,14.71,14.84,14.39,14.63,2841200
20150128,14.57,14.71,14.31,14.36,4190100
20150129,14.36,15,14.34,14.93,5863100
20150130,14.75,14.83,14.46,14.52,8443900
20150202,14.61,14.84,14.49,14.82,3804000
20150203,14.99,15.05,12.64,14.37,15771600
20150204,14.19,15.69,14.05,15.21,9309600
20150205,15.1,16.07,15.1,15.69,6877800
20150206,15.52,15.52,14.32,14.73,5698800
20150209,14.59,14.92,14.07,14.18,4348400
20150210,14.21,14.33,13.53,13.72,3308200
20150211,13.56,14.07,13.53,13.92,9223400
20150212,14.48,16,14.4,15.4,7111800
20150213,15.84,15.93,14.96,15.58,4202700
20150218,15.59,16.6,15.59,16.26,2787400
20150219,16.2,17.37,16.12,17.19,2874700
20150220,17.23,17.24,16.47,16.71,2792900
20150223,18.71,18.88,17.61,17.69,4273000
20150224,17.78,18.71,17.58,18.58,3416800
20150225,18.58,20.02,18.58,19.58,7868500
20150226,19.8,19.8,17.1,17.44,8955900
20150227,16.1,17.2,15.92,16.8,8936000
20150302,16.81,17.4,16.01,16.32,3697500
20150303,16.28,16.4,15.41,15.71,4576300
20150304,15.35,15.8,14.53,14.78,6172700
20150305,14.88,14.95,14.34,14.83,2405600
20150306,14.71,14.98,14.44,14.53,1410000
20150309,14.49,14.83,14.05,14.15,1969200
20150310,14.07,14.86,13.82,13.97,2269900
20150311,14.05,14.32,13.69,13.8,2010400
20150312,13.9,14.25,13.84,13.92,2443800
20150313,13.58,13.85,13.27,13.46,2201700
20150316,13.82,13.91,13.25,13.37,1907800
20150317,13.37,13.81,13.25,13.81,1709900
20150318,13.8,14.59,13.53,14.52,1765600
20150319,14.79,15.38,13.68,13.75,2038900
20150320,14.46,15.49,14.46,15.47,4490400
20150323,15.49,16.08,15.13,15.79,3506300
20150324,15.75,15.92,15.56,15.72,1037500
20150325,15.67,16.02,15.17,15.75,2284500
20150326,15.43,15.93,15,15.9,2294700
20150327,15.67,15.93,15.3,15.72,1405400
20150330,15.95,16.54,15.67,16.51,1983900
20150331,16.45,16.74,15.76,16.14,2734300
20150401,16.26,16.54,16.24,16.26,1882700
20150402,16.23,16.75,16.23,16.63,1876800
20150406,16.77,17.51,16.55,17.02,1382900
20150407,17.15,17.4,16.72,16.97,1123100
20150408,17.4,17.56,17.08,17.35,4102400
20150409,17.15,18.41,17.15,18.02,2122000
20150410,17.93,17.99,17.3,17.68,1715900
20150413,17.49,17.5,16.71,17.01,2486500
20150414,17.02,17.23,16.48,16.63,2252000
20150415,16.61,17.21,16.61,17.06,2327700
20150416,17.06,17.52,16.8,17.28,2615600
20150417,17.18,17.18,16.66,16.97,1029700
20150420,16.88,16.97,16.39,16.86,1307300
20150422,17.09,17.09,16.37,16.37,1666000
20150423,16.37,16.8,16.27,16.58,1245300
20150424,16.68,16.97,16.36,16.54,2094700
20150427,16.62,16.97,16.37,16.41,1530900
20150428,16.69,16.69,16.34,16.36,1055400
20150429,16.25,16.4,15.74,15.81,2224100
20150430,15.69,16.12,15.53,16.12,1900300
20150504,16.12,16.74,16.12,16.58,2625600
20150505,16.5,16.5,16.1,16.17,2134600
20150506,16.12,16.37,15.77,16.21,1620500
20150507,16.21,16.4,15.87,16.17,1697700
20150508,16.57,16.66,15.95,15.95,2158300
20150511,16.08,16.25,15.56,15.63,1575000
20150512,15.52,15.99,15.52,15.76,2667800
20150513,15.68,16.01,15.18,15.38,1975000
20150514,15.41,15.83,15.26,15.68,1630500
20150515,15.78,16.08,15.56,15.82,1942100
20150518,16.08,16.15,15.5,15.66,1492600
20150519,15.59,15.9,15.39,15.67,1150700
20150520,15.68,16.39,15.67,15.94,1377500
20150521,15.86,17.34,15.86,16.83,2279700
20150522,17.1,17.32,16.12,16.74,2038000
20150525,16.72,16.72,16.06,16.3,1163500
20150526,16.27,16.33,15.52,15.68,2291100
20150527,15.63,15.79,15.46,15.56,2516000
20150528,15.51,16.01,15.28,15.86,1472600
20150529,15.99,16.7,15.9,16.21,4208800
20150601,16.18,16.19,15.56,15.72,2367300
20150602,15.71,16.07,15.7,16.06,1726900
20150603,16.25,16.25,15.58,15.59,1334100
20150605,15.59,16.13,15.51,16.13,1744800
20150608,16.26,16.36,16.05,16.12,1331400
20150609,16.4,17.15,16.4,16.79,2570900
20150610,16.84,17.96,16.83,17.78,3375100
20150611,17.9,18.5,17.87,18.2,4799000
20150612,17.84,18.4,17.73,18.25,4486000
20150615,18.11,19.03,18.04,18.56,2146700
20150616,18.51,18.87,18.38,18.6,1941400
20150617,18.55,18.69,17.99,18.37,2490500
20150618,18.47,18.47,17.98,18.33,950700
20150619,18.29,18.29,17.56,17.67,1106000
20150622,17.79,17.99,17.5,17.62,1140300
20150623,17.86,17.86,17.05,17.09,1274400
20150624,17.18,17.49,16.87,17.36,1633100
20150625,17.45,17.72,16.63,16.68,2129100
20150626,16.69,16.87,15.59,15.87,3088800
20150629,15.64,15.8,15.08,15.24,1252300
20150630,15.31,16.15,15.31,15.94,1647000
20150701,15.94,16.56,15.59,15.59,1287800
20150702,15.76,16.02,15.75,15.76,608700
20150703,15.6,16.07,15.33,15.72,841100
20150706,15.59,15.85,15.4,15.55,489600
20150707,15.63,15.63,15.08,15.28,1256400
20150708,15.21,15.61,14.97,15.41,1151700
20150710,15.8,16.23,15.41,15.94,1331300
20150713,16.13,16.67,15.84,16.53,1227600
20150714,16.59,16.87,16.31,16.61,1181500
20150715,16.63,16.9,16.43,16.61,638900
20150716,16.74,16.87,16.44,16.83,751300
20150717,16.83,16.99,15.94,16.05,1131100
20150720,15.94,16.18,15.59,15.63,1374300
20150721,15.55,15.75,15.33,15.33,758400
20150722,15.24,15.74,15.24,15.51,1829600
20150723,15.37,15.61,14.59,14.62,2149900
20150724,14.35,15.15,14.23,15.15,1768200
20150727,15.16,15.34,14.59,15.18,1008200
20150728,15.18,15.5,14.57,14.66,1284400
20150729,14.43,14.96,14.17,14.17,948300
20150730,14.18,14.28,13.18,13.25,3385900
20150731,13.29,13.55,12.49,12.58,6201400
20150803,12.64,12.76,11.69,11.72,4009900
20150804,11.68,12.05,11.21,11.51,4170500
20150805,11.65,11.94,11.47,11.56,2969900
20150806,11.47,11.68,11.17,11.43,5452500
20150807,12.4,12.5,11.35,11.35,9105500
20150810,11.46,11.5,10.87,10.95,2647300
20150811,10.95,11.13,10.5,10.78,3689400
20150812,10.81,11.13,10.55,11.09,5509700
20150813,11.04,11.86,11.04,11.71,2680100
20150814,11.72,11.93,11.61,11.66,2016200
20150817,11.78,12.15,11.45,12.13,2657300
20150818,12.05,12.12,11.55,11.68,1754000
20150819,11.66,11.66,11.03,11.15,1638400
20150820,11.03,11.16,10.56,10.97,2021300
20150821,10.75,11.15,10.55,11.07,2711700
20150824,10.41,11.29,10.14,11.04,2292700
20150825,11.43,11.44,11.07,11.11,1697000
20150826,11.07,11.19,10.74,10.9,1478800
20150827,11.06,11.51,10.73,11.28,1632500
20150828,11.26,11.66,11.14,11.47,2141900
20150831,11.37,11.37,10.81,11.04,1456300
20150901,10.64,11.2,10.47,11.06,1703500
20150902,11.16,11.35,10.88,11.06,1341100
20150903,11.2,11.27,10.73,11,1759200
20150904,10.92,11.06,10.81,11.03,1479800
20150908,11.19,11.27,10.97,11.1,938500
20150909,11.27,11.66,11.09,11.51,1521200
20150910,11.06,11.53,10.96,11.53,1801400
20150911,11.58,11.58,11.02,11.13,1082000
20150914,11.16,11.82,10.96,11.51,1931600
20150915,11.42,11.79,11.27,11.55,1191400
20150916,11.63,12.05,11.63,12,2596600
20150917,11.92,12.42,11.92,12.31,2693700
20150918,12.31,12.33,11.79,11.96,2843200
20150921,11.96,11.96,11.37,11.51,2628200
20150922,11.43,11.43,10.36,10.88,3459900
20150923,10.86,11.2,10.62,11.07,2245400
20150924,10.81,11.34,10.68,11.06,1372200
20150925,11.24,11.51,11.05,11.16,1463400
20150928,11.08,11.19,10.8,11.19,1239200
20150929,11.21,11.59,11.02,11.43,1494400
20150930,11.75,12.58,11.6,12.49,2659200
20151001,12.4,13.11,12.18,12.81,1756400
20151002,12.81,14.08,12.62,13.88,1307900
20151005,14.08,14.48,13.83,14.13,1153400
20151006,14.23,14.35,12.89,13.14,1835600
20151007,13.44,13.98,13.29,13.57,1409900
20151008,13.55,14.52,13.51,14.35,1163000
20151009,14.51,14.84,14.35,14.81,1144400
20151013,14.77,15.04,13.71,14.23,1709500
20151014,14.13,15.5,13.76,14.17,3976300
20151015,14.38,14.88,14.3,14.71,2248700
20151016,14.75,14.89,14.06,14.6,1511200
20151019,14.55,14.67,14.13,14.67,990100
20151020,14.76,15.28,14.65,15.26,2065900
20151021,15.37,15.46,14.48,15.06,1095300
20151022,15.19,15.39,14.76,15,696500
20151023,15.28,15.41,14.94,15.05,1235200
20151026,15.01,15.08,14.56,14.88,854000
20151027,14.87,14.99,14.64,14.97,816200
20151028,14.9,14.95,14.09,14.36,4766300
20151029,14.07,14.32,13.82,13.96,782900
20151030,13.95,14.33,13.6,13.69,971100
20151103,13.73,14.57,13.6,14.57,2742700
20151104,14.7,15.06,14.57,14.66,2028800
20151105,14.67,14.96,14.46,14.75,1608900
20151106,14.75,14.75,13.65,13.77,1716500
20151109,13.76,14.19,13.37,13.86,1159300
20151110,13.8,13.81,13.47,13.79,1422100
20151111,13.9,14.17,13.69,13.86,1288000
20151112,13.66,14.36,13.66,13.88,2362100
20151113,13.78,13.78,13.31,13.36,1343700
20151116,13.29,13.45,13.06,13.33,1661100
20151117,13.41,14.94,13.29,14.68,2155100
20151118,14.64,14.64,14.1,14.53,1149200
20151119,14.85,14.93,14.48,14.64,1299600
20151123,14.84,14.93,14.73,14.84,1915500
20151124,14.66,15.03,14.47,14.87,1216500
20151125,14.65,15.13,14.38,14.59,1384300
20151126,14.49,14.49,13.37,13.37,1622300
20151127,13.29,13.45,12.41,12.41,1794700
20151130,12.23,12.6,11.79,11.88,2778400
20151201,12.03,12.35,11.82,12.22,2164800
20151202,12.21,13.23,12.16,13.23,2522400
20151203,13.25,13.96,13.25,13.55,1388200
20151204,13.53,13.93,12.8,13.54,1318300
20151207,13.65,14.16,13.58,13.66,1110900
20151208,13.67,13.94,13.2,13.71,742000
20151209,14.01,14.16,13.33,13.33,2502500
20151210,13.41,13.45,12.87,13.14,874800
20151211,12.93,13.76,12.93,13.02,1339900
20151214,12.93,12.98,12.29,12.48,1094500
20151215,12.48,13,12.48,12.75,932700
20151216,12.67,12.81,12.32,12.75,1069600
20151217,13.07,13.54,12.67,12.84,985600
20151218,12.47,12.53,11.91,11.97,1483400
20151221,11.96,12.48,11.96,12.31,1264100
20151222,12.42,12.46,11.96,12.05,638600
20151223,12.18,12.37,11.72,12.05,870600
20151228,11.96,12.41,11.82,12.35,821200
20151229,12.44,12.62,11.97,12.12,758600
20151230,12.13,12.44,11.77,12.36,1163800
20160104,12.27,12.44,11.94,12.31,830700
20160105,12.4,12.4,11.04,11.04,1975900
20160106,10.82,12.13,10.82,11.97,2627600
20160107,11.92,12.23,11.61,11.91,1435100
20160108,11.88,11.89,10.91,11.2,1547500
20160111,11.12,11.91,11.12,11.51,1593800
20160112,11.77,11.84,11.06,11.12,1018200
20160113,11.25,11.57,10.97,11.07,1428900
20160114,10.98,11.14,10.69,11.05,1163900
20160115,10.76,11.04,10.76,10.89,1283100
20160118,11.05,11.1,10.37,10.37,848000
20160119,10.63,10.65,10.1,10.33,2160900
20160120,10.18,10.28,9.93,10.1,1635900
20160121,9.96,10.27,9.72,9.87,2188200
20160122,9.89,10.03,9.65,9.74,2043300
20160126,9.71,9.71,9.34,9.47,2283700
20160127,9.65,9.87,9.49,9.54,4261000
20160128,9.61,9.68,8.88,9.42,2615000
20160129,9.52,10.37,9.38,10.37,2102700
20160201,10.26,10.78,10.18,10.32,1636000
20160202,10.36,10.49,9.96,10.03,1515300
20160203,10.1,10.63,9.87,10.58,1258500
20160204,10.63,11.25,10.62,11.02,1447700
20160205,11.07,11.25,10.8,11.03,946400
20160210,10.98,11.05,10.49,10.72,622900
20160211,10.63,10.63,10.11,10.27,869600
20160212,10.43,10.57,9.96,10.43,894800
20160215,10.5,10.84,10.29,10.34,1236300
20160216,10.4,10.87,10.09,10.82,1586900
20160217,10.78,11.58,10.7,11.46,1531000
20160218,11.43,11.57,10.81,11.04,1467800
20160219,11.12,11.12,10.63,10.83,850300
20160222,11.07,11.43,11.03,11.19,1051100
20160223,11.12,11.41,10.93,11.07,652400
20160224,10.96,10.96,10.29,10.86,795500
20160225,10.75,10.75,10.34,10.58,623700
20160226,10.65,11.07,10.5,10.96,1226600
20160229,11.43,11.74,10.85,11.3,1179900
20160301,11.47,12.13,11.44,11.87,1037900
20160302,11.79,12.03,11.66,11.87,1251800
20160303,11.96,12.7,11.83,12.4,3735800
20160304,12.75,13.29,12.27,12.84,1803000
20160307,12.95,13.47,12.52,13.15,2092300
20160308,13.21,13.76,13.12,13.29,2524200
20160309,13.39,13.71,13.07,13.28,1959100
20160310,13.37,13.76,12.82,13.51,2489900
20160311,13.46,13.46,12.13,12.21,2815400
20160314,12.19,12.52,11.64,11.96,1529700
20160315,11.8,11.8,10.73,10.76,1616200
20160316,10.76,10.96,10.51,10.81,1290800
20160317,11.51,11.79,11.08,11.1,1995100
20160318,11.11,11.66,11.11,11.2,1522800
20160321,11.34,11.51,10.89,10.97,1399600
20160322,10.95,11.24,10.81,11.16,3544800
20160323,11.1,11.22,10.66,10.66,1667500
20160324,10.63,10.75,10.41,10.72,5939900
20160328,10.85,10.89,9.95,9.95,2489900
20160329,10.01,10.38,10,10.25,2476100
20160330,10.38,10.99,10.36,10.61,2635600
20160331,10.54,10.57,10.18,10.47,1930000
20160401,10.45,10.71,10.36,10.67,1630300
20160404,10.59,10.64,10.32,10.34,1414700
20160405,10.47,10.58,10.23,10.41,1129700
20160406,10.33,10.48,10.16,10.45,1490500
20160407,10.49,10.75,10.42,10.42,1338800
20160408,10.75,11,10.7,10.88,2276300
20160411,10.96,11.14,10.44,10.63,2050200
20160412,10.76,11.21,10.63,11.07,1629500
20160413,11.43,11.46,10.74,10.78,3222600
20160414,10.81,10.92,10.18,10.18,5303400
20160415,10.35,10.9,10.28,10.7,2742800
20160418,10.73,10.89,10.4,10.57,1244400
20160419,10.69,10.92,10.57,10.85,3945700
20160420,10.85,11,10.69,10.81,2435400
20160422,10.63,10.78,10.16,10.27,2343700
20160425,10.26,10.57,10.03,10.51,2599700
20160426,10.58,10.81,10.54,10.75,1753300
20160427,10.81,10.91,10.37,10.44,3223600
20160428,10.68,10.72,9.98,10.38,2572200
20160429,10.46,10.98,10.34,10.86,3388900
20160502,10.98,11.23,10.89,11.18,2988000
20160503,11.16,11.41,10.99,11.28,3058000
20160504,11.39,11.42,10.81,10.89,6940500
20160505,11.06,11.11,10.02,10.18,5062400
20160506,10.19,10.26,9.83,10.06,4049000
20160509,10.24,10.56,9.99,10.34,3161600
20160510,10.53,11.1,10.44,11.03,3326800
20160511,11.39,11.39,10.81,10.82,4223200
20160512,10.93,11.23,10.68,10.86,3674200
20160513,10.75,10.75,10.13,10.34,6884400
20160516,10.35,10.64,10.2,10.5,3904200
20160517,10.68,10.69,10.17,10.38,2901800
20160518,10.16,10.73,10.16,10.4,3108800
20160519,10.25,10.67,10.25,10.47,1950700
20160520,10.6,10.6,10.22,10.26,2697300
20160523,10.06,10.07,9.77,10.02,4037800
20160524,10.11,10.43,10.06,10.17,3187200
20160525,10.26,10.96,10.26,10.46,3825300
20160527,10.43,10.77,10.43,10.52,2852500
20160530,10.57,10.57,10.36,10.43,1880400
20160531,10.23,10.36,9.92,9.93,41398800
20160601,10.02,10.15,9.89,10.13,5540900
20160602,11.95,12.68,11.62,12.54,26468200
20160603,12.67,13.23,12.62,12.71,10809000
20160606,13.22,13.64,13.13,13.3,9927900
20160607,13.36,13.53,13,13.53,4565400
20160608,13.54,14.17,13.27,14.17,3067800
20160609,14.21,14.54,14.05,14.23,5215000
20160610,14,14.23,13.83,14.09,4133700
20160613,14.09,14.1,13.59,13.88,2046700
20160614,13.91,14.02,13.13,13.65,2085700
20160615,13.72,13.8,13.3,13.45,2949800
20160616,13.45,13.63,12.72,13.47,3066600
20160617,13.49,14.53,13.36,14.45,8264100
20160620,14.46,14.6,14,14.13,2708800
20160621,14.59,14.72,13.66,14.45,6532400
20160622,14.52,14.52,14.04,14.38,3270900
20160623,14.54,14.65,14.37,14.6,2862900
20160624,14.18,15.06,13.91,15.06,4534000
20160627,15.09,15.18,14.66,14.91,4077700
20160628,15.19,15.37,14.46,14.64,3013000
20160629,15.28,15.52,15.04,15.43,6171100
20160630,15.55,15.96,15.18,15.52,4475000
20160701,15.92,16.01,15.57,15.74,4617200
20160704,15.65,15.85,15.23,15.43,1570900
20160705,15.37,15.53,15.15,15.24,1755600
20160706,15.11,15.11,14.42,14.64,2885200
20160707,14.68,15.09,14.48,14.82,3227500
20160708,14.91,15.41,14.88,15.2,1944800
20160711,16.24,16.25,15.31,15.74,3854500
20160712,15.7,16.33,15.62,16.01,2604800
20160713,15.96,16.79,15.87,16.56,4793700
20160714,16.83,16.95,16.39,16.74,3730900
20160715,16.7,17.35,15.96,16.93,3026600
20160718,16.9,17.43,16.47,17.43,2130800
20160719,17.43,17.73,17.2,17.44,2845100
20160720,17.44,17.52,16.54,16.92,2953800
20160721,16.7,17.08,16.64,16.83,1646700
20160722,16.76,17.3,16.75,17.3,1254500
20160725,17.06,17.14,16.06,16.43,1780900
20160726,16.42,16.81,16.16,16.17,2029800
20160727,16.26,16.35,15.62,15.73,1701200
20160728,15.64,16.11,15.63,16.07,1301300
20160729,16.19,16.35,15.93,16.15,1458400
20160801,16.1,16.46,15.96,16.31,1054300
20160802,16.32,16.38,15.83,16.14,1278500
20160803,16.08,16.3,15.85,16.19,2758600
20160804,16.15,16.24,15.42,15.45,2591900
20160805,15.47,15.82,15.47,15.72,1649600
20160808,15.71,16.04,15.24,15.96,2102100
20160809,16.06,16.65,16.02,16.39,2094300
20160810,16.39,16.82,16.33,16.52,1303600
20160811,16.47,16.93,16.36,16.84,1354400
20160812,16.42,16.95,16.06,16.06,2631600
20160815,16.12,16.55,16.01,16.27,1895600
20160816,16.06,16.46,16.06,16.19,1061700
20160817,16.18,16.47,15.85,16.34,957000
20160818,16.37,16.72,15.94,16.47,2484500
20160819,16.31,16.46,16.11,16.24,853600
20160822,16.3,16.62,15.75,15.94,1309300
20160823,15.94,16.12,15.63,15.79,908500
20160824,15.57,15.96,15.48,15.6,718200
20160825,15.67,15.75,15.29,15.47,1852900
20160826,15.47,16.07,15.42,15.57,1956600
20160829,15.59,16.01,15.57,15.96,1523000
20160830,15.78,15.85,15.15,15.2,2674100
20160831,15.32,15.42,14.81,15.17,1151500
20160901,15.15,15.52,14.9,15.49,973200
20160902,15.46,15.73,15.29,15.56,1006000
20160905,15.55,15.72,15.39,15.45,310200
20160906,15.58,16.33,15.43,16.33,2059000
20160908,16.31,16.95,16.12,16.82,1712000
20160909,16.56,16.76,16.37,16.58,2097900
20160912,16.44,17.08,16.3,17.08,1178600
20160913,16.84,17,16.12,16.6,2332700
20160914,16.49,16.73,16.06,16.47,1759200
20160915,16.28,16.78,16.27,16.67,623100
20160916,16.68,16.82,16.23,16.43,1562500
20160919,16.66,16.95,16.48,16.52,1103200
20160920,16.69,17.05,16.59,16.85,879400
20160921,16.93,17.31,16.93,17.17,2322100
20160922,17.32,17.65,17.28,17.43,1023800
20160923,17.65,17.65,16.68,16.7,1428900
20160926,16.56,16.87,16.38,16.71,1101700
20160927,16.74,17.21,16.63,17.16,1214700
20160928,17.07,17.86,17.03,17.34,1049100
20160929,17.21,17.36,16.63,16.64,1280800
20160930,16.66,16.76,16.29,16.29,1268700
20161003,16.29,16.75,16.2,16.65,1620200
20161004,16.46,16.59,16.15,16.34,2379000
20161005,16.3,16.87,16.28,16.79,2891700
20161006,16.69,17.31,16.6,17.16,2896000
20161007,17.31,17.36,16.97,17.3,726400
20161010,17.34,17.56,17.15,17.39,2932500
20161011,17.37,17.79,17.33,17.49,3757100
20161013,17.48,17.6,17.25,17.37,3900400
20161014,17.43,17.71,17.32,17.38,1234100
20161017,17.37,17.49,17.12,17.39,1039300
20161018,17.39,18.25,17.38,18.16,2023200
20161019,18.28,18.74,18.23,18.3,3302500
20161020,18.3,18.3,17.75,17.91,894500
20161021,17.91,18,17.64,17.9,633700
20161024,17.93,18.28,17.39,17.47,1442100
20161025,17.38,17.38,16.65,16.95,1814600
20161026,16.93,17.03,16.72,17.02,912100
20161027,16.93,17.23,16.8,16.88,661900
20161028,16.8,16.94,16.39,16.71,621800
20161031,16.71,17.32,16.49,16.93,1346200
20161101,17.07,17.34,16.38,16.56,3207400
20161103,16.51,16.83,15.87,15.94,735600
20161104,15.77,16.5,15.65,15.77,1018600
20161107,15.87,16.82,15.87,16.56,1136000
20161108,16.56,16.78,16.2,16.48,946600
20161109,15.74,16.23,15.37,16.08,1371000
20161110,16.19,16.21,14.59,14.91,2157300
20161111,15.5,15.92,15.04,15.5,3471500
20161114,15.5,16.21,15.31,16.18,1587100
20161116,16.11,16.43,15.86,16.14,1278700
20161117,16.35,16.36,15.62,15.63,872800
20161118,15.6,15.81,15.28,15.42,1268200
20161121,15.42,16.1,15.37,15.89,1248300
20161122,16.02,16.71,16.02,16.47,2067600
20161123,16.47,16.58,15.88,15.98,978700
20161124,15.96,16.09,15.62,15.89,429700
20161125,15.65,15.77,15.4,15.66,1131000
20161128,15.54,16.31,15.42,16.17,1854900
20161129,16.08,16.66,15.69,15.69,2631200
20161130,15.93,16.49,15.82,16.26,2002400
20161201,15.84,15.85,15.24,15.62,3140600
20161202,15.38,15.96,15.11,15.89,1137800
20161205,15.85,16.1,15.48,15.48,1993400
20161206,15.26,15.8,15.21,15.73,782100
20161207,15.89,16.23,15.47,15.6,1282900
20161208,15.75,15.8,15.06,15.22,766200
20161209,15.31,15.37,14.78,14.91,1231500
20161212,14.73,14.97,14.07,14.34,1304800
20161213,14.12,15.09,14.12,14.97,1344200
20161214,15.08,15.08,13.87,13.95,1704000
20161215,14,14.04,13.59,13.84,2340300
20161216,13.98,14.13,13.79,13.79,1206200
20161219,13.95,14.15,13.88,14,1640400
20161220,14.1,14.4,13.92,14.15,1498200
20161221,14.16,14.39,13.99,14.24,1180000
20161222,14.24,14.8,14.09,14.8,4383100
20161223,14.71,15.56,14.71,15.42,1247600
20161226,15.55,15.64,15.2,15.42,305700
20161227,15.6,15.6,15.15,15.35,708300
20161228,15.28,15.43,15.17,15.43,420600
20161229,15.45,15.8,15.06,15.8,1815600
20170102,15.8,15.8,15.41,15.45,763000
20170103,15.62,16.31,15.46,16.31,1614600
20170104,16.39,16.45,15.85,16.23,1562700
