<DTYYYYMMDD>,<OPEN>,<HIGH>,<LOW>,<CLOSE>,<VOL>
20100601,22.01,22.36,21.51,21.62,4524000
20100602,21.56,22.37,21.55,22.17,4130000
20100604,21.75,21.99,21.23,21.4,4816100
20100607,21.48,21.7,20.66,20.77,4390300
20100608,21.04,21.21,20.75,21.04,4332900
20100609,21.39,21.53,20.92,20.95,3802200
20100610,21.19,21.93,21.19,21.86,4320300
20100611,21.73,22.38,21.61,22.29,3451900
20100614,22.73,22.95,22.4,22.4,4266000
20100615,22.56,22.92,22.49,22.81,2595900
20100616,22.64,23.24,22.59,22.97,6104800
20100617,23.03,23.25,22.29,22.61,4073300
20100618,22.64,22.75,22.25,22.51,3056900
20100621,23,23.05,22.57,22.77,3912800
20100622,22.64,23.09,22.52,22.69,4603200
20100623,22.77,22.9,22.39,22.85,3937100
20100624,22.64,22.96,22.19,22.19,4785100
20100625,22.11,22.44,21.83,22.4,4287700
20100628,22.33,22.35,21.98,22.06,4314700
20100629,21.59,21.6,20.97,21.19,4948000
20100630,21.12,21.67,21.03,21.03,5167000
20100701,20.94,21.25,20.6,21.05,4754700
20100702,20.99,21.26,20.6,20.91,4533900
20100705,20.97,21.35,20.44,20.5,3183700
20100706,20.89,21.23,20.61,21.03,5093700
20100707,21.04,21.53,20.9,21.44,3280600
20100708,21.66,21.84,21.5,21.84,3260500
20100712,21.88,22.09,21.35,21.55,3468600
20100713,21.74,21.93,21.59,21.68,4166200
20100714,21.44,21.54,21.06,21.3,5492500
20100715,21.21,21.28,20.78,21.21,3868300
20100716,21.17,21.17,20.51,20.55,3954400
20100719,20.68,20.91,20.62,20.91,3067800
20100720,20.71,21.76,20.64,21.73,7172900
20100721,21.95,22.24,21.84,22.04,5799400
20100722,22.31,22.85,22.31,22.69,5553500
20100723,22.85,23.18,22.39,23.17,5027500
20100726,23.09,23.34,22.97,23,3432400
20100727,23.15,23.26,22.57,22.92,4620500
20100728,22.73,23.08,22.57,23.01,2788800
20100729,23.13,23.28,22.71,23.07,4326700
20100730,22.69,23.06,22.43,22.64,4306500
20100802,23.09,23.31,22.95,23.18,4940100
20100803,23,23.8,22.93,23.62,8468900
20100804,23.84,24.14,23.59,23.92,4860400
20100805,24.07,24.09,23.64,24.01,4146000
20100806,23.8,24.03,23.43,23.67,4663600
20100809,23.8,24.01,23.6,23.67,2345700
20100810,23.38,23.4,23.01,23.18,6235600
20100811,22.86,22.86,22.16,22.16,7376400
20100812,21.97,22.37,21.85,22.29,3849800
20100813,22.27,22.55,22.02,22.05,3701900
20100816,22.05,22.19,21.85,22.08,2416900
20100817,22.46,22.55,22.26,22.35,4124000
20100818,22.47,22.48,21.97,22.11,5511000
20100819,22.1,22.23,21.43,21.59,7231700
20100820,21.43,21.63,21.23,21.63,4145700
20100823,21.89,21.92,21.33,21.34,3691400
20100824,20.95,21.33,20.84,21.07,5186500
20100825,20.93,21.22,20.75,21.02,5005400
20100826,21.33,21.38,20.59,20.59,4904200
20100827,20.86,21.5,20.63,21.42,4755500
20100830,21.32,21.45,20.9,20.98,2553200
20100831,20.93,21.32,20.81,20.94,3169300
20100901,21.22,21.96,21.16,21.74,6354800
20100902,21.74,21.74,21.41,21.58,4501100
20100903,21.95,22.1,21.34,21.57,4573200
20100906,21.69,21.89,21.51,21.8,1852000
20100908,21.69,22.29,21.62,22.27,6332800
20100909,22.32,22.39,21.99,22.16,2926700
20100910,22.14,22.35,22.04,22.12,2265900
20100913,22.27,22.41,22.15,22.32,4232600
20100914,22.23,22.24,21.77,21.93,4518600
20100915,21.81,22.14,21.74,22.14,3911200
20100916,22.13,22.24,22.03,22.03,2694200
20100917,22.01,22.15,21.55,21.65,4302600
20100920,21.69,21.86,21.57,21.74,4064500
20100921,21.85,21.96,21.65,21.68,3933500
20100922,21.69,21.96,21.51,21.6,6100600
20100923,21.5,21.6,21.25,21.25,10541400
20100924,21.4,21.42,20.2,20.27,19715700
20100927,20.53,20.7,20.34,20.53,7145200
20100928,20.64,21.09,20.55,20.96,7728600
20100929,20.92,21.07,20.47,20.47,8109200
20100930,20.64,20.72,20.28,20.35,6405200
20101001,20.6,20.6,20.01,20.42,6580800
20101004,20.45,20.51,20.12,20.26,4546500
20101005,20.42,20.51,20.06,20.2,10755200
20101006,20.23,20.42,19.7,19.81,9750500
20101007,19.88,19.95,19.38,19.53,8512600
20101008,19.52,19.8,19.39,19.8,6124000
20101011,19.86,19.96,19.77,19.86,2931000
20101013,19.99,20.12,19.45,19.61,11109200
20101014,19.55,19.57,19.28,19.43,6941200
20101015,19.53,19.67,19.23,19.5,6139000
20101018,19.44,19.51,19.16,19.4,5856900
20101019,19.11,19.23,18.69,18.69,8077100
20101020,18.79,18.89,18.38,18.64,8143900
20101021,18.64,18.91,18.07,18.38,7046800
20101022,18.87,19.16,18.41,18.47,10167200
20101025,18.66,18.76,18.43,18.56,4839400
20101026,18.36,18.68,18.08,18.54,7494900
20101027,18.48,19.13,18.47,18.81,8008600
20101028,19.32,19.51,19.1,19.5,12598300
20101029,19.57,19.72,19.18,19.72,9256400
20101101,19.74,20.15,19.61,19.94,4641700
20101103,20.03,20.19,19.69,20.06,5502600
20101104,20.2,20.59,20.14,20.46,8114300
20101105,20.08,20.08,19.68,19.72,13541400
20101108,19.72,20.37,19.72,20.35,5956700
20101109,20.49,20.53,20.14,20.22,5514000
20101110,20.03,20.72,19.84,20.7,5783100
20101111,20.49,20.49,20.22,20.26,3436800
20101112,19.98,20.2,19.79,20.04,3688900
20101116,19.73,19.75,19.05,19.15,6166900
20101117,19.2,19.54,18.98,19.34,3667400
20101118,19.69,19.81,19.51,19.7,4133100
20101119,19.47,19.58,19.38,19.47,2736100
20101122,19.46,19.47,18.89,19.01,4316500
20101123,18.57,18.81,18.48,18.48,5001600
20101124,18.66,19.07,18.6,19.02,4584800
20101125,18.9,18.97,18.54,18.54,2980200
20101126,18.39,18.53,17.97,18.09,5982200
20101129,18,18.16,17.49,17.67,5742900
20101130,17.66,18.16,17.53,17.58,9325500
20101201,18.03,18.51,17.98,18.48,8176700
20101202,18.48,19.3,18.48,19.15,8453100
20101203,19.11,19.37,18.52,19.01,6610400
20101206,19.03,19.38,19.03,19.22,3606000
20101207,19.65,20.03,19.62,19.62,8503100
20101208,19.53,19.74,19.26,19.31,5390000
20101209,19.44,19.92,19.43,19.73,7095500
20101210,19.92,20.56,19.92,20.56,7702900
20101213,20.8,21.3,20.67,21.18,8928900
20101214,21.02,21.13,20.6,20.69,7062600
20101215,20.55,20.6,20.21,20.4,6677600
20101216,20.47,20.8,19.9,19.99,7343300
20101217,20.07,20.69,19.69,20.64,9801000
20101220,20.73,20.73,20.09,20.09,5704500
20101221,20.21,21,20.21,21,5291300
20101222,20.87,21,20.58,21,3313800
20101223,20.95,20.96,20.71,20.81,1889400
20101227,20.55,20.68,20.36,20.36,2270100
20101228,20.37,20.5,19.87,19.9,3465700
20101229,20.12,20.53,19.91,20.29,3632700
20101230,20.29,20.49,20.21,20.44,3655400
20110103,20.79,21.04,20.61,20.85,4035200
20110104,20.88,21.46,20.84,21.46,6778300
20110105,21.27,21.81,21.21,21.59,6176600
20110106,21.55,21.96,21.41,21.67,7418200
20110107,21.59,21.99,21.52,21.71,5766900
20110110,21.43,21.7,21.27,21.41,4299500
20110111,21.62,21.76,21.41,21.58,4805900
20110112,21.75,22.29,21.75,22.29,6031600
20110113,22.28,22.34,21.92,21.92,4336100
20110114,21.82,21.91,21.61,21.82,4305700
20110117,21.66,21.68,21.02,21.55,3485100
20110118,21.7,21.93,21.58,21.58,5222200
20110119,21.67,21.69,20.85,20.93,5726000
20110120,20.76,20.91,20.26,20.51,8737900
20110121,20.69,20.89,20.34,20.36,5813400
20110124,20.46,20.58,20.19,20.28,3949500
20110126,20.39,20.48,19.76,19.9,8101400
20110127,20.05,20.09,19.56,19.56,6921700
20110128,19.66,19.73,18.81,18.93,8426800
20110131,19.11,19.41,18.94,19.25,5847900
20110201,19.52,20.18,19.45,20.1,5471900
20110202,20.15,20.71,20.02,20.06,7655400
20110203,20.09,20.69,19.84,20.64,6163300
20110204,20.52,20.96,20.1,20.19,5949100
20110207,20.42,20.56,20.12,20.28,3008900
20110208,20.15,20.89,20.03,20.45,5423800
20110209,20.37,20.73,19.65,19.79,7125300
20110210,19.89,20.42,19.71,20.42,5879900
20110211,20.42,20.64,20.11,20.64,6685600
20110214,20.56,20.91,20.38,20.8,5197100
20110215,20.64,20.99,20.54,20.69,4160600
20110216,20.78,21.03,20.54,21,5778600
20110217,21.09,21.4,20.7,21.33,5758300
20110218,21.13,21.78,21.13,21.66,6021900
20110221,21.56,21.59,21.01,21.09,2718400
20110222,20.81,21.37,20.49,20.49,8635000
20110223,20.55,20.64,19.99,20.25,7813200
20110224,20.19,20.26,19.73,19.9,6894500
20110225,20.15,20.17,19.44,19.7,5939000
20110228,19.83,20.02,19.68,19.82,4506600
20110301,19.93,20.14,19.44,19.49,6019000
20110302,19.57,19.85,19.44,19.61,4707600
20110303,19.7,20.66,19.65,20.51,11737700
20110304,20.55,20.82,20,20.06,11034800
20110309,19.79,20.35,19.74,19.83,5596600
20110310,19.62,19.81,19.38,19.38,5459800
20110311,19.32,19.38,18.95,18.97,13199900
20110314,19.01,19.71,18.97,19.67,9284500
20110315,19.16,20.06,19.11,20,9335900
20110316,20.07,20.33,19.19,19.36,8102700
20110317,19.74,19.74,19.19,19.28,5449700
20110318,19.52,19.57,19.14,19.25,9554100
20110321,19.36,19.5,18.24,18.3,18372700
20110322,18.32,18.46,17.95,18.21,9748400
20110323,18.24,18.55,18.23,18.33,9575200
20110324,18.41,18.48,18.17,18.26,6020800
20110325,18.21,18.41,18.08,18.12,5660100
20110328,18.17,18.3,18.02,18.07,4329000
20110329,18.12,18.27,17.99,18.13,3829500
20110330,18.24,18.28,17.99,18.08,4526100
20110331,18.11,18.33,18.09,18.25,5011000
20110401,18.35,18.44,18.1,18.12,4383900
20110404,18.22,18.25,18.11,18.11,2916700
20110405,18.14,18.17,17.92,17.97,5838100
20110406,17.99,18.06,17.56,17.63,8332700
20110407,17.67,18.02,17.51,18.01,8705000
20110408,18.08,18.28,18.01,18.08,8684400
20110411,18.12,18.32,17.79,18.16,8242200
20110412,18.03,18.15,17.51,17.51,15485600
20110413,17.45,17.45,16.95,17.09,22557500
20110414,17.04,17.39,16.88,17.16,16018900
20110415,17.23,17.36,16.99,17.36,19720000
20110418,17.22,17.22,16.72,16.78,11762200
20110419,16.9,16.93,16.44,16.78,10853600
20110420,16.95,17.13,16.79,17.07,8161200
20110425,17.08,17.17,16.9,16.97,3754600
20110426,16.99,17.27,16.81,17.22,6095500
20110427,17.22,17.38,16.83,16.98,6937800
20110428,16.82,16.87,16.55,16.63,8737500
20110429,16.63,17.08,16.56,17.08,8081400
20110502,17,17.26,16.71,16.71,8909200
20110503,16.62,16.72,16.03,16.18,7706200
20110504,16.22,16.34,15.86,16.02,9897800
20110505,15.9,16.05,15.28,15.32,13545900
20110506,15.59,15.72,15.43,15.47,7648000
20110509,15.5,15.71,15.3,15.47,5432700
20110510,15.55,15.87,15.29,15.47,6669600
20110511,15.38,15.47,15.07,15.27,8783600
20110512,15.09,15.41,15,15.32,5392000
20110513,15.38,15.41,15,15.09,6205000
20110516,14.95,15.19,14.81,14.87,6305700
20110517,14.91,15.13,14.74,15.08,6298500
20110518,15.2,15.46,14.97,14.99,9572700
20110519,15.13,15.24,14.76,14.98,5526800
20110520,15.03,15.1,14.75,14.83,6370500
20110523,14.56,15,14.47,14.9,5227500
20110524,14.98,15.24,14.98,15.15,6650100
20110525,15.16,15.59,15.08,15.48,7549600
20110526,15.58,15.64,15.26,15.49,5843500
20110527,15.57,15.69,15.36,15.56,5121500
20110530,15.65,15.65,15.41,15.45,1859800
20110531,15.61,15.7,15.36,15.7,4877200
20110601,15.63,15.69,15.13,15.25,6055600
20110602,15.28,15.3,15.05,15.3,5759700
20110603,15.16,15.53,15.1,15.24,6959600
20110606,15.23,15.28,14.72,14.81,5873400
20110607,14.88,15.15,14.8,15,6366500
20110608,14.88,15.01,14.72,14.85,4591700
20110609,14.78,15.16,14.74,15.09,7320300
20110610,15.06,15.06,14.77,14.83,3711600
20110613,14.9,14.9,14.61,14.67,3738600
20110614,14.83,14.92,14.68,14.79,5285400
20110615,14.59,14.83,14.57,14.7,6922800
20110616,14.72,14.89,14.39,14.46,5473700
20110617,14.61,14.65,14.11,14.24,7166900
20110620,14.08,14.35,14.07,14.15,4360900
20110621,14.2,14.28,14.04,14.17,4471000
20110622,14.11,14.32,14.09,14.12,3811700
20110624,14.11,14.2,13.9,13.99,4166100
20110627,14,14.06,13.86,13.98,3977600
20110628,14.01,14.36,13.98,14.23,4518500
20110629,14.28,14.82,14.16,14.68,6408200
20110630,14.8,14.87,14.54,14.79,4487400
20110701,14.74,15.29,14.53,15.14,7736900
20110704,15.13,15.53,15.13,15.53,3720800
20110705,15.46,15.57,15.11,15.18,5643900
20110706,15.02,15.1,14.81,15.1,6599300
20110707,15.24,15.33,14.98,15.06,5921500
20110708,14.88,14.95,14.73,14.82,4006400
20110711,14.65,14.65,14.38,14.44,5232500
20110712,14.29,14.44,13.93,13.95,8111300
20110713,14.06,14.18,13.87,13.97,5254500
20110714,13.97,14.04,13.56,13.7,6007200
20110715,13.7,13.79,13.24,13.26,6187500
20110718,13.11,13.24,12.99,13.06,5313600
20110719,13.14,13.23,12.76,13.05,7379500
20110720,13.15,13.32,13.02,13.02,5655000
20110721,13.1,13.63,13.04,13.54,5313900
20110722,13.53,13.73,13.21,13.32,5101600
20110725,13.2,13.24,13.04,13.11,4423700
20110726,13.15,13.2,12.65,12.7,7515700
20110727,12.56,12.96,12.54,12.78,8270700
20110728,12.91,13.04,12.79,12.91,3857200
20110729,12.7,12.97,12.49,12.72,7617100
20110801,12.93,12.93,12.53,12.69,4723400
20110802,12.61,12.96,12.15,12.15,6034400
20110803,12.16,12.21,11.5,11.95,9845500
20110804,11.53,11.68,10.92,11.07,12700900
20110805,11.07,11.33,10.52,11.17,14060800
20110808,10.58,10.64,9.89,9.96,14196800
20110809,10.12,10.39,9.7,10.28,13487400
20110810,10.18,10.56,9.93,10.34,12989100
20110811,10.57,11.53,10.41,11.41,16878100
20110812,11.46,12.23,11.24,11.96,17516500
20110815,12.15,12.55,11.86,12.11,13276700
20110816,11.78,11.95,11.56,11.64,9965200
20110817,11.73,11.92,11.49,11.92,12184300
20110818,11.6,11.62,11.1,11.51,8602100
20110819,11.32,11.89,11.24,11.48,11516900
20110822,11.79,11.91,11.53,11.6,7731500
20110823,11.68,12.33,11.6,12.29,10240500
20110824,12.41,12.58,11.97,12.19,10532000
20110825,12.2,12.3,11.7,11.82,8161100
20110826,11.72,12.05,11.42,12.01,8577800
20110829,12.15,12.37,12,12.37,7821500
20110830,12.24,12.54,12.11,12.39,6738600
20110831,12.58,12.64,12.11,12.42,12989600
20110901,12.58,12.83,12.43,12.48,11003100
20110902,12.23,12.38,11.97,12.24,10938300
20110905,11.91,12.1,11.84,11.96,4683700
20110906,11.72,12.37,11.69,12.32,9105100
20110908,12.51,13.01,12.47,12.89,13523000
20110909,12.75,13.12,12.57,12.74,10551300
20110912,12.44,12.81,12.25,12.6,9511800
20110913,12.73,12.88,12.53,12.62,4626900
20110914,12.79,13.29,12.71,13.11,15320700
20110915,13.29,13.43,13,13.21,6770400
20110916,13.2,13.51,13.14,13.47,8073000
20110919,13.15,13.85,13.15,13.74,7322500
20110920,13.84,13.84,13.17,13.26,8815000
20110921,13.4,13.78,13.16,13.26,8010600
20110922,12.65,13.04,12.6,12.74,10731500
20110923,12.75,12.91,12.48,12.64,7399500
20110926,12.88,13.11,12.56,13.11,6459300
20110927,13.33,13.43,13,13.01,7821500
20110928,12.97,13.32,12.64,12.68,8886100
20110929,12.79,13.06,12.36,12.48,8485800
20110930,12.36,12.54,12.02,12.19,9689200
20111003,12.06,12.31,11.74,11.74,10697900
20111004,11.55,11.69,11.31,11.69,9014600
20111005,11.75,11.83,11.32,11.63,9209900
20111006,11.88,12.16,11.74,12,6899700
20111007,12.2,12.24,11.52,11.74,7680300
20111010,11.9,12.37,11.83,12.31,7961800
20111011,12.25,12.79,12.14,12.65,7754100
20111013,12.79,12.86,12.3,12.75,8587300
20111014,12.79,12.93,12.69,12.88,5400200
20111017,12.79,12.81,12.26,12.3,6095600
20111018,12.24,12.72,11.98,12.69,7508500
20111019,12.6,12.64,12.22,12.45,7283900
20111020,12.36,12.42,11.93,12.1,7346300
20111021,12.17,12.59,12.17,12.56,5173000
20111024,12.65,13.17,12.65,13.07,11739800
20111025,12.97,13.22,12.62,12.79,7692800
20111026,13.04,13.23,12.83,13.06,6809600
20111027,13.53,14.35,13.53,14.06,14741500
20111028,13.96,14.56,13.91,14.34,11448700
20111031,14.06,14.22,13.86,14.11,8412900
20111101,13.4,13.91,13.38,13.81,9867200
20111103,14.2,14.39,14,14.06,8951600
20111104,13.97,14.36,13.74,14.27,8470000
20111107,14.32,14.6,14.16,14.34,4649600
20111108,14.48,14.51,13.92,14.25,7513300
20111109,13.96,14.04,13.65,13.88,8476400
20111110,14.04,14.04,13.76,13.81,7738800
20111111,13.96,14.44,13.94,14.17,7089300
20111114,14.06,14.09,13.76,13.84,4573100
20111116,13.85,13.96,13.5,13.83,6854400
20111117,13.69,13.91,13.11,13.2,10639600
20111118,13.29,13.37,12.96,13,5853600
20111121,12.75,12.82,12.49,12.69,9128700
20111122,12.79,12.83,12.49,12.69,7118500
20111123,12.45,12.66,12.32,12.45,5680700
20111124,12.54,12.67,12.22,12.32,3816500
20111125,12.16,12.4,12.07,12.2,5278500
20111128,12.44,12.58,12.3,12.44,7085600
20111129,12.51,12.52,11.88,11.93,10176600
20111130,12.08,12.61,11.98,12.44,13551000
20111201,12.8,12.87,12.57,12.76,7217900
20111202,12.94,13.12,12.57,12.75,7232100
20111205,12.9,13.27,12.82,13.15,7187900
20111206,13.1,13.46,12.96,13.41,5772700
20111207,13.34,13.43,13.09,13.28,6028000
20111208,13.31,13.51,12.76,12.93,8477700
20111209,12.99,13.08,12.81,12.92,5600400
20111212,12.81,12.89,12.57,12.71,4948500
20111213,12.91,13.06,12.79,12.91,10640900
20111214,12.76,12.97,12.63,12.75,11725200
20111215,12.84,13.04,12.67,12.7,5022300
20111216,12.81,12.93,12.67,12.76,8176800
20111219,12.71,12.8,12.34,12.34,6738700
20111220,12.44,12.88,12.34,12.85,5777000
20111221,12.78,13.1,12.73,12.86,4816200
20111222,12.92,13.28,12.86,13.27,5854000
20111223,13.36,13.52,13.3,13.47,5230900
20111226,13.47,13.66,13.33,13.39,1848700
20111227,13.38,13.72,13.31,13.65,5545100
20111228,13.7,13.72,13.1,13.16,4714200
20111229,13.26,13.36,13.08,13.36,5491100
20120102,13.47,13.53,13.1,13.45,5702400
20120103,13.52,14.05,13.48,13.96,9540800
20120104,13.86,14.37,13.69,14.19,8378600
20120105,14.1,14.65,13.91,14.42,9483200
20120106,14.38,14.69,14.34,14.56,10419700
20120109,14.67,14.77,14.45,14.51,6528600
20120110,14.76,15.12,14.76,15.05,12780700
20120111,14.98,15.32,14.98,15.25,10673700
20120112,15.42,15.42,15,15.37,9021500
20120113,15.29,15.3,14.89,15.11,8981100
20120116,15.11,15.39,15.02,15.34,6283800
20120117,15.52,15.59,15.4,15.46,9414700
20120118,15.47,15.57,15.26,15.57,8438100
20120119,15.62,15.65,15.07,15.25,13694500
20120120,15.29,15.55,15.07,15.42,11376800
20120123,15.46,15.46,15.19,15.34,8855100
20120124,15.27,15.27,14.82,15.17,9493800
20120126,15.49,15.68,15.4,15.52,9946300
20120127,15.58,15.64,15.34,15.53,8046300
20120130,15.29,15.56,15.15,15.42,7696900
20120131,15.55,15.57,15.2,15.34,8432300
20120201,15.51,16.3,15.48,16.03,14037200
20120202,16.11,16.45,15.91,16.26,11454900
20120203,16.19,16.81,16.09,16.73,11012000
20120206,16.67,16.77,16.53,16.77,4466000
20120207,16.63,16.98,16.58,16.86,7640900
20120208,16.95,17.02,16.68,16.81,5301300
20120209,16.76,17.03,16.69,16.91,6359700
20120210,16.63,16.67,16.17,16.21,8622400
20120213,16.48,16.56,16.2,16.45,6550500
20120214,16.49,16.51,15.97,15.98,8970000
20120215,16.21,16.3,15.83,15.85,8719000
20120216,15.66,16.09,15.51,15.98,9157700
20120217,16.21,16.42,16.07,16.33,8583500
20120222,16.42,16.51,16.24,16.34,2707100
20120223,16.28,16.49,16.12,16.22,4752500
20120224,16.29,16.46,16.26,16.38,3444800
20120227,16.35,16.35,16.09,16.1,4210900
20120228,16.18,16.39,16.17,16.33,5998800
20120229,16.43,16.83,16.38,16.61,8714300
20120301,16.72,16.84,16.57,16.81,5448500
20120302,16.94,17.08,16.82,16.99,4937400
20120305,16.87,17.03,16.57,16.7,5378200
20120306,16.38,16.38,15.87,15.88,8980200
20120307,16.06,16.1,15.66,15.83,7663300
20120308,16.25,16.34,15.93,16.1,7042200
20120309,16.24,16.59,16.15,16.53,6839900
20120312,16.3,16.65,16.29,16.54,4540500
20120313,16.65,17.45,16.58,17.4,10223700
20120314,17.4,17.85,17.34,17.7,10010200
20120315,17.59,17.9,17.34,17.71,7814800
20120316,17.72,17.86,17.57,17.74,4446700
20120319,17.72,17.96,17.64,17.72,4172400
20120320,17.32,17.48,17.22,17.34,5676100
20120321,17.4,17.48,16.88,17.1,4810700
20120322,16.84,16.89,16.47,16.59,6393000
20120323,16.66,17.19,16.59,17.19,5384600
20120326,17.41,17.5,17.18,17.4,5906500
20120327,17.51,17.63,16.87,17,9799800
20120328,16.99,17.09,16.43,16.46,7535100
20120329,16.33,16.65,16.14,16.58,7397100
20120330,16.73,16.82,16.08,16.16,8272800
20120402,16.2,16.92,16.13,16.71,8465000
20120403,16.84,16.89,16.21,16.36,4679100
20120404,16.12,16.27,15.88,15.97,5388300
20120405,15.97,16.28,15.91,16.04,4674300
20120409,15.79,15.93,15.6,15.8,4558000
20120410,15.7,15.72,15.34,15.58,6894800
20120411,15.67,15.92,15.59,15.62,4938500
20120412,15.68,16.3,15.5,16.27,6824600
20120413,16.1,16.21,15.69,16.09,4820200
20120416,16.15,16.32,15.7,15.96,5160700
20120417,16.1,16.39,15.98,16.2,5605000
20120418,16.23,16.79,16.15,16.79,10371400
20120419,16.71,16.89,16.42,16.5,5526800
20120420,16.61,16.79,16.47,16.57,3798900
20120423,16.2,16.2,15.88,16.05,4114500
20120424,16,16.36,15.83,16.36,5050200
20120425,16.56,16.6,16.23,16.47,5332500
20120426,16.38,16.73,16.16,16.66,4664400
20120427,16.75,16.79,16.38,16.47,3926000
20120430,16.57,16.59,16.22,16.59,3963500
20120502,16.47,16.61,16.1,16.48,4525200
20120503,16.47,16.5,15.95,16.08,4360400
20120504,15.82,15.98,15.22,15.22,14728700
20120507,15,15.35,14.74,15.3,11536400
20120508,15.04,15.21,14.67,14.81,9039000
20120509,14.62,15.1,14.58,14.89,7649900
20120510,15.02,15.56,15.02,15.25,8747100
20120511,15.08,15.54,14.91,15.37,10212600
20120514,15.01,15.16,14.86,15.04,6247500
20120515,15,15.22,14.67,14.72,7062900
20120516,14.86,15.27,14.63,14.72,7671500
20120517,14.82,14.97,14.38,14.4,9311100
20120518,14.44,14.61,14.13,14.46,10867000
20120521,14.5,15.61,14.45,15.61,12122200
20120522,15.44,15.68,15.25,15.29,9016200
20120523,15.18,15.29,14.89,15.17,10132900
20120524,15.23,15.27,14.64,14.86,8962400
20120525,14.73,15.19,14.73,15,5128000
20120528,15.17,15.32,15.01,15.19,2779300
20120529,15.25,15.37,15,15.12,5846300
20120530,14.97,15.08,14.77,14.94,6236400
20120531,14.8,14.95,14.56,14.73,7411800
20120601,14.4,14.94,14.26,14.61,9033500
20120604,14.68,15.08,14.59,15,5211500
20120605,15.09,15.35,14.82,14.82,7588900
20120606,15,15.68,14.94,15.68,9153100
20120608,15.62,15.65,15.19,15.61,5677600
20120611,15.74,16.34,15.42,15.51,5664300
20120612,15.46,16.03,15.46,16.03,4625600
20120613,15.83,16.2,15.62,16.19,8263400
20120614,16.11,16.33,15.79,16.26,5868900
20120615,16.26,16.63,16.19,16.63,7603100
20120618,16.51,16.61,16.33,16.42,5359900
20120619,16.52,16.79,16.03,16.68,10845300
20120620,16.65,16.68,16.22,16.26,7301500
20120621,16.26,16.37,15.55,15.67,5662000
20120622,15.79,15.9,15.25,15.36,4526200
20120625,15.05,15.27,14.98,15.13,3036900
20120626,15.13,15.27,14.95,15.08,5549100
20120627,15.19,15.59,15.08,15.3,4768200
20120628,15.28,15.43,14.88,15.24,6233700
20120629,15.75,16.44,15.75,16.44,9213400
20120702,16.4,16.53,16.17,16.48,6123300
20120703,16.49,16.88,16.31,16.44,6506200
20120704,16.52,16.72,16.26,16.39,2277200
20120705,16.49,17.18,16.49,16.84,8391900
20120706,16.59,16.64,16.28,16.4,6848800
20120710,16.49,16.58,15.84,15.91,6856600
20120711,16,16.13,15.48,15.82,7809500
20120712,15.51,15.98,15.32,15.88,6256700
20120713,16.11,16.24,15.89,16.22,4888100
20120716,16.25,16.26,15.56,15.74,5262300
20120717,15.83,16.18,15.83,16.12,4464300
20120718,16.14,16.7,15.91,16.67,7439300
20120719,16.72,17.13,16.58,16.9,6611800
20120720,16.72,16.92,16.28,16.4,6487700
20120723,16.02,16.15,15.7,16.09,5992500
20120724,16.22,16.38,15.68,15.8,6611800
20120725,15.96,16.11,15.42,15.51,4821000
20120726,15.84,16.14,15.68,16.07,6521100
20120727,16.28,17.41,16.18,16.98,12120000
20120730,17,17.26,16.41,17.26,8940100
20120731,17.28,17.45,17.04,17.3,5881900
20120801,17.37,17.43,16.73,16.75,7168100
20120802,16.42,17.1,16.39,17.03,8040500
20120803,17.37,17.93,17.35,17.56,9670900
20120806,17.54,18.39,17.48,18.02,6453100
20120807,18.19,18.28,17.46,17.53,7227100
20120808,17.46,18.1,17.25,18.1,6607200
20120809,17.91,18.11,17.67,17.75,4238100
20120810,17.54,18.3,17.53,18.3,7545500
20120813,18.19,18.52,17.95,18.47,6989600
20120814,18.57,19.13,18.22,18.4,9287300
20120815,18.53,18.63,17.87,18.53,8974300
20120816,18.77,19.08,18.38,19.04,7578500
20120817,19.05,19.18,18.68,18.97,3407100
20120820,18.94,19,18.4,18.55,5324600
20120821,18.76,18.96,18.02,18.29,8366700
20120822,18.24,18.34,17.66,18.27,12915700
20120823,17.92,18.05,17.55,17.71,10256500
20120824,17.59,17.73,17.26,17.53,4721400
20120827,17.42,17.51,17.17,17.23,5231600
20120828,17.12,17.62,17.03,17.38,3724600
20120829,17.55,17.57,16.82,16.88,5355500
20120830,16.78,17.08,16.66,17.02,4275700
20120831,17.22,17.24,16.75,16.75,8977900
20120903,16.76,16.93,16.5,16.53,3269200
20120904,16.44,16.81,16.28,16.63,4848800
20120905,17.08,17.19,16.84,17.06,5978000
20120906,17.15,17.98,17.15,17.98,9271300
20120910,18.2,18.29,17.75,17.92,9231000
20120911,17.92,18.22,17.82,18.19,5419700
20120912,18.29,18.47,18.15,18.47,4471300
20120913,18.38,19.64,18.24,19.25,10810800
20120914,19.18,20.22,19.17,19.33,11449700
20120917,19.14,19.53,18.76,19.22,5518100
20120918,19.22,19.32,18.73,19.05,5376100
20120919,19.16,19.45,18.87,18.87,6256400
20120920,18.66,18.93,18.47,18.85,4397600
20120921,18.85,19.08,18.7,18.79,5690900
20120924,18.72,19.07,18.59,19.07,7831200
20120925,19.11,19.18,18.16,18.31,6981900
20120926,18.17,18.63,17.79,18.61,5819000
20120927,18.75,18.84,18.07,18.21,7629100
20120928,18.16,18.33,17.82,17.99,6516300
20121001,17.94,18.45,17.9,18.09,5561200
20121002,18.08,18.4,17.64,17.87,5710500
20121003,17.92,17.98,17.61,17.78,4375400
20121004,17.69,17.99,17.4,17.49,8733700
20121005,17.64,17.81,16.99,17.49,9519000
20121008,17.42,17.78,17.32,17.78,3904200
20121009,17.84,17.93,17.51,17.78,4491300
20121010,17.75,17.87,17.51,17.54,3901900
20121011,17.68,17.84,17.63,17.8,3834900
20121015,17.91,17.96,17.43,17.65,7125900
20121016,17.69,18.11,17.64,18.01,6777600
20121017,18.15,18.28,17.75,17.82,7955000
20121018,17.82,17.82,17.46,17.56,7255200
20121019,17.52,17.63,16.79,16.8,8487200
20121022,16.89,17.12,16.66,16.72,6806100
20121023,16.57,16.83,16.51,16.75,5122700
20121024,16.8,17.2,16.74,16.94,6139600
20121025,17.12,17.25,16.79,16.84,4420000
20121026,16.81,16.84,16.35,16.42,4739400
20121029,16.25,16.73,15.99,16.69,3454900
20121030,16.75,16.79,16.47,16.79,1744000
20121031,16.89,16.91,16.47,16.56,3761900
20121101,16.53,16.77,15.91,16.77,13101300
20121105,16.54,16.95,16.37,16.87,4823200
20121106,16.94,17.6,16.71,17.5,6718000
20121107,17.38,17.68,16.9,17.04,7275600
20121108,17.04,17.28,16.83,16.89,6681600
20121109,16.97,17.23,16.73,16.92,6050300
20121112,16.92,17.15,16.8,16.99,2643600
20121113,16.95,17.01,16.58,16.93,5373700
20121114,16.86,17.03,16.32,16.49,6039400
20121116,16.41,16.52,16.08,16.23,3934100
20121119,16.39,16.69,16.21,16.69,3307700
20121121,16.86,16.98,16.53,16.98,4676100
20121122,17.09,17.19,16.88,17.13,2112400
20121123,17.12,17.66,17.03,17.66,4984300
20121126,17.56,17.6,17.2,17.31,3333300
20121127,17.26,17.64,16.95,16.95,3933000
20121128,16.72,17.29,16.72,17.29,4448200
20121129,17.42,17.51,17.07,17.37,6586900
20121130,17.46,17.5,16.6,16.6,10619300
20121203,16.82,16.95,16.44,16.6,6631400
20121204,16.64,16.85,16.48,16.5,5282800
20121205,16.67,16.92,16.49,16.87,5037000
20121206,16.8,16.94,16.64,16.75,5077900
20121207,16.81,17.36,16.73,17.24,6236200
20121210,17.15,17.53,17.01,17.47,4518400
20121211,17.56,17.69,17.33,17.52,5495700
20121212,17.59,17.66,17.21,17.27,7677500
20121213,17.11,17.42,16.92,17.02,6726600
20121214,17.21,17.22,16.72,16.89,5757400
20121217,16.9,17.07,16.65,16.76,5324200
20121218,16.86,17.33,16.78,17.25,5903200
20121219,17.4,17.45,16.98,17.09,6529200
20121220,17.28,17.4,16.89,16.94,11753400
20121221,16.67,16.7,16.49,16.67,8421600
20121226,16.67,16.95,16.63,16.86,5193600
20121227,16.95,17.1,16.65,16.74,5480400
20121228,16.8,16.99,16.65,16.8,6516300
20130102,17.19,17.88,17.19,17.68,12408300
20130103,17.59,18.26,17.55,18.08,11005900
20130104,18.03,18.26,17.71,17.71,7975000
20130107,17.8,18.12,17.62,18.02,7567600
20130108,18.01,18.16,17.47,17.66,7494000
20130109,17.83,17.87,17.21,17.33,8527300
20130110,17.38,17.39,16.98,17.21,8947200
20130111,17.22,17.31,16.95,17,6027900
20130114,17.05,17.3,16.93,17.1,4777600
20130115,17.05,17.11,16.79,16.79,4596900
20130116,16.77,17.04,16.55,16.76,6604700
20130117,16.75,17.09,16.72,16.95,6834000
20130118,16.97,17.01,16.69,16.77,6010200
20130121,16.83,16.95,16.65,16.77,2656500
20130122,16.77,16.93,16.67,16.76,3731400
20130123,16.8,16.91,16.72,16.86,3418200
20130124,16.8,16.88,16.42,16.57,6054200
20130128,16.45,16.64,15.88,16.02,9465000
20130129,15.97,16.29,15.76,16.29,5306800
20130130,16.25,16.35,16.11,16.14,7095500
20130131,16.06,16.36,16.04,16.36,8052200
20130201,16.39,16.48,16.26,16.39,3926800
20130204,16.37,16.44,15.99,16.24,6372300
20130205,16.24,16.53,16.16,16.43,6880900
20130206,16.39,16.46,16.17,16.43,4712100
20130207,16.39,16.65,16.19,16.28,4100900
20130208,16.3,16.49,15.98,16.22,4532300
20130213,16.37,16.54,16.3,16.51,3421100
20130214,16.42,16.63,16.23,16.43,3283600
20130215,16.34,16.43,16.05,16.12,4704800
20130218,16.1,16.11,15.64,15.64,6998700
20130219,15.66,15.83,15.32,15.34,8146700
20130220,15.42,15.55,14.64,14.71,11156700
20130221,14.52,15.33,14.52,15.12,11671800
20130222,15.31,15.36,14.73,15.18,7535300
20130225,15.27,15.76,14.91,15.23,7380500
20130226,14.96,15.74,14.95,15.74,10019300
20130227,15.53,15.61,15.2,15.36,9091800
20130228,15.2,15.58,15.2,15.41,4900100
20130301,15.27,15.28,14.86,14.92,6580100
20130304,14.7,14.99,14.69,14.76,7096100
20130305,14.84,15.31,14.26,14.26,18878200
20130306,14.67,14.91,14.18,14.83,11803000
20130307,15.01,15.31,14.72,14.82,7397700
20130308,14.82,15.15,14.64,14.96,7425100
20130311,14.88,15.02,14.76,15.01,2708400
20130312,14.91,15.08,14.68,14.68,8049300
20130313,14.69,14.75,14.46,14.57,6967500
20130314,14.63,14.68,14.28,14.44,7812000
20130315,14.54,14.6,14.16,14.26,5656500
20130318,14.14,14.33,14.01,14.16,5430900
20130319,14.08,14.21,13.75,13.91,7872400
20130320,13.9,14.18,13.8,13.96,6255400
20130321,13.98,14.07,13.8,13.87,5636400
20130322,13.96,14.16,13.81,14.03,4378500
20130325,14.01,14.13,13.71,13.9,3819400
20130326,14.02,14.49,13.95,14.49,6713200
20130327,14.4,14.6,14.23,14.41,4919200
20130328,14.52,14.65,14.38,14.59,5334900
20130401,14.66,14.66,14.27,14.38,5030300
20130402,14.45,14.59,13.97,14.03,5441400
20130403,13.99,14.13,13.88,14.03,4889600
20130404,14.1,14.1,13.74,13.86,4259900
20130405,13.67,14.21,13.59,14.21,6645400
20130408,14.15,14.16,13.76,13.92,4596900
20130409,13.97,14.3,13.89,14.04,6303700
20130410,14.12,14.31,13.95,13.97,5842300
20130411,14.02,14.06,13.74,13.94,3720500
20130412,13.86,13.88,13.53,13.61,5530700
20130415,13.45,13.57,13.08,13.08,6122200
20130416,13.18,13.61,13.18,13.61,8177000
20130417,13.46,13.91,13.41,13.79,12776800
20130418,13.87,14.42,13.83,14.35,8566200
20130419,14.42,14.49,13.99,14.26,5722200
20130422,14.3,14.34,13.96,14.3,3607600
20130423,14.24,14.57,14.17,14.53,7061200
20130424,14.5,14.79,14.41,14.49,5470600
20130425,14.6,14.65,14.26,14.41,6093200
20130426,14.32,14.39,14.05,14.16,4049000
20130429,14.3,14.54,14.03,14.39,4528200
20130430,14.47,14.79,14.22,14.66,4877100
20130502,14.75,14.84,14.35,14.35,3908000
20130503,14.53,14.76,14.42,14.56,4434200
20130506,14.47,14.6,14.31,14.5,4657000
20130507,14.23,14.47,13.91,14.18,13931600
20130508,14.1,14.23,13.55,13.6,16060700
20130509,13.66,13.77,13.33,13.41,7365400
20130510,13.36,13.45,13.13,13.22,6485800
20130513,13.19,13.24,12.98,13.02,5526700
20130514,13.05,13.14,12.82,12.92,6902300
20130515,12.88,12.94,12.59,12.59,10448000
20130516,12.66,12.9,12.43,12.65,8698100
20130517,12.8,12.89,12.66,12.77,4820900
20130520,12.76,13,12.68,13,4799300
20130521,13.01,13.26,12.94,13.23,8432500
20130522,13.24,13.39,12.88,13.21,9340700
20130523,12.78,12.92,12.74,12.79,5448100
20130524,12.71,12.75,12.37,12.43,9258300
20130527,12.48,12.63,12.44,12.63,1606100
20130528,12.74,12.76,12.54,12.74,6342400
20130529,12.57,12.74,12.43,12.45,4602500
20130531,12.41,12.52,12.16,12.26,9247800
20130603,12.26,12.64,12.24,12.63,6142900
20130604,12.64,12.76,12.51,12.66,5811800
20130605,12.54,12.57,12.17,12.17,8957000
20130606,12.2,12.28,11.98,12.17,5646500
20130607,11.94,12.42,11.89,12.02,12063200
20130610,11.95,12.06,11.8,11.8,4562200
20130611,11.69,11.72,11.36,11.41,8505400
20130612,11.55,11.65,11.27,11.48,9873400
20130613,11.46,12.12,11.42,12.12,11958600
20130614,12.12,12.12,11.69,12.02,10409900
20130617,12.08,12.39,12.07,12.07,8125500
20130618,11.93,12.34,11.86,12.14,7570600
20130619,12.22,12.34,11.79,11.91,8939400
20130620,11.69,12.12,11.36,12.11,16355700
20130621,11.96,12.17,11.7,11.78,5901400
20130624,11.59,11.6,10.88,11.15,11111400
20130625,11.28,11.57,11.24,11.38,6740700
20130626,11.55,11.59,11.22,11.29,4466400
20130627,11.46,11.97,11.46,11.94,9926400
20130628,11.88,11.99,11.74,11.84,9404700
20130701,11.83,12.52,11.83,12.44,9878700
20130702,12.3,12.46,11.97,12.26,11802300
20130703,12.18,12.73,12.18,12.64,9643600
20130704,12.78,12.92,12.46,12.67,5603600
20130705,12.49,12.65,11.99,12.34,10303000
20130708,12.13,12.52,12.12,12.16,4350200
20130710,12.37,12.42,11.97,12.05,4487900
20130711,12.3,12.45,12.12,12.43,6199000
20130712,12.4,12.42,11.97,11.97,5044900
20130715,11.97,12.24,11.97,12.12,7798200
20130716,12.3,12.48,12.1,12.43,5741200
20130717,12.49,12.89,12.4,12.77,7809900
20130718,12.7,13.16,12.61,12.95,7298500
20130719,12.91,13.08,12.83,12.85,4992400
20130722,12.86,13.14,12.86,13.06,5223400
20130723,13.22,13.46,13.21,13.4,8476300
20130724,13.41,13.59,13.29,13.54,7829500
20130725,13.33,13.86,13.33,13.83,8733400
20130726,13.71,14.06,13.55,13.62,6971400
20130729,13.58,13.76,13.37,13.61,4768400
20130730,13.64,13.74,13.32,13.32,7484500
20130731,13.73,13.98,13.62,13.7,12899900
20130801,13.83,14.41,13.81,14.3,13639400
20130802,14.31,14.45,14.09,14.16,8056300
20130805,14.15,14.2,13.96,14.09,3875900
20130806,14.19,14.19,13.75,13.91,7184900
20130807,13.76,14.45,13.76,14.24,9141200
20130808,14.3,14.56,14.23,14.36,8008200
20130809,14.49,14.72,14.38,14.56,10031500
20130812,14.72,14.81,14.48,14.6,7605100
20130813,14.66,14.77,14.31,14.46,6890000
20130814,14.39,14.66,14.3,14.44,13363300
20130815,14.14,14.58,14.13,14.39,9905300
20130816,14.39,15.4,14.37,15.34,17466700
20130819,15.29,16.23,15.26,16.23,20477900
20130820,16.09,16.12,15.83,16.02,10914100
20130821,15.9,16.25,15.71,16.08,9858300
20130822,16.32,16.85,16.22,16.71,14487500
20130823,16.46,16.67,16.12,16.33,15468500
20130826,16.42,16.63,16.29,16.3,7113500
20130827,16.09,16.36,16.04,16.05,9473200
20130828,15.99,16.29,15.87,16.09,5059700
20130829,16.14,16.35,16.11,16.3,5146400
20130830,16.42,16.58,15.93,16.18,9753500
20130902,16.46,16.7,16.34,16.68,5437900
20130903,16.73,16.92,16.26,16.38,6812300
20130904,16.32,16.58,16.17,16.43,11996100
20130905,16.39,16.39,15.88,16.04,13094600
20130906,16.26,16.3,15.8,15.9,13348400
20130909,15.83,16.49,15.81,16.15,9896400
20130910,16.38,16.53,16.25,16.37,9808500
20130911,16.42,16.57,16.06,16.13,6750000
20130912,16.08,16.23,15.9,16.04,5371100
20130913,16.19,16.19,15.92,16.04,3584900
20130916,16.2,16.27,15.76,15.9,5799700
20130917,15.84,15.93,15.59,15.62,5293200
20130918,15.65,15.87,15.41,15.72,11555300
20130919,15.8,15.84,15.52,15.66,5700300
20130920,15.66,15.77,15.57,15.57,4807400
20130923,15.57,15.81,15.57,15.81,5319000
20130924,15.91,15.91,15.54,15.72,5072000
20130925,15.63,15.98,15.62,15.85,5333700
20130926,15.86,16.31,15.8,16.04,10610400
20130927,16.04,16.13,15.93,16.09,7118700
20130930,15.95,15.97,15.52,15.66,9660500
20131001,15.62,15.75,15.41,15.52,6612800
20131002,15.49,15.8,15.49,15.66,6710200
20131003,15.78,15.89,15.46,15.46,7860100
20131004,15.43,16.03,15.43,15.95,5682600
20131007,15.86,16.2,15.74,16.16,5867400
20131008,16.04,16.21,15.95,16.21,3586700
20131009,16.34,16.51,16.24,16.39,8212200
20131010,16.51,16.51,16.19,16.32,4620500
20131011,16.36,16.73,16.28,16.65,5131800
20131014,16.67,16.92,16.48,16.84,5672500
20131015,16.81,17.02,16.72,16.85,6557300
20131016,16.95,17.06,16.63,16.79,8072800
20131017,16.68,16.75,15.99,16.13,10377700
20131018,16.23,16.3,15.73,15.79,7629700
20131021,15.8,16.01,15.71,16,5113700
20131022,16.01,16.53,15.95,16.52,5167700
20131023,16.27,16.42,16.15,16.29,3947900
20131024,16.4,16.44,15.78,16,4628700
20131025,15.95,16.2,15.7,15.71,6129200
20131028,15.81,16,15.7,15.73,4528200
20131029,15.83,15.89,15.62,15.69,3809800
20131030,15.82,16.02,15.78,15.93,9311700
20131031,16.37,16.67,16.26,16.67,10337100
20131101,16.65,17.31,16.64,17.29,10599500
20131104,17.23,17.58,17.01,17.13,6169800
20131105,17.13,17.26,16.88,17.07,6211300
20131106,17.08,17.31,16.82,17.22,4952800
20131107,17.14,17.62,16.89,17.13,5609500
20131108,17.01,17.38,16.61,17.27,10231000
20131111,17.26,17.46,17.13,17.33,3808300
20131112,17.28,17.47,16.9,17.16,7559800
20131113,16.95,17.2,16.83,17.06,4539400
20131114,17.16,17.75,17.13,17.46,5436200
20131118,17.5,17.89,17.48,17.86,6875900
20131119,17.7,17.79,17.38,17.53,4793300
20131121,17.17,17.63,17.12,17.56,4431700
20131122,17.39,17.63,17.09,17.29,8730100
20131125,17.29,17.3,16.72,16.75,6262700
20131126,16.67,16.97,16.62,16.67,5023000
20131127,16.71,17.28,16.66,17.13,6213900
20131128,17.29,17.37,16.81,17.1,3137900
20131129,17.05,17.29,16.95,17.1,4210500
20131202,16.97,17.29,16.94,17.17,7350900
20131203,16.91,17.24,16.83,16.96,5354700
20131204,16.99,17.16,16.91,16.91,12565600
20131205,17.03,17.52,17.03,17.44,6838500
20131206,17.57,17.65,17.1,17.25,5761200
20131209,17.18,17.47,17.06,17.43,3755600
20131210,17.51,17.51,17.16,17.41,4063700
20131211,17.35,17.44,17.1,17.27,9617900
20131212,17.33,17.36,16.91,17.12,5803900
20131213,17.15,17.35,16.97,16.99,5890400
20131216,16.99,17.08,16.84,16.98,5349400
20131217,17.09,17.44,16.99,17.26,4475900
20131218,17.38,17.9,17.33,17.81,8726300
20131219,17.82,18.22,17.82,18.11,6297700
20131220,18.19,18.35,17.83,17.97,4275900
20131223,17.97,18.21,17.82,17.89,3267500
20131226,17.87,17.88,17.6,17.71,2349100
20131227,17.77,17.78,17.34,17.47,4179400
20131230,17.47,17.67,17.32,17.42,3447800
20140102,17.62,17.63,17.1,17.32,5514300
20140103,17.32,17.38,16.88,17.2,7686100
20140106,17.15,17.29,16.91,17.09,5252100
20140107,17.18,17.37,16.98,17.07,5658800
20140108,17.01,17.44,16.92,17.1,4570000
20140109,17.09,17.13,16.67,16.98,8211400
20140110,16.87,17.47,16.82,17.12,6573600
20140113,17.17,17.19,16.63,16.76,9543300
20140114,16.67,16.72,16.29,16.34,10690700
20140115,16.49,16.79,16.38,16.57,6875900
20140116,16.69,16.92,16.46,16.56,6169900
20140117,16.57,16.85,16.34,16.42,4993300
20140120,16.39,16.43,16.12,16.23,2465500
20140121,16.29,16.45,15.76,15.96,10099700
20140122,16.02,16.34,15.79,16.18,6552300
20140123,16.04,16.45,16.04,16.1,5099400
20140124,16.05,16.5,15.84,16.1,6059600
20140127,16,16.32,15.86,15.87,5819500
20140128,16.13,16.13,15.77,15.85,5814500
20140129,15.76,16.35,15.75,16.27,6158400
20140130,16.09,16.49,16,16.08,6398200
20140131,15.91,16.32,15.77,16.29,6777400
20140203,16.14,16.34,15.63,15.71,6742400
20140204,15.78,15.86,15.4,15.59,7121400
20140205,15.56,15.69,15.25,15.38,8311900
20140206,15.45,15.86,15.42,15.65,6833600
20140207,15.77,16.18,15.77,16.12,6329300
20140210,16.11,16.24,15.58,15.58,4650800
20140211,15.7,15.94,15.43,15.68,4558000
20140212,15.72,15.73,15.18,15.39,5545500
20140213,15.29,15.41,15.08,15.39,5624100
20140214,15.53,15.64,15.32,15.51,3795100
20140217,15.46,15.64,15.1,15.1,3648900
20140218,15.01,15.18,14.19,14.19,10946600
20140219,14.08,14.66,14.06,14.47,9744900
20140220,14.37,15.09,14.26,14.57,8060800
20140221,14.84,14.89,14.07,14.11,11008900
20140224,14.16,14.69,13.93,14.52,9683600
20140225,14.39,14.61,14.19,14.28,5899300
20140226,14.44,14.47,13.91,14.08,5514600
20140227,14.15,14.31,13.95,14.06,7260600
20140228,14.13,14.17,13.71,13.71,7905400
20140305,13.79,13.96,13.6,13.69,3214500
20140306,13.77,14.07,13.47,13.78,5565500
20140307,13.71,13.78,13.27,13.3,11966800
20140310,13.25,13.25,12.71,13.03,8427700
20140311,13.35,13.39,12.94,13.16,5874600
20140312,13.01,13.44,13,13.32,6900400
20140313,13.44,13.54,13.15,13.24,5063200
20140314,13.34,13.89,13.27,13.49,6960200
20140317,13.46,13.83,13.28,13.37,4215600
20140318,13.33,13.63,13.2,13.56,6669700
20140319,13.55,13.79,13.38,13.58,8831000
20140320,13.6,13.76,13.28,13.5,6803700
20140321,13.4,14.03,13.38,13.84,7240600
20140324,14.11,14.11,13.59,13.78,6552000
20140325,13.89,13.98,13.7,13.76,4474700
20140326,13.91,13.97,13.48,13.55,4564200
20140327,13.65,14.06,13.62,13.91,10396100
20140328,14.02,14.02,13.68,13.8,6373900
20140331,13.91,13.95,13.68,13.86,5352000
20140401,13.97,14.02,13.37,13.45,8147000
20140402,13.46,13.83,13.29,13.72,7852400
20140403,13.7,13.89,13.56,13.67,4211600
20140404,13.75,13.84,13.29,13.31,7871800
20140407,13.44,13.48,13.1,13.18,5888300
20140408,13.37,13.52,13.16,13.31,13964200
20140409,13.19,13.28,12.9,12.97,7272000
20140410,12.97,13.08,12.74,12.97,4825800
20140411,12.93,12.93,12.72,12.86,6979600
20140414,12.99,13.05,12.71,12.85,5059600
20140415,12.84,12.86,12.33,12.62,5694000
20140416,12.66,12.82,12.5,12.68,6648700
20140417,12.68,13.45,12.65,13.2,6613500
20140422,13.22,13.28,12.86,12.98,5340400
20140423,12.96,13.01,12.74,12.88,3711900
20140424,12.92,13.05,12.72,12.9,5000700
20140425,12.88,12.99,12.7,12.91,3583700
20140428,12.88,12.91,12.65,12.87,4722800
20140429,13.03,13.12,12.72,12.82,6064000
20140430,12.68,12.89,12.63,12.76,3676600
20140502,12.84,13.38,12.78,13.36,6635100
20140505,13.36,13.47,13.24,13.35,5036700
20140506,13.23,13.61,13.21,13.44,4637200
20140507,13.69,13.89,13.47,13.76,9448300
20140508,13.76,13.82,13.49,13.72,3895200
20140509,13.71,14,13.5,13.67,6513200
20140512,13.89,14.03,13.84,13.97,5756600
20140513,14.03,14.03,13.77,13.8,3915900
20140514,13.83,13.85,13.53,13.56,5491300
20140515,13.56,13.75,13.37,13.72,4313700
20140516,13.75,13.84,13.55,13.65,3436200
20140519,13.64,13.64,13.27,13.35,3444800
20140520,13.35,13.47,12.97,13.13,10777100
20140521,13.13,13.26,12.88,13.04,7843500
20140522,13.18,13.18,12.85,13.14,3732800
20140523,13.13,13.22,12.88,12.95,4140500
20140526,13.05,13.21,12.91,13.12,2745500
20140527,13.19,13.43,13.05,13.29,6573000
20140528,13.23,13.35,13.11,13.29,6503000
20140529,13.38,13.39,13.05,13.16,4632100
20140530,13.13,13.13,12.78,12.79,7607600
20140602,12.86,12.97,12.71,12.95,5115400
20140603,12.86,13.31,12.83,13.31,7068200
20140604,13.31,13.33,13.14,13.17,3207300
20140605,13.24,13.3,12.95,13.04,4603200
20140606,13.32,13.32,13.13,13.15,5069700
20140609,13.15,13.39,13.1,13.32,3293900
20140610,13.33,13.35,13.15,13.31,4567700
20140611,13.41,13.42,13.19,13.24,3632600
20140613,13.21,13.24,12.95,13.01,3027700
20140616,13.03,13.05,12.87,12.93,5669900
20140617,12.95,13.15,12.87,13.07,2001200
20140618,13.08,13.38,13.05,13.33,4903800
20140620,13.25,13.3,13.19,13.2,4361000
20140623,13.2,13.36,13.16,13.24,2607200
20140624,13.29,13.57,13.19,13.38,4997500
20140625,13.3,13.33,13.09,13.09,3956100
20140626,13.11,13.2,12.84,12.84,5551700
20140627,12.84,12.84,12.46,12.48,8192300
20140630,12.53,12.53,12.28,12.41,4939900
20140701,12.52,12.66,12.37,12.4,6272400
20140702,12.47,12.74,12.34,12.74,6625800
20140703,12.72,13.16,12.67,13.12,12581700
20140704,13.11,13.23,13.04,13.19,882800
20140707,13.09,13.48,12.99,13.34,5985400
20140708,13.39,13.4,13.24,13.27,2707500
20140710,13.43,13.43,13.11,13.15,6328300
20140711,13.18,13.27,13.05,13.19,4663000
20140714,13.34,13.53,13.27,13.43,5363700
20140715,13.47,13.67,13.38,13.6,6230400
20140716,13.7,13.81,13.35,13.5,5730100
20140717,13.43,13.49,13.07,13.07,11519200
20140718,13.5,13.5,12.82,12.82,13375000
20140721,12.87,12.87,12.58,12.74,7096600
20140722,12.81,12.87,12.63,12.63,5660500
20140723,12.62,12.75,12.58,12.7,3254000
20140724,12.81,13.24,12.76,13.11,7568700
20140725,13.2,13.3,13.06,13.13,3780400
20140728,13.19,13.37,13.1,13.15,4023100
20140729,13.17,13.27,13.05,13.16,2989000
20140730,12.99,13.09,12.82,12.82,8355400
20140731,12.75,12.89,12.64,12.81,5777000
20140801,12.76,12.85,12.57,12.59,5324600
20140804,12.65,12.81,12.57,12.75,3519800
20140805,12.75,12.87,12.62,12.66,5731100
20140806,12.68,12.84,12.63,12.79,3343900
20140807,12.81,12.86,12.66,12.69,3405000
20140808,12.64,12.88,12.64,12.81,3890200
20140811,12.9,12.95,12.63,12.68,7886300
20140812,12.59,12.7,12.51,12.53,4719800
20140813,12.59,12.6,12.03,12.19,12212000
20140814,12.19,12.26,12.03,12.08,6281500
20140815,12.2,12.24,11.97,12.04,6060300
20140818,12.12,12.16,11.97,12.04,5049500
20140819,12.04,12.33,12.04,12.29,6693400
20140820,12.3,12.42,12.24,12.33,3862100
20140821,12.28,12.42,12.26,12.41,3581500
20140822,12.4,12.5,12.32,12.48,3204700
20140825,12.53,12.7,12.44,12.69,7360100
20140826,12.72,12.99,12.62,12.92,7414700
20140827,13,13.1,12.88,13.01,6025300
20140828,12.9,12.93,12.34,12.39,5972100
20140829,12.44,12.49,12.17,12.49,4578900
20140901,12.57,12.63,12.22,12.22,2876700
20140902,12.26,12.65,12.24,12.62,4844600
20140903,12.62,13.01,12.57,12.93,9853600
20140904,12.87,13.23,12.83,13.1,5568600
20140905,13.1,13.11,12.77,12.91,3756600
20140908,13.04,13.04,12.55,12.56,4130300
20140909,12.43,12.48,12.26,12.27,6980700
20140910,12.19,12.22,11.87,11.93,9078900
20140911,12.01,12.05,11.76,11.81,6538600
20140912,11.8,12.03,11.71,11.91,6509900
20140915,11.95,12.15,11.85,11.95,4348400
20140916,11.98,12.08,11.88,11.91,6064000
20140917,11.93,12.13,11.93,12.04,6106500
20140918,12.03,12.33,11.97,12.1,6203600
20140919,12.17,12.32,12.11,12.21,5007000
20140922,12.13,12.13,11.75,11.82,4293100
20140923,11.84,11.98,11.77,11.81,2439800
20140924,11.85,11.95,11.76,11.86,3893400
20140925,11.81,11.92,11.69,11.88,3833500
20140926,11.82,11.9,11.62,11.71,5178500
20140929,11.48,11.7,11.33,11.48,4668800
20140930,11.37,11.47,11.1,11.35,5344600
20141001,11.17,11.5,11.17,11.28,5997400
20141002,11.47,11.63,11.15,11.52,4683200
20141003,11.67,11.75,11.44,11.53,3655300
20141006,11.76,12.11,11.5,11.55,8212400
20141007,11.62,11.71,11.34,11.38,5164100
20141008,11.46,11.5,11.16,11.41,8243500
20141009,11.53,11.56,11.07,11.08,10867900
20141010,11.05,11.05,10.6,10.6,9966000
20141013,10.8,10.96,10.66,10.81,6913600
20141014,10.88,11.2,10.82,11.05,5479100
20141015,10.79,11.05,10.74,10.93,5225600
20141016,10.7,10.83,10.5,10.71,4806700
20141017,10.89,10.97,10.69,10.72,4460400
20141020,10.82,10.82,10.57,10.6,2748100
20141021,10.51,10.61,10.31,10.49,5777400
20141022,10.53,10.67,10.45,10.53,4052500
20141023,10.45,11.38,10.36,11.12,11317100
20141024,11.03,11.37,10.94,11.16,8369300
20141027,11.08,11.18,10.75,10.86,11817200
20141028,10.94,11.01,10.62,10.76,7481000
20141029,10.69,10.9,10.26,10.55,12625900
20141030,10.45,10.54,10.21,10.26,8261400
20141031,10.43,10.7,10.29,10.69,8358300
20141103,10.68,10.82,10.49,10.69,3942600
20141104,10.69,11.11,10.56,11.03,6370300
20141105,10.87,11.27,10.87,10.96,5349700
20141106,10.87,10.98,10.5,10.88,5604500
20141107,10.9,11.27,10.75,11.17,4919600
20141110,11.17,11.31,10.93,10.93,3271300
20141111,10.85,10.93,10.56,10.69,4043700
20141112,10.7,10.98,10.64,10.7,3798100
20141113,10.69,10.87,10.41,10.41,4822400
20141114,10.41,10.66,10.25,10.59,6269300
20141117,10.64,10.65,10.23,10.25,4247600
20141118,10.32,10.33,9.99,10.03,5916600
20141119,10.08,10.26,10.02,10.06,6139700
20141121,10.01,10.52,10.01,10.47,11191700
20141124,10.62,10.83,10.4,10.63,6002400
20141125,10.67,10.78,10.5,10.64,4425900
20141126,10.75,10.77,10.16,10.16,5033400
20141127,10.24,10.39,10.07,10.25,2503700
20141128,10.24,10.63,10.21,10.54,6103900
20141201,10.46,10.52,9.84,9.84,8437100
20141202,9.92,10.03,9.8,9.82,4417700
20141203,9.92,9.98,9.79,9.94,4235800
20141204,10.01,10.01,9.64,9.74,3097700
20141205,9.7,9.92,9.67,9.92,4443700
20141208,9.86,10,9.45,9.48,4468500
20141209,9.48,9.52,8.95,9,8076600
20141210,9.05,9.23,8.89,8.89,5192800
20141211,8.96,9.01,8.62,8.77,5671300
20141212,8.69,8.76,8.02,8.02,12909100
20141215,8.08,8.19,7.81,7.85,10255800
20141216,7.77,8.55,7.6,8.36,13069100
20141217,8.46,8.98,8.37,8.71,11664000
20141218,8.86,9.16,8.81,8.87,8480600
20141219,8.94,9.36,8.72,9.36,6823500
20141222,9.36,9.38,8.98,9.09,5616300
20141223,9.05,9.46,9.02,9.44,3929200
20141226,9.48,9.48,9.02,9.13,2431500
20141229,9.06,9.35,9.06,9.32,2008300
20141230,9.34,9.45,9.23,9.27,6044800
20150102,9.23,9.23,8.72,8.81,4938600
20150105,8.74,8.77,8.32,8.43,6441700
20150106,8.43,9.37,8.43,9.37,12045500
20150107,9.62,10.09,9.6,10.08,16702700
20150108,10.2,10.31,9.68,9.89,8475100
20150109,9.81,9.81,9.34,9.34,6648400
20150112,9.38,9.4,9.02,9.12,6532400
20150113,9.16,9.45,8.8,8.8,6688300
20150114,8.61,8.64,8.33,8.42,10920000
20150115,8.42,8.84,8.42,8.63,8950400
20150116,8.71,9.3,8.61,9.07,6117800
20150119,9.08,9.27,8.49,8.67,6287600
20150120,8.8,9.04,8.68,8.86,9822900
20150121,9.04,9.08,8.53,8.79,11250200
20150122,8.85,9.05,8.69,8.72,11829500
20150123,8.75,8.75,8.58,8.62,7894100
20150126,8.51,8.74,8.42,8.63,4995500
20150127,8.63,8.68,8.23,8.46,6517400
20150128,8.38,8.66,8.24,8.46,5428100
20150129,8.46,8.85,8.46,8.62,7804100
20150130,8.49,8.9,8.33,8.81,8217800
20150202,8.9,9.35,8.84,9.13,7876000
20150203,9.41,9.61,9.25,9.38,8506700
20150204,9.32,9.56,9.16,9.28,4946500
20150205,9.2,9.43,9.2,9.28,5012200
20150206,9.24,9.47,8.97,9.45,4511800
20150209,9.38,10.19,9.38,9.9,10780600
20150210,9.82,10.08,9.42,9.42,8171400
20150211,9.43,9.8,9.39,9.73,6803100
20150212,9.77,9.95,9.4,9.44,5802000
20150213,9.54,9.95,9.53,9.78,8404300
20150218,9.88,10.15,9.88,9.98,5244300
20150219,10.04,10.04,9.59,9.84,5250100
20150220,9.87,10,9.69,9.88,4784400
20150223,9.77,9.92,9.64,9.72,4503200
20150224,9.78,9.89,9.66,9.77,3500000
20150225,9.67,9.92,9.64,9.86,3250800
20150226,9.67,9.92,9.56,9.87,4792700
20150227,9.86,10.1,9.77,9.84,6299200
20150302,9.76,9.87,9.52,9.53,5975700
20150303,9.48,9.74,9.48,9.65,3461500
20150304,9.66,10.27,9.66,10.09,13309000
20150305,10.22,10.39,10.16,10.27,7431100
20150306,10.23,10.27,9.95,10.24,6333300
20150309,10.15,10.75,10.03,10.67,9636300
20150310,10.59,10.95,10.45,10.65,14629000
20150311,10.66,10.73,10.3,10.53,7052700
20150312,10.69,10.78,10.34,10.5,6574000
20150313,10.23,10.82,10.21,10.52,11550100
20150316,10.72,10.72,10.21,10.38,9340500
20150317,10.53,10.85,10.44,10.83,7324200
20150318,10.78,11.1,10.58,10.92,8274500
20150319,11.01,11.14,10.79,10.83,6220000
20150320,11.05,11.1,10.67,10.87,9142400
20150323,10.9,10.91,10.68,10.77,4090800
20150324,10.82,10.82,10.37,10.6,4834300
20150325,10.7,10.91,10.61,10.85,9129700
20150326,10.77,10.81,10.55,10.65,6390100
20150327,10.57,10.57,9.59,9.68,28433900
20150330,9.76,10.17,9.69,10.07,10742600
20150331,9.88,10.05,9.79,9.89,7841200
20150401,9.91,10.12,9.91,9.96,7653400
20150402,9.98,10.07,9.71,9.77,10058300
20150406,9.74,9.81,9.61,9.73,8299400
20150407,9.73,9.84,9.55,9.62,7836800
20150408,9.73,9.74,9.39,9.44,7763100
20150409,9.44,9.66,9.36,9.46,6031500
20150410,9.45,9.57,9.28,9.34,3874000
20150413,9.37,9.44,9.29,9.41,3267100
20150414,9.46,9.62,9.38,9.48,4750300
20150415,9.58,9.94,9.58,9.78,7071800
20150416,9.78,9.86,9.31,9.37,8314200
20150417,9.31,9.31,8.92,9.02,8735600
20150420,9.05,9.31,9,9.18,5675900
20150422,9.28,9.59,9.23,9.49,6965800
20150423,9.48,10.04,9.41,9.96,8566000
20150424,10.12,10.36,10.12,10.27,8763400
20150427,10.28,10.56,9.85,9.92,6144500
20150428,9.85,10.06,9.68,9.85,5990300
20150429,9.74,9.78,9.53,9.61,4680400
20150430,9.55,9.84,9.47,9.79,5117900
20150504,9.91,10.2,9.85,10.11,4916900
20150505,10.01,10.56,10.01,10.4,7431700
20150506,10.35,10.46,9.97,9.98,7366200
20150507,9.86,9.97,9.63,9.8,4046200
20150508,9.92,10.24,9.79,10.07,10527500
20150511,10.1,10.39,10.03,10.17,6041200
20150512,10.1,10.27,9.81,9.89,6244400
20150513,9.88,9.91,9.48,9.64,9244800
20150514,9.72,9.8,9.52,9.77,7724100
20150515,9.72,9.82,9.65,9.72,4100900
20150518,9.81,9.81,9.47,9.52,7299300
20150519,9.49,9.5,9.13,9.2,5792400
20150520,9.17,9.31,9.05,9.16,6434400
20150521,9.12,9.25,9.01,9.2,5034100
20150522,9.28,9.35,8.99,9.02,8549400
20150525,8.99,9.13,8.91,9.01,2919500
20150526,9.03,9.03,8.75,8.76,8717800
20150527,8.81,8.98,8.63,8.85,7319400
20150528,8.76,8.86,8.59,8.69,7260000
20150529,8.81,8.85,8.49,8.49,11269500
20150601,8.53,8.73,8.49,8.67,7051200
20150602,8.74,8.95,8.73,8.86,6252000
20150603,8.87,8.94,8.66,8.7,5563500
20150605,8.6,8.7,8.46,8.5,4656100
20150608,8.54,8.54,8.33,8.4,4776800
20150609,8.42,8.63,8.36,8.44,7977400
20150610,8.53,8.66,8.16,8.23,8222100
20150611,8.34,8.55,8.19,8.53,7836500
20150612,8.48,8.51,8.35,8.42,4245100
20150615,8.35,8.35,8.22,8.26,3796800
20150616,8.3,8.32,8.01,8.01,7429100
20150617,8.02,8.03,7.79,7.79,8473600
20150618,7.83,7.98,7.74,7.9,6860100
20150619,7.84,8.01,7.79,7.93,5948400
20150622,8.03,8.08,7.82,7.83,6938600
20150623,7.94,7.94,7.73,7.73,5917100
20150624,7.78,7.78,7.38,7.4,10326400
20150625,7.4,7.47,7.29,7.37,8194300
20150626,7.41,7.54,7.38,7.54,5276700
20150629,7.39,7.62,7.35,7.59,8553600
20150630,7.63,7.68,7.25,7.33,8358400
20150701,7.37,7.4,6.99,7.03,8888600
20150702,7.05,7.05,6.71,6.75,12821300
20150703,6.69,6.72,6.5,6.52,6609100
20150706,6.45,6.85,6.39,6.67,8676200
20150707,6.69,6.91,6.55,6.87,15199100
20150708,6.75,6.97,6.63,6.71,9484600
20150710,6.9,6.92,6.57,6.6,10106100
20150713,6.64,7,6.43,6.88,11497200
20150714,6.56,6.67,6.28,6.38,22481300
20150715,6.37,6.58,6.28,6.45,11562600
20150716,6.47,6.53,6.33,6.39,9397500
20150717,6.43,6.45,6.06,6.11,10746900
20150720,6.14,6.22,5.94,5.98,9216000
20150721,6,6.23,5.88,6.04,11862000
20150722,5.91,5.95,5.69,5.77,9166100
20150723,5.75,5.97,5.73,5.9,8164400
20150724,6.02,6.04,5.7,5.72,8102200
20150727,5.65,5.79,5.44,5.49,7580700
20150728,5.57,5.87,5.53,5.81,8398300
20150729,5.78,5.86,5.69,5.86,6608500
20150730,5.93,5.99,5.62,5.68,6663600
20150731,5.67,5.83,5.59,5.77,4947700
20150803,5.72,5.9,5.7,5.78,4288200
20150804,5.81,5.95,5.79,5.91,5838800
20150805,5.99,6.3,5.95,6.12,8814500
20150806,6.04,6.27,6,6.09,8470900
20150807,6.02,6.07,5.84,5.88,5850300
20150810,5.92,5.99,5.71,5.91,6207800
20150811,5.81,5.83,5.67,5.73,8028800
20150812,5.73,5.85,5.58,5.68,10224900
20150813,5.71,5.77,5.47,5.57,7521700
20150814,5.6,5.64,5.48,5.49,4358800
20150817,5.44,5.7,5.43,5.59,7622500
20150818,5.6,5.68,5.51,5.54,8992000
20150819,5.55,5.55,5.28,5.3,11782700
20150820,5.24,5.38,5.15,5.2,6645200
20150821,5.14,5.18,5.04,5.04,6027500
20150824,4.63,4.86,4.57,4.67,10129500
20150825,4.9,4.9,4.48,4.51,10472600
20150826,4.57,4.85,4.38,4.81,12990300
20150827,4.89,5.4,4.89,5.33,13666000
20150828,5.23,5.48,5.14,5.18,8828600
20150831,4.97,5.25,4.97,5.18,9491300
20150901,4.98,5.52,4.96,5.4,11212100
20150902,5.44,5.94,5.43,5.94,13941000
20150903,5.98,6.17,5.72,5.86,10817000
20150904,5.75,6.03,5.69,5.99,8184400
20150908,6.13,6.28,6.02,6.19,9665400
20150909,6.48,6.5,6.13,6.16,8575900
20150910,5.86,6.64,5.86,6.64,13502800
20150911,6.65,6.84,6.44,6.6,9395200
20150914,6.62,6.75,6.03,6.22,9943300
20150915,6.19,6.46,5.92,6.3,8813700
20150916,6.39,6.51,6.3,6.4,7709800
20150917,6.32,6.55,6.25,6.39,9050400
20150918,6.35,6.5,6.03,6.31,14981800
20150921,6.27,6.39,6.14,6.14,7048100
20150922,5.99,6.14,5.94,6.04,8554500
20150923,6.02,6.09,5.79,5.83,11174600
20150924,5.6,6.21,5.53,6.02,10899100
20150925,6.14,6.25,5.9,6.03,6655900
20150928,5.93,6.04,5.8,5.81,4650800
20150929,5.79,5.98,5.59,5.61,9771200
20150930,5.78,5.8,5.2,5.4,23246700
20151001,5.47,5.56,5.23,5.38,13286700
20151002,5.28,5.64,5.24,5.59,8650000
20151005,5.65,5.91,5.58,5.89,7049100
20151006,5.88,6.07,5.81,5.93,6463800
20151007,6.09,6.46,6.09,6.35,11695400
20151008,6.41,6.7,6.28,6.59,8332800
20151009,6.65,6.79,6.63,6.63,7913000
20151013,6.44,6.49,6.15,6.22,8699000
20151014,6.18,6.4,6.14,6.23,12403000
20151015,6.32,6.44,6.08,6.31,6371300
20151016,6.34,6.41,6.12,6.12,7021200
20151019,6.18,6.2,5.93,6.03,8174900
20151020,6.03,6.12,5.92,5.99,6012900
20151021,5.98,6.28,5.98,6.15,7341900
20151022,6.16,6.26,5.93,5.93,10246200
20151023,6.04,6.11,5.69,5.69,10877700
20151026,5.76,5.81,5.59,5.64,3758600
20151027,5.67,5.72,5.56,5.57,6120100
20151028,5.58,5.61,5.32,5.43,8395200
20151029,5.48,5.84,5.36,5.36,15134200
20151030,5.36,5.52,5.29,5.36,6004400
20151103,5.45,5.92,5.45,5.81,11950800
20151104,5.89,5.98,5.59,5.61,10466400
20151105,5.59,5.82,5.54,5.72,5446800
20151106,5.72,5.74,5.48,5.59,9361900
20151109,5.55,5.68,5.49,5.49,6589900
20151110,5.51,5.57,5.44,5.52,4626600
20151111,5.62,5.71,5.52,5.53,7474200
20151112,5.59,5.59,5.19,5.2,15172700
20151113,5.15,5.35,5.08,5.2,12535800
20151116,5.23,5.32,5.01,5.01,9416400
20151117,5.07,5.31,4.77,5.24,20885900
20151118,5.43,5.79,5.29,5.32,26180600
20151119,5.45,5.82,5.39,5.81,19611700
20151123,5.83,5.99,5.67,5.72,14671900
20151124,5.7,6.14,5.64,6.1,12706600
20151125,6.02,6.42,5.97,6.22,12503300
20151126,6.22,6.42,6.06,6.07,6105000
20151127,6.02,6.16,5.92,6,9436500
20151130,5.97,6.2,5.88,6.07,13701300
20151201,6.13,6.21,5.89,5.89,10689100
20151202,5.97,6.01,5.64,5.89,15371500
20151203,6.14,6.18,5.85,5.99,8560300
20151204,5.96,5.97,5.39,5.41,14391800
20151207,5.46,5.59,5.19,5.27,7574200
20151208,5.27,5.27,4.95,4.96,7786300
20151209,5.08,5.2,4.91,4.91,9554300
20151210,4.91,5.03,4.83,4.97,7346300
20151211,4.94,5,4.8,4.86,7315200
20151214,4.86,4.89,4.67,4.81,5888000
20151215,4.86,4.99,4.83,4.87,5161800
20151216,4.84,4.93,4.78,4.84,5450500
20151217,4.91,5.03,4.82,4.82,6129000
20151218,4.72,4.9,4.71,4.9,9154700
20151221,4.94,5.08,4.62,4.62,11115000
20151222,4.68,4.79,4.63,4.69,7840200
20151223,4.85,4.88,4.77,4.8,5323400
20151228,4.79,4.89,4.67,4.73,3787400
20151229,4.74,4.78,4.61,4.61,3968800
20151230,4.6,4.73,4.57,4.62,5186000
20160104,4.57,4.64,4.48,4.51,5058600
20160105,4.52,4.58,4.31,4.31,6887400
20160106,4.31,4.31,3.96,3.96,10245800
20160107,3.88,3.88,3.68,3.78,12284300
20160108,3.9,4.03,3.87,3.91,10692400
20160111,3.88,4.08,3.76,3.76,9974600
20160112,3.8,3.85,3.56,3.65,9888800
20160113,3.74,3.78,3.4,3.41,12483000
20160114,3.39,3.55,3.31,3.51,8983800
20160115,3.38,3.45,3.35,3.43,6354300
20160118,3.41,3.52,3.39,3.5,3999100
20160119,3.63,3.67,3.42,3.42,5976500
20160120,3.35,3.43,3.28,3.38,6829200
20160121,3.38,3.52,3.29,3.29,8181900
20160122,3.37,3.46,3.3,3.3,10318900
20160126,3.27,3.33,3.21,3.26,4024000
20160127,3.27,3.39,3.25,3.34,6700800
20160128,3.39,3.43,3.28,3.39,6947700
20160129,3.44,3.64,3.42,3.58,14814400
20160201,3.63,3.8,3.54,3.78,13489700
20160202,3.71,4.04,3.68,3.73,14416900
20160203,3.84,3.86,3.65,3.7,11192200
20160204,3.79,4.23,3.79,4.09,17933800
20160205,4.24,4.35,4.13,4.16,11281600
20160210,4.03,4.25,3.95,4.19,5573700
20160211,4.09,4.17,3.68,3.7,16019500
20160212,3.82,3.88,3.71,3.73,10220500
20160215,3.88,3.91,3.77,3.77,4368300
20160216,3.8,4.14,3.78,4.08,12166200
20160217,4.14,4.47,4.1,4.2,17821400
20160218,4.23,4.32,4.06,4.07,11671100
20160219,4.03,4.18,3.95,4.07,7928500
20160222,4.23,4.26,4.11,4.11,19427700
20160223,4.11,4.21,3.86,3.87,15848300
20160224,3.78,3.83,3.68,3.75,18388000
20160225,3.42,3.6,3.39,3.57,28821000
20160226,3.68,3.75,3.47,3.47,12180900
20160229,3.51,3.61,3.47,3.51,12572900
20160301,3.6,3.7,3.55,3.58,18774500
20160302,3.6,3.79,3.58,3.73,21786100
20160303,3.77,4.11,3.77,4.02,34953900
20160304,4.32,4.92,4.18,4.66,39619300
20160307,4.83,5.04,4.7,4.92,31403800
20160308,4.83,5,4.63,4.79,22291000
20160309,4.93,5.14,4.8,4.87,24647700
20160310,5.08,5.39,4.94,5.34,23679500
20160311,5.37,5.46,5.03,5.1,19125800
20160314,5.22,5.46,5.07,5.25,19592400
20160315,4.95,4.96,4.52,4.72,17783900
20160316,4.67,5.03,4.49,4.97,18835600
20160317,5.37,5.54,5.21,5.46,18626600
20160318,5.56,5.82,5.5,5.82,16776700
20160321,5.83,6.04,5.72,5.82,10973400
20160322,5.8,6.3,5.74,6.19,14596200
20160323,5.98,6.28,5.77,5.8,15991600
20160324,5.64,6.06,5.5,5.95,15004900
20160328,6.17,6.26,5.92,6.16,10719600
20160329,6.18,6.35,5.99,6.05,13877000
20160330,6.23,6.93,6.22,6.7,27598400
20160331,6.69,6.8,6.45,6.49,16899800
20160401,6.41,7.05,6.35,6.96,20388700
20160404,7,7.08,6.38,6.42,21935000
20160405,6.41,6.76,6.26,6.49,19029700
20160406,6.42,6.57,6.11,6.22,15218200
20160407,6.36,6.47,6.05,6.1,12246400
20160408,6.37,6.81,6.33,6.77,17523700
20160411,6.96,7.23,6.94,7.13,18532900
20160412,7.41,7.79,7.26,7.66,21728700
20160413,8.08,8.79,8.05,8.31,29809600
20160414,8.54,8.61,7.28,7.43,25281800
20160415,7.66,7.95,7.32,7.81,15384800
20160418,7.93,7.93,7.36,7.36,17003900
20160419,7.56,8.1,7.49,8.04,20726600
20160420,7.96,8.26,7.76,8.1,15637800
20160422,7.86,8.21,7.66,7.72,16225600
20160425,7.65,7.74,7.17,7.21,13959900
20160426,7.27,7.67,6.92,7.63,17643700
20160427,7.7,8.11,7.57,8.05,17024000
20160428,8.08,8.25,7.71,7.72,14856900
20160429,7.87,8.06,7.64,7.77,13212700
20160502,7.92,7.93,7.55,7.55,10402100
20160503,7.36,7.45,7.05,7.06,16353900
20160504,6.96,7.49,6.82,7.31,17531300
20160505,7.48,7.56,6.95,6.97,14005500
20160506,6.77,7.32,6.72,7.31,14544000
20160509,7.11,7.23,6.71,6.86,19986400
20160510,7.12,7.21,6.93,7.18,12386900
20160511,7.31,7.53,7.13,7.29,14904900
20160512,7.41,7.46,6.94,7.01,18979600
20160513,7,7.12,6.56,6.56,19694700
20160516,6.61,6.94,6.03,6.13,25624000
20160517,5.99,6.27,5.72,5.97,25016600
20160518,5.85,6.19,5.82,5.88,15386300
20160519,5.84,5.92,5.6,5.64,15547000
20160520,5.76,5.97,5.67,5.78,13043300
20160523,5.64,6.01,5.58,5.85,11616900
20160524,6,6.03,5.6,5.66,18446500
20160525,5.77,5.97,5.73,5.8,11175300
20160527,5.93,5.93,5.62,5.66,10310000
20160530,5.67,5.75,5.52,5.57,4584000
20160531,5.59,5.69,5.5,5.54,17349400
20160601,5.53,5.65,5.48,5.61,8795600
20160602,5.67,5.77,5.59,5.72,9110300
20160603,5.82,6.16,5.77,6.08,14991600
20160606,6.17,6.39,6.1,6.32,24081700
20160607,6.32,6.54,6.22,6.28,14152500
20160608,6.39,6.56,6.35,6.47,11922600
20160609,6.4,6.45,6.11,6.15,8950300
20160610,5.97,6.02,5.81,5.83,7385700
20160613,5.64,5.81,5.62,5.74,10419000
20160614,5.75,6.04,5.59,5.62,15247700
20160615,5.76,5.92,5.7,5.83,15078000
20160616,5.77,5.98,5.7,5.94,12476300
20160617,6.02,6.17,5.84,5.84,12482300
20160620,6.09,6.12,5.82,5.82,10016800
20160621,5.82,5.89,5.67,5.74,11154400
20160622,5.81,5.95,5.76,5.77,9442200
20160623,5.91,6.22,5.85,6.22,13249100
20160624,5.84,6.05,5.75,5.83,14298800
20160627,5.86,5.95,5.68,5.7,8255700
20160628,5.87,5.93,5.68,5.72,12075500
20160629,5.81,5.92,5.76,5.77,8961600
20160630,5.77,5.9,5.68,5.86,11349600
20160701,5.9,6.27,5.87,6.16,16151800
20160704,6.27,6.4,6.24,6.27,7209300
20160705,6.2,6.27,5.94,5.97,8363800
20160706,5.92,6.12,5.8,6.11,10491300
20160707,6.14,6.26,5.96,5.98,10006000
20160708,6.12,6.18,6.03,6.13,7152900
20160711,6.27,6.31,6.15,6.24,7126300
20160712,6.39,6.71,6.39,6.6,22709700
20160713,6.59,6.93,6.21,6.9,26566500
20160714,7.05,7.09,6.67,6.75,18525400
20160715,6.75,6.95,6.69,6.9,12307800
20160718,6.87,7.14,6.81,7.09,15647100
20160719,7.01,7.14,6.88,6.99,10818000
20160720,6.99,7.02,6.76,6.79,11721200
20160721,6.82,7,6.82,6.88,11270600
20160722,6.9,7.27,6.84,7.25,14875900
20160725,7.33,7.45,7.12,7.29,10927400
20160726,7.33,7.6,7.27,7.56,15323700
20160727,7.65,7.91,7.62,7.88,16359500
20160728,7.96,8.01,7.5,7.78,16835600
20160729,7.76,7.77,7.53,7.71,9907200
20160801,7.75,8.01,7.75,7.87,14231400
20160802,7.8,7.94,7.51,7.54,9691100
20160803,7.61,7.84,7.36,7.81,11676600
20160804,7.96,8.33,7.94,8.21,20794600
20160805,8.41,8.58,8.31,8.53,16613500
20160808,8.68,8.68,8.04,8.11,15865100
20160809,8.27,8.51,8.16,8.3,22257900
20160810,8.56,8.76,8.31,8.56,21960100
20160811,8.73,9,8.42,9,18318900
20160812,9.05,9.24,8.9,9.01,16499000
20160815,9.05,9.68,9.02,9.66,18571300
20160816,9.67,9.97,9.42,9.54,22633200
20160817,9.49,9.95,9.25,9.87,25156900
20160818,9.89,10.42,9.81,10.29,25773200
20160819,10.34,10.44,9.96,10.23,18187300
20160822,10.21,10.25,9.57,9.62,16819800
20160823,9.92,10.02,9.68,9.7,18398700
20160824,9.61,9.61,9.05,9.09,17720400
20160825,9.05,9.42,8.96,9.11,14547000
20160826,9.2,9.47,9.04,9.18,15701500
20160829,9.25,9.42,9.04,9.28,12476500
20160830,9.3,9.54,9.11,9.18,11105900
20160831,9.27,9.33,8.86,9.06,14710400
20160901,9.16,9.19,8.9,8.93,12081100
20160902,9.01,9.47,9.01,9.45,12963800
20160905,9.56,9.76,9.56,9.62,7997900
20160906,9.69,9.77,9.36,9.59,11847300
20160908,9.59,9.84,9.55,9.75,16074600
20160909,9.63,9.68,9.22,9.25,16519600
20160912,9.11,9.47,8.92,9.46,15481400
20160913,9.27,9.41,8.59,8.63,25935800
20160914,8.75,8.91,8.57,8.72,16626800
20160915,8.75,8.88,8.66,8.69,10879700
20160916,8.61,8.63,8.21,8.37,17696600
20160919,8.53,8.69,8.3,8.4,9698900
20160920,8.48,8.56,8.16,8.28,10928900
20160921,8.36,8.82,8.36,8.75,16565700
20160922,8.91,9.05,8.66,8.68,14348400
20160923,8.64,8.85,8.5,8.67,8133900
20160926,8.57,8.72,8.5,8.66,6175200
20160927,8.7,8.7,8.41,8.61,9015100
20160928,8.67,9.02,8.65,9.02,13598400
20160929,9,9.27,8.88,9,15847800
20160930,9.07,9.13,8.84,8.84,11373300
20161003,8.94,9.01,8.83,8.98,8036000
20161004,8.98,9.05,8.79,8.83,8605200
20161005,8.9,9.12,8.86,9.06,8160600
20161006,9.02,9.38,9,9.29,14661000
20161007,9.44,9.72,9.42,9.65,17657700
20161010,9.73,9.8,9.57,9.73,10815600
20161011,9.67,9.82,9.46,9.48,12172800
20161013,9.38,9.42,9.15,9.34,14897600
20161014,9.54,9.68,9.4,9.42,10470000
20161017,9.47,9.63,9.45,9.52,6226500
20161018,9.63,10.1,9.63,10,18565900
20161019,10.08,10.21,9.92,10.13,21141000
20161020,9.93,10.4,9.87,10.21,13777000
20161021,10.13,10.72,10.03,10.62,13831000
20161024,10.89,11.09,10.49,10.57,15107900
20161025,10.73,10.8,10.2,10.52,11937400
20161026,10.33,10.64,10.28,10.59,9871400
20161027,10.59,10.83,10.59,10.68,8337000
20161028,10.73,11.02,10.69,10.95,12693900
20161031,10.99,11.17,10.75,11,8981400
20161101,11.13,11.22,10.43,10.54,12929000
20161103,10.33,10.59,10.13,10.14,14880100
20161104,10.12,10.64,10.01,10.38,10494300
20161107,10.85,11.1,10.74,11.09,9024800
20161108,11.09,11.34,10.8,11.3,8955200
20161109,10.75,12.35,10.68,12.02,23451300
20161110,12.41,13.3,12.28,12.48,59663900
20161111,12.63,12.85,11.6,12.07,23550500
20161114,11.98,13.33,11.48,13.33,18988700
20161116,12.74,13.16,12.23,12.58,20140900
20161117,12.88,13.07,12.66,12.79,8703600
20161118,12.67,13.28,12.49,13.28,13807500
20161121,13.49,13.93,13.33,13.52,15826100
20161122,14.02,14.21,13.72,14.09,12149500
20161123,13.99,14.4,13.65,14.37,15298400
20161124,14.33,14.48,13.91,14,5463200
20161125,13.84,14.2,13.7,14.2,8588900
20161128,14.2,14.64,14.15,14.62,8324900
20161129,14.45,14.53,13.86,13.86,10165500
20161130,13.85,14.17,13.44,13.55,14625000
20161201,13.92,13.98,12.84,12.95,14397600
20161202,12.75,13.04,12.16,12.9,19617900
20161205,13.2,13.4,12.92,13.05,8496100
20161206,12.9,13.21,12.7,13.1,8117000
20161207,13.45,13.79,13.26,13.72,10660100
20161208,13.98,13.98,13.4,13.58,9746100
20161209,13.65,13.77,12.69,12.87,15359200
20161212,12.59,12.59,11.98,12.12,12897300
20161213,12.11,12.23,11.67,11.69,11957600
20161214,11.6,11.65,10.9,10.9,25656600
20161215,11.02,11.58,10.73,11.45,13833200
20161216,11.52,11.64,10.92,10.92,13321200
20161219,10.87,11.34,10.52,10.54,14235900
20161220,10.76,10.9,10.36,10.62,11187200
20161221,10.74,10.94,10.62,10.78,10590000
20161222,10.69,10.72,10.26,10.32,9511000
20161223,10.45,10.54,10.25,10.3,9434500
20161226,10.34,10.62,10.32,10.62,2542400
20161227,10.73,11.01,10.67,10.98,8549800
20161228,11.05,11.37,10.71,10.77,11836800
20161229,10.86,10.9,10.56,10.8,6443900
20170102,10.7,10.97,10.54,10.84,3194600
20170103,11.06,11.27,10.92,11.15,12321000
20170104,11.1,11.27,10.94,11.02,9651100
