<DTYYYYMMDD>,<OPEN>,<HIGH>,<LOW>,<CLOSE>,<VOL>
20100601,27.68,28.33,27.23,27.23,694100
20100602,27.12,28.18,27.12,27.74,519200
20100604,27.55,27.68,26.45,26.73,881900
20100607,26.7,26.96,25.44,25.54,877800
20100608,25.83,26.28,25.66,25.99,561900
20100609,26.28,26.6,25.99,26.16,501100
20100610,26.61,27.77,26.37,27.74,890900
20100611,27.49,28.3,27.2,28.3,372800
20100614,28.5,28.81,28.01,28.27,463900
20100615,28.51,28.93,28.23,28.91,293400
20100616,28.84,29.51,28.52,29.28,1035500
20100617,29.12,29.61,28.35,28.84,458500
20100618,29.12,29.12,28.31,28.8,478800
20100621,29.2,29.47,28.65,28.84,693400
20100622,28.84,29.42,28.67,28.76,687800
20100623,28.78,29.2,28.51,29.2,569600
20100624,28.87,29.2,28.14,28.26,1019100
20100625,28.22,28.63,27.78,28.4,769000
20100628,28.43,28.48,28.03,28.17,235600
20100629,27.55,27.59,26.36,26.88,1246400
20100630,26.7,27.26,26.17,26.17,911700
20100701,26.25,26.66,25.76,26.52,1187600
20100702,26.7,27.01,25.84,26.41,429800
20100705,26.18,26.52,25.4,25.4,621700
20100706,25.89,26.45,25.62,26.11,823400
20100707,26.33,26.8,26.1,26.55,624400
20100708,26.79,27.14,26.53,27.14,379600
20100712,27.19,27.4,26.14,26.7,749400
20100713,27.05,27.1,26.65,26.86,885800
20100714,26.66,26.66,25.78,26.19,987300
20100715,26.34,26.34,25.35,26.02,816500
20100716,25.98,25.98,25.26,25.43,353800
20100719,25.68,25.92,25.4,25.92,376400
20100720,25.6,26.79,25.53,26.7,1648100
20100721,26.83,27.14,26.61,26.99,796500
20100722,27.23,27.81,27.23,27.56,824500
20100723,27.56,28.21,27.23,28.13,630800
20100726,28.08,28.38,27.73,27.73,368800
20100727,28.12,28.28,27.51,28.11,894900
20100728,28.04,28.45,27.61,28.3,429500
20100729,28.32,28.55,27.96,28.55,571200
20100730,28,28.55,27.73,27.77,881800
20100802,28.22,28.47,28.06,28.31,479300
20100803,28.31,29,28.08,28.95,490400
20100804,29.03,29.44,28.7,29.2,547500
20100805,29.19,29.42,28.8,29.42,403400
20100806,29.12,29.36,28.67,29.12,546100
20100809,29.12,29.38,28.86,29.04,261600
20100810,28.61,28.68,28.13,28.34,588800
20100811,27.97,27.97,26.99,26.99,821200
20100812,26.73,27.3,26.64,27.17,661400
20100813,27.05,27.35,26.68,26.79,480100
20100816,26.88,26.9,26.45,26.78,873300
20100817,27,27.39,26.92,27.12,952700
20100818,27.33,27.33,26.43,26.62,1236500
20100819,26.64,26.8,25.86,26.05,1255800
20100820,25.98,26.17,25.72,26.17,857500
20100823,26.44,26.61,25.81,25.81,515000
20100824,25.45,25.81,24.56,25.45,1000100
20100825,25.31,25.64,25.08,25.39,865600
20100826,25.68,25.74,24.74,24.74,852800
20100827,24.91,26.01,24.88,25.93,825500
20100830,25.64,25.99,25.17,25.36,442300
20100831,25.17,25.74,25.14,25.42,771400
20100901,25.63,26.71,25.47,26.71,1281900
20100902,26.6,26.74,26.1,26.1,633600
20100903,26.47,27.02,25.65,26.17,483800
20100906,26.13,26.61,26.1,26.61,296100
20100908,26.57,27.11,26.36,27.11,1073700
20100909,27.07,27.39,26.39,27.34,1137100
20100910,27.35,27.36,26.88,27.07,1015000
20100913,27.26,27.42,27.07,27.27,867700
20100914,27.07,27.25,26.62,26.98,973400
20100915,26.85,27.13,26.53,27.13,1027100
20100916,26.98,27.12,26.83,26.87,621400
20100917,26.98,26.98,26.19,26.26,1167800
20100920,26.27,26.52,26.15,26.34,1093800
20100921,26.4,26.49,26.16,26.26,1506700
20100922,26.19,26.5,25.84,25.99,1643600
20100923,25.89,26.03,25.41,25.41,2538100
20100924,25.61,25.67,24.19,24.28,3192900
20100927,24.73,24.91,24.55,24.68,976200
20100928,24.84,25.45,24.73,25.27,1161000
20100929,25.28,25.45,24.67,24.79,972000
20100930,24.99,25.09,24.37,24.66,1309500
20101001,24.82,24.91,24.06,24.47,1231900
20101004,24.52,24.66,24.15,24.37,922600
20101005,24.56,24.65,24.11,24.37,2059000
20101006,24.31,24.54,23.64,23.73,1736800
20101007,23.92,23.92,23.19,23.33,1256700
20101008,23.33,23.68,23.2,23.63,850800
20101011,23.64,23.94,23.63,23.76,960500
20101013,23.92,24.01,23.2,23.42,3214600
20101014,23.42,23.45,22.97,23.28,2006000
20101015,23.42,23.57,23.01,23.43,1075000
20101018,23.55,23.55,23.04,23.19,748400
20101019,22.96,23.01,22.38,22.43,823400
20101020,22.55,22.67,21.98,22.54,1284900
20101021,22.43,22.62,21.69,22.11,1237400
20101022,22.12,23.12,22.03,22.26,1911400
20101025,22.56,22.56,22.13,22.28,656300
20101026,22.03,22.49,21.75,22.34,831500
20101027,22.29,23.03,22.03,22.61,1423100
20101028,22.99,23.39,22.56,23.37,952900
20101029,23.5,23.67,23.04,23.64,1095300
20101101,23.64,24.17,23.55,23.96,749700
20101103,24.09,24.18,23.66,24.18,1529100
20101104,24.19,24.63,24.19,24.53,1376100
20101105,24.33,24.33,23.64,23.69,5889200
20101108,23.82,24.46,23.67,24.41,828400
20101109,24.55,24.63,24.19,24.28,651500
20101110,23.99,24.87,23.82,24.82,1291100
20101111,24.48,24.58,24.23,24.37,795700
20101112,24.09,24.23,23.7,24.09,631700
20101116,23.64,23.64,22.86,23.08,1158800
20101117,23.14,23.48,22.77,23.38,780900
20101118,23.72,23.86,23.52,23.77,1161500
20101119,23.47,23.59,23.32,23.59,694800
20101122,23.47,23.47,22.82,22.93,987700
20101123,22.54,22.7,22.33,22.54,856800
20101124,22.59,23.03,22.51,23,869900
20101125,22.99,22.99,22.44,22.44,456900
20101126,22.27,22.44,21.77,21.95,1124700
20101129,21.82,21.94,21.03,21.32,1092900
20101130,21.18,21.81,21.09,21.13,1934200
20101201,21.72,22.27,21.49,22.27,1144000
20101202,22.29,23.15,22.19,22.98,1787500
20101203,22.97,23.25,22.27,22.9,714500
20101206,22.77,23.24,22.77,23.17,546200
20101207,23.54,24,23.27,23.62,1308900
20101208,23.49,23.7,23.08,23.15,972200
20101209,23.18,23.82,23.18,23.59,1263600
20101210,23.7,24.45,23.7,24.45,1629300
20101213,24.66,25.36,24.6,25.27,1670100
20101214,25.04,25.18,24.56,24.8,1471000
20101215,24.71,24.75,24.29,24.55,2628400
20101216,24.54,24.96,23.85,24.03,1093600
20101217,23.96,24.68,23.66,24.65,1295800
20101220,24.81,24.81,23.81,23.99,1007000
20101221,24.11,25.18,24.08,25.13,1597700
20101222,24.9,25.08,24.72,24.99,679200
20101223,24.75,25.13,24.75,24.81,291300
20101227,24.57,24.67,24.31,24.36,395000
20101228,24.39,24.47,23.67,23.88,659200
20101229,23.98,24.45,23.79,24.21,400800
20101230,24.21,24.41,24.06,24.36,1488000
20110103,24.85,25.09,24.54,24.95,969900
20110104,25.09,25.63,24.95,25.63,1510500
20110105,25.48,26.08,25.29,25.97,1577000
20110106,25.89,26.24,25.63,25.91,1544200
20110107,25.73,26.23,25.65,25.98,788900
20110110,25.67,25.93,25.47,25.68,775900
20110111,25.86,26.04,25.54,25.78,1524500
20110112,26.04,26.71,25.91,26.71,970800
20110113,26.65,26.79,26.22,26.22,1064800
20110114,26.19,26.3,25.95,26.27,608300
20110117,26.07,26.07,25.71,25.81,672700
20110118,26.18,26.28,25.79,25.79,788400
20110119,25.9,25.99,24.95,25.08,924700
20110120,24.89,25.01,24.28,24.65,859000
20110121,24.81,25.04,24.38,24.45,800700
20110124,24.57,24.81,24.11,24.31,944700
20110126,24.4,24.43,23.63,23.72,1018600
20110127,23.86,24.02,23.48,23.49,779100
20110128,23.66,23.69,22.6,22.72,974500
20110131,22.9,23.29,22.69,23.17,895100
20110201,23.42,24.25,23.3,24.11,1072400
20110202,24.27,24.8,23.64,24.05,1710000
20110203,24.11,24.86,23.72,24.86,1289900
20110204,24.69,25.09,24.07,24.28,1529500
20110207,24.44,24.65,24.09,24.45,997500
20110208,24.21,25.09,24.01,24.66,1324000
20110209,24.52,24.91,23.64,23.73,1326700
20110210,23.78,24.48,23.65,24.32,1633400
20110211,24.3,24.77,24.08,24.77,1067400
20110214,24.57,24.99,24.38,24.86,932100
20110215,24.87,25.02,24.58,24.63,888200
20110216,24.72,25.18,24.49,24.98,1510200
20110217,25.13,25.45,24.65,25.45,1376800
20110218,25.24,25.85,25.18,25.85,1075700
20110221,25.72,25.73,24.95,24.95,655500
20110222,24.81,25.36,24.31,24.31,1331400
20110223,24.46,24.54,23.77,23.99,1978800
20110224,23.95,23.99,23.24,23.43,2304400
20110225,23.81,23.81,22.88,23.31,1263600
20110228,23.52,23.62,23.3,23.48,1062400
20110301,23.63,23.78,22.99,22.99,1040200
20110302,23.16,23.42,22.91,23.15,1184400
20110303,23.23,24.43,23.22,24.27,2482200
20110304,24.38,24.58,23.63,23.9,1181800
20110309,23.54,24.17,23.39,23.46,661400
20110310,23.26,23.42,22.95,23.08,855400
20110311,22.99,23.08,22.39,22.62,1952500
20110314,22.6,23.5,22.41,23.48,2480200
20110315,22.89,23.9,22.46,23.79,2681300
20110316,23.89,24.16,22.81,23.14,1259300
20110317,23.46,23.62,22.66,22.89,2166000
20110318,23.17,23.3,22.66,22.8,2233000
20110321,23,23.07,21.82,21.84,3578700
20110322,21.84,22,21.55,21.8,2012500
20110323,21.84,22.21,21.82,21.89,1493400
20110324,22.04,22.12,21.71,21.79,1062400
20110325,21.81,21.97,21.61,21.61,1519000
20110328,21.6,21.81,21.46,21.59,1507100
20110329,21.7,21.86,21.48,21.81,1064700
20110330,22.03,22.03,21.61,21.82,954600
20110331,21.8,22.25,21.8,22.22,1908400
20110401,22.23,22.46,21.82,21.97,1344700
20110404,22.04,22.15,21.8,21.88,1135600
20110405,21.86,21.9,21.71,21.83,1090100
20110406,21.89,21.98,21.34,21.52,2500700
20110407,21.56,21.92,21.3,21.92,1275700
20110408,21.9,22.13,21.87,22.03,1823300
20110411,21.96,22.28,21.71,22.07,847400
20110412,21.89,22.04,21.4,21.4,2966300
20110413,21.4,21.41,20.84,21.07,3151700
20110414,21.01,21.18,20.81,20.86,1694800
20110415,20.98,21.2,20.67,21.2,1167500
20110418,20.98,20.98,20.46,20.64,1140000
20110419,20.79,20.98,20.23,20.45,1894500
20110420,20.75,20.89,20.48,20.89,1486700
20110425,20.73,20.86,20.61,20.72,592900
20110426,20.68,21.01,20.62,20.97,859000
20110427,20.81,21.12,20.41,20.69,1955300
20110428,20.38,20.78,20.2,20.33,1903300
20110429,20.29,20.91,20.16,20.91,1508000
20110502,20.82,21.07,20.39,20.45,977700
20110503,20.34,20.4,19.73,19.98,1868400
20110504,20.02,20.16,19.35,19.43,3108800
20110505,19.24,19.57,18.84,18.89,2727200
20110506,19.15,19.43,19.1,19.1,1152400
20110509,19.15,19.41,19.01,19.12,662900
20110510,19.12,19.38,18.88,18.98,1441600
20110511,18.97,19.13,18.7,18.96,1305300
20110512,18.91,19.13,18.65,19.13,1228600
20110513,19.1,19.11,18.62,18.68,1211900
20110516,18.69,18.81,18.44,18.6,974000
20110517,18.6,19.03,18.44,18.92,794900
20110518,18.92,19.3,18.63,18.87,1255200
20110519,18.97,19.08,18.42,18.6,1045500
20110520,18.62,18.76,18.49,18.64,1319800
20110523,18.42,18.86,18.34,18.61,1026800
20110524,18.87,19.03,18.74,18.97,632100
20110525,18.94,19.55,18.88,19.52,1246000
20110526,19.63,19.7,19.11,19.48,1508400
20110527,19.61,19.76,19.31,19.59,881400
20110530,19.74,19.75,19.48,19.48,645700
20110531,19.74,19.94,19.37,19.94,982700
20110601,19.71,19.85,19.18,19.34,1176200
20110602,19.34,19.45,19.09,19.36,1745400
20110603,19.29,19.65,19.08,19.19,1085600
20110606,19.25,19.25,18.63,18.79,961000
20110607,18.82,19.2,18.72,18.83,846900
20110608,18.77,18.93,18.54,18.6,1356000
20110609,18.69,19.06,18.52,18.88,1495800
20110610,18.91,18.91,18.55,18.65,841500
20110613,18.6,18.77,18.38,18.45,668900
20110614,18.72,18.73,18.38,18.44,1235900
20110615,18.35,18.55,18.24,18.36,1199600
20110616,18.28,18.49,18.05,18.14,1742200
20110617,18.19,18.31,17.74,17.86,2587000
20110620,17.7,18.03,17.69,17.78,856700
20110621,17.73,18.04,17.69,17.92,1307900
20110622,17.78,17.98,17.69,17.69,682200
20110624,17.65,17.79,17.37,17.46,1941200
20110627,17.46,17.61,17.33,17.6,1373000
20110628,17.5,18.01,17.5,17.78,1031600
20110629,17.87,18.51,17.74,18.33,1322500
20110630,18.37,18.51,18.12,18.33,1029800
20110701,18.33,18.88,18.04,18.6,1883500
20110704,18.7,18.97,18.51,18.94,629200
20110705,19.01,19.04,18.68,18.68,2595700
20110706,18.6,18.6,18.28,18.47,932100
20110707,18.69,18.97,18.38,18.74,1496400
20110708,18.59,18.6,18.38,18.51,1200500
20110711,18.32,18.32,17.97,18.15,994100
20110712,17.96,18.05,17.52,17.59,1779800
20110713,17.64,17.78,17.42,17.67,3099900
20110714,17.55,17.6,17.16,17.38,1109600
20110715,17.38,17.51,16.88,16.95,1548900
20110718,16.82,17,16.63,16.76,1077700
20110719,16.83,16.98,16.45,16.75,1679700
20110720,16.69,17.04,16.48,16.48,2186300
20110721,16.58,17.29,16.51,17.13,1154400
20110722,17.17,17.4,16.73,16.82,808200
20110725,16.75,16.77,16.5,16.67,642300
20110726,16.59,16.69,16.2,16.43,1864800
20110727,16.4,16.62,16.08,16.41,1795800
20110728,16.45,16.75,16.41,16.5,616900
20110729,16.31,16.5,16.02,16.26,1321800
20110801,16.4,16.5,15.99,16.27,1137500
20110802,16.21,16.54,15.81,15.81,1545900
20110803,15.67,15.75,15.17,15.5,2434400
20110804,15.03,15.2,14.29,14.43,3595100
20110805,14.49,14.93,13.84,14.43,2785700
20110808,14.12,14.12,12.97,13.24,3177700
20110809,13.2,13.74,12.68,13.47,3243600
20110810,13.47,13.74,12.95,13.36,1992700
20110811,13.56,14.9,13.2,14.69,1790500
20110812,14.71,15.92,14.5,15.72,3752100
20110815,15.85,16.4,15.42,15.74,2309500
20110816,15.37,15.53,14.99,15.17,1099200
20110817,15.17,15.44,14.87,15.43,3033500
20110818,14.89,14.99,14.39,14.91,1918500
20110819,14.76,15.42,14.56,14.78,2675000
20110822,15.23,15.23,14.7,14.79,1598300
20110823,14.79,15.71,14.75,15.61,1255600
20110824,15.61,16.01,15.11,15.29,5011500
20110825,15.3,15.43,14.62,14.88,1954000
20110826,14.79,15.35,14.47,15.21,1598100
20110829,15.24,15.54,15.03,15.48,1934100
20110830,15.34,15.78,15.26,15.58,1064700
20110831,15.81,15.87,15.27,15.87,2334500
20110901,15.99,16.24,15.76,15.96,2585500
20110902,15.58,15.72,15.27,15.51,2290800
20110905,15.25,15.43,15.07,15.14,784400
20110906,14.79,15.5,14.76,15.39,3815600
20110908,15.95,16.04,15.55,16,3368200
20110909,15.9,16.25,15.54,15.75,1962500
20110912,15.62,16.03,15.45,15.98,1801100
20110913,16.02,16.25,15.8,15.95,1240200
20110914,16.41,16.55,15.92,16.43,1798200
20110915,16.55,16.78,16.14,16.39,1374200
20110916,16.39,17.02,16.39,17.02,1281000
20110919,16.56,17.39,16.38,17.39,1291100
20110920,17.45,17.56,16.53,16.69,1139600
20110921,16.87,17.46,16.57,16.72,1216300
20110922,16,16.47,15.99,16.22,2357800
20110923,15.98,16.33,15.86,15.98,1320200
20110926,16.36,16.64,15.79,16.53,1186500
20110927,16.7,16.88,16.29,16.32,1086100
20110928,16.5,16.72,15.9,15.97,1435500
20110929,16.05,16.28,15.58,15.82,1850600
20110930,15.7,15.88,15.2,15.49,2596300
20111003,15.23,15.55,14.87,14.88,2936500
20111004,14.79,14.88,14.24,14.51,2661800
20111005,14.51,14.91,14.22,14.61,2018800
20111006,14.93,15.21,14.67,15.01,891100
20111007,15.43,15.43,14.37,14.61,1590400
20111010,14.79,15.64,14.63,15.64,1204600
20111011,15.37,16.08,15.26,15.81,1584100
20111013,15.99,16.12,15.41,16.02,1772900
20111014,16.17,16.21,15.85,16.09,1085100
20111017,15.86,16.22,15.35,15.57,679200
20111018,15.59,16.08,14.98,15.87,992800
20111019,15.81,15.97,15.35,15.64,894100
20111020,15.46,15.61,14.99,15.24,983200
20111021,15.27,15.9,15.27,15.9,1208500
20111024,16.03,16.71,16.03,16.71,1307800
20111025,16.55,16.74,15.99,16.25,1251500
20111026,16.54,16.77,16.24,16.62,1057900
20111027,17.32,18.11,16.86,17.9,1405600
20111028,17.66,18.43,17.64,18.4,1143400
20111031,18.1,18.17,17.58,17.99,1676100
20111101,16.88,17.59,16.88,17.33,1587600
20111103,17.84,18.17,17.67,17.71,1368900
20111104,17.54,18.15,17.33,18.04,753500
20111107,18.12,18.48,17.84,18.07,674400
20111108,18.12,18.29,17.52,17.98,1067200
20111109,17.57,17.67,17.21,17.47,1025700
20111110,17.57,17.67,17.32,17.38,1029000
20111111,17.7,18.26,17.61,17.92,1013400
20111114,17.66,17.78,17.41,17.43,861500
20111116,17.43,17.83,17.05,17.49,1059300
20111117,17.42,17.6,16.65,16.78,1351900
20111118,16.74,17,16.51,16.6,911500
20111121,16.27,16.45,15.99,16.44,1434000
20111122,16.45,16.49,15.94,16.19,838500
20111123,15.89,16.23,15.75,15.89,970100
20111124,16.11,16.12,15.62,15.67,486600
20111125,15.42,15.85,15.42,15.6,577100
20111128,15.75,16.08,15.75,15.87,785800
20111129,15.98,15.98,15.19,15.28,1043300
20111130,15.81,16.11,15.42,16,2321400
20111201,16.35,16.54,16.18,16.48,1390600
20111202,16.87,16.87,16.11,16.28,697700
20111205,16.57,17.01,16.4,16.96,1187900
20111206,16.73,17.26,16.68,17.26,1086000
20111207,17.1,17.2,16.79,17.05,698400
20111208,17.1,17.34,16.33,16.45,1337100
20111209,16.45,16.75,16.38,16.62,880900
20111212,16.54,16.59,16.15,16.43,1470400
20111213,16.51,16.82,16.47,16.63,1372200
20111214,16.37,16.77,16.31,16.42,2305400
20111215,16.45,16.79,16.4,16.4,824600
20111216,16.49,16.72,16.35,16.46,972400
20111219,16.35,16.58,15.85,15.85,809600
20111220,16.17,16.56,15.92,16.43,1299600
20111221,16.22,16.76,15.89,16.46,653000
20111222,16.48,16.92,16.48,16.91,1038300
20111223,17.05,17.15,16.91,17.05,528100
20111226,17.18,17.27,16.87,17.05,412600
20111227,17.05,17.52,16.98,17.33,788800
20111228,17.33,17.34,16.63,16.68,717800
20111229,16.83,16.89,16.59,16.74,991100
20120102,16.77,17.15,16.54,16.54,1026900
20120103,16.84,17.72,16.82,17.68,1699600
20120104,17.62,18.21,17.27,17.86,1853500
20120105,17.84,18.49,17.57,18.11,1992500
20120106,18.11,18.55,18.11,18.38,1256500
20120109,18.61,18.68,18.41,18.59,1080800
20120110,18.89,19.15,18.74,19.02,1372300
20120111,18.88,19.39,18.88,19.25,1504100
20120112,19.49,19.53,18.96,19.35,1533600
20120113,19.25,19.32,18.72,18.86,960000
20120116,19.01,19.42,18.88,19.42,949300
20120117,19.61,19.84,19.49,19.79,1648000
20120118,19.7,19.92,19.42,19.92,705900
20120119,20.02,20.04,19.35,19.44,1021900
20120120,19.43,19.9,19.32,19.9,1095700
20120123,19.91,19.92,19.44,19.51,784300
20120124,19.35,19.56,19.05,19.4,1120500
20120126,19.83,19.91,19.63,19.79,1757200
20120127,19.78,19.91,19.55,19.77,652600
20120130,19.62,19.97,19.35,19.96,1574900
20120131,19.98,19.98,19.53,19.63,1316900
20120201,19.87,20.78,19.79,20.56,2320700
20120202,20.57,20.88,20.21,20.7,1814800
20120203,20.65,21.44,20.38,21.35,1426300
20120206,21.23,21.43,20.9,21.32,675700
20120207,21.12,21.41,20.93,21.35,959300
20120208,21.31,21.49,20.87,21.08,1160700
20120209,21.06,21.44,20.99,21.34,937300
20120210,20.99,20.99,20.29,20.49,1402100
20120213,20.81,21.01,20.47,20.73,983000
20120214,20.96,20.96,20.26,20.42,989500
20120215,20.83,20.83,20.1,20.2,1316400
20120216,20.05,20.52,19.91,20.45,1042900
20120217,20.33,21.14,20.33,21,1136000
20120222,21.33,21.33,20.94,21.17,577900
20120223,20.98,21.27,20.69,20.92,879700
20120224,21.11,21.35,20.96,21.21,585400
20120227,21.2,21.21,20.77,20.88,773500
20120228,21.13,21.39,20.95,21.09,1811900
20120229,21.23,21.87,21.19,21.46,2023500
20120301,21.6,21.91,21.45,21.91,1299800
20120302,22.06,22.26,21.94,22.26,1257000
20120305,22.03,22.29,21.84,22.07,742000
20120306,21.6,21.6,20.79,20.9,1834000
20120307,21.05,21.29,20.56,20.84,895200
20120308,21.37,21.48,20.93,21.16,1001500
20120309,21.51,21.83,21.3,21.64,823600
20120312,21.63,21.96,21.53,21.91,899600
20120313,22.08,23.01,21.8,22.97,1489600
20120314,22.98,23.35,22.79,22.97,1717800
20120315,23.08,23.25,22.56,22.94,905200
20120316,23.04,23.35,22.73,22.73,1109200
20120319,22.73,23.25,22.73,23.1,681900
20120320,22.55,23.34,22.32,22.62,939900
20120321,22.78,22.78,22.11,22.19,571400
20120322,21.81,22.01,21.51,21.75,806300
20120323,21.88,22.34,21.74,22.34,782800
20120326,22.66,22.86,22.34,22.74,682200
20120327,22.74,22.94,21.99,22.19,688700
20120328,22.17,22.35,21.47,21.48,1057100
20120329,21.26,21.79,21.09,21.75,841000
20120330,21.79,21.96,20.93,21.12,1883100
20120402,21.08,22.08,21.06,21.8,1319300
20120403,21.8,22.05,21.16,21.44,855500
20120404,21.13,21.31,20.83,21.09,925000
20120405,20.88,21.39,20.88,21.24,1172800
20120409,20.77,20.97,20.68,20.85,584800
20120410,20.54,20.76,20.3,20.64,1104900
20120411,20.64,21,20.38,20.62,800300
20120412,20.8,21.37,20.43,21.37,1240900
20120413,21.15,21.32,20.58,20.99,717600
20120416,21.2,21.39,20.67,20.93,791000
20120417,21.28,21.6,21.07,21.24,1126900
20120418,21.14,22.15,21.14,22.04,1892800
20120419,21.83,22.32,21.79,21.86,1145400
20120420,21.99,22.21,21.7,21.74,1143200
20120423,21.36,21.49,20.93,21.2,730000
20120424,20.9,21.65,20.9,21.64,714200
20120425,21.9,22.29,21.54,21.83,689100
20120426,21.79,22.14,21.37,21.98,924500
20120427,21.6,22.29,21.6,21.66,532600
20120430,21.98,22.18,21.41,21.84,667200
20120502,21.65,22.06,21.2,22.06,1127900
20120503,21.96,22.02,21.21,21.25,852300
20120504,20.95,21.49,19.97,19.97,2396100
20120507,19.82,20.34,19.5,20.31,1479200
20120508,19.91,20.14,19.35,19.53,1585100
20120509,19.21,19.92,19.21,19.6,998500
20120510,19.72,20.48,19.72,20.16,790200
20120511,20.05,20.47,19.66,20.11,717800
20120514,19.61,19.82,19.39,19.39,840500
20120515,19.39,19.84,18.68,18.87,1739400
20120516,19.21,19.66,18.8,19.04,1125700
20120517,19.24,19.29,18.38,18.38,1374600
20120518,18.71,18.75,18.13,18.34,1006200
20120521,18.46,19.79,18.45,19.64,1636700
20120522,19.63,19.9,19.28,19.37,1367100
20120523,19.33,19.34,18.87,19.18,1584500
20120524,19.18,19.33,18.68,18.86,1508000
20120525,18.85,19.43,18.83,18.98,911400
20120528,19.42,19.53,19.06,19.39,381900
20120529,19.39,19.65,19.09,19.32,867000
20120530,18.95,19.24,18.72,18.83,1074000
20120531,18.83,18.86,18.49,18.81,2066400
20120601,18.3,18.95,18.3,18.58,1231900
20120604,18.65,19.24,18.63,19.14,861600
20120605,18.91,19.65,18.9,18.92,1135500
20120606,19,19.76,18.91,19.76,1537200
20120608,19.85,19.97,19.24,19.7,829500
20120611,19.89,20.31,19.44,19.6,1035500
20120612,19.79,20.28,19.62,20.28,555400
20120613,19.87,20.81,19.87,20.5,1628500
20120614,20.27,20.79,20.11,20.74,739900
20120615,20.74,21.1,20.58,21.1,1670200
20120618,20.93,21.13,20.68,20.92,917800
20120619,21.11,21.38,20.45,21.19,1567700
20120620,21.07,21.2,20.63,20.74,1079900
20120621,20.74,20.85,19.8,19.82,817000
20120622,19.83,20.3,19.33,19.45,891800
20120625,18.97,19.36,18.86,18.86,607200
20120626,18.87,19.32,18.87,19.15,556300
20120627,19.31,19.76,19.1,19.35,698200
20120628,19.25,19.6,18.85,19.22,653600
20120629,19.86,20.87,19.86,20.87,892100
20120702,20.56,20.91,20.47,20.84,734800
20120703,20.83,21.39,20.73,21.03,1279300
20120704,20.8,21.34,20.61,20.81,303000
20120705,20.88,21.97,20.88,21.3,898300
20120706,21.07,21.78,20.62,20.79,728000
20120710,21.19,21.19,20.12,20.29,856600
20120711,20.29,20.51,19.67,20.01,597300
20120712,19.56,20.26,19.41,20.04,595300
20120713,20.04,20.56,20.04,20.4,364900
20120716,20.46,20.59,19.68,20.01,586700
20120717,20.13,20.56,20.02,20.48,525200
20120718,20.46,21.18,20.21,21.14,468500
20120719,21.31,21.75,21.09,21.57,873300
20120720,21.12,21.56,20.6,20.78,1004800
20120723,20.08,20.48,19.88,20.37,546400
20120724,20.54,20.72,19.99,20.21,1826300
20120725,20.27,20.57,19.56,19.75,842100
20120726,20.06,20.58,19.62,20.46,1089000
20120727,20.81,22.26,20.52,21.71,1715700
20120730,21.43,22.04,20.99,22.04,522600
20120731,21.68,22.22,21.68,21.98,1252100
20120801,22.47,22.47,21.37,21.45,958700
20120802,21.05,21.79,20.99,21.65,829600
20120803,22.11,22.76,22.11,22.27,938200
20120806,22.44,23.46,22.27,23.16,1151200
20120807,23.1,23.46,22.34,22.39,1325600
20120808,22.25,23.07,22.08,23,1124200
20120809,22.64,23.15,22.52,22.73,758300
20120810,22.72,23.46,22.34,23.38,1235300
20120813,23.16,23.82,22.88,23.66,1210300
20120814,23.64,24.69,23.38,23.6,1421700
20120815,23.6,24.16,22.86,23.91,1563900
20120816,24.19,24.64,23.63,24.43,1056400
20120817,24.41,24.64,24.09,24.34,617500
20120820,24.34,24.54,23.69,23.91,514700
20120821,24.26,24.5,23.12,23.26,755100
20120822,23.21,23.6,22.59,23.44,1485100
20120823,23.12,23.12,22.39,22.59,1291500
20120824,22.55,22.65,22.07,22.48,904800
20120827,22.17,22.37,21.94,22.05,804400
20120828,21.8,22.62,21.8,22.08,832500
20120829,22.34,22.35,21.5,21.68,1353300
20120830,21.32,21.84,21.32,21.56,719200
20120831,21.56,21.86,21.06,21.06,3070600
20120903,21.08,21.51,20.94,20.94,1018500
20120904,20.85,21.14,20.71,21.02,1275600
20120905,21.37,21.63,21.18,21.63,813300
20120906,21.62,22.89,21.62,22.89,816700
20120910,23.11,23.19,22.5,22.57,2266800
20120911,22.57,23.16,22.53,23.15,964700
20120912,23.22,23.66,23.06,23.5,1135200
20120913,23.23,24.99,23.11,24.64,1594200
20120914,24.53,25.61,24.42,24.84,2321600
20120917,24.64,24.99,23.99,24.8,845900
20120918,24.69,24.81,24.19,24.27,808800
20120919,24.6,25.02,24.09,24.13,1300800
20120920,24.01,24.38,23.72,24.35,682600
20120921,24.36,24.67,24.1,24.41,1488000
20120924,24.13,24.75,24.05,24.75,1888200
20120925,24.74,24.89,23.49,23.73,1185900
20120926,23.55,24.28,23.08,24.14,1746400
20120927,24.35,24.53,23.43,23.55,1831900
20120928,23.55,23.88,23.04,23.15,1167100
20121001,23.14,23.98,23.02,23.43,1233600
20121002,23.36,23.91,22.89,23.15,797400
20121003,23.41,23.41,22.85,22.89,638200
20121004,22.85,23.35,22.55,22.62,453500
20121005,22.74,23.02,22.09,22.65,874800
20121008,22.69,22.99,22.35,22.79,681000
20121009,22.94,23.19,22.55,23.02,656000
20121010,23.03,23.19,22.61,22.76,650100
20121011,22.93,23.12,22.91,23.12,582300
20121015,23.11,23.26,22.6,22.82,751700
20121016,22.92,23.55,22.86,23.4,949300
20121017,23.44,23.74,22.78,23.26,1019300
20121018,23.26,23.26,22.56,22.56,1280200
20121019,22.43,22.76,21.54,21.54,2763600
20121022,21.69,22.04,21.5,21.52,895800
20121023,21.47,21.69,21.27,21.5,1301300
20121024,21.7,22.01,21.46,21.72,832600
20121025,21.72,22.17,21.54,21.69,652600
20121026,21.41,21.6,21.09,21.09,892000
20121029,21.06,21.64,20.75,21.59,591400
20121030,21.61,21.77,21.2,21.77,288100
20121031,21.61,21.81,21.37,21.57,885800
20121101,21.22,22.02,20.71,22.02,1816500
20121105,21.51,21.98,21.31,21.69,593400
20121106,21.98,22.89,21.71,22.64,902200
20121107,22.34,22.92,21.96,21.99,516700
20121108,22.05,22.53,21.77,21.94,700300
20121109,21.78,22.37,21.75,21.77,754100
20121112,21.7,22.17,21.65,21.98,331000
20121113,21.88,22.02,21.49,21.8,669900
20121114,22.07,22.12,21.1,21.29,731300
20121116,21.07,21.28,20.73,20.96,647300
20121119,21.27,21.52,20.91,21.47,449900
20121121,21.85,22.02,21.39,22.02,846700
20121122,22.06,22.19,21.82,22.13,248400
20121123,22.19,22.81,21.98,22.81,824300
20121126,22.52,22.68,22.18,22.3,535200
20121127,22.58,22.79,21.84,21.84,618200
20121128,21.52,22.28,21.49,22.22,866500
20121129,22.26,22.49,21.99,22.45,564200
20121130,22.5,22.63,21.35,21.36,1360900
20121203,21.64,21.87,21.19,21.24,864300
20121204,21.38,21.76,21.17,21.42,995000
20121205,21.5,21.85,21.24,21.66,934100
20121206,21.69,21.81,21.44,21.59,776000
20121207,21.58,22.38,21.58,22.09,939200
20121210,21.88,22.57,21.42,22.52,866300
20121211,22.64,22.66,22.21,22.44,1004300
20121212,22.49,22.74,22.03,22.16,1449200
20121213,21.98,22.34,21.74,21.79,1274600
20121214,22.07,22.08,21.45,21.59,1074200
20121217,21.5,21.73,21.33,21.34,2747200
20121218,21.48,22.05,21.32,21.96,843000
20121219,22.17,22.17,21.62,21.67,1064700
20121220,21.82,22.06,21.5,21.57,1020500
20121221,21.46,21.51,21.15,21.29,792100
20121226,21.15,21.63,21.15,21.4,856100
20121227,21.49,21.82,21.17,21.26,697600
20121228,21.39,21.88,21.28,21.79,3507900
20130102,21.94,22.83,21.93,22.64,1163000
20130103,22.83,23.16,22.4,22.95,1434500
20130104,22.94,23.16,22.49,22.63,1839900
20130107,22.62,23.16,22.51,23.02,1022100
20130108,22.92,23.08,22.3,22.56,813300
20130109,22.67,22.76,21.91,22.09,1105500
20130110,22.03,22.13,21.73,22.06,1678600
20130111,22.05,22.06,21.69,21.8,1143300
20130114,21.89,22.18,21.69,21.89,743300
20130115,21.79,21.91,21.53,21.64,1083400
20130116,21.56,21.93,21.19,21.55,864300
20130117,21.57,22.01,21.53,21.82,928700
20130118,21.93,21.93,21.45,21.53,1235900
20130121,21.53,21.67,21.31,21.54,887700
20130122,21.59,21.69,21.39,21.54,491100
20130123,21.54,21.69,21.36,21.64,611800
20130124,21.65,21.65,21.12,21.23,1024700
20130128,21.21,21.35,20.41,20.44,1345900
20130129,20.43,20.9,20.17,20.87,766800
20130130,20.83,20.93,20.61,20.84,1164300
20130131,20.64,21.2,20.6,21.2,1826100
20130201,21.38,21.38,20.89,21.15,816000
20130204,21.12,21.33,20.6,20.92,820600
20130205,20.76,21.2,20.72,21.08,1168000
20130206,21.01,21.17,20.78,21.17,1216000
20130207,21.12,21.35,20.76,20.81,902000
20130208,20.75,21.18,20.61,20.89,745500
20130213,20.86,21.25,20.76,21.25,563200
20130214,21.03,21.34,20.88,21.29,487700
20130215,21,21.11,20.65,20.88,1022000
20130218,20.79,20.8,20.12,20.17,1458200
20130219,20.24,20.37,19.71,19.77,1172400
20130220,19.88,19.97,18.91,18.93,1877700
20130221,18.76,19.68,18.76,19.17,1940200
20130222,19.54,19.54,18.87,19.38,1659200
20130225,19.41,20.13,19.05,19.62,1500300
20130226,19.22,20.36,19.18,20.36,1193500
20130227,20.06,20.31,19.72,20.01,1140700
20130228,19.79,20.12,19.72,19.93,1312900
20130301,19.54,19.78,19.28,19.28,1493900
20130304,19.03,19.44,19.03,19.21,1009100
20130305,19.14,19.9,18.66,18.66,2711600
20130306,19.04,19.33,18.42,19.31,1262200
20130307,19.56,19.89,19.12,19.15,927900
20130308,18.96,19.56,18.96,19.35,739200
20130311,19.19,19.43,19.13,19.43,1116000
20130312,19.4,19.56,18.98,18.99,824500
20130313,18.94,19.03,18.69,18.85,1004100
20130314,18.85,18.97,18.39,18.52,1378300
20130315,18.64,18.75,18.19,18.19,1163100
20130318,18.1,18.41,18.04,18.12,573400
20130319,18.1,18.23,17.7,17.89,1112900
20130320,17.89,18.24,17.74,17.74,882900
20130321,17.78,18.04,17.62,17.62,779800
20130322,17.85,18.09,17.68,17.83,964000
20130325,17.57,18.03,17.52,17.68,917400
20130326,17.75,18.46,17.75,18.46,687700
20130327,18.09,18.56,18.09,18.44,983800
20130328,18.64,18.64,18.29,18.57,988800
20130401,18.4,18.63,18.21,18.38,531300
20130402,18.57,18.69,17.83,17.83,669900
20130403,17.89,18.08,17.77,18,415400
20130404,18,18.03,17.62,17.77,578600
20130405,17.77,18.3,17.48,18.3,627500
20130408,18.23,18.39,17.63,17.79,893700
20130409,17.85,18.28,17.78,17.99,777400
20130410,18.09,18.33,17.83,17.83,880400
20130411,18.02,18.05,17.52,17.85,1325400
20130412,17.63,17.79,17.35,17.52,1140000
20130415,17.37,17.38,16.99,17,1392400
20130416,17.14,17.63,17.09,17.53,643800
20130417,17.15,17.85,17.15,17.82,1645200
20130418,18,18.52,17.67,18.41,880100
20130419,18.58,18.62,18,18.38,676900
20130422,18.14,18.57,17.97,18.41,463000
20130423,18.47,18.79,18.2,18.66,727200
20130424,18.52,19.04,18.52,18.62,645300
20130425,18.8,18.81,18.27,18.58,831800
20130426,18.59,18.59,18.03,18.19,586400
20130429,18.47,18.76,18.09,18.53,527500
20130430,18.53,19.18,18.28,18.88,1234800
20130502,18.92,19.13,18.44,18.54,854900
20130503,18.81,18.94,18.52,18.58,850100
20130506,18.54,18.74,18.29,18.74,605400
20130507,18.39,18.67,18,18.36,1163200
20130508,18.44,18.44,17.67,17.81,1518800
20130509,17.78,17.95,17.41,17.56,529700
20130510,17.34,17.71,17.01,17.06,938900
20130513,16.95,17.17,16.72,16.72,500800
20130514,16.66,17.02,16.54,16.66,929000
20130515,16.46,16.7,16.27,16.33,692200
20130516,16.31,16.72,16.07,16.45,836000
20130517,16.61,16.79,16.44,16.5,486000
20130520,16.43,16.83,16.33,16.83,377200
20130521,16.84,17.14,16.73,17.12,640000
20130522,17.16,17.33,16.65,17.15,836900
20130523,16.72,16.86,16.46,16.58,1039100
20130524,16.49,16.54,16.11,16.28,1218600
20130527,16.23,16.43,16.21,16.34,324000
20130528,16.48,16.58,16.21,16.42,743500
20130529,16.22,16.43,16.06,16.16,646500
20130531,15.96,16.14,15.57,15.82,2322200
20130603,15.9,16.21,15.71,16.11,732100
20130604,16.11,16.35,16.06,16.18,645000
20130605,16.04,16.08,15.57,15.64,1213800
20130606,15.73,15.73,15.39,15.63,976100
20130607,15.4,15.9,15.24,15.37,757000
20130610,15.34,15.46,15.08,15.08,779500
20130611,14.97,14.99,14.51,14.65,1328900
20130612,14.73,14.94,14.39,14.68,1901200
20130613,14.58,15.52,14.42,15.52,1019600
20130614,15.54,15.54,14.96,15.43,1201400
20130617,15.48,15.84,15.43,15.57,1296000
20130618,15.44,15.81,15.24,15.64,1423400
20130619,15.72,15.8,15.08,15.25,1535600
20130620,15.01,15.48,14.52,15.48,1956000
20130621,15.36,15.53,14.97,15.05,1175800
20130624,14.8,14.8,14.13,14.3,1079000
20130625,14.39,14.76,14.35,14.48,1188700
20130626,14.58,14.79,14.36,14.39,844400
20130627,14.63,15.3,14.63,15.27,1314800
20130628,15.23,15.28,14.97,15.24,2346400
20130701,15.13,16.04,15.13,15.71,1679000
20130702,15.59,15.84,15.3,15.59,1656300
20130703,15.46,16.15,15.45,15.98,1079900
20130704,16.1,16.34,15.77,16.09,793900
20130705,15.84,16.07,15.18,15.62,1931900
20130708,15.5,15.88,15.32,15.34,679100
20130710,15.46,15.68,15.2,15.35,800100
20130711,15.69,15.87,15.42,15.78,1055700
20130712,15.78,15.82,15.28,15.33,844900
20130715,15.34,15.61,15.33,15.54,851800
20130716,15.66,15.97,15.44,15.81,737600
20130717,15.98,16.45,15.89,16.4,1097600
20130718,16.23,16.81,16.13,16.64,1403500
20130719,16.55,16.85,16.43,16.43,695900
20130722,16.38,16.83,16.38,16.7,676100
20130723,16.87,17.33,16.83,17.33,1443000
20130724,17.3,17.38,17.03,17.37,871800
20130725,17.23,17.71,17.13,17.68,825500
20130726,17.56,17.92,17.33,17.45,772700
20130729,17.3,17.56,17.04,17.52,702000
20130730,17.52,17.55,16.97,17.07,1516300
20130731,17.11,17.81,17.04,17.38,1816100
20130801,17.41,18.25,17.41,18.19,2233100
20130802,18.06,18.34,17.76,17.99,1174300
20130805,17.93,18.01,17.66,17.87,851200
20130806,17.77,17.9,17.46,17.64,1280300
20130807,17.49,18.34,17.46,18.24,1440200
20130808,18.18,18.52,18.07,18.45,1328300
20130809,18.53,18.68,18.4,18.54,1128600
20130812,18.62,18.79,18.45,18.67,1786200
20130813,18.82,18.82,18.31,18.5,1316400
20130814,18.5,18.67,18.29,18.47,2331500
20130815,18.12,18.51,18.01,18.28,1516200
20130816,18.36,19.41,18.29,19.32,3462900
20130819,19.17,20.38,19.17,20.38,2742400
20130820,20.22,20.28,19.9,20.09,2195400
20130821,19.86,20.35,19.76,20.08,2218300
20130822,20.24,20.82,20.21,20.66,3412300
20130823,20.47,20.62,19.92,20.31,1281100
20130826,20.47,20.53,20.1,20.31,1484400
20130827,20.04,20.33,20.01,20.16,1589400
20130828,19.92,20.44,19.81,20.26,1817600
20130829,20.46,20.49,20.26,20.39,881200
20130830,20.24,20.78,19.89,20.3,3339300
20130902,20.6,20.97,20.41,20.94,1389500
20130903,20.8,21.19,20.24,20.52,1587900
20130904,20.47,20.85,20.29,20.82,1254800
20130905,20.66,20.66,20.01,20.21,1405100
20130906,20.31,20.37,19.85,20.12,1627900
20130909,20.28,21.02,20.09,20.83,2784800
20130910,20.86,21.3,20.86,21.14,2236400
20130911,21.1,21.28,20.77,20.94,1195200
20130912,20.85,20.99,20.56,20.82,1254500
20130913,20.64,21.05,20.64,20.89,930100
20130916,20.93,21.21,20.51,20.58,953300
20130917,20.71,20.71,20.16,20.23,1245500
20130918,20.33,20.51,20.01,20.28,1295600
20130919,20.28,20.3,19.96,20.04,855900
20130920,19.9,20.24,19.81,19.85,719600
20130923,19.8,20.23,19.8,20.13,655100
20130924,19.99,20.31,19.94,20.09,1119900
20130925,19.99,20.32,19.96,20.23,1262300
20130926,20.14,20.79,20.13,20.52,1087100
20130927,20.47,20.76,20.41,20.65,1028600
20130930,20.5,20.56,19.92,20.29,2721200
20131001,20.33,20.33,19.92,20.11,900000
20131002,19.97,20.35,19.97,20.35,700900
20131003,20.28,20.51,19.99,20.09,665800
20131004,19.93,20.69,19.91,20.61,829300
20131007,20.41,20.87,20.33,20.87,751900
20131008,20.72,20.86,20.56,20.86,590000
20131009,20.89,21.14,20.83,21.04,953400
20131010,21.24,21.26,20.7,20.9,1007800
20131011,21.13,21.62,20.84,21.58,1268700
20131014,21.58,21.91,21.3,21.77,867600
20131015,21.63,22.11,21.59,21.81,1348800
20131016,21.84,22.1,21.63,21.97,1096400
20131017,21.76,21.8,20.82,20.98,952300
20131018,21.2,21.2,20.52,20.62,735800
20131021,20.62,21.09,20.54,21.09,592900
20131022,20.86,21.71,20.86,21.44,1011400
20131023,21.33,21.38,20.96,21.11,697900
20131024,20.95,21.33,20.53,20.9,605400
20131025,20.69,21.05,20.56,20.61,702400
20131028,20.63,20.86,20.42,20.84,848200
20131029,21,21,20.52,20.52,755000
20131030,20.64,20.97,20.64,20.87,896500
20131031,21.28,21.96,21.27,21.96,1293800
20131101,21.79,22.56,21.79,22.39,2176000
20131104,22.27,22.67,21.9,22.03,857500
20131105,22.08,22.08,21.6,21.78,1275100
20131106,21.7,22,21.38,21.92,1267500
20131107,22.01,22.45,21.54,21.76,1230000
20131108,21.67,22.15,21.2,21.84,1528600
20131111,21.75,22.31,21.75,22.17,1163400
20131112,22.17,22.29,21.51,21.9,2052800
20131113,22.07,22.07,21.36,21.89,1271100
20131114,21.98,23.17,21.8,22.25,1689800
20131118,22.21,22.77,22.21,22.77,1060000
20131119,22.64,22.64,22.16,22.39,1199100
20131121,22.2,22.38,21.8,22.34,1069000
20131122,22.18,22.37,21.89,22.07,839800
20131125,22.13,22.13,21.37,21.5,1050500
20131126,21.35,21.66,21.15,21.46,1175600
20131127,21.53,21.98,21.24,21.93,1177200
20131128,21.94,22.18,21.5,21.9,943100
20131129,22.02,22.05,21.62,21.92,809000
20131202,21.67,22.14,21.61,21.8,814300
20131203,21.43,22.01,21.4,21.53,1153300
20131204,21.69,21.75,21.36,21.53,718500
20131205,21.7,22.25,21.6,22.13,2595200
20131206,22.29,22.4,21.76,22,913700
20131209,22,22.2,21.65,22.2,497400
20131210,22.2,22.29,21.82,22.29,939900
20131211,22.26,22.26,21.67,21.91,1499300
20131212,21.87,22.01,21.29,21.51,1699400
20131213,21.42,21.87,21.42,21.57,1210100
20131216,21.39,21.72,21.39,21.7,754000
20131217,21.74,22.14,21.68,21.87,832800
20131218,22.19,22.67,22.02,22.32,1369600
20131219,22.55,23.07,22.55,22.98,1136600
20131220,22.87,23.32,22.57,22.79,756300
20131223,22.78,23.05,22.74,22.83,850000
20131226,22.79,22.86,22.37,22.6,534200
20131227,22.5,22.68,22.21,22.49,571900
20131230,22.38,22.67,22.18,22.59,1210500
20140102,22.76,22.76,21.86,22.16,849100
20140103,21.92,22.22,21.59,21.92,567200
20140106,21.68,21.99,21.51,21.91,761200
20140107,21.96,22.2,21.64,21.77,1062300
20140108,21.64,22.21,21.58,21.72,745100
20140109,21.64,21.83,21.14,21.53,1034800
20140110,21.24,22.17,21.24,21.82,866800
20140113,21.74,21.74,21.2,21.36,1056100
20140114,21.21,21.25,20.88,21.03,1107100
20140115,21.08,21.52,21.04,21.26,831400
20140116,21.24,21.67,21.15,21.32,817200
20140117,21.37,21.54,21.05,21.08,858100
20140120,20.95,21.05,20.67,20.79,217800
20140121,20.8,21.08,20.18,20.39,746700
20140122,20.33,20.86,20.23,20.72,1007500
20140123,20.55,21,20.44,20.44,868100
20140124,20.02,21.03,20.02,20.57,924500
20140127,20.52,20.8,20.11,20.11,990500
20140128,20.45,20.45,20,20.11,863000
20140129,20.04,20.69,19.96,20.52,1271500
20140130,20.39,20.85,20.23,20.41,835600
20140131,20.03,20.68,19.94,20.68,1899200
20140203,20.6,20.66,19.68,19.77,843500
20140204,19.63,19.95,19.44,19.78,1228500
20140205,19.83,19.83,19.29,19.55,1181900
20140206,19.71,20.18,19.54,20.06,1204700
20140207,20.06,20.54,19.96,20.48,1190000
20140210,20.24,20.51,19.6,19.66,981900
20140211,19.71,20.04,19.41,19.84,1043400
20140212,19.8,19.83,19.09,19.23,1488700
20140213,19.35,19.39,18.95,19.3,1974000
20140214,19.49,19.49,19.17,19.37,1113600
20140217,19.43,19.43,18.99,18.99,863300
20140218,18.97,19.11,17.94,18,902100
20140219,17.78,18.48,17.76,18.42,1092900
20140220,18.24,19,18.05,18.5,1229000
20140221,18.55,18.8,17.86,17.89,1288600
20140224,17.87,18.56,17.7,18.39,1743500
20140225,18.13,18.31,17.79,18.07,821300
20140226,17.86,18.27,17.52,17.76,694100
20140227,17.96,18.01,17.51,17.67,850400
20140228,17.71,17.79,17.18,17.29,1854400
20140305,17.31,17.43,17,17.14,984100
20140306,17.18,17.54,16.88,17.03,1549900
20140307,17.03,17.09,16.45,16.65,1358300
20140310,16.49,16.5,15.83,16.17,1099700
20140311,16.49,16.64,16.02,16.19,970700
20140312,16.03,16.54,16.03,16.54,1435200
20140313,16.61,16.7,16.14,16.17,1461200
20140314,16.18,16.87,16.18,16.51,1553500
20140317,16.51,16.85,16.21,16.4,727100
20140318,16.27,16.84,16.14,16.68,1338500
20140319,16.75,16.88,16.47,16.67,1283800
20140320,16.47,16.78,16.23,16.42,1172900
20140321,16.22,16.94,16.22,16.81,2480000
20140324,17.02,17.03,16.35,16.65,1124100
20140325,16.71,16.91,16.44,16.82,1413200
20140326,16.98,16.98,16.34,16.54,1551800
20140327,16.52,16.85,16.39,16.58,2932300
20140328,16.66,16.84,16.45,16.64,1573700
20140331,16.74,16.88,16.49,16.88,2827600
20140401,16.95,16.97,16.29,16.58,2198100
20140402,16.56,17.04,16.32,16.99,2581700
20140403,16.82,17.12,16.67,16.96,1122500
20140404,16.99,17.04,16.35,16.46,1443200
20140407,16.48,16.62,16.24,16.38,1099200
20140408,16.63,16.75,16.19,16.43,1200300
20140409,16.33,16.38,16.01,16.19,1439500
20140410,16.18,16.32,15.77,16.02,1286600
20140411,15.95,15.95,15.72,15.95,963200
20140414,15.94,16.15,15.77,16.04,704800
20140415,15.88,15.9,15.26,15.52,1638100
20140416,15.56,15.78,15.48,15.75,1021600
20140417,15.75,16.59,15.63,16.41,912700
20140422,16.41,16.41,15.9,15.94,919500
20140423,15.95,16,15.65,15.98,966900
20140424,15.98,16.09,15.72,15.97,696800
20140425,15.87,15.98,15.62,15.9,789000
20140428,15.89,15.96,15.66,15.96,950800
20140429,16,16.19,15.72,15.88,1369800
20140430,15.82,15.91,15.63,15.67,1168000
20140502,15.67,16.48,15.67,16.39,1076100
20140505,16.4,16.55,16.17,16.39,868200
20140506,16.47,16.71,16.18,16.53,837300
20140507,16.53,17.23,16.53,17.16,1753100
20140508,17.24,17.24,16.72,16.96,1045600
20140509,16.95,17.31,16.68,16.9,1498200
20140512,17.09,17.35,17.02,17.16,1245400
20140513,17.19,17.25,16.91,17.07,1029600
20140514,17.03,17.04,16.61,16.63,946800
20140515,16.55,16.9,16.44,16.9,741700
20140516,16.9,16.99,16.64,16.85,793800
20140519,16.9,16.9,16.36,16.57,1370000
20140520,16.57,16.67,16.09,16.14,1255100
20140521,16.29,16.36,15.82,15.99,1109300
20140522,16.11,16.28,15.82,16.19,783000
20140523,16.17,16.26,15.86,16.02,533900
20140526,15.87,16.29,15.87,16.21,289600
20140527,16.18,16.48,16.06,16.45,1042400
20140528,16.44,16.44,16.15,16.35,933600
20140529,16.51,16.51,16.16,16.43,678900
20140530,16.26,16.26,15.88,15.92,1531100
20140602,15.93,16.11,15.81,16.11,605700
20140603,16.02,16.6,15.94,16.6,853000
20140604,16.59,16.59,16.31,16.45,555800
20140605,16.57,16.59,16.09,16.22,585800
20140606,16.76,16.76,16.35,16.39,852700
20140609,16.35,16.78,16.33,16.75,800400
20140610,16.71,16.78,16.49,16.65,803900
20140611,16.84,16.84,16.4,16.46,823400
20140613,16.54,16.54,15.95,16.05,959400
20140616,16.12,16.12,15.81,15.99,694800
20140617,16.09,16.14,15.84,16.11,512300
20140618,16.06,16.54,16.03,16.54,1090100
20140620,16.43,16.49,16.22,16.34,1307800
20140623,16.45,16.46,16.24,16.3,381900
20140624,16.37,16.7,16.25,16.49,870700
20140625,16.49,16.49,16.07,16.07,1080800
20140626,16.03,16.15,15.7,15.73,1499200
20140627,15.69,15.69,15.12,15.23,3677500
20140630,15.19,15.26,14.97,15.26,1558900
20140701,15.29,15.42,15.15,15.27,701700
20140702,15.29,15.7,15.18,15.7,703400
20140703,15.59,16.21,15.58,16.18,686100
20140704,16.22,16.25,16.07,16.23,182700
20140707,16.1,16.55,15.96,16.49,683100
20140708,16.39,16.56,16.32,16.45,411600
20140710,16.6,16.64,16.22,16.31,1245100
20140711,16.29,16.36,16.15,16.36,1813000
20140714,16.78,16.78,16.39,16.67,1462100
20140715,16.64,17,16.62,17,921300
20140716,17.08,17.16,16.53,16.69,931300
20140717,16.59,16.75,16.23,16.32,1011300
20140718,16.57,16.67,16.01,16.01,1130900
20140721,16.07,16.08,15.69,16,849800
20140722,16.1,16.11,15.79,15.79,952100
20140723,15.69,16.01,15.68,15.95,717200
20140724,16.03,16.6,15.99,16.38,836300
20140725,16.5,16.64,16.27,16.37,721000
20140728,16.49,16.66,16.3,16.44,547000
20140729,16.55,16.56,16.23,16.29,647900
20140730,16.28,16.28,15.76,15.76,1052800
20140731,15.67,15.84,15.46,15.76,1475100
20140801,15.7,15.75,15.38,15.47,784200
20140804,15.53,15.73,15.36,15.71,1027200
20140805,15.7,15.83,15.44,15.53,899400
20140806,15.52,15.82,15.45,15.79,927200
20140807,15.85,15.85,15.52,15.55,944400
20140808,15.52,15.81,15.48,15.73,857800
20140811,15.87,15.87,15.47,15.59,807600
20140812,15.47,15.59,15.37,15.49,862600
20140813,15.55,15.55,14.87,15,1598900
20140814,14.99,15.08,14.74,14.83,892300
20140815,14.95,15.05,14.76,14.87,687900
20140818,14.9,14.96,14.67,14.71,1645100
20140819,14.7,15.11,14.7,15.11,823200
20140820,15.15,15.27,15.02,15.24,1408700
20140821,15.2,15.38,15.07,15.38,1012100
20140822,15.28,15.5,15.25,15.47,887300
20140825,15.52,15.81,15.42,15.81,824300
20140826,15.79,16.13,15.7,16,916000
20140827,16.15,16.17,15.93,16,1104000
20140828,15.98,15.98,15.14,15.2,1024100
20140829,15.21,15.56,14.98,15.55,1690100
20140901,15.66,15.93,15.19,15.19,982800
20140902,15.18,15.74,15.18,15.65,989800
20140903,15.73,16.26,15.65,15.95,2978100
20140904,15.93,16.49,15.93,16.35,1576000
20140905,16.18,16.35,15.89,15.97,616000
20140908,16.08,16.14,15.51,15.51,1311800
20140909,15.35,15.44,15.13,15.13,1078100
20140910,15.05,15.06,14.67,14.81,946900
20140911,14.95,15,14.53,14.57,1016700
20140912,14.43,14.8,14.41,14.62,1230100
20140915,14.71,14.92,14.59,14.75,725600
20140916,14.67,14.96,14.67,14.72,1008800
20140917,14.8,15.04,14.75,14.85,785000
20140918,14.75,15.24,14.75,14.92,1422600
20140919,14.85,15.22,14.85,14.9,1701600
20140922,14.85,15,14.4,14.52,925200
20140923,14.42,14.74,14.41,14.6,858000
20140924,14.5,14.75,14.42,14.66,1000900
20140925,14.57,14.77,14.45,14.68,817400
20140926,14.78,14.78,14.3,14.37,1643800
20140929,14.13,14.39,13.95,14.02,1489300
20140930,13.94,14.03,13.69,13.87,2019900
20141001,13.71,14.07,13.69,13.8,1268100
20141002,13.81,14.32,13.67,14.2,1135100
20141003,14.28,14.49,14.05,14.17,426900
20141006,14.53,14.94,14.24,14.38,2552300
20141007,14.55,14.59,14.11,14.19,1179800
20141008,14.37,14.37,13.95,14.1,2030900
20141009,14.37,14.44,13.73,13.73,1471100
20141010,13.67,13.67,13.14,13.14,1671200
20141013,13.3,13.6,13.26,13.35,2124900
20141014,13.43,13.87,13.39,13.69,1874500
20141015,13.43,13.69,13.29,13.57,1619500
20141016,13.24,13.41,12.95,13.3,1353100
20141017,13.37,13.63,13.32,13.38,1779900
20141020,13.38,13.41,13.09,13.15,896300
20141021,12.94,13.25,12.79,12.99,1864100
20141022,12.99,13.3,12.97,13.17,1137300
20141023,13.08,14.03,12.86,13.78,2046200
20141024,13.63,14.12,13.55,13.76,1411000
20141027,13.3,13.78,13.14,13.32,2629300
20141028,13.32,13.46,12.96,13.17,3911500
20141029,13.1,13.32,12.6,12.96,2041100
20141030,13.04,13.18,12.53,12.65,1220500
20141031,12.86,13.14,12.65,13.14,2104800
20141103,13.17,13.22,12.79,13.08,1702200
20141104,13.14,13.58,12.89,13.57,1326000
20141105,13.33,13.81,13.33,13.48,1503800
20141106,13.38,13.46,12.83,13.3,1245600
20141107,13.23,13.75,13.18,13.61,881800
20141110,13.61,13.86,13.36,13.38,601600
20141111,13.29,13.3,12.9,13.07,861600
20141112,13.14,13.43,12.98,13.04,784000
20141113,13.03,13.25,12.7,12.75,933700
20141114,12.75,12.95,12.49,12.9,1081800
20141117,12.88,12.93,12.36,12.4,1109000
20141118,12.49,12.5,11.97,12.15,1736100
20141119,12.21,12.31,12.04,12.23,1462300
20141121,12.23,12.71,12.14,12.6,1749400
20141124,12.86,13.16,12.62,12.98,1495500
20141125,13.02,13.13,12.72,12.92,1245700
20141126,13.01,13.08,12.3,12.31,578700
20141127,12.38,12.58,12.15,12.39,364900
20141128,12.39,12.78,12.2,12.78,1482800
20141201,12.75,12.75,11.77,11.77,1330100
20141202,11.8,12.05,11.72,11.8,1296100
20141203,11.87,12,11.71,12,825500
20141204,12,12.11,11.58,11.64,806100
20141205,11.64,11.89,11.57,11.89,1001300
20141208,11.82,11.95,11.27,11.4,912400
20141209,11.46,11.46,10.7,10.84,1555300
20141210,10.77,11.04,10.66,10.7,1150400
20141211,10.67,10.82,10.33,10.5,1467100
20141212,10.43,10.48,9.69,9.69,1775400
20141215,9.75,9.88,9.35,9.52,3281400
20141216,9.34,10.26,9.17,10.03,2883300
20141217,10.09,10.75,10.02,10.47,3015900
20141218,10.55,10.95,10.53,10.73,1798800
20141219,10.72,11.3,10.45,11.3,2037400
20141222,11.3,11.3,10.72,10.82,2543400
20141223,10.77,11.26,10.72,11.22,1221500
20141226,11.21,11.32,10.75,10.87,709800
20141229,10.79,11.18,10.78,11.11,718800
20141230,11.1,11.27,10.98,11.11,3480500
20150102,11.03,11.03,10.38,10.64,1183700
20150105,10.52,10.52,9.95,10.08,1042300
20150106,10.1,11.13,10.1,11.13,1631700
20150107,11.26,11.95,11.26,11.9,2486300
20150108,12.01,12.18,11.42,11.71,2762200
20150109,11.67,11.67,10.88,11.02,1942600
20150112,10.92,11.04,10.59,10.77,1046500
20150113,10.76,11.04,10.32,10.42,1506000
20150114,10.18,10.22,9.83,9.95,1285700
20150115,9.93,10.38,9.86,10.15,1283800
20150116,10.15,10.97,10.14,10.67,1026800
20150119,10.67,10.89,9.94,10.18,1155500
20150120,10.26,10.53,10.1,10.19,1611100
20150121,10.38,10.46,9.81,10.25,1466900
20150122,10.33,10.41,9.74,9.74,3271100
20150123,9.74,9.81,9.4,9.55,2778700
20150126,9.52,9.57,9.33,9.45,1736500
20150127,9.43,9.53,9.01,9.36,1320500
20150128,9.34,9.45,8.93,9.2,1539100
20150129,9.27,9.7,9.1,9.56,1647900
20150130,9.38,9.68,9.13,9.68,1432700
20150202,9.75,10.28,9.63,10.08,1117000
20150203,10.23,10.63,10.23,10.47,1323700
20150204,10.47,10.75,10.11,10.23,965600
20150205,10.01,10.38,10.01,10.13,1267600
20150206,10.02,10.33,9.74,10.33,1196300
20150209,10.31,11,10.25,10.63,1714200
20150210,10.52,10.81,10.05,10.05,2473400
20150211,10.05,10.48,10.03,10.48,1309100
20150212,10.59,10.71,10.25,10.34,1535500
20150213,10.15,11,10.15,10.83,1612600
20150218,11.02,11.14,10.92,10.99,1568500
20150219,10.87,10.96,10.54,10.78,678600
20150220,10.8,10.93,10.61,10.9,681800
20150223,10.82,10.82,10.59,10.64,909700
20150224,10.73,10.75,10.49,10.66,1124000
20150225,10.62,10.8,10.48,10.8,910100
20150226,10.8,11.15,10.45,10.96,1336300
20150227,10.85,11.2,10.79,10.98,1720300
20150302,10.86,10.94,10.42,10.54,1041500
20150303,10.54,10.92,10.45,10.82,1227500
20150304,10.92,11.39,10.87,11.28,2187300
20150305,11.4,11.67,11.3,11.6,1441000
20150306,11.45,11.82,11.23,11.52,1178900
20150309,11.33,11.93,11.33,11.9,1421000
20150310,11.78,12.13,11.51,11.57,1851600
20150311,11.52,11.76,11.45,11.67,1374600
20150312,11.8,11.92,11.4,11.51,1136800
20150313,11.26,11.78,11.26,11.54,1160000
20150316,11.78,11.78,11.22,11.31,1069600
20150317,11.45,11.92,11.45,11.81,1207500
20150318,11.82,12.18,11.52,11.94,1512900
20150319,11.96,12.15,11.79,11.96,675400
20150320,12.11,12.27,11.8,12.18,2378100
20150323,12.09,12.15,11.9,12.02,650100
20150324,12.02,12.02,11.36,11.58,1627900
20150325,11.66,11.93,11.52,11.92,1433500
20150326,11.71,11.8,11.41,11.49,2099200
20150327,11.34,11.35,10.34,10.48,3803900
20150330,10.58,10.94,10.5,10.94,1106800
20150331,10.8,10.94,10.5,10.7,2452600
20150401,10.7,10.92,10.7,10.92,1743800
20150402,10.92,10.94,10.6,10.69,1156000
20150406,10.77,10.77,10.53,10.67,786800
20150407,10.67,10.8,10.44,10.6,992100
20150408,10.77,10.77,10.27,10.32,2198200
20150409,10.29,10.54,10.23,10.36,1189700
20150410,10.34,10.44,10.14,10.26,823200
20150413,10.25,10.33,10.14,10.28,981600
20150414,10.38,10.54,10.2,10.44,1821900
20150415,10.54,10.91,10.47,10.7,1530300
20150416,10.69,10.76,10.11,10.15,1318300
20150417,10.15,10.17,9.73,9.73,1703900
20150420,9.78,9.97,9.72,9.85,1532300
20150422,9.89,10.3,9.89,10.2,1451200
20150423,10.11,10.56,10.11,10.39,2034100
20150424,10.69,10.93,10.02,10.36,2392900
20150427,10.43,10.56,9.66,9.69,2103700
20150428,9.74,9.89,9.61,9.86,1639400
20150429,9.84,9.84,9.53,9.66,1354100
20150430,9.65,9.74,9.36,9.74,2667800
20150504,9.87,10.26,9.8,10.09,1532600
20150505,10.07,10.48,10.04,10.32,2089700
20150506,10.24,10.41,9.93,10.04,3177400
20150507,9.89,9.94,9.55,9.7,1332100
20150508,9.78,10.19,9.74,9.94,1759800
20150511,9.8,10.35,9.8,10.15,1307600
20150512,10.19,10.27,9.76,9.76,2205300
20150513,9.55,9.59,9.1,9.16,6470400
20150514,9.1,9.19,8.88,8.96,3967400
20150515,8.91,9.15,8.82,8.98,2316500
20150518,9.06,9.06,8.74,8.74,3466400
20150519,8.74,8.77,8.36,8.4,3242500
20150520,8.42,8.48,8.23,8.33,3679100
20150521,8.24,8.45,8.18,8.39,2604400
20150522,8.5,8.62,8.08,8.11,4402500
20150525,8.16,8.29,8.02,8.13,1344900
20150526,8.12,8.23,7.83,7.83,4330800
20150527,7.89,8,7.75,7.87,5921900
20150528,7.89,7.97,7.79,7.88,5426300
20150529,7.91,7.97,7.69,7.74,34960700
20150601,7.83,8.09,7.77,8.06,6168800
20150602,8.16,8.32,8.1,8.31,3490900
20150603,8.33,8.33,8.04,8.14,3798600
20150605,8.07,8.11,7.81,7.83,2543900
20150608,7.89,7.89,7.69,7.69,2109100
20150609,7.71,7.85,7.54,7.59,3721000
20150610,7.68,7.77,7.34,7.42,3876200
20150611,7.53,7.64,7.39,7.64,2527600
20150612,7.62,7.62,7.4,7.49,2754400
20150615,7.42,7.42,7.28,7.38,1591800
20150616,7.41,7.41,7.21,7.24,2042400
20150617,7.22,7.24,6.94,6.99,3430800
20150618,7.03,7.14,6.93,7.11,2960900
20150619,6.99,7.13,6.94,6.98,2570700
20150622,7.04,7.16,6.88,6.98,1455000
20150623,7.07,7.07,6.83,6.85,1261700
20150624,6.84,6.9,6.61,6.63,2910600
20150625,6.63,6.63,6.45,6.54,2459000
20150626,6.53,6.64,6.49,6.64,1482800
20150629,6.5,6.61,6.44,6.6,1620400
20150630,6.6,6.7,6.22,6.32,4269900
20150701,6.33,6.34,5.96,5.96,2817900
20150702,5.97,5.97,5.67,5.76,5351900
20150703,5.67,5.72,5.47,5.51,2640700
20150706,5.44,5.72,5.35,5.55,3279600
20150707,5.51,5.61,5.23,5.44,6696300
20150708,5.33,5.47,5.19,5.27,5755600
20150710,5.44,5.44,4.94,4.99,7205400
20150713,4.99,5.24,4.86,5.18,5937200
20150714,5.05,5.05,4.56,4.64,8808100
20150715,4.61,4.75,4.48,4.53,7178300
20150716,4.56,4.69,4.49,4.66,6486500
20150717,4.68,4.76,4.36,4.36,4617100
20150720,4.4,4.42,3.99,3.99,8952300
20150721,3.97,4.14,3.85,3.88,9086300
20150722,3.84,3.85,3.57,3.6,6552000
20150723,3.56,3.76,3.55,3.67,8770300
20150724,3.72,3.82,3.6,3.61,6422400
20150727,3.55,3.67,3.37,3.39,6263800
20150728,3.48,3.62,3.39,3.53,10941500
20150729,3.57,3.59,3.46,3.51,3631500
20150730,3.58,3.62,3.3,3.32,4631200
20150731,3.32,3.54,3.3,3.47,5172100
20150803,3.46,3.67,3.43,3.54,4810900
20150804,3.59,3.91,3.55,3.91,7897900
20150805,4.02,4.32,3.99,4.13,10684600
20150806,4.08,4.22,3.87,3.88,5216500
20150807,3.86,3.91,3.72,3.73,3175300
20150810,3.76,3.86,3.62,3.71,4142100
20150811,3.68,3.71,3.44,3.46,7661100
20150812,3.47,3.57,3.45,3.52,3953100
20150813,3.57,3.6,3.32,3.38,4187900
20150814,3.37,3.45,3.32,3.34,3686900
20150817,3.38,3.4,3.26,3.29,4937500
20150818,3.29,3.3,3.18,3.18,5597200
20150819,3.15,3.17,3.01,3.05,3639700
20150820,3.01,3.19,2.99,3.04,3330400
20150821,3.06,3.06,2.94,2.94,3593200
20150824,2.66,2.75,2.48,2.58,7188700
20150825,2.74,2.76,2.47,2.5,7788900
20150826,2.54,2.68,2.41,2.66,6551100
20150827,2.76,3.17,2.71,3.13,10339100
20150828,3.01,3.23,3,3.11,5688100
20150831,2.98,3.15,2.96,3.01,11407200
20150901,2.92,3.18,2.87,3.1,5899600
20150902,3.13,3.52,3.12,3.5,6419900
20150903,3.61,3.7,3.39,3.54,12052100
20150904,3.51,3.54,3.38,3.54,5252300
20150908,3.74,3.74,3.61,3.7,6043800
20150909,3.82,3.87,3.66,3.67,6597900
20150910,3.5,3.87,3.45,3.87,7783900
20150911,3.88,4.05,3.84,3.86,6783100
20150914,3.9,3.96,3.53,3.62,5248700
20150915,3.56,3.72,3.48,3.64,5128100
20150916,3.72,3.78,3.65,3.73,3861000
20150917,3.74,3.81,3.66,3.71,5691500
20150918,3.7,3.74,3.47,3.7,11383500
20150921,3.68,3.75,3.62,3.62,3474300
20150922,3.55,3.59,3.42,3.51,3287100
20150923,3.53,3.54,3.35,3.37,5311000
20150924,3.32,3.53,3.15,3.4,5246200
20150925,3.49,3.51,3.24,3.32,4347000
20150928,3.33,3.34,3.17,3.18,1747800
20150929,3.17,3.27,3.09,3.09,3195100
20150930,3.17,3.22,2.92,2.92,7645100
20151001,2.88,3.04,2.81,2.81,5626800
20151002,2.82,3.05,2.71,3.01,5573800
20151005,3.06,3.19,3.02,3.14,3625600
20151006,3.16,3.29,3.13,3.21,3117600
20151007,3.28,3.48,3.28,3.38,7400200
20151008,3.43,3.51,3.24,3.48,7583200
20151009,3.54,3.61,3.34,3.35,7586800
20151013,3.26,3.26,3.06,3.06,5406600
20151014,3.05,3.11,2.97,3.02,6285100
20151015,3.08,3.1,2.9,3.02,5336900
20151016,3.04,3.1,2.98,3.04,2906300
20151019,3.05,3.1,2.94,2.95,5021300
20151020,2.95,3.02,2.91,2.94,3064400
20151021,2.96,3.05,2.92,2.92,4317500
20151022,2.93,3,2.9,2.9,3576100
20151023,2.98,2.99,2.81,2.82,5128100
20151026,2.84,2.87,2.77,2.78,3366300
20151027,2.8,2.8,2.66,2.66,5510900
20151028,2.68,2.7,2.51,2.56,7340400
20151029,2.48,2.72,2.47,2.51,7146200
20151030,2.56,2.6,2.5,2.6,4105700
20151103,2.66,2.86,2.56,2.81,4801300
20151104,2.85,2.98,2.69,2.71,5616300
20151105,2.72,2.76,2.65,2.71,4512300
20151106,2.69,2.69,2.51,2.61,7082300
20151109,2.6,2.63,2.54,2.63,5584400
20151110,2.6,2.63,2.55,2.55,3989300
20151111,2.58,2.72,2.58,2.6,6390600
20151112,2.6,2.64,2.43,2.45,9291300
20151113,2.46,2.5,2.39,2.44,3945500
20151116,2.43,2.48,2.27,2.29,9723700
20151117,2.3,2.35,2.09,2.09,24810800
20151118,2.18,2.28,2.03,2.06,60866500
20151119,2.02,2.1,1.93,2.05,59831900
20151123,2.02,2.04,1.87,1.88,22726800
20151124,1.87,1.95,1.82,1.93,41720300
20151125,1.9,2.06,1.88,1.98,27174600
20151126,2.01,2.08,1.98,2,13229600
20151127,2,2.01,1.96,1.98,12440200
20151130,1.98,1.98,1.86,1.98,20444900
20151201,1.99,2.04,1.88,1.92,11399700
20151202,1.91,1.93,1.83,1.86,12247600
20151203,1.91,1.96,1.88,1.9,12962500
20151204,1.88,1.89,1.71,1.73,16725600
20151207,1.75,1.78,1.61,1.66,11825100
20151208,1.64,1.66,1.5,1.56,20377400
20151209,1.58,1.65,1.55,1.58,14644000
20151210,1.57,1.59,1.5,1.55,7424000
20151211,1.52,1.53,1.43,1.45,14629300
20151214,1.44,1.44,1.36,1.41,14203200
20151215,1.42,1.52,1.41,1.43,9490700
20151216,1.43,1.46,1.39,1.45,9582200
20151217,1.46,1.5,1.44,1.46,7489300
20151218,1.42,1.54,1.41,1.54,13072800
20151221,1.54,1.6,1.52,1.52,15197200
20151222,1.53,1.59,1.5,1.57,6976100
20151223,1.58,1.66,1.58,1.66,9197900
20151228,1.66,1.74,1.63,1.66,6049400
20151229,1.67,1.68,1.62,1.65,8845300
20151230,1.63,1.66,1.6,1.66,6987500
20160104,1.6,1.63,1.56,1.6,8019200
20160105,1.59,1.59,1.47,1.47,11734300
20160106,1.44,1.44,1.23,1.28,19103400
20160107,1.21,1.23,1.15,1.2,23207200
20160108,1.24,1.31,1.22,1.25,17065500
20160111,1.25,1.3,1.19,1.22,9378200
20160112,1.22,1.26,1.16,1.18,10806000
20160113,1.21,1.23,1.07,1.09,20066600
20160114,1.08,1.12,1.03,1.12,20709900
20160115,1.06,1.1,1.02,1.1,10790800
20160118,1.09,1.1,1.06,1.1,5536800
20160119,1.13,1.15,1.05,1.05,7227000
20160120,1.02,1.06,0.98,1.03,10252900
20160121,1.03,1.07,0.99,0.99,12437100
20160122,1.01,1.03,0.97,0.99,13406100
20160126,0.96,0.98,0.94,0.97,8663700
20160127,0.97,0.99,0.95,0.99,12072700
20160128,0.99,1.01,0.96,0.99,11256400
20160129,1,1.04,0.97,1.03,23968500
20160201,1.04,1.15,1.01,1.15,14446400
20160202,1.15,1.26,1.15,1.16,31955900
20160203,1.18,1.22,1.16,1.18,21913300
20160204,1.22,1.39,1.22,1.3,28505100
20160205,1.33,1.42,1.32,1.4,21173300
20160210,1.35,1.54,1.32,1.49,19543700
20160211,1.46,1.52,1.25,1.26,27632200
20160212,1.32,1.34,1.26,1.29,14033600
20160215,1.35,1.36,1.3,1.3,5312200
20160216,1.3,1.4,1.29,1.4,15809200
20160217,1.44,1.53,1.39,1.44,27418000
20160218,1.43,1.47,1.36,1.37,12218900
20160219,1.35,1.41,1.31,1.39,12992200
20160222,1.45,1.47,1.4,1.42,18445100
20160223,1.4,1.45,1.34,1.35,15360900
20160224,1.31,1.32,1.25,1.29,19548700
20160225,1.13,1.18,1.12,1.15,28846600
20160226,1.18,1.22,1.14,1.15,14034900
20160229,1.16,1.21,1.15,1.21,11009600
20160301,1.24,1.31,1.22,1.25,20869900
20160302,1.26,1.29,1.25,1.25,15540600
20160303,1.27,1.47,1.27,1.44,40981400
20160304,1.59,1.71,1.48,1.66,37868500
20160307,1.71,1.78,1.66,1.73,36674400
20160308,1.7,1.77,1.63,1.75,32922300
20160309,1.79,1.95,1.79,1.87,22912100
20160310,1.95,2.21,1.84,2.15,30573200
20160311,2.19,2.24,1.95,2.06,28534500
20160314,2.14,2.16,1.96,2.01,16764700
20160315,1.85,1.88,1.62,1.63,28358000
20160316,1.57,1.77,1.52,1.76,27611900
20160317,1.93,1.98,1.8,1.96,25707400
20160318,2,2.15,1.94,2.12,42604600
20160321,2.14,2.19,2.04,2.07,20815400
20160322,2.05,2.18,2.01,2.15,22824900
20160323,2.09,2.16,1.97,1.97,25884100
20160324,1.93,2.08,1.85,2.08,26670900
20160328,2.15,2.23,2.11,2.2,21063300
20160329,2.21,2.4,2.12,2.24,33855000
20160330,2.31,2.49,2.3,2.44,41236800
20160331,2.45,2.53,2.38,2.43,19034900
20160401,2.4,2.57,2.34,2.5,27087900
20160404,2.52,2.57,2.3,2.41,30397900
20160405,2.41,2.5,2.34,2.39,20106400
20160406,2.35,2.42,2.31,2.33,19357900
20160407,2.37,2.41,2.18,2.21,20709800
20160408,2.29,2.46,2.27,2.46,38855800
20160411,2.55,2.61,2.49,2.5,15767100
20160412,2.57,2.65,2.52,2.61,31889700
20160413,2.72,2.99,2.71,2.96,37354600
20160414,3.09,3.14,2.61,2.63,33849400
20160415,2.79,2.86,2.68,2.85,29187100
20160418,2.9,2.9,2.69,2.76,20089200
20160419,2.82,2.94,2.78,2.9,24394600
20160420,2.9,3.02,2.83,2.95,23165800
20160422,2.87,3.02,2.86,2.93,17712900
20160425,2.91,2.92,2.73,2.73,18154100
20160426,2.79,2.82,2.62,2.78,18542900
20160427,2.8,2.97,2.78,2.93,26732300
20160428,2.96,3.02,2.85,2.87,18765300
20160429,2.93,2.94,2.84,2.91,12002100
20160502,2.93,2.95,2.77,2.82,15287800
20160503,2.77,2.77,2.63,2.63,17521000
20160504,2.62,2.75,2.51,2.74,26616700
20160505,2.8,2.84,2.61,2.66,15197200
20160506,2.6,2.75,2.55,2.72,17654200
20160509,2.68,2.7,2.43,2.6,24666100
20160510,2.67,2.73,2.6,2.68,25971500
20160511,2.73,2.82,2.7,2.73,22847100
20160512,2.78,2.81,2.63,2.68,16227000
20160513,2.69,2.71,2.49,2.5,20000800
20160516,2.5,2.63,2.3,2.31,24802200
20160517,2.27,2.34,2.16,2.19,31041900
20160518,2.15,2.27,2.09,2.17,23398300
20160519,2.15,2.2,2.03,2.07,20871800
20160520,2.14,2.19,2.09,2.12,14873100
20160523,2.05,2.12,2.02,2.05,18445300
20160524,2.13,2.14,1.99,2,14396000
20160525,2.04,2.09,2.02,2.05,20498100
20160527,2.08,2.09,1.98,1.98,11189300
20160530,1.98,2,1.94,1.94,4325000
20160531,1.95,1.98,1.86,1.93,21632400
20160601,1.91,1.97,1.9,1.95,8681000
20160602,1.96,2.04,1.94,2.01,12418300
20160603,2.04,2.16,2.03,2.15,15020800
20160606,2.18,2.25,2.17,2.22,15899800
20160607,2.21,2.28,2.16,2.17,12239900
20160608,2.19,2.33,2.19,2.32,15650400
20160609,2.29,2.29,2.16,2.18,14430700
20160610,2.12,2.14,2.04,2.05,9943900
20160613,1.98,2.03,1.95,1.98,15413800
20160614,1.98,2.07,1.91,1.92,17029800
20160615,1.96,2.04,1.95,2.03,14534200
20160616,2.02,2.04,1.96,2,12615000
20160617,2.05,2.1,1.98,2.01,14574600
20160620,2.08,2.09,1.99,2,10189100
20160621,1.98,2.02,1.94,1.97,11798000
20160622,1.99,2.06,1.99,2.02,13244100
20160623,2.05,2.21,2.05,2.19,25049300
20160624,2.05,2.12,2.02,2.05,19275200
20160627,2.06,2.09,1.97,2,13318000
20160628,2.06,2.07,1.99,2,14405300
20160629,2.04,2.06,2.01,2.03,10818400
20160630,2.02,2.05,1.97,2,10069400
20160701,2.01,2.09,1.99,2.07,18977500
20160704,2.1,2.15,2.1,2.11,13269000
20160705,2.09,2.1,2.01,2.02,13029000
20160706,2.01,2.07,1.98,2.07,16269500
20160707,2.07,2.12,2.01,2.02,13737200
20160708,2.05,2.07,2.04,2.04,5547500
20160711,2.08,2.13,2.08,2.11,12949700
20160712,2.16,2.29,2.15,2.26,28449700
20160713,2.28,2.32,2.16,2.31,31154700
20160714,2.37,2.39,2.29,2.34,24258500
20160715,2.33,2.47,2.29,2.43,18575500
20160718,2.44,2.6,2.42,2.59,26500400
20160719,2.55,2.62,2.48,2.51,21581100
20160720,2.5,2.53,2.39,2.45,19744200
20160721,2.48,2.57,2.48,2.5,18304800
20160722,2.51,2.63,2.5,2.6,16201500
20160725,2.66,2.7,2.6,2.62,22762900
20160726,2.64,2.69,2.61,2.66,22772600
20160727,2.7,2.79,2.69,2.78,29484000
20160728,2.8,2.81,2.66,2.73,29793900
20160729,2.71,2.74,2.66,2.72,25466300
20160801,2.76,2.98,2.75,2.81,49756200
20160802,2.78,2.89,2.66,2.66,28892700
20160803,2.67,2.87,2.63,2.86,36094900
20160804,2.94,3,2.91,2.94,29667900
20160805,3.02,3.07,2.95,3.06,26475200
20160808,3.11,3.11,2.89,2.92,36256400
20160809,2.93,3.06,2.92,2.98,27220600
20160810,3.07,3.11,2.99,3.07,36682800
20160811,3.12,3.2,3.02,3.19,33181800
20160812,3.2,3.28,3.14,3.2,23518300
20160815,3.28,3.67,3.23,3.6,48847400
20160816,3.63,3.79,3.59,3.64,49919600
20160817,3.64,3.95,3.53,3.92,50115600
20160818,3.99,4.08,3.87,3.92,66260000
20160819,3.91,4.01,3.84,4,33489500
20160822,3.98,4.03,3.78,3.79,33871600
20160823,3.87,3.98,3.79,3.87,36315700
20160824,3.8,3.85,3.6,3.61,35096200
20160825,3.6,3.72,3.54,3.62,35208000
20160826,3.64,3.79,3.57,3.67,29427500
20160829,3.69,3.78,3.62,3.7,16705500
20160830,3.75,3.83,3.65,3.71,19526000
20160831,3.75,3.77,3.58,3.71,24867200
20160901,3.74,3.76,3.6,3.61,27050600
20160902,3.67,3.9,3.64,3.9,26521600
20160905,3.98,3.99,3.91,3.92,13748700
20160906,3.94,4.04,3.81,4,27146400
20160908,4.02,4.27,4.01,4.17,39707400
20160909,4.12,4.14,3.95,3.95,38390300
20160912,3.9,4.19,3.76,4.15,41343300
20160913,4.06,4.12,3.79,3.8,42064600
20160914,3.89,3.94,3.73,3.77,31433000
20160915,3.82,3.88,3.78,3.84,19048600
20160916,3.79,3.81,3.61,3.73,22531000
20160919,3.82,3.9,3.68,3.71,20843300
20160920,3.75,3.8,3.45,3.5,30683900
20160921,3.6,3.71,3.49,3.69,45227500
20160922,3.77,3.83,3.57,3.61,41508300
20160923,3.6,3.68,3.49,3.63,19010100
20160926,3.52,3.6,3.52,3.54,12277000
20160927,3.56,3.58,3.38,3.41,31692700
20160928,3.45,3.55,3.42,3.54,26898500
20160929,3.57,3.61,3.41,3.44,26019600
20160930,3.46,3.48,3.39,3.43,20838400
20161003,3.46,3.55,3.41,3.53,17833700
20161004,3.53,3.56,3.45,3.48,16255000
20161005,3.5,3.64,3.49,3.61,19937000
20161006,3.6,3.77,3.6,3.75,24061800
20161007,3.81,3.91,3.8,3.86,30165700
20161010,3.92,3.95,3.85,3.87,16668800
20161011,3.83,3.89,3.77,3.8,14764800
20161013,3.71,3.75,3.65,3.72,21755800
20161014,3.79,3.86,3.78,3.8,11590800
20161017,3.82,3.88,3.79,3.84,13698200
20161018,3.88,4.04,3.87,4.02,27550400
20161019,4.06,4.1,3.99,4.05,29181400
20161020,4,4.2,3.92,4.15,33263700
20161021,4.17,4.47,4.1,4.43,33131600
20161024,4.53,4.85,4.5,4.61,53681600
20161025,4.74,4.76,4.43,4.58,29970200
20161026,4.48,4.61,4.43,4.55,27977300
20161027,4.63,4.71,4.63,4.63,15594800
20161028,4.65,4.88,4.64,4.77,27225700
20161031,4.87,4.91,4.67,4.75,21115200
20161101,4.83,4.85,4.47,4.55,30779800
20161103,4.5,4.65,4.42,4.52,28627100
20161104,4.52,4.59,4.28,4.4,34963000
20161107,4.63,4.8,4.55,4.8,22607400
20161108,4.77,4.86,4.72,4.8,23268900
20161109,4.61,5.06,4.52,4.98,56740900
20161110,5.15,5.42,4.99,5.12,60101800
20161111,5.16,5.17,4.77,4.86,33459700
20161114,4.77,5.24,4.66,5.22,38952600
20161116,5.05,5.11,4.84,4.9,19679600
20161117,4.98,5.06,4.92,4.95,12909100
20161118,4.91,5.04,4.81,5.04,19796200
20161121,5.1,5.21,5.08,5.2,21205800
20161122,5.39,5.48,5.32,5.39,23022600
20161123,5.35,5.85,5.27,5.82,35356500
20161124,5.88,6.03,5.76,5.85,23436000
20161125,5.74,6,5.65,5.99,29262400
20161128,6.06,6.33,5.99,6.28,23054600
20161129,6.18,6.22,5.99,6.05,23070900
20161130,6.07,6.1,5.8,5.84,32074100
20161201,5.97,6,5.26,5.4,34276900
20161202,5.29,5.56,5.16,5.52,34681400
20161205,5.74,5.76,5.51,5.59,22563500
20161206,5.56,5.71,5.47,5.62,13250500
20161207,5.77,5.8,5.67,5.77,24281900
20161208,5.86,5.93,5.74,5.83,16333900
20161209,5.88,5.88,5.5,5.54,14777300
20161212,5.4,5.42,5.03,5.05,21039500
20161213,5.07,5.11,4.82,4.85,23766300
20161214,4.79,4.82,4.51,4.51,32136100
20161215,4.54,4.94,4.48,4.91,27316600
20161216,4.98,5.03,4.57,4.57,28386600
20161219,4.51,4.7,4.43,4.46,20082300
20161220,4.56,4.65,4.46,4.59,14597900
20161221,4.65,4.73,4.55,4.7,12950600
20161222,4.66,4.67,4.46,4.51,11824800
20161223,4.57,4.61,4.52,4.54,11874500
20161226,4.56,4.62,4.54,4.62,2896700
20161227,4.64,4.87,4.64,4.81,13500400
20161228,4.9,4.99,4.75,4.77,13854400
20161229,4.82,4.83,4.67,4.8,8626800
20170102,4.77,4.85,4.68,4.74,6472500
20170103,4.84,4.99,4.82,4.9,19217700
20170104,4.9,4.97,4.84,4.95,18649600
