<DTYYYYMMDD>,<OPEN>,<HIGH>,<LOW>,<CLOSE>,<VOL>
20100601,6.58,6.89,6.52,6.8,3087600
20100602,6.78,7.23,6.78,7.16,5512200
20100604,7.12,7.14,6.89,6.91,3201000
20100607,6.94,7.15,6.86,7.04,3469800
20100608,7.09,7.2,7.03,7.11,3655800
20100609,7.14,7.17,6.8,6.85,6209400
20100610,6.9,7.03,6.87,6.98,3270100
20100611,6.89,7.08,6.89,7.08,1569700
20100614,7.11,7.22,7.1,7.22,2719700
20100615,7.28,7.5,7.26,7.4,3082300
20100616,7.38,7.67,7.33,7.55,5780000
20100617,7.63,7.71,7.27,7.39,5538100
20100618,7.41,7.52,7.26,7.38,3614400
20100621,7.49,7.51,7.26,7.39,2629100
20100622,7.38,7.53,7.33,7.43,2219600
20100623,7.47,7.51,7.36,7.51,2003200
20100624,7.45,7.5,7.38,7.44,1853100
20100625,7.45,7.51,7.4,7.5,770800
20100628,7.52,7.52,7.35,7.4,1459000
20100629,7.3,7.3,6.99,7.07,6106600
20100630,7.1,7.12,6.97,7.07,3411500
20100701,7.13,7.37,6.99,7.31,3850100
20100702,7.29,7.4,7.19,7.33,2473100
20100705,7.37,7.38,7.05,7.15,1469500
20100706,7.26,7.52,7.25,7.43,4199800
20100707,7.45,7.61,7.41,7.41,3613900
20100708,7.48,7.51,7.3,7.39,2565800
20100712,7.39,7.47,7.28,7.45,2476400
20100713,7.49,7.52,7.4,7.45,2452700
20100714,7.43,7.65,7.4,7.59,2247700
20100715,7.59,7.8,7.52,7.8,3181600
20100716,7.77,7.84,7.35,7.4,4639100
20100719,7.5,7.55,7.38,7.5,2081200
20100720,7.46,7.51,7.4,7.45,2516100
20100721,7.46,7.51,7.3,7.35,2530600
20100722,7.44,7.62,7.41,7.56,4122300
20100723,7.59,7.76,7.48,7.76,3901400
20100726,7.73,7.94,7.69,7.91,5265300
20100727,7.96,8.03,7.81,7.91,4770900
20100728,7.86,7.93,7.7,7.81,2507100
20100729,7.89,8,7.8,7.92,1595900
20100730,7.82,8.17,7.82,7.96,5366300
20100802,8.05,8.22,8.05,8.14,3244200
20100803,8.14,8.19,7.89,7.89,2959800
20100804,7.98,8.02,7.79,7.92,3167500
20100805,7.85,7.92,7.7,7.77,3647100
20100806,7.75,7.82,7.6,7.71,3485200
20100809,7.71,7.77,7.56,7.66,3445400
20100810,7.61,7.63,7.51,7.51,3699100
20100811,7.51,7.73,7.48,7.64,4644700
20100812,7.66,7.74,7.56,7.7,3132200
20100813,7.8,7.87,7.61,7.77,3051400
20100816,7.73,7.73,7.31,7.33,6289400
20100817,7.39,7.41,6.96,7.14,11949900
20100818,7.16,7.21,7.01,7.13,8232600
20100819,7.13,7.28,6.97,7.01,7880600
20100820,7.04,7.12,6.99,7.03,3782900
20100823,7.09,7.12,6.7,6.74,8728400
20100824,6.69,6.8,6.57,6.74,8786100
20100825,6.72,6.78,6.62,6.69,6487400
20100826,6.76,6.77,6.49,6.53,7245700
20100827,6.6,6.89,6.39,6.82,7583700
20100830,6.78,6.8,6.6,6.67,2973900
20100831,6.65,6.89,6.63,6.89,8463600
20100901,6.93,7,6.8,6.86,7621300
20100902,6.87,6.87,6.69,6.71,3929300
20100903,6.76,6.82,6.63,6.64,3316900
20100906,6.67,6.81,6.66,6.74,1717600
20100908,6.55,6.79,6.54,6.72,3178400
20100909,6.76,6.85,6.72,6.72,1616500
20100910,6.73,6.76,6.64,6.68,2765000
20100913,6.72,6.76,6.68,6.68,3256800
20100914,6.71,6.76,6.65,6.74,4839000
20100915,6.68,6.83,6.67,6.77,3473000
20100916,6.77,6.92,6.72,6.92,4076200
20100917,6.94,7.11,6.92,6.97,5323100
20100920,7,7.14,6.97,7.14,2677000
20100921,7.14,7.24,7.03,7.03,4440900
20100922,7,7.13,6.73,7.05,4245200
20100923,6.99,7.3,6.93,7.2,7336900
20100924,7.26,7.31,6.99,7.01,4634900
20100927,7.02,7.11,6.89,6.89,2446500
20100928,6.92,6.99,6.88,6.94,3422500
20100929,6.94,6.98,6.74,6.74,3996500
20100930,6.78,6.81,6.66,6.76,4656300
20101001,6.78,6.82,6.72,6.72,4043000
20101004,6.74,6.8,6.57,6.58,6596800
20101005,6.65,6.77,6.62,6.72,5560800
20101006,6.75,6.95,6.69,6.85,6406600
20101007,6.85,6.9,6.64,6.71,5161000
20101008,6.67,6.75,6.52,6.67,6320900
20101011,6.66,6.79,6.66,6.78,2248400
20101013,6.78,6.88,6.67,6.67,6669100
20101014,6.7,6.71,6.6,6.69,4370800
20101015,6.72,6.73,6.45,6.51,5965600
20101018,6.53,6.58,6.48,6.5,2497500
20101019,6.45,6.45,6.36,6.39,3456300
20101020,6.41,6.46,6.23,6.23,5386900
20101021,6.26,6.37,6.06,6.07,6607200
20101022,6.14,6.19,5.95,5.96,5572300
20101025,6.02,6.06,5.85,5.85,5013600
20101026,5.83,6.14,5.77,6.14,7074500
20101027,6.12,6.23,6.01,6.06,4708800
20101028,6.11,6.13,5.95,6.01,5005200
20101029,6.04,6.08,5.97,6.05,5204200
20101101,6.07,6.09,5.99,5.99,2008500
20101103,6.02,6.03,5.92,5.98,2657600
20101104,6.03,6.05,5.94,5.98,4611300
20101105,5.99,6.13,5.92,6.13,6787100
20101108,6.14,6.2,6.09,6.14,5818100
20101109,6.21,6.34,6.16,6.19,8766200
20101110,6.11,6.26,5.97,6.01,6499500
20101111,6.02,6.05,5.89,5.94,4975600
20101112,5.84,6.12,5.78,5.9,6876200
20101116,5.89,5.89,5.56,5.58,7531300
20101117,5.63,5.66,5.53,5.63,7984900
20101118,5.7,5.78,5.65,5.68,6438200
20101119,5.63,5.84,5.59,5.84,7179100
20101122,5.84,5.94,5.75,5.78,5001600
20101123,5.7,5.76,5.61,5.61,5425500
20101124,5.66,5.97,5.66,5.97,5901200
20101125,6.03,6.05,5.95,5.98,2834900
20101126,5.89,5.9,5.76,5.76,2859800
20101129,5.75,5.91,5.62,5.91,4083300
20101130,5.84,6.06,5.79,6.06,4879100
20101201,6.11,6.19,6.02,6.19,3868300
20101202,6.14,6.28,6.08,6.23,4217500
20101203,6.2,6.29,6.09,6.23,3536800
20101206,6.21,6.23,6.04,6.13,2402800
20101207,6.18,6.2,6.07,6.14,2664700
20101208,6.09,6.15,5.95,6.07,4723500
20101209,6.09,6.14,5.96,6.03,2960300
20101210,6.08,6.36,6.02,6.36,7066400
20101213,6.4,6.54,6.26,6.27,7453200
20101214,6.27,6.37,6.11,6.31,6200100
20101215,6.25,6.37,6.18,6.25,8320100
20101216,6.31,6.39,6.14,6.39,5049600
20101217,6.34,6.5,6.3,6.48,4280600
20101220,6.46,6.5,6.27,6.39,8348400
20101221,6.39,6.66,6.37,6.66,7124600
20101222,6.59,6.88,6.54,6.81,8481900
20101223,6.81,7.01,6.78,7.01,6307700
20101227,6.91,7.02,6.73,6.75,2904500
20101228,6.69,6.72,6.53,6.56,2572800
20101229,6.59,6.64,6.47,6.52,2375100
20101230,6.55,6.72,6.48,6.64,4943100
20110103,6.68,6.76,6.52,6.61,3207300
20110104,6.64,6.66,6.47,6.55,4963500
20110105,6.52,6.64,6.39,6.6,3143200
20110106,6.61,6.64,6.52,6.55,4066300
20110107,6.57,6.57,6.48,6.5,3103200
20110110,6.5,6.61,6.43,6.48,1988100
20110111,6.56,6.57,6.48,6.51,2877300
20110112,6.56,6.59,6.5,6.59,2748800
20110113,6.57,6.6,6.47,6.48,2810100
20110114,6.47,6.54,6.44,6.44,2812100
20110117,6.46,6.49,6.32,6.39,2455000
20110118,6.43,6.46,6.26,6.27,3620200
20110119,6.3,6.41,6.21,6.41,5902700
20110120,6.35,6.41,6.28,6.28,2182800
20110121,6.31,6.39,6.25,6.39,2445800
20110124,6.36,6.54,6.34,6.47,2548400
20110126,6.46,6.46,6.25,6.25,4475900
20110127,6.27,6.35,6.15,6.25,3941700
20110128,6.28,6.28,5.93,5.94,3890000
20110131,5.98,6,5.72,5.83,4331200
20110201,5.87,5.97,5.83,5.92,2114100
20110202,5.94,5.95,5.87,5.9,2750500
20110203,5.89,6.07,5.78,5.86,3269700
20110204,5.88,5.91,5.63,5.63,4138400
20110207,5.66,5.68,5.6,5.63,1863700
20110208,5.63,5.71,5.61,5.61,4195400
20110209,5.63,5.66,5.43,5.43,4265900
20110210,5.44,5.49,5.37,5.37,4274500
20110211,5.39,5.47,5.31,5.41,5770400
20110214,5.44,5.52,5.37,5.51,6357200
20110215,5.51,5.6,5.45,5.55,7639900
20110216,5.59,5.69,5.55,5.65,7066200
20110217,5.66,5.83,5.6,5.76,5995800
20110218,5.76,5.87,5.7,5.86,3441200
20110221,5.84,5.86,5.77,5.78,1751400
20110222,5.74,5.78,5.57,5.62,4414600
20110223,5.63,5.73,5.51,5.73,5551300
20110224,5.68,5.76,5.63,5.71,3353100
20110225,5.74,5.77,5.63,5.72,3345500
20110228,5.76,5.82,5.71,5.77,3399300
20110301,5.77,5.9,5.71,5.78,7245800
20110302,5.76,5.85,5.72,5.72,2895800
20110303,5.76,5.8,5.71,5.74,4713300
20110304,5.8,5.87,5.72,5.76,3084700
20110309,5.76,5.86,5.74,5.83,1969000
20110310,5.8,6,5.65,5.73,9137900
20110311,5.77,5.92,5.76,5.89,2646700
20110314,5.88,5.91,5.79,5.9,2122100
20110315,5.78,5.98,5.73,5.92,3674000
20110316,5.95,6.03,5.72,5.75,4486400
20110317,5.83,5.89,5.67,5.71,2055400
20110318,5.77,5.87,5.69,5.69,4807300
20110321,5.78,5.78,5.62,5.65,2939800
20110322,5.68,5.73,5.63,5.73,2149400
20110323,5.69,5.72,5.63,5.63,3127800
20110324,5.61,5.62,5.38,5.42,8617400
20110325,5.43,5.57,5.39,5.47,4471400
20110328,5.49,5.55,5.35,5.35,3758800
20110329,5.4,5.49,5.38,5.42,4780700
20110330,5.48,5.48,5.4,5.45,2284300
20110331,5.47,5.52,5.42,5.42,4787900
20110401,5.46,5.5,5.39,5.4,5745200
20110404,5.43,5.48,5.42,5.45,3061500
20110405,5.46,5.48,5.42,5.43,6172000
20110406,5.46,5.46,5.36,5.36,6497100
20110407,5.37,5.42,5.35,5.42,5376500
20110408,5.45,5.48,5.38,5.4,5529500
20110411,5.45,5.47,5.4,5.42,3196500
20110412,5.42,5.43,5.37,5.39,3624000
20110413,5.41,5.43,5.2,5.36,4878000
20110414,5.35,5.4,5.28,5.34,2851300
20110415,5.36,5.36,5.21,5.25,3123800
20110418,5.22,5.29,4.95,4.95,5258000
20110419,4.97,5.13,4.94,5.13,3964600
20110420,5.23,5.24,5.13,5.13,3541300
20110425,5.14,5.17,5.02,5.13,1567800
20110426,5.13,5.19,5.1,5.17,2387300
20110427,5.16,5.19,5.05,5.06,2374800
20110428,5.01,5.05,4.89,4.93,3721700
20110429,4.98,4.98,4.87,4.97,6521000
20110502,4.92,5,4.9,4.93,3021300
20110503,4.93,4.97,4.85,4.85,3168300
20110504,4.88,4.88,4.64,4.64,2903200
20110505,4.63,4.89,4.61,4.88,3824200
20110506,4.95,5.01,4.83,4.87,3461400
20110509,4.89,5.06,4.84,5.06,3188100
20110510,5.06,5.23,5.06,5.2,5042900
20110511,5.26,5.49,5.18,5.18,12910500
20110512,5.09,5.38,5.01,5.23,5371800
20110513,5.26,5.37,5.18,5.22,4546700
20110516,5.22,5.29,5.19,5.21,2603800
20110517,5.19,5.34,5.14,5.34,2811000
20110518,5.23,5.41,5.02,5.07,8938200
20110519,5.03,5.04,4.86,4.89,8399400
20110520,4.88,4.91,4.76,4.76,6003100
20110523,4.73,4.73,4.57,4.6,5686800
20110524,4.62,4.72,4.6,4.7,3982200
20110525,4.68,4.77,4.64,4.72,3202000
20110526,4.74,4.97,4.68,4.92,3491800
20110527,4.92,5.01,4.9,5.01,2897700
20110530,5.05,5.26,4.97,5.13,3537500
20110531,5.15,5.25,5.12,5.24,5144700
20110601,5.17,5.21,4.97,4.97,4448500
20110602,4.98,5.18,4.88,5.17,3686700
20110603,5.09,5.37,5.08,5.21,2908300
20110606,5.22,5.26,4.92,4.96,3676900
20110607,5.01,5.09,4.88,4.88,3728800
20110608,4.9,4.91,4.76,4.81,2128000
20110609,4.85,5.05,4.82,5,3322200
20110610,4.98,5,4.81,4.83,2313900
20110613,4.86,4.93,4.81,4.85,2213300
20110614,4.88,4.93,4.8,4.83,2191400
20110615,4.78,4.83,4.69,4.71,5138600
20110616,4.73,4.76,4.59,4.62,2537100
20110617,4.7,4.76,4.63,4.76,3437500
20110620,4.71,4.88,4.7,4.87,2789100
20110621,4.86,4.91,4.76,4.9,3533200
20110622,4.87,4.97,4.85,4.85,2802900
20110624,4.83,4.86,4.67,4.71,3682700
20110627,4.73,4.76,4.69,4.73,4145300
20110628,4.75,4.87,4.74,4.79,3571300
20110629,4.82,4.88,4.76,4.84,2514300
20110630,4.86,4.98,4.86,4.98,3373100
20110701,5,5.13,4.89,5.01,3553900
20110704,5.04,5.15,4.96,5.15,1605300
20110705,5.17,5.24,5.01,5.03,3756000
20110706,4.97,5.05,4.93,4.97,1760200
20110707,5,5.06,4.86,4.86,2466600
20110708,4.8,5.01,4.75,4.92,2833100
20110711,4.83,4.87,4.76,4.76,2232100
20110712,4.73,4.8,4.63,4.63,3867400
20110713,4.69,4.96,4.68,4.95,3976000
20110714,4.92,5.04,4.88,5,5376000
20110715,5,5.18,4.97,5.13,4144200
20110718,5.07,5.12,4.94,4.95,2934000
20110719,4.97,5.01,4.78,4.79,5336800
20110720,4.82,4.85,4.69,4.7,4288300
20110721,4.73,4.88,4.72,4.81,5423200
20110722,4.82,4.88,4.77,4.81,3625800
20110725,4.78,4.78,4.7,4.74,3239700
20110726,4.74,4.76,4.63,4.63,4334100
20110727,4.63,4.65,4.4,4.4,6692100
20110728,4.46,4.54,4.29,4.34,4932500
20110729,4.32,4.41,4.26,4.29,3694600
20110801,4.4,4.41,4.22,4.26,4070200
20110802,4.26,4.33,4.09,4.09,4498400
20110803,4.07,4.09,3.84,3.91,7215900
20110804,3.82,4.01,3.66,3.93,10505400
20110805,4.01,4.09,3.84,3.9,14535900
20110808,3.79,3.93,3.53,3.71,9866800
20110809,3.76,3.86,3.53,3.79,6713900
20110810,3.73,3.85,3.64,3.79,5357000
20110811,3.81,3.97,3.8,3.9,4220100
20110812,3.9,3.98,3.77,3.84,4499600
20110815,3.88,3.95,3.85,3.94,3778900
20110816,3.79,3.86,3.76,3.81,4973800
20110817,3.82,3.87,3.8,3.84,5200800
20110818,3.77,3.82,3.7,3.82,4012900
20110819,3.78,3.93,3.76,3.9,3467800
20110822,3.96,3.99,3.8,3.8,2643600
20110823,3.85,4.02,3.74,3.85,5877900
20110824,3.88,3.94,3.75,3.81,4910700
20110825,3.82,3.87,3.73,3.73,3861400
20110826,3.74,3.78,3.61,3.71,3993200
20110829,3.75,3.82,3.73,3.82,4263800
20110830,3.79,3.83,3.76,3.77,4325700
20110831,3.81,3.95,3.79,3.95,7132500
20110901,4.02,4.12,3.98,4.06,6545900
20110902,3.98,3.99,3.86,3.92,7798900
20110905,3.87,3.88,3.81,3.81,2451000
20110906,3.76,3.88,3.75,3.88,4192200
20110908,3.95,4,3.91,3.93,3169500
20110909,3.88,3.93,3.82,3.86,2123700
20110912,3.83,3.84,3.75,3.81,2886400
20110913,3.85,3.87,3.81,3.81,2141400
20110914,3.81,3.9,3.8,3.85,2803800
20110915,3.88,3.9,3.82,3.86,2587800
20110916,3.88,3.93,3.87,3.92,2735300
20110919,3.86,3.91,3.84,3.88,2279600
20110920,3.89,3.91,3.81,3.82,3256600
20110921,3.84,3.93,3.78,3.78,3849100
20110922,3.71,3.75,3.45,3.55,5734500
20110923,3.53,3.6,3.45,3.6,4256500
20110926,3.66,3.67,3.52,3.61,2623000
20110927,3.68,3.69,3.51,3.56,2911100
20110928,3.58,3.63,3.48,3.51,2702500
20110929,3.59,3.63,3.51,3.6,2362500
20110930,3.57,3.57,3.36,3.36,3277100
20111003,3.34,3.38,3.2,3.29,3798100
20111004,3.24,3.33,3.16,3.26,4260800
20111005,3.29,3.39,3.25,3.36,3400500
20111006,3.42,3.48,3.37,3.39,2935100
20111007,3.42,3.47,3.3,3.36,3550100
20111010,3.4,3.61,3.38,3.61,3058400
20111011,3.57,3.74,3.53,3.7,3494300
20111013,3.72,3.87,3.67,3.81,5330500
20111014,3.82,3.86,3.75,3.8,1361200
20111017,3.76,3.8,3.7,3.73,3256000
20111018,3.68,3.98,3.64,3.89,4577900
20111019,3.91,4,3.86,3.95,3105800
20111020,3.94,4.01,3.82,3.88,2842500
20111021,3.92,4.06,3.91,4.06,2188500
20111024,4.08,4.43,4.08,4.42,5135300
20111025,4.3,4.43,4.2,4.42,6004100
20111026,4.45,4.67,4.45,4.63,4413200
20111027,4.77,4.84,4.65,4.79,4938700
20111028,4.71,5.09,4.63,5.08,7448000
20111031,4.99,4.99,4.74,4.77,3679200
20111101,4.44,4.49,4.38,4.38,5240900
20111103,4.47,4.61,4.42,4.5,4727000
20111104,4.52,4.66,4.45,4.63,3598200
20111107,4.62,4.66,4.55,4.59,3222900
20111108,4.63,4.65,4.48,4.58,2135400
20111109,4.48,4.53,4.38,4.44,3312400
20111110,4.47,4.52,4.43,4.47,1927800
20111111,4.52,4.81,4.49,4.76,3199700
20111114,4.72,5.08,4.72,5,4663700
20111116,4.85,5.32,4.79,5.32,6923600
20111117,5.23,5.4,4.88,5.07,6409200
20111118,5.14,5.2,4.95,5.01,2138100
20111121,4.88,5.22,4.76,5.2,2410200
20111122,5.27,5.67,5.18,5.51,5292600
20111123,5.41,5.55,5.12,5.18,4197700
20111124,5.28,5.39,5.04,5.3,4513400
20111125,5.23,5.48,5.23,5.42,3724300
20111128,5.55,5.77,5.51,5.65,3587000
20111129,5.64,5.76,5.21,5.26,3498500
20111130,5.51,5.77,5.32,5.51,7911000
20111201,5.64,5.78,5.5,5.77,4216400
20111202,5.82,5.92,5.44,5.46,4349800
20111205,5.6,5.74,5.56,5.68,3412300
20111206,5.63,5.82,5.51,5.78,3695100
20111207,5.73,5.82,5.63,5.64,4688400
20111208,5.69,5.72,5.26,5.26,5701700
20111209,5.37,5.38,5.13,5.16,5715300
20111212,5.12,5.16,4.88,5.09,3767200
20111213,5.22,5.33,5.17,5.25,4912500
20111214,5.24,5.28,5.08,5.25,7193400
20111215,5.3,5.32,5.13,5.13,3719900
20111216,5.21,5.4,5.15,5.37,3627900
20111219,5.53,5.54,5.41,5.45,3158800
20111220,5.46,5.76,5.46,5.76,3610400
20111221,5.73,5.9,5.67,5.84,3260200
20111222,5.83,6.08,5.75,6.01,3092200
20111223,6.06,6.21,5.97,6.14,3070600
20111226,6.19,6.45,6.18,6.39,2222500
20111227,6.42,6.57,6.23,6.43,3294500
20111228,6.44,6.46,5.88,5.89,4676200
20111229,5.92,5.96,5.44,5.63,10444300
20120102,5.51,5.59,5.17,5.2,10103800
20120103,5.26,5.41,5.26,5.36,6732100
20120104,5.32,5.54,5.29,5.46,4894300
20120105,5.46,5.59,5.38,5.55,4199300
20120106,5.63,5.71,5.58,5.62,3553300
20120109,5.65,5.69,5.31,5.43,4844500
20120110,5.49,5.55,5.32,5.41,4738900
20120111,5.39,5.43,5.29,5.33,2309000
20120112,5.34,5.39,5.13,5.18,4224400
20120113,5.19,5.19,4.96,5.01,4032100
20120116,5.03,5.06,4.98,5.03,1538200
20120117,5.07,5.32,5.06,5.32,3263900
20120118,5.35,5.54,5.29,5.5,5278100
20120119,5.49,5.54,5.44,5.51,3670600
20120120,5.48,5.62,5.26,5.57,3411300
20120123,5.58,5.58,5.37,5.38,3240500
20120124,5.38,5.46,5.29,5.46,2764500
20120126,5.55,5.59,5.48,5.48,2039000
20120127,5.5,5.54,5.47,5.54,1114000
20120130,5.47,5.83,5.45,5.83,3934100
20120131,5.89,5.96,5.8,5.91,3808600
20120201,5.94,6.14,5.94,6.14,3041700
20120202,6.1,6.17,5.88,5.97,2391800
20120203,5.92,6.17,5.85,6.11,3581800
20120206,6.06,6.17,6,6.17,1439300
20120207,6.14,6.48,6.1,6.48,4873700
20120208,6.47,6.64,6.47,6.57,5060800
20120209,6.58,6.72,6.29,6.47,3992800
20120210,6.3,6.75,6.22,6.6,4290200
20120213,6.69,6.89,6.62,6.88,2610700
20120214,6.89,6.97,6.79,6.89,3583800
20120215,6.99,7.08,6.88,6.92,3638800
20120216,6.82,6.89,6.7,6.71,4344300
20120217,6.76,6.8,6.5,6.51,3761200
20120222,6.58,6.76,6.54,6.66,3034200
20120223,6.64,6.64,6.42,6.49,4074400
20120224,6.51,6.59,6.46,6.51,1743600
20120227,6.53,6.57,6.34,6.52,5208000
20120228,6.61,6.65,6.54,6.56,5353600
20120229,6.61,6.78,6.56,6.76,6497300
20120301,6.82,7.44,6.8,7.44,9232200
20120302,7.37,7.7,7.17,7.47,9384800
20120305,7.5,7.81,7.4,7.47,6288900
20120306,7.26,7.63,7.14,7.52,5959400
20120307,7.64,7.81,7.57,7.63,7043000
20120308,7.77,7.87,7.61,7.64,3484100
20120309,7.69,7.77,7.51,7.59,3771400
20120312,7.54,7.64,7.36,7.52,5179800
20120313,7.57,7.7,7.48,7.59,6168400
20120314,7.64,7.73,7.39,7.39,8983000
20120315,7.46,7.51,7.33,7.4,3050800
20120316,7.47,7.73,7.37,7.73,6332200
20120319,7.7,7.8,7.64,7.66,2597900
20120320,7.5,7.64,7.5,7.55,1534800
20120321,7.51,7.63,7.47,7.57,2006800
20120322,7.31,7.41,7.01,7.03,7654200
20120323,7.03,7.16,6.84,7.15,4184600
20120326,7.26,7.34,7.17,7.3,1662400
20120327,7.34,7.34,7.14,7.25,1966900
20120328,7.26,7.31,6.93,6.95,3220500
20120329,6.88,7.22,6.67,7.22,6220600
20120330,7.26,7.31,6.94,6.94,5509500
20120402,6.98,7.31,6.85,7.27,3668400
20120403,7.26,7.28,7.1,7.1,3154600
20120404,7.07,7.21,6.97,7.21,1966700
20120405,7.22,7.24,7.08,7.12,2705100
20120409,7.03,7.22,6.96,7.14,1350000
20120410,7.06,7.11,6.89,6.89,3345500
20120411,6.93,6.98,6.5,6.54,4101600
20120412,6.55,6.83,6.55,6.74,2348300
20120413,6.64,6.67,6.45,6.51,2253100
20120416,6.59,6.69,6.5,6.62,2526900
20120417,6.75,6.98,6.7,6.88,2714900
20120418,6.92,7.36,6.77,7.31,8061500
20120419,7.26,7.67,7.18,7.32,5411000
20120420,7.4,7.43,7.09,7.09,2499500
20120423,6.94,6.94,6.64,6.64,3672700
20120424,6.68,6.89,6.3,6.63,7175800
20120425,6.78,6.97,6.73,6.9,4669700
20120426,6.89,7.19,6.85,7.19,2578900
20120427,7.2,7.32,6.91,6.99,4603500
20120430,6.97,7.07,6.87,6.94,2000000
20120502,6.89,7.17,6.88,6.96,4069200
20120503,6.99,7.06,6.78,6.88,3052600
20120504,6.89,6.99,6.74,6.76,4142100
20120507,6.64,6.98,6.62,6.94,3105800
20120508,7.06,7.06,6.58,6.63,4557800
20120509,6.58,6.7,6.44,6.54,2885100
20120510,6.65,6.75,6.62,6.62,1821200
20120511,6.62,6.89,6.55,6.72,1738600
20120514,6.68,6.83,6.58,6.59,2616000
20120515,6.59,6.64,6.18,6.18,4519000
20120516,6.18,6.23,5.58,5.63,9103200
20120517,5.76,5.91,5.27,5.27,6316100
20120518,5.32,5.58,5.1,5.43,6044900
20120521,5.49,5.55,5.29,5.47,3390300
20120522,5.44,5.46,5.19,5.22,2845700
20120523,5.19,5.38,5.12,5.29,4618100
20120524,5.27,5.41,5.17,5.4,4793900
20120525,5.4,5.85,5.35,5.7,5163000
20120528,5.78,5.82,5.55,5.6,2561500
20120529,5.63,5.7,5.43,5.55,5824400
20120530,5.43,5.53,5.37,5.43,4081000
20120531,5.45,5.56,5.04,5.04,34996500
20120601,5.09,5.32,5.04,5.1,7715400
20120604,5.16,5.29,5.06,5.09,2816200
20120605,5.14,5.26,4.97,5.04,4560800
20120606,5.15,5.29,5.1,5.21,3295500
20120608,5.16,5.36,5.03,5.29,2443600
20120611,5.51,5.51,5.23,5.28,3090700
20120612,5.34,5.4,5.19,5.31,4445900
20120613,5.32,5.59,5.22,5.36,6436200
20120614,5.39,5.52,5.32,5.44,2697300
20120615,5.46,5.6,5.36,5.53,2612300
20120618,5.44,5.57,5.44,5.55,2476700
20120619,5.58,5.89,5.56,5.89,5554300
20120620,5.91,6,5.68,5.88,4394200
20120621,5.89,5.89,5.6,5.6,4135700
20120622,5.59,5.67,5.45,5.51,1785200
20120625,5.44,5.58,5.37,5.37,1695400
20120626,5.42,5.51,5.23,5.23,1641900
20120627,5.25,5.33,5.16,5.26,1794700
20120628,5.26,5.35,5.16,5.23,1166900
20120629,5.38,5.63,5.35,5.58,2978500
20120702,5.55,5.63,5.39,5.46,2021400
20120703,5.53,5.82,5.45,5.78,2335100
20120704,5.78,5.96,5.73,5.83,1269800
20120705,5.92,5.97,5.63,5.66,2924000
20120706,5.61,5.64,5.42,5.46,2418300
20120710,5.5,5.58,5.3,5.33,2154600
20120711,5.41,5.51,5.3,5.4,2392000
20120712,5.38,5.46,5.28,5.29,3156800
20120713,5.38,5.38,5.23,5.31,2979600
20120716,5.34,5.34,5.14,5.15,1784000
20120717,5.16,5.3,5.04,5.24,2379400
20120718,5.25,5.38,5.19,5.32,2168600
20120719,5.37,5.39,5.28,5.32,2441600
20120720,5.25,5.35,5.13,5.15,2276800
20120723,4.95,4.99,4.76,4.78,3180200
20120724,4.76,4.82,4.67,4.71,2063800
20120725,4.76,4.79,4.54,4.59,2905700
20120726,4.66,4.74,4.6,4.7,2999600
20120727,4.7,5.33,4.7,5.13,6660100
20120730,5.13,5.22,4.98,5.12,5008300
20120731,5.13,5.19,4.96,4.96,1949500
20120801,5,5.03,4.85,4.89,2834000
20120802,4.85,4.88,4.72,4.76,2185300
20120803,4.85,5.14,4.85,5.14,2942100
20120806,5.12,5.37,5.01,5.17,2755900
20120807,5.23,5.57,5.21,5.36,3025600
20120808,5.34,5.51,5.34,5.48,3061900
20120809,5.44,5.51,5.15,5.26,2603900
20120810,5.3,5.3,5.07,5.15,3665000
20120813,5.17,5.21,5,5.2,3588900
20120814,5.27,5.31,5.13,5.2,3893000
20120815,5.33,5.38,5.05,5.05,8491000
20120816,5.14,5.31,5.13,5.23,7508300
20120817,5.28,5.39,5.14,5.32,3898900
20120820,5.29,5.38,5.21,5.32,3588600
20120821,5.38,5.42,5.26,5.29,4247900
20120822,5.28,5.55,5.27,5.52,5173200
20120823,5.52,5.68,5.42,5.49,5402100
20120824,5.45,5.52,5.29,5.47,3226100
20120827,5.47,5.63,5.39,5.63,2868800
20120828,5.64,5.82,5.63,5.81,5363000
20120829,5.85,5.85,5.49,5.56,6199900
20120830,5.51,5.63,5.32,5.61,3480600
20120831,5.64,5.68,5.34,5.34,6616900
20120903,5.4,5.6,5.39,5.59,4275300
20120904,5.58,5.6,5.14,5.19,5087100
20120905,5.26,5.37,5.19,5.37,3927000
20120906,5.38,5.38,5.27,5.31,3203200
20120910,5.37,5.38,5.18,5.18,3241100
20120911,5.21,5.41,5.19,5.36,3594500
20120912,5.42,5.48,5.38,5.41,3665400
20120913,5.4,5.82,5.29,5.8,5660400
20120914,5.81,5.82,5.58,5.63,4233600
20120917,5.64,5.83,5.63,5.7,3162600
20120918,5.72,5.78,5.52,5.58,2913300
20120919,5.66,5.82,5.63,5.63,3339200
20120920,5.57,5.82,5.56,5.8,2913100
20120921,5.91,6.17,5.89,6.17,5762900
20120924,6.18,6.2,6,6.11,5665500
20120925,6.14,6.18,5.91,6.12,6581400
20120926,6.12,6.26,5.98,6.15,2901900
20120927,6.21,6.33,6.11,6.27,4058100
20120928,6.23,6.26,6.11,6.22,3601300
20121001,6.26,6.27,6.13,6.19,3090000
20121002,6.2,6.25,6,6.12,3698600
20121003,6.15,6.15,6.01,6.01,2056900
20121004,6.02,6.14,5.9,6.01,3544900
20121005,6.04,6.26,6.03,6.1,2833800
20121008,6.09,6.36,6,6.34,2759200
20121009,6.39,6.44,6.13,6.19,4195400
20121010,6.23,6.26,6.05,6.05,2005400
20121011,6.13,6.34,6.1,6.25,3150000
20121015,6.27,6.31,6.14,6.21,1828100
20121016,6.25,6.33,6.24,6.27,1928400
20121017,6.26,6.31,6.14,6.18,6952900
20121018,6.2,6.47,6.2,6.4,6258900
20121019,6.41,6.45,6.22,6.29,3970400
20121022,6.29,6.38,6.23,6.29,2326700
20121023,6.25,6.38,6.01,6.01,2966500
20121024,6.03,6.14,5.97,5.98,2859600
20121025,5.98,6.14,5.95,6.06,2694100
20121026,6.02,6.14,5.94,6.14,1446200
20121029,6.1,6.14,6.01,6.14,931600
20121030,6.22,6.23,6.04,6.16,1019400
20121031,6.16,6.16,6.02,6.08,1664000
20121101,6.08,6.4,6.06,6.38,1683100
20121105,6.29,6.35,6.14,6.19,1872100
20121106,6.23,6.37,6.14,6.31,2473100
20121107,6.27,6.31,6.18,6.2,1095000
20121108,6.24,6.37,6.12,6.14,1572100
20121109,6.17,6.29,6.07,6.08,1488800
20121112,6.13,6.16,6.03,6.03,1057600
20121113,6.01,6.11,5.84,6.04,2067200
20121114,6.24,6.28,5.84,5.86,5141200
20121116,5.87,5.89,5.46,5.6,4555600
20121119,5.69,5.82,5.63,5.76,3154000
20121121,5.79,5.82,5.57,5.64,2723500
20121122,5.69,5.7,5.5,5.51,1714900
20121123,5.54,5.67,5.4,5.64,2973100
20121126,5.61,5.61,5.37,5.37,3363500
20121127,5.41,5.55,5.39,5.5,3177300
20121128,5.41,5.51,5.34,5.42,2811700
20121129,5.46,5.51,5.21,5.24,4100000
20121130,5.27,5.29,4.99,5.01,6483800
20121203,5.07,5.25,5.06,5.16,4552600
20121204,5.17,5.36,5.09,5.22,4853200
20121205,5.3,5.3,4.77,4.87,7834700
20121206,4.96,5.19,4.83,5.18,4415700
20121207,5.13,5.23,5,5.2,5197500
20121210,5.09,5.39,5.09,5.39,4746400
20121211,5.37,5.37,5.16,5.25,4609500
20121212,5.26,5.33,5.13,5.13,6188500
20121213,5.15,5.46,5.13,5.4,6784700
20121214,5.42,5.59,5.29,5.51,5626600
20121217,5.47,5.49,5.28,5.28,2452100
20121218,5.29,5.5,5.29,5.45,3127400
20121219,5.41,5.57,5.41,5.47,3409700
20121220,5.55,5.63,5.41,5.62,4566200
20121221,5.5,5.56,5.42,5.49,3260900
20121226,5.45,5.52,5.43,5.51,1519400
20121227,5.54,5.59,5.47,5.59,2340700
20121228,5.51,5.59,5.46,5.55,3918100
20130102,5.63,5.74,5.63,5.68,3358600
20130103,5.64,5.86,5.58,5.74,3218800
20130104,5.73,5.93,5.7,5.89,4628300
20130107,5.88,6,5.6,5.65,3161400
20130108,5.69,5.75,5.64,5.65,1677400
20130109,5.65,5.85,5.61,5.76,2630900
20130110,5.8,5.84,5.68,5.82,4180800
20130111,5.82,5.85,5.75,5.78,1731200
20130114,5.83,5.89,5.75,5.83,1494300
20130115,5.83,5.89,5.76,5.78,1876200
20130116,5.78,5.92,5.78,5.92,2530900
20130117,5.92,6.32,5.89,6.32,5258400
20130118,6.4,6.57,6.34,6.57,7764500
20130121,6.53,6.72,6.46,6.56,4260800
20130122,6.57,6.6,6.4,6.4,5690300
20130123,6.37,6.87,6.34,6.81,4033800
20130124,6.84,7.17,6.77,7.02,5808500
20130128,7.08,7.22,6.84,7.04,4621300
20130129,7.07,7.22,6.95,7.15,5573200
20130130,7.16,7.26,6.89,6.94,3753000
20130131,7.01,7.17,6.86,7.06,4521800
20130201,7.03,7.13,6.85,6.91,4279600
20130204,6.9,6.97,6.81,6.85,3770900
20130205,6.85,7.09,6.85,6.97,3190500
20130206,7.01,7.01,6.77,6.8,2591200
20130207,6.82,6.89,6.63,6.73,3492000
20130208,6.66,6.87,6.54,6.55,3755500
20130213,6.63,6.85,6.6,6.76,4545800
20130214,6.79,6.84,6.66,6.71,3617800
20130215,6.67,6.84,6.64,6.76,6957200
20130218,6.82,6.98,6.74,6.89,3683000
20130219,6.81,6.98,6.57,6.63,4289200
20130220,6.66,6.74,6.38,6.4,7782600
20130221,6.4,6.46,6.2,6.39,5202600
20130222,6.44,6.45,6.15,6.22,4973400
20130225,6.24,6.44,6.24,6.44,5798100
20130226,6.39,6.71,6.38,6.7,6750700
20130227,6.71,6.76,6.49,6.49,8208400
20130228,6.49,6.57,6.21,6.35,20857300
20130301,6.29,6.29,6.07,6.11,5611700
20130304,6.08,6.32,6.01,6.3,4798500
20130305,6.29,6.32,6.11,6.11,5822500
20130306,6.17,6.46,6.15,6.2,5284100
20130307,6.32,6.57,6.21,6.49,5078400
20130308,6.45,6.53,6.29,6.51,3279100
20130311,6.58,6.74,6.56,6.7,3650300
20130312,6.71,6.87,6.46,6.56,6179200
20130313,6.6,6.77,6.47,6.54,3939600
20130314,6.76,6.88,6.39,6.39,5665700
20130315,6.45,6.67,6.31,6.67,5853400
20130318,6.65,6.65,6.34,6.34,4463300
20130319,6.39,6.46,6.32,6.36,3948200
20130320,6.39,6.41,6.26,6.26,4251500
20130321,6.26,6.36,6.26,6.27,2993400
20130322,6.34,6.43,6.21,6.34,4983300
20130325,6.33,6.38,6.14,6.19,4769200
20130326,6.22,6.56,6.19,6.38,6195300
20130327,6.38,6.44,6.26,6.31,3576200
20130328,6.33,6.35,6.25,6.29,4196200
20130401,6.24,6.34,6.2,6.25,3516600
20130402,6.33,6.33,6.02,6.03,4844100
20130403,6.05,6.1,5.95,6.01,4821600
20130404,6.01,6.14,5.95,5.95,3863000
20130405,5.89,6,5.82,5.93,3944200
20130408,6.01,6.23,6.01,6.19,5752100
20130409,6.25,6.28,6.09,6.15,2959100
20130410,6.15,6.23,6.11,6.16,3826100
20130411,6.19,6.19,5.94,6.01,2817700
20130412,6.01,6.05,5.83,5.9,2634200
20130415,5.85,5.91,5.57,5.57,4754900
20130416,5.66,5.73,5.63,5.65,3798000
20130417,5.55,5.65,5.45,5.49,8136700
20130418,5.52,5.67,5.46,5.65,7265200
20130419,5.65,5.78,5.6,5.69,3495800
20130422,5.58,5.7,5.51,5.66,2643300
20130423,5.69,5.74,5.61,5.74,7155600
20130424,5.72,5.81,5.67,5.69,3954700
20130425,5.86,5.86,5.63,5.64,4433100
20130426,5.63,5.67,5.5,5.51,3125000
20130429,5.65,5.65,5.46,5.58,3440000
20130430,5.54,5.98,5.5,5.97,5893300
20130502,5.81,5.95,5.74,5.9,3520700
20130503,5.94,5.98,5.79,5.79,4856800
20130506,5.84,5.84,5.65,5.7,4972200
20130507,5.66,6.03,5.66,5.91,5137400
20130508,5.91,6.1,5.79,6.06,6074900
20130509,5.97,6.14,5.93,5.97,3720800
20130510,5.88,5.98,5.74,5.8,6438600
20130513,5.73,5.97,5.73,5.94,4739100
20130514,5.88,6.07,5.75,5.78,5643500
20130515,5.94,6.16,5.88,6.14,6668900
20130516,6.14,6.71,6.09,6.51,16468900
20130517,6.5,6.65,6.41,6.43,6447400
20130520,6.42,6.59,6.29,6.49,2956900
20130521,6.46,6.58,6.34,6.37,7201000
20130522,6.42,6.54,6.31,6.43,4850700
20130523,6.36,6.56,6.32,6.54,4442200
20130524,6.55,6.55,6.28,6.45,8004800
20130527,6.5,6.59,6.44,6.56,2815000
20130528,6.65,6.8,6.63,6.66,5286400
20130529,6.64,6.66,6.37,6.51,6656100
20130531,6.4,6.62,6.29,6.54,24038000
20130603,6.59,6.67,6.45,6.58,7288200
20130604,6.63,6.69,6.48,6.51,4174400
20130605,6.53,6.65,6.48,6.48,5369200
20130606,6.51,6.76,6.49,6.73,6249100
20130607,6.66,6.77,6.52,6.66,4130700
20130610,6.52,6.53,6.17,6.23,8648600
20130611,6.08,6.16,5.75,5.79,6003900
20130612,5.79,6.24,5.79,6,9805600
20130613,5.95,6.17,5.71,5.96,8073200
20130614,5.94,5.99,5.62,5.62,6534100
20130617,5.61,6.02,5.61,5.88,4193400
20130618,5.81,5.97,5.79,5.84,3444300
20130619,5.79,5.91,5.3,5.55,7734900
20130620,5.36,5.65,5.29,5.6,7406500
20130621,5.59,5.61,5.33,5.42,5803600
20130624,5.39,5.67,5.33,5.55,4719900
20130625,5.59,5.69,5.51,5.56,2814200
20130626,5.65,5.82,5.6,5.82,4135600
20130627,5.84,5.9,5.65,5.79,3660700
20130628,5.77,6.05,5.63,6.05,6509700
20130701,6.12,6.38,5.87,6.32,5332300
20130702,6.17,6.38,5.96,6.12,5659200
20130703,6.03,6.49,5.99,6.26,4434900
20130704,6.39,6.39,6.08,6.08,3531700
20130705,6.08,6.14,5.94,6.08,3918900
20130708,5.99,6.25,5.95,6.01,4557400
20130710,6.11,6.28,6.05,6.12,3951300
20130711,6.21,6.28,5.98,5.98,4291700
20130712,5.92,6,5.84,5.88,2810200
20130715,5.79,6.16,5.79,6.16,2652900
20130716,6.22,6.35,6.04,6.35,3676800
20130717,6.37,6.49,6.12,6.14,4259500
20130718,6.16,6.51,6.14,6.43,3525600
20130719,6.37,6.47,6.21,6.31,3797700
20130722,6.32,6.49,6.24,6.45,2909000
20130723,6.49,6.52,6.37,6.43,2725200
20130724,6.45,6.45,6.17,6.17,2995200
20130725,6.21,6.39,6.17,6.26,2961500
20130726,6.27,6.35,6.19,6.32,2775200
20130729,6.23,6.39,6.23,6.34,1376200
20130730,6.36,6.39,6.14,6.17,3496300
20130731,6.12,6.23,5.88,5.95,4986500
20130801,6.08,6.58,6.08,6.53,7025500
20130802,6.46,6.51,6.26,6.36,5526300
20130805,6.36,6.51,6.29,6.5,3283800
20130806,6.53,6.54,6.31,6.43,3902000
20130807,6.39,6.45,6.32,6.39,3574300
20130808,6.42,6.79,6.33,6.73,4662500
20130809,6.77,7.05,6.64,6.88,4981000
20130812,7,7.14,6.74,6.86,6197700
20130813,6.91,6.94,6.65,6.73,5753500
20130814,6.73,7.01,6.69,6.99,9870400
20130815,7.2,7.26,6.74,6.78,6086200
20130816,6.84,7.08,6.73,6.95,5839300
20130819,6.98,7.19,6.86,7.1,5250400
20130820,7.09,7.24,7.04,7.24,4482000
20130821,7.23,7.23,6.85,6.89,5405400
20130822,6.98,7.01,6.64,6.81,4226500
20130823,6.81,6.87,6.57,6.87,5359000
20130826,6.85,6.95,6.65,6.66,4366800
20130827,6.52,6.7,6.4,6.54,4878000
20130828,6.45,6.69,6.45,6.55,4593400
20130829,6.62,6.78,6.59,6.68,3000800
20130830,6.74,6.88,6.59,6.88,10308400
20130902,6.96,6.99,6.76,6.78,4389200
20130903,6.78,6.92,6.71,6.87,4463800
20130904,6.8,6.9,6.77,6.84,6066100
20130905,6.85,7.02,6.75,6.94,4841200
20130906,7.04,7.1,6.93,7.01,5290200
20130909,7.01,7.36,6.98,7.14,6757900
20130910,7.2,7.42,7.19,7.29,5911900
20130911,7.29,7.5,7.25,7.48,6072600
20130912,7.49,7.52,7.1,7.1,5326000
20130913,7.15,7.24,7.02,7.11,3252100
20130916,7.22,7.27,6.88,6.94,3692600
20130917,6.95,7.17,6.95,7.17,5842700
20130918,7.18,7.45,7.13,7.29,8099200
20130919,7.33,7.4,7.08,7.1,5807000
20130920,7.09,7.15,6.92,6.92,3040000
20130923,6.95,7.17,6.95,7.06,5059000
20130924,7.1,7.27,7.08,7.15,5269500
20130925,7.18,7.24,7,7.01,4491100
20130926,7.04,7.2,6.99,7.13,3207400
20130927,7.1,7.3,7.1,7.2,2999100
20130930,7.14,7.29,7.04,7.24,8297600
20131001,7.3,7.3,7.13,7.13,4551300
20131002,7.18,7.23,7.14,7.2,2313600
20131003,7.21,7.24,7.12,7.15,2897300
20131004,7.13,7.22,7.1,7.17,2187800
20131007,7.2,7.26,7.06,7.08,2767500
20131008,7.12,7.12,6.94,7.02,4555600
20131009,7.1,7.2,7.01,7.1,3895800
20131010,7.21,7.28,7.11,7.23,5093200
20131011,7.24,7.61,7.23,7.53,6860000
20131014,7.59,7.81,7.47,7.71,4437200
20131015,7.68,7.81,7.67,7.67,7780800
20131016,7.74,8.09,7.68,7.69,5775500
20131017,7.65,7.76,7.58,7.76,3048800
20131018,7.72,7.85,7.43,7.48,4541800
20131021,7.52,7.66,7.43,7.53,2243300
20131022,7.57,7.62,7.45,7.57,3181500
20131023,7.63,7.65,7.46,7.48,2872100
20131024,7.53,7.68,7.5,7.67,4328000
20131025,7.7,7.83,7.56,7.57,2679600
20131028,7.63,7.76,7.57,7.7,2500600
20131029,7.7,7.76,7.52,7.61,2649900
20131030,7.62,7.69,7.52,7.55,3481100
20131031,7.56,7.6,7.46,7.53,4261700
20131101,7.57,7.72,7.53,7.58,4138600
20131104,7.58,7.78,7.57,7.67,3206700
20131105,7.67,7.71,7.57,7.65,3663700
20131106,7.62,7.7,7.56,7.67,4078000
20131107,7.64,7.67,7.56,7.57,4217300
20131108,7.53,7.67,7.49,7.62,5721800
20131111,7.65,7.67,7.58,7.67,2682500
20131112,7.67,7.71,7.59,7.62,4316100
20131113,7.61,7.84,7.53,7.8,3771100
20131114,7.76,7.92,7.67,7.79,4452600
20131118,7.78,7.94,7.78,7.81,4756300
20131119,7.76,7.84,7.65,7.65,4768600
20131121,7.57,7.85,7.57,7.82,3905000
20131122,7.76,7.84,7.71,7.71,2528500
20131125,7.77,7.82,7.57,7.57,4485300
20131126,7.53,7.7,7.48,7.7,5588200
20131127,7.71,7.79,7.67,7.79,4078300
20131128,7.8,7.9,7.76,7.81,2408200
20131129,7.81,7.9,7.78,7.85,3938200
20131202,7.81,7.9,7.71,7.72,3254300
20131203,7.7,7.74,7.53,7.61,5674600
20131204,7.63,7.64,7.18,7.2,5878000
20131205,7.26,7.51,7.15,7.47,5644900
20131206,7.53,7.57,7.27,7.28,3421600
20131209,7.32,7.61,7.3,7.57,3805200
20131210,7.53,7.64,7.49,7.56,2987400
20131211,7.55,7.57,7.29,7.3,5325600
20131212,7.35,7.39,7.16,7.24,3510800
20131213,7.3,7.44,7.27,7.29,4257100
20131216,7.35,7.61,7.26,7.53,3864000
20131217,7.5,7.71,7.5,7.65,6797300
20131218,7.67,7.8,7.65,7.68,7065600
20131219,7.78,7.96,7.71,7.88,3107500
20131220,7.88,8.4,7.86,8.16,4979600
20131223,8.16,8.4,8.09,8.09,5105800
20131226,8.11,8.22,8,8.09,1914600
20131227,8.15,8.28,8.1,8.24,2665900
20131230,8.24,8.4,8.13,8.2,2992700
20140102,8.14,8.27,7.76,8.04,4245000
20140103,8.02,8.27,7.79,7.79,6893000
20140106,7.83,7.98,7.64,7.98,6154200
20140107,8,8.23,7.97,8.11,5434000
20140108,8.13,8.32,8.06,8.25,5977700
20140109,8.24,8.25,8.08,8.08,5048400
20140110,8.01,8.22,7.95,8.03,2937700
20140113,8.04,8.18,7.99,8.04,2204700
20140114,8,8.2,8,8.13,2529900
20140115,8.17,8.49,8.13,8.32,4218500
20140116,8.39,8.47,8.19,8.29,4416200
20140117,8.34,8.4,8.18,8.18,3684400
20140120,8.23,8.3,8.18,8.18,1453800
20140121,8.23,8.29,8.04,8.04,3046100
20140122,8.09,8.17,8.02,8.06,5045500
20140123,8.04,8.07,7.52,7.57,8357400
20140124,7.55,7.8,7.51,7.71,6564400
20140127,7.71,7.87,7.65,7.87,4073100
20140128,7.96,8.04,7.75,7.81,4141500
20140129,7.77,7.79,7.57,7.71,4226700
20140130,7.65,7.92,7.58,7.72,2715200
20140131,7.63,7.95,7.6,7.9,3275500
20140203,7.86,7.91,7.53,7.53,3290400
20140204,7.59,7.72,7.28,7.64,5474200
20140205,7.59,7.67,7.22,7.29,4637600
20140206,7.39,7.53,7.23,7.4,5225800
20140207,7.38,7.54,7.33,7.49,3333000
20140210,7.43,7.49,7.31,7.34,3467400
20140211,7.4,7.56,7.33,7.56,3031300
20140212,7.61,7.61,7.39,7.42,3062800
20140213,7.46,7.46,7.2,7.4,2540400
20140214,7.44,7.47,7.34,7.46,1600800
20140217,7.45,7.48,7.38,7.43,1022600
20140218,7.38,7.39,6.87,6.89,4000300
20140219,6.89,6.89,6.64,6.78,5202000
20140220,6.71,7.21,6.71,7.15,5696600
20140221,7.2,7.26,6.95,7.01,2810800
20140224,7.08,7.37,6.93,7.09,3840800
20140225,7.02,7.19,6.89,6.9,2696800
20140226,6.92,7.03,6.79,6.83,4450000
20140227,6.89,7.28,6.85,7.15,4023900
20140228,7.15,7.22,6.9,7.01,4962800
20140305,7.06,7.15,6.87,7.02,4888900
20140306,7.02,7.26,6.95,7.17,5268200
20140307,7.11,7.22,6.9,6.95,5015900
20140310,6.9,7.01,6.69,6.73,3898800
20140311,6.79,6.95,6.65,6.82,5081400
20140312,6.81,6.95,6.71,6.9,3681000
20140313,6.94,7.01,6.81,6.93,5371600
20140314,6.93,6.95,6.7,6.73,3997100
20140317,6.78,6.89,6.66,6.73,2880300
20140318,6.75,7.27,6.69,7.14,5190300
20140319,7.1,7.37,6.88,7.31,6206400
20140320,7.25,7.53,7.16,7.36,3394300
20140321,7.3,7.39,7.14,7.17,3498100
20140324,7.21,7.41,7.09,7.36,3385100
20140325,7.45,7.5,6.92,6.99,5526800
20140326,7.04,7.12,6.76,6.84,5313600
20140327,6.84,7.23,6.84,7.19,6544700
20140328,7.23,7.29,7.15,7.19,3447300
20140331,7.24,7.41,7.21,7.25,2887000
20140401,7.33,7.33,7.02,7.06,2673400
20140402,7.1,7.5,7.06,7.4,4587900
20140403,7.36,7.47,7.1,7.24,4147800
20140404,7.5,7.52,7.22,7.24,3903700
20140407,7.32,7.53,7.23,7.36,5710500
20140408,7.6,7.75,7.39,7.43,7474200
20140409,7.39,7.6,7.29,7.34,3591300
20140410,7.34,7.46,7.23,7.39,7272900
20140411,7.37,7.61,7.33,7.61,4751400
20140414,7.64,7.71,7.41,7.52,2550900
20140415,7.48,7.54,7.16,7.29,6351200
20140416,7.32,7.45,7.3,7.35,4837100
20140417,7.37,7.54,7.33,7.54,2707500
20140422,7.54,7.64,7.42,7.48,4052600
20140423,7.48,7.51,7.33,7.47,4612300
20140424,7.39,7.47,7.21,7.29,5212400
20140425,7.26,7.3,7.14,7.29,2668800
20140428,7.23,7.35,7.21,7.3,2726500
20140429,7.34,7.37,7.18,7.24,3273000
20140430,7.24,7.24,7.15,7.2,2146400
20140502,7.27,7.53,7.21,7.37,8661900
20140505,7.51,7.51,7.32,7.39,2643500
20140506,7.4,7.61,7.36,7.55,3481900
20140507,7.58,7.66,7.44,7.55,3256100
20140508,7.51,7.64,7.44,7.55,3155000
20140509,7.55,7.58,7.29,7.36,3633600
20140512,7.36,7.49,7.34,7.41,1994600
20140513,7.42,7.44,7.23,7.43,4445200
20140514,7.4,7.58,7.33,7.58,2707300
20140515,7.43,7.45,7.23,7.43,3398000
20140516,7.41,7.64,7.4,7.55,4133800
20140519,7.54,7.54,7.33,7.35,2363800
20140520,7.35,7.49,7.2,7.23,3524300
20140521,7.35,7.36,7.19,7.22,3305800
20140522,7.22,7.48,7.18,7.4,2545800
20140523,7.43,7.46,7.28,7.32,1764800
20140526,7.32,7.51,7.32,7.45,1218100
20140527,7.34,7.49,7.09,7.14,5194000
20140528,7.18,7.45,7.18,7.43,4650300
20140529,7.36,7.41,7.11,7.12,5519600
20140530,7.11,7.19,7,7.08,6858600
20140602,7.1,7.33,7.1,7.25,2995800
20140603,7.09,7.13,6.93,7.08,6191000
20140604,7.06,7.32,7.05,7.18,4458600
20140605,7.18,7.3,6.95,6.98,6259800
20140606,7.18,7.18,6.99,7.02,8471700
20140609,7.27,7.55,7.25,7.47,9954700
20140610,7.5,7.65,7.34,7.41,6420300
20140611,7.62,7.62,7.31,7.43,5760600
20140613,7.46,7.46,7.2,7.25,3071200
20140616,7.25,7.33,7.24,7.31,4719400
20140617,7.31,7.34,7.22,7.27,1435100
20140618,7.31,7.54,7.25,7.53,4911700
20140620,7.48,7.52,7.27,7.27,3693400
20140623,7.3,7.3,7.2,7.22,1523500
20140624,7.24,7.34,7.22,7.3,3233300
20140625,7.34,7.36,7.09,7.13,2839900
20140626,7.17,7.22,7.07,7.08,4293300
20140627,7.1,7.14,7.02,7.02,2788400
20140630,7.12,7.18,7.04,7.18,4194000
20140701,7.22,7.22,7.08,7.12,1339200
20140702,7.13,7.19,7.02,7.19,3461400
20140703,7.13,7.38,7.13,7.34,3297100
20140704,7.36,7.46,7.28,7.46,867600
20140707,7.35,7.42,7.26,7.3,2551700
20140708,7.3,7.35,7.19,7.29,1515100
20140710,7.42,7.46,7.3,7.38,5634700
20140711,7.42,7.53,7.34,7.53,2385500
20140714,7.55,7.74,7.52,7.69,4451600
20140715,7.67,7.73,7.58,7.66,5918400
20140716,7.71,7.93,7.68,7.78,7844800
20140717,7.82,8.4,7.79,7.97,8875100
20140718,7.94,8.38,7.94,8.16,25187500
20140721,8.21,8.29,8.13,8.13,3104900
20140722,8.18,8.31,8.11,8.15,3846800
20140723,8.06,8.15,7.98,8.03,4070500
20140724,8.03,8.2,8,8.06,3994800
20140725,8.05,8.1,8.01,8.04,3115600
20140728,8.22,8.35,8.07,8.17,8259400
20140729,8.22,8.23,8.04,8.07,4813000
20140730,8.16,8.24,8.01,8.21,5398200
20140731,8.12,8.21,7.85,7.88,8699200
20140801,8.03,8.3,7.88,8.3,9214900
20140804,8.39,8.45,8.04,8.23,5306900
20140805,8.17,8.41,8.08,8.17,3748200
20140806,8.21,8.51,8.12,8.45,5358200
20140807,8.55,8.59,8.27,8.39,5149100
20140808,8.38,8.39,8.16,8.22,4249200
20140811,8.2,8.43,8.2,8.43,4059900
20140812,8.43,8.43,8.27,8.34,4840000
20140813,8.36,8.4,8.12,8.31,6254300
20140814,8.27,8.37,8.13,8.22,5163800
20140815,8.29,8.55,8.22,8.5,6016300
20140818,8.46,8.96,8.41,8.91,8059700
20140819,8.88,9.04,8.86,9.01,5433700
20140820,8.96,9.25,8.93,9.25,7028300
20140821,9.25,9.27,9.06,9.09,8622300
20140822,9.09,9.11,8.54,8.63,7356700
20140825,8.26,8.92,8.22,8.9,15689000
20140826,8.93,9.31,8.93,9.29,9370100
20140827,9.39,9.79,9.37,9.77,10303700
20140828,9.67,9.98,9.65,9.88,7572400
20140829,9.94,9.96,9.38,9.56,10358000
20140901,9.67,9.78,9.46,9.54,2688700
20140902,9.54,9.63,9.43,9.55,3003800
20140903,9.57,9.75,9.52,9.75,4867600
20140904,9.59,9.72,9.42,9.58,3674600
20140905,9.54,9.58,9.21,9.23,4014300
20140908,9.34,9.46,8.55,8.73,7247000
20140909,8.57,9.03,8.56,8.76,6103400
20140910,8.78,8.84,8.5,8.74,4173000
20140911,8.84,9.35,8.67,9.35,7268800
20140912,9.25,9.27,8.97,9.05,7613500
20140915,8.96,9,8.74,9,3330100
20140916,9.02,9.55,8.94,9.54,6747700
20140917,9.52,9.52,8.89,8.93,7453500
20140918,8.91,9.15,8.75,8.97,6406100
20140919,8.92,9.13,8.85,9.12,4889800
20140922,8.96,8.96,8.53,8.91,5319400
20140923,8.86,8.91,8.63,8.77,6125800
20140924,8.65,8.92,8.6,8.92,4884800
20140925,8.88,8.91,8.71,8.88,5084400
20140926,8.89,9.2,8.73,9.13,4058100
20140929,8.74,8.9,8.71,8.78,7109700
20140930,8.69,8.76,8.57,8.64,4420900
20141001,8.54,8.88,8.27,8.67,6743600
20141002,8.58,9.02,8.58,8.97,5467500
20141003,9.02,9.4,8.92,9.35,5637200
20141006,9.54,9.95,9.49,9.76,10424300
20141007,9.9,10.17,9.77,9.9,10054000
20141008,10.07,10.07,9.58,9.8,9211500
20141009,10,10.22,9.89,9.92,7837700
20141010,9.9,10.08,9.68,9.72,5167400
20141013,10,10.28,9.7,10.11,5605400
20141014,10.14,10.14,9.72,9.76,6745800
20141015,9.44,9.76,9.4,9.75,8326500
20141016,9.43,9.6,9.3,9.3,8328800
20141017,9.4,9.72,9.39,9.72,6441700
20141020,9.61,9.66,9.4,9.55,4594800
20141021,9.07,9.25,8.99,9.09,7658200
20141022,9.1,9.53,9.08,9.37,6757900
20141023,9.17,9.25,8.89,9.05,9772500
20141024,8.98,9.37,8.82,9.16,8154500
20141027,8.77,9.19,8.66,9.08,18376900
20141028,9.11,9.43,9.07,9.32,11102600
20141029,9.23,9.56,9.2,9.38,5649700
20141030,9.59,9.77,9.43,9.75,6821100
20141031,9.75,10.44,9.59,10.44,7666600
20141103,10.41,10.41,9.82,10.11,5748700
20141104,10.1,10.42,9.88,10.34,5842400
20141105,10.19,10.44,10.11,10.37,5073000
20141106,10.27,10.27,9.91,10.2,7800700
20141107,10.13,10.48,10.08,10.48,5907400
20141110,10.52,10.67,10.36,10.53,6187800
20141111,10.45,10.6,10.22,10.58,5100300
20141112,10.56,10.91,10.45,10.91,7056100
20141113,11.39,11.48,10.37,10.37,13579400
20141114,10.11,10.65,9.97,10.45,8018800
20141117,10.45,10.64,10.26,10.42,4196700
20141118,10.39,10.79,10.31,10.66,7713800
20141119,10.74,10.95,10.59,10.94,9887700
20141121,10.99,11.62,10.84,11.31,12019100
20141124,11.57,11.63,11.29,11.34,6392400
20141125,11.5,11.73,11.3,11.3,7491000
20141126,11.47,11.6,11.14,11.19,5823500
20141127,11.27,11.31,11.06,11.24,4540300
20141128,11.21,11.58,11.13,11.33,4660500
20141201,11.17,11.28,10.4,10.67,6868700
20141202,10.58,10.73,10.03,10.2,6401100
20141203,10.28,11.14,10.24,11.12,7027900
20141204,11.1,11.16,10.61,10.88,3668500
20141205,11.05,11.07,10.66,10.76,3862900
20141208,10.71,10.89,10.34,10.34,6108100
20141209,10.28,10.64,10.25,10.62,5702100
20141210,10.48,11,10.45,10.76,4966000
20141211,10.72,11.41,10.72,11.3,9174400
20141212,11.14,11.3,10.82,11.07,6453900
20141215,11.1,11.21,10.7,11.14,7526000
20141216,10.81,11.23,10.63,10.87,7001500
20141217,10.94,11.67,10.79,11.38,10461400
20141218,11.33,11.7,11.15,11.3,4906700
20141219,11.16,11.61,11.15,11.54,5995600
20141222,11.46,11.47,9.47,10.54,17106500
20141223,10.61,10.91,10.42,10.57,8776300
20141226,10.47,10.53,10.15,10.33,2708000
20141229,10.3,10.84,10.28,10.79,3879000
20141230,10.84,11.01,10.58,10.58,5549600
20150102,10.47,10.67,9.91,9.99,4388400
20150105,9.73,10.08,9.63,10.05,5590800
20150106,9.59,10.04,9.5,9.83,10363200
20150107,9.93,10.29,9.91,10.05,6059600
20150108,10.19,10.25,9.96,10.11,4698100
20150109,9.99,10.03,9.79,9.85,4378800
20150112,9.77,10.1,9.77,9.92,4684100
20150113,9.9,9.95,9.43,9.59,8027800
20150114,9.5,9.96,9.5,9.57,9521700
20150115,9.73,10.13,9.73,9.94,6378500
20150116,9.99,10.6,9.99,10.53,5770700
20150119,10.42,10.71,10.02,10.21,3632400
20150120,10.32,10.35,9.81,9.96,3705900
20150121,10.04,10.47,9.97,10.25,5964200
20150122,10.4,10.62,10.32,10.45,5434200
20150123,10.28,10.47,10.22,10.35,3835500
20150126,10.28,10.56,10.08,10.48,3396400
20150127,10.38,11.11,10.25,10.95,8593000
20150128,10.74,10.84,10.47,10.57,5216800
20150129,10.58,11.04,10.53,11.04,6529500
20150130,10.96,11.14,10.62,10.8,6191600
20150202,10.76,11,10.59,10.8,4039100
20150203,10.92,11.11,10.81,10.81,4809200
20150204,10.86,11.05,10.53,10.59,5018100
20150205,10.58,10.78,10.48,10.5,4628100
20150206,10.41,10.71,10.31,10.67,5208500
20150209,10.66,10.79,10.53,10.65,2668300
20150210,10.54,10.77,10.51,10.55,3356000
20150211,10.6,10.7,10.41,10.48,4803600
20150212,10.64,11,10.64,10.8,6470900
20150213,10.96,11.09,10.77,10.97,2725800
20150218,10.94,11.49,10.94,11.22,5536100
20150219,11.12,11.57,11.01,11.44,3947800
20150220,11.45,11.52,11.1,11.31,2628300
20150223,11.16,11.52,11.16,11.52,4512500
20150224,11.48,11.62,11.22,11.4,3405000
20150225,11.35,11.63,11.29,11.49,3383100
20150226,11.5,11.62,11.39,11.52,3093100
20150227,11.5,12.04,11.45,11.82,6127700
20150302,11.64,12.03,11.5,11.97,5925600
20150303,11.99,12.09,11.76,11.76,4306300
20150304,11.66,11.97,11.6,11.73,7349100
20150305,11.85,12.07,11.76,12.04,4573300
20150306,12.03,12.56,11.99,12.4,6345000
20150309,12.53,12.69,12.39,12.45,8280900
20150310,12.29,12.97,12.29,12.79,6261300
20150311,12.85,12.85,12.06,12.35,7631400
20150312,12.41,12.43,11.85,12.16,12675100
20150313,11.81,12.25,11.75,12.18,8928800
20150316,12.31,12.34,12.05,12.1,4598600
20150317,12.14,12.47,12.13,12.3,6177000
20150318,12.28,12.66,12.2,12.56,7087800
20150319,12.62,13.2,12.6,13.08,11085400
20150320,13.32,13.56,13.24,13.32,9285700
20150323,13.48,13.5,13.31,13.39,6027600
20150324,13.34,13.53,12.91,13.15,8075700
20150325,13.16,13.46,13.16,13.33,8118300
20150326,13.22,13.39,13.11,13.19,7334600
20150327,13.14,13.36,13.02,13.19,5670100
20150330,13.24,13.46,13.22,13.37,5959100
20150331,13.27,13.54,13.19,13.41,10065400
20150401,13.43,14.02,13.32,14.01,8237700
20150402,14.14,14.84,14.1,14.45,6062800
20150406,14.56,14.82,14.47,14.61,5588100
20150407,14.69,15.02,14.54,14.99,3645600
20150408,15.32,15.57,15.08,15.28,5662600
20150409,15.36,15.43,15.15,15.3,4191600
20150410,15.21,15.73,15.21,15.5,4671000
20150413,15.42,15.54,15.04,15.11,5015400
20150414,14.83,14.83,14.31,14.32,7264900
20150415,14.36,14.73,14.33,14.45,5398500
20150416,14.34,14.73,14.34,14.71,7764900
20150417,14.56,14.71,14.08,14.64,5671800
20150420,14.54,14.69,14.45,14.67,3696400
20150422,14.7,14.9,14.64,14.71,7990500
20150423,14.54,14.83,14.54,14.8,5362800
20150424,14.89,14.89,14.56,14.58,3388700
20150427,14.64,14.69,14,14.07,3832300
20150428,14.07,14.32,13.84,14.26,6086100
20150429,14.07,14.42,14.04,14.17,3530600
20150430,14.22,14.71,14.22,14.68,6148800
20150504,14.93,15.19,14.8,14.94,4299700
20150505,14.81,15.08,14.74,15,3571400
20150506,14.98,15.09,14.76,14.8,5288000
20150507,14.7,15.14,14.7,14.92,5356600
20150508,15.16,15.82,15.04,15.77,3813600
20150511,15.75,15.92,15.34,15.79,5584400
20150512,15.71,16.08,15.65,15.75,4386700
20150513,15.82,15.98,15.73,15.85,3512200
20150514,16.24,16.45,15.85,15.85,8203000
20150515,15.92,16.01,15.62,15.75,6581300
20150518,15.82,15.88,15.31,15.46,5005900
20150519,15.48,16.12,15.48,16.12,8854400
20150520,16.29,16.45,16.05,16.14,6565600
20150521,16.13,16.13,15.71,16.02,4482000
20150522,16.09,16.1,15.49,15.71,4169800
20150525,15.74,15.98,15.59,15.9,2514200
20150526,15.93,15.93,15.36,15.54,4008600
20150527,14.9,15.85,14.8,15.85,8537800
20150528,15.65,15.86,15.59,15.86,4827400
20150529,15.7,15.79,14.57,14.9,10906300
20150601,14.85,15.69,14.85,15.52,5108900
20150602,15.61,15.75,15.28,15.42,6212000
20150603,15.34,15.48,14.94,14.99,7728200
20150605,14.69,15.28,14.61,15.14,7389500
20150608,15.18,15.38,15.05,15.16,7769000
20150609,15.1,15.22,15.06,15.13,6739300
20150610,15.37,15.49,15.28,15.44,12812300
20150611,15.54,15.6,15.25,15.25,8729400
20150612,15.19,15.24,14.99,15.18,3493800
20150615,15.13,15.26,14.99,15.16,4731300
20150616,15.22,15.9,15.17,15.82,10355500
20150617,15.85,15.95,15.43,15.8,5543900
20150618,15.82,16.18,15.52,16.08,4525600
20150619,15.99,16.01,15.7,15.72,3609800
20150622,15.62,16.03,15.62,15.9,4494000
20150623,16.04,16.06,15.2,15.32,7076300
20150624,15.33,15.39,15.09,15.24,6064400
20150625,15.28,15.35,14.66,14.66,10539800
20150626,14.75,15.37,14.74,15.37,10251300
20150629,15.3,15.3,14.99,15.21,5852900
20150630,15.54,15.63,15.31,15.62,7225000
20150701,15.66,15.66,15.17,15.18,4522900
20150702,15.33,15.47,15.19,15.47,6070300
20150703,15.33,15.33,15.01,15.3,2180800
20150706,15.09,15.51,15.01,15.27,8331600
20150707,15.21,15.42,15.14,15.24,11409600
20150708,15.1,15.32,15.1,15.17,5583500
20150710,15.37,15.37,15.15,15.18,6441500
20150713,15.26,15.37,15.19,15.26,7600800
20150714,15.26,15.28,14.96,15.09,5703800
20150715,15.08,15.08,14.69,14.69,7576000
20150716,14.85,15.28,14.79,15.15,8362300
20150717,15.15,15.39,14.9,15.05,4411800
20150720,14.9,14.98,14.37,14.37,4503600
20150721,14.46,14.49,14.17,14.29,3820300
20150722,14.13,14.46,14,14.4,5051200
20150723,14.29,14.97,14.29,14.69,8135400
20150724,14.69,14.7,13.97,14.13,5887900
20150727,14.04,14.05,13.46,13.65,9087100
20150728,13.77,14.03,13.5,13.91,6171300
20150729,13.91,14.06,13.42,13.51,6100000
20150730,13.7,14.48,13.54,14.41,4802500
20150731,14.37,15.04,14.17,14.71,7204400
20150803,14.58,14.82,14.1,14.2,3591200
20150804,14.25,14.47,14.07,14.27,5427600
20150805,14.5,14.74,14.11,14.74,3671400
20150806,14.52,15,14.33,14.51,6679600
20150807,14.52,14.59,13.92,14.06,3509500
20150810,14.08,14.41,13.9,14.25,2734500
20150811,14.18,14.31,13.83,14.2,3692000
20150812,14.09,14.84,14,14.51,7752900
20150813,14.51,15.03,14.29,14.98,4427300
20150814,14.74,14.93,14.23,14.39,7626200
20150817,14.49,14.49,13.42,13.69,6756300
20150818,13.54,14.31,13.23,14.18,5894200
20150819,14,14.13,13.56,13.93,4415500
20150820,13.66,14.13,13.46,14.13,4449600
20150821,13.89,14.05,13.47,13.55,3396600
20150824,13.31,13.8,12.72,13.39,8752700
20150825,13.84,13.99,12.99,12.99,5348600
20150826,13.18,13.57,12.59,13.46,8451600
20150827,13.74,13.94,13.59,13.81,6257800
20150828,13.48,13.73,13.3,13.55,7722200
20150831,13.2,13.64,13.18,13.51,11661300
20150901,13.18,13.7,13.04,13.62,8538900
20150902,13.7,14.78,13.7,14.68,12514700
20150903,14.77,15.4,14.43,14.72,14636300
20150904,14.67,15.21,14.62,15,7416000
20150908,15.13,15.32,14.94,15.28,6576900
20150909,15.9,16.04,15.16,15.34,10624100
20150910,15.12,16.04,15.09,15.85,10996000
20150911,15.71,16.42,15.67,16.42,5335100
20150914,16.35,16.77,15.95,16.23,8530600
20150915,16.16,16.32,15.75,15.75,9323500
20150916,15.8,16.04,15.67,15.67,11349900
20150917,15.53,16.22,15.49,15.79,14242700
20150918,15.85,15.89,15.29,15.54,13889000
20150921,15.54,16.05,15.34,15.75,13341400
20150922,15.57,15.88,15.47,15.66,12547900
20150923,15.62,16.3,15.39,16.24,18133400
20150924,15.85,16.18,15.76,16.02,15109700
20150925,16.14,16.15,15.82,16.07,12292500
20150928,16.08,16.14,15.82,15.98,5952900
20150929,16,16.11,15.35,15.84,7069000
20150930,16.08,16.2,15.85,16.04,12861500
20151001,15.96,16.18,15.52,15.75,11711200
20151002,15.82,16.13,15.69,16.06,15822900
20151005,16.37,16.48,16.02,16.04,9107100
20151006,16.12,16.16,15.24,15.47,6649300
20151007,15.28,15.37,14.66,15.04,14723500
20151008,15.13,15.23,14.76,14.9,11428600
20151009,14.51,14.65,14.24,14.32,9306500
20151013,14.25,14.8,14.25,14.32,22557200
20151014,14.39,14.44,14.05,14.07,25048900
20151015,14.12,14.29,14.01,14.15,11284200
20151016,14.15,14.48,14.04,14.44,10595200
20151019,14.44,14.44,13.85,14.08,15953300
20151020,14.26,14.35,14,14.18,8357000
20151021,14.24,14.31,13.96,14.28,10145100
20151022,14.35,14.74,14.26,14.7,11376200
20151023,14.97,14.97,14.47,14.47,10517400
20151026,14.51,14.51,14.24,14.48,7551400
20151027,14.48,14.9,14.43,14.89,19581700
20151028,14.9,14.98,14.52,14.65,10236800
20151029,14.23,14.23,13.62,13.94,16473500
20151030,13.96,14.11,13.32,13.61,19511500
20151103,13.53,13.94,13.18,13.21,15644500
20151104,13.37,13.72,13.32,13.72,7390200
20151105,13.72,13.91,13.51,13.58,6872000
20151106,13.52,13.8,13.28,13.37,7108100
20151109,13.32,13.46,13,13.32,5719900
20151110,13.41,13.41,13.04,13.24,6354100
20151111,13.37,13.6,13.3,13.52,7590000
20151112,13.59,13.73,13.4,13.62,9286100
20151113,13.47,13.55,13.33,13.46,13240300
20151116,13.55,13.55,13.23,13.44,9510800
20151117,13.64,13.64,13.27,13.27,5149800
20151118,13.3,13.39,13.15,13.37,17808100
20151119,13.43,13.55,13.37,13.45,5652400
20151123,13.46,13.7,13.39,13.6,6097300
20151124,13.51,13.63,13.1,13.41,9774100
20151125,12.97,13.22,12.79,13.12,14003000
20151126,12.99,13.03,12.56,12.87,13152100
20151127,12.75,13.06,12.7,12.85,7683700
20151130,12.67,12.89,11.79,11.86,22706200
20151201,12.13,12.13,11.01,11.15,23080800
20151202,11.15,12.04,11.15,11.65,14717200
20151203,12.01,12.26,11.7,12.11,6131300
20151204,12.09,12.27,11.49,11.7,5079200
20151207,11.86,12.2,11.71,11.8,6588000
20151208,11.8,11.99,11.29,11.46,7011500
20151209,11.75,12.12,11.52,11.7,7797300
20151210,11.84,12.13,11.71,11.8,8100200
20151211,11.65,12.38,11.65,12.13,7416000
20151214,12.05,12.23,11.82,12.16,7292000
20151215,12.17,12.39,11.65,11.71,7738400
20151216,11.59,11.76,11.22,11.52,6593000
20151217,11.84,12.13,11.58,11.98,10519600
20151218,11.89,12.35,11.7,12.08,14870400
20151221,12.05,12.13,11.82,11.84,4491000
20151222,11.74,11.97,11.46,11.87,6139800
20151223,11.99,12.18,11.71,11.96,2525300
20151228,11.93,12.05,11.74,11.81,2438400
20151229,11.76,12.02,11.75,11.84,3901100
20151230,11.79,11.79,11.64,11.79,3892900
20160104,11.51,11.65,11.18,11.5,6412800
20160105,11.59,11.67,10.93,10.93,7522700
20160106,10.77,10.81,9.83,9.93,15168200
20160107,9.86,10.52,9.69,10.5,15282900
20160108,10.23,10.69,10.13,10.69,13947300
20160111,10.9,10.96,10.51,10.9,8328400
20160112,10.93,10.93,10.33,10.6,6365700
20160113,10.82,10.82,10.28,10.37,5525700
20160114,10.4,10.59,10.12,10.17,6670600
20160115,10.07,10.15,9.62,9.89,7602900
20160118,9.94,10.27,9.6,10.23,3730200
20160119,10.5,10.52,9.86,10,6876800
20160120,9.83,10.08,9.64,10.05,8602100
20160121,9.95,10.54,9.89,10.5,7386300
20160122,10.64,10.68,10.04,10.16,6643000
20160126,10.02,10.16,9.03,9.41,19663300
20160127,9.26,9.65,7.9,8.03,48829100
20160128,8.23,8.93,7.79,8.93,32088400
20160129,8.93,10.31,8.69,10.31,27900800
20160201,10.19,10.3,9.38,10.28,16368000
20160202,9.98,10.16,9.5,9.6,16456600
20160203,9.68,10.01,9.42,9.88,17435600
20160204,10.04,10.81,10.04,10.39,11655500
20160205,10.39,10.47,10.03,10.1,7963900
20160210,9.98,9.98,9.47,9.9,7408700
20160211,9.58,9.73,9.17,9.6,10451000
20160212,9.67,9.92,9.39,9.59,5827500
20160215,9.83,9.86,9.5,9.62,5588300
20160216,9.6,10.36,9.5,10.22,4905000
20160217,10.3,10.93,10.24,10.84,10257100
20160218,10.75,11.02,10.26,10.45,8724200
20160219,10.43,10.99,10.28,10.62,5332200
20160222,11.06,11.6,10.86,11.31,10887800
20160223,11.37,11.44,10.52,10.64,6680800
20160224,10.34,11.65,10.31,11.44,6884100
20160225,11.35,11.4,10.74,11.07,6711700
20160226,11.17,11.27,10.44,10.67,6056100
20160229,10.32,11.07,10.16,10.88,11033400
20160301,11.12,11.17,10.77,11.12,5336800
20160302,11.13,11.52,11.03,11.36,6507900
20160303,11.55,12.27,11.35,12,8589200
20160304,12.21,12.21,9.94,10.39,14230000
20160307,10.5,10.97,10.41,10.48,6671100
20160308,10.48,11.27,10.45,10.67,10461500
20160309,10.95,11.4,10.8,11.33,8588400
20160310,11.56,11.93,11.27,11.7,10761000
20160311,11.59,11.87,10.99,11.26,7105500
20160314,11.46,11.54,11.06,11.23,5335100
20160315,11.18,11.4,10.31,10.34,7863100
20160316,10.23,11.3,10.21,10.82,8813300
20160317,10.51,11.84,10.51,11.46,11110500
20160318,11.71,11.73,11.31,11.41,4801600
20160321,11.46,11.55,11.07,11.07,4481500
20160322,10.98,11.15,10.64,10.64,5719200
20160323,10.66,10.87,10.57,10.65,4402100
20160324,10.62,10.62,10.24,10.42,5092100
20160328,10.64,10.69,10.1,10.29,5118500
20160329,10.4,10.79,10.12,10.13,6050800
20160330,10.33,10.51,10.06,10.14,5914300
20160331,10.12,10.46,10.02,10.45,9781500
20160401,10.24,10.4,10.13,10.26,5417500
20160404,10.25,10.32,9.48,9.52,11525000
20160405,9.5,9.66,9.37,9.43,4071200
20160406,9.34,9.6,9.27,9.44,3983300
20160407,9.6,9.74,9.23,9.74,6212900
20160408,9.92,9.92,9.09,9.18,9362500
20160411,9.22,9.31,8.74,8.74,6731900
20160412,8.78,8.98,8.44,8.68,9511600
20160413,8.93,8.94,8.55,8.76,9601900
20160414,8.74,9.45,8.66,9.31,6567200
20160415,9.36,9.41,9.01,9.21,7232300
20160418,9.28,9.32,8.89,9.02,6334900
20160419,9.09,9.34,9.04,9.23,6320200
20160420,9.13,9.21,8.93,8.97,4618100
20160422,8.88,8.97,8.35,8.52,8434000
20160425,8.59,8.94,8.59,8.83,5144800
20160426,8.95,8.99,8.74,8.97,4074600
20160427,8.99,9.07,8.68,8.78,6651300
20160428,8.88,9.11,8.69,8.75,9783500
20160429,8.83,8.88,8.63,8.63,7841100
20160502,8.88,9.16,8.64,8.81,4903900
20160503,8.78,8.92,8.49,8.55,7157000
20160504,8.6,9.11,8.5,9.05,7359300
20160505,9.1,9.17,8.6,8.85,5936900
20160506,8.71,9,8.64,8.85,5774000
20160509,8.55,8.64,8.2,8.47,11866300
20160510,8.55,8.97,8.4,8.93,7547300
20160511,9.04,9.13,8.62,8.71,6575800
20160512,9.3,11.11,9.25,10.54,41098600
20160513,10.6,10.62,9.96,10.5,13224100
20160516,10.51,12.23,10.42,12.22,22134500
20160517,12.56,12.9,11.49,11.65,22836200
20160518,11.49,12.19,11.33,11.65,17090300
20160519,11.6,11.75,10.94,11.23,11544700
20160520,11.6,11.65,10.73,11,9364800
20160523,10.8,10.99,10.41,10.55,12531200
20160524,10.65,10.85,10.4,10.42,7666200
20160525,10.6,10.77,10.48,10.64,6575300
20160527,10.7,10.9,10.17,10.25,7454900
20160530,10.32,10.43,10.02,10.2,2407400
20160531,10.25,10.32,9.88,10,11030400
20160601,9.96,10.58,9.95,10.32,9248900
20160602,10.37,10.4,10.06,10.23,9511500
20160603,10.26,10.79,10.26,10.79,4905700
20160606,10.69,10.78,10.41,10.41,8266000
20160607,10.29,10.49,10.2,10.4,3990600
20160608,10.5,10.7,10.32,10.7,7324200
20160609,10.6,10.76,10.26,10.35,5387200
20160610,10.35,10.46,10.13,10.22,5056300
20160613,10.05,10.47,9.9,10.41,8038100
20160614,10.36,10.49,10.02,10.08,10669500
20160615,10.14,10.23,9.5,9.76,11954900
20160616,9.73,9.73,9.25,9.5,6408700
20160617,9.61,10.03,9.61,9.62,10603700
20160620,9.88,9.89,9.36,9.39,7080900
20160621,9.42,9.57,9.28,9.49,5138900
20160622,9.43,9.56,9.06,9.06,8518000
20160623,9.15,9.69,9.06,9.62,9725200
20160624,9.19,9.34,9.15,9.28,5122000
20160627,9.28,9.41,9.11,9.33,5161900
20160628,9.5,9.5,9.05,9.2,6453700
20160629,9.26,10.08,9.2,9.95,13379800
20160630,9.89,10.18,9.83,10,9377900
20160701,9.25,9.6,9.21,9.5,13833100
20160704,9.56,10,9.56,9.91,5328000
20160705,9.8,10.05,9.46,9.53,7001200
20160706,9.54,9.74,9.41,9.69,6255400
20160707,9.75,9.75,9.46,9.56,4765800
20160708,9.57,9.94,9.53,9.88,4530200
20160711,9.94,9.94,9.61,9.65,4616700
20160712,9.7,9.8,9.53,9.56,5364500
20160713,9.59,10.17,9.59,10,9063300
20160714,10.19,10.23,9.71,9.82,8017500
20160715,9.82,10.11,9.79,10.11,5355000
20160718,10.07,10.07,9.86,10.05,8945400
20160719,9.99,10.73,9.91,10.73,8915300
20160720,10.72,10.89,10.41,10.41,7459700
20160721,10.44,10.67,9.96,10.55,7535300
20160722,10.55,10.8,10.29,10.43,6181800
20160725,10.41,10.73,10.3,10.51,4421500
20160726,10.51,10.6,10.26,10.35,5101900
20160727,10.4,10.51,10.27,10.4,5989000
20160728,10.52,10.55,10.29,10.46,3697000
20160729,10.48,10.92,10.37,10.9,6849000
20160801,11.04,11.09,10.68,11.02,7038400
20160802,11.11,11.14,10.73,10.87,6645400
20160803,10.82,11.15,10.75,11.1,4952200
20160804,11.1,11.37,11.09,11.3,5857500
20160805,11.25,11.34,10.92,11.04,4899300
20160808,11.11,11.7,11.11,11.31,8268100
20160809,11.2,11.39,11.03,11.12,4457700
20160810,11.14,11.31,10.85,11.15,5452200
20160811,11.39,11.4,10.81,11.18,10400200
20160812,11.18,11.29,10.87,11.03,6690300
20160815,11.03,11.36,10.95,11.16,8875300
20160816,11,11.07,10.76,10.84,9276900
20160817,11,11,10.61,11,9449300
20160818,11,11.14,10.85,11.06,4486100
20160819,10.93,11.88,10.92,11.69,8614200
20160822,11.6,11.83,11.37,11.66,9674600
20160823,11.69,12.09,11.67,11.95,10846200
20160824,11.95,12.06,11.73,12,9547600
20160825,12.05,12.18,11.93,12.07,9218800
20160826,12.1,12.45,12.03,12.34,8930200
20160829,12.33,12.69,12.25,12.6,6061800
20160830,12.55,12.69,12.35,12.66,7824000
20160831,12.68,12.8,12.3,12.5,10017100
20160901,12.45,12.64,12.41,12.5,8840500
20160902,12.49,12.58,12.27,12.45,8825000
20160905,11.75,11.99,11.2,11.2,14852600
20160906,10.36,11.07,10.27,11.01,24621100
20160908,11,11.82,10.92,11.82,14955800
20160909,11.55,11.79,11.44,11.67,16557800
20160912,11.57,11.85,11.5,11.62,4844300
20160913,11.45,11.93,11.29,11.79,8916300
20160914,12,12.03,11.72,11.77,10266700
20160915,11.87,11.96,11.72,11.96,8329900
20160916,11.9,12.15,11.83,12,12879600
20160919,12.08,12.11,11.88,12,6542900
20160920,11.97,12.32,11.97,12.14,4714500
20160921,12.09,12.28,12.05,12.2,6594700
20160922,12.3,12.41,12.09,12.2,4139000
20160923,12.33,12.37,12.12,12.23,3967800
20160926,12.19,12.19,11.74,11.85,5307500
20160927,11.85,12.13,11.77,11.93,6997600
20160928,11.91,12.21,11.91,12.09,4260000
20160929,12.08,12.1,11.73,11.78,5372800
20160930,11.82,11.88,11.72,11.82,5081400
20161003,11.83,12.1,11.83,12.1,5170300
20161004,12,12.2,11.99,12.11,11765200
20161005,12.14,12.95,12.05,12.86,12106400
20161006,12.81,12.84,12.5,12.53,9560200
20161007,12.6,12.62,12.34,12.35,16162400
20161010,12.45,12.6,12.42,12.54,3910400
20161011,12.56,12.59,12.44,12.57,8686500
20161013,12.46,12.54,12.39,12.5,9632200
20161014,12.49,12.74,12.45,12.69,10947100
20161017,12.66,12.81,12.5,12.7,4498700
20161018,12.75,12.82,12.56,12.59,9061000
20161019,12.6,12.6,12.14,12.5,7246400
20161020,12.41,12.53,12.01,12.06,9143500
20161021,12.16,12.27,11.82,11.98,4271300
20161024,12.07,12.19,11.98,12.04,3844900
20161025,12.06,12.12,11.76,11.79,3031900
20161026,11.79,11.81,9.31,10.44,68096600
20161027,10.38,10.44,9.95,10,25571600
20161028,10.05,10.19,9.75,9.75,11822600
20161031,9.9,9.92,9.7,9.71,8721200
20161101,9.81,9.91,9.7,9.74,17193400
20161103,9.79,9.84,9.45,9.45,11270100
20161104,9.45,9.55,9.11,9.11,10344300
20161107,9.28,9.74,9.25,9.7,17725000
20161108,9.84,10.07,9.38,9.43,16545500
20161109,9.2,9.29,9.12,9.12,18961200
20161110,9.23,9.69,9.2,9.25,19158200
20161111,9.4,9.58,8.9,9.1,13257500
20161114,9.16,9.38,9.1,9.29,12369900
20161116,9.45,9.74,9.45,9.55,11458800
20161117,9.72,10.21,9.72,10.2,17604800
20161118,10.28,10.43,10.1,10.15,10781600
20161121,10.14,10.29,9.82,9.85,14656700
20161122,9.9,9.93,9.72,9.75,14411600
20161123,9.76,9.88,9.54,9.82,14594500
20161124,9.89,9.93,9.78,9.83,2885700
20161125,9.8,9.99,9.73,9.83,3880800
20161128,9.89,9.98,9.74,9.89,4968100
20161129,9.85,10.09,9.73,9.73,6433900
20161130,9.89,9.95,9.62,9.76,7215700
20161201,9.7,9.78,8.95,9.07,10820200
20161202,9,9.7,8.65,9.65,12318600
20161205,9.7,9.7,9.22,9.28,7248400
20161206,10.23,11.05,10,11.05,36421300
20161207,11.35,11.7,11.13,11.45,19061000
20161208,11.59,11.59,10.92,11.16,8746900
20161209,11.28,11.29,10.76,11.02,9606600
20161212,10.7,11,10.51,10.82,5895700
20161213,10.76,11.2,10.66,11.15,7841000
20161214,11.04,11.25,10.88,10.96,8864300
20161215,10.99,11.09,10.78,10.92,5686900
20161216,10.96,11.3,10.85,11.17,9854300
20161219,11.15,11.26,10.97,11.07,7012800
20161220,11.12,11.29,11,11.29,8108400
20161221,11.33,11.56,11.29,11.46,8994500
20161222,11.42,11.54,11.23,11.48,7447600
20161223,11.46,11.55,11.33,11.4,3497400
20161226,11.45,11.54,11.4,11.48,1820300
20161227,11.5,11.53,11.28,11.31,3188300
20161228,11.37,11.65,11.29,11.48,7147200
20161229,11.48,11.53,11.34,11.4,6503800
20170102,11.35,11.46,11.18,11.3,1541000
20170103,11.4,11.69,11.38,11.45,8974600
20170104,11.45,11.6,11.36,11.45,7219100
