<DTYYYYMMDD>,<OPEN>,<HIGH>,<LOW>,<CLOSE>,<VOL>
20100601,1.65,1.77,1.6,1.65,480800
20100602,1.66,1.69,1.58,1.63,679200
20100604,1.62,1.63,1.61,1.63,48800
20100607,1.65,1.68,1.62,1.63,78400
20100608,1.67,1.67,1.62,1.63,388800
20100609,1.66,1.66,1.61,1.63,145600
20100610,1.63,1.63,1.61,1.63,143200
20100611,1.65,1.74,1.6,1.64,624000
20100614,1.64,1.64,1.6,1.62,340800
20100615,1.61,1.65,1.6,1.6,1597600
20100616,1.61,1.61,1.57,1.58,766400
20100617,1.6,1.64,1.55,1.55,259200
20100618,1.58,1.58,1.54,1.55,459200
20100621,1.55,1.62,1.53,1.54,1259200
20100622,1.55,1.55,1.5,1.52,296800
20100623,1.52,1.56,1.5,1.5,660000
20100624,1.52,1.56,1.49,1.52,911200
20100625,1.52,1.54,1.48,1.5,396000
20100628,1.49,1.51,1.46,1.49,857600
20100629,1.49,1.51,1.45,1.49,735200
20100630,1.49,1.49,1.45,1.48,641600
20100701,1.46,1.49,1.46,1.47,1048000
20100702,1.49,1.49,1.47,1.47,1015200
20100705,1.46,1.49,1.46,1.49,69600
20100706,1.49,1.51,1.49,1.49,1709600
20100707,1.48,1.49,1.45,1.49,518400
20100708,1.5,1.5,1.47,1.48,706400
20100712,1.48,1.49,1.45,1.46,60800
20100713,1.46,1.49,1.45,1.48,240000
20100714,1.48,1.49,1.45,1.45,317600
20100715,1.47,1.48,1.45,1.48,125600
20100716,1.48,1.48,1.45,1.48,86400
20100719,1.48,1.48,1.47,1.48,344800
20100720,1.48,1.48,1.47,1.48,31200
20100721,1.46,1.47,1.45,1.47,148800
20100722,1.5,1.64,1.5,1.62,8753600
20100723,1.63,1.71,1.6,1.68,1105600
20100726,1.68,1.68,1.64,1.64,267200
20100727,1.66,1.68,1.55,1.58,1128800
20100728,1.58,1.6,1.57,1.6,445600
20100729,1.6,1.61,1.57,1.58,135200
20100730,1.56,1.59,1.56,1.57,432800
20100802,1.57,1.59,1.54,1.56,999200
20100803,1.59,1.59,1.53,1.55,1831200
20100804,1.55,1.55,1.51,1.52,697600
20100805,1.55,1.55,1.49,1.5,3967200
20100806,1.52,1.53,1.47,1.47,2168000
20100809,1.48,1.49,1.46,1.46,935200
20100810,1.46,1.46,1.41,1.42,2544800
20100811,1.42,1.42,1.39,1.39,849600
20100812,1.4,1.5,1.39,1.44,9304000
20100813,1.48,1.48,1.43,1.43,1926400
20100816,1.43,1.47,1.43,1.47,696000
20100817,1.48,1.55,1.47,1.54,916800
20100818,1.53,1.56,1.49,1.54,1127200
20100819,1.54,1.58,1.54,1.55,1796800
20100820,1.55,1.57,1.54,1.55,452000
20100823,1.57,1.58,1.52,1.53,584800
20100824,1.5,1.52,1.5,1.52,1637600
20100825,1.52,1.57,1.52,1.55,1751200
20100826,1.54,1.55,1.49,1.49,925600
20100827,1.49,1.52,1.46,1.49,720000
20100830,1.49,1.53,1.47,1.51,294400
20100831,1.52,1.58,1.5,1.57,691200
20100901,1.58,1.58,1.52,1.54,1048800
20100902,1.56,1.58,1.53,1.58,475200
20100903,1.57,1.58,1.57,1.58,1263200
20100906,1.58,1.58,1.55,1.57,101600
20100908,1.58,1.58,1.55,1.58,459200
20100909,1.58,1.59,1.58,1.59,296800
20100910,1.59,1.69,1.59,1.67,2255200
20100913,1.67,1.72,1.66,1.68,672000
20100914,1.68,1.71,1.67,1.7,311200
20100915,1.72,1.72,1.68,1.7,973600
20100916,1.7,1.75,1.68,1.74,766400
20100917,1.71,1.79,1.71,1.76,1128800
20100920,1.77,1.8,1.75,1.79,582400
20100921,1.79,1.82,1.75,1.8,1346400
20100922,1.79,1.8,1.74,1.76,846400
20100923,1.78,1.79,1.7,1.72,1989600
20100924,1.75,1.8,1.67,1.68,1440000
20100927,1.71,1.75,1.68,1.7,3511200
20100928,1.73,1.75,1.66,1.66,2092000
20100929,1.62,1.68,1.62,1.64,1638400
20100930,1.68,1.68,1.64,1.66,256800
20101001,1.66,1.74,1.64,1.72,1110400
20101004,1.72,1.76,1.72,1.74,203200
20101005,1.76,1.79,1.74,1.78,775200
20101006,1.79,1.85,1.77,1.79,2617600
20101007,1.78,1.85,1.75,1.82,835200
20101008,1.85,1.9,1.82,1.87,3139200
20101011,1.87,1.89,1.86,1.89,1692000
20101013,1.88,1.98,1.88,1.94,1773600
20101014,1.97,1.97,1.88,1.94,236000
20101015,1.9,1.94,1.86,1.91,636000
20101018,1.88,1.93,1.88,1.93,504800
20101019,1.96,1.97,1.86,1.91,2295200
20101020,1.9,1.99,1.89,1.94,395200
20101021,1.99,1.99,1.91,1.95,1668800
20101022,1.97,1.97,1.9,1.95,1752800
20101025,1.95,1.95,1.92,1.93,2057600
20101026,1.94,1.96,1.92,1.93,1109600
20101027,1.9,1.93,1.88,1.93,719200
20101028,1.97,1.97,1.93,1.95,40800
20101029,1.95,1.95,1.93,1.94,10533600
20101101,1.95,1.99,1.92,1.95,483200
20101103,1.97,1.99,1.95,1.97,64800
20101104,1.96,2.03,1.95,1.99,840800
20101105,2.02,2.02,1.95,2.02,430400
20101108,2.01,2.05,1.96,2.05,474400
20101109,2.04,2.04,1.96,1.99,1272800
20101110,2.01,2.05,1.98,2.03,286400
20101111,2.04,2.04,1.99,2.04,2561600
20101112,2.02,2.05,1.98,2.03,495200
20101116,2.02,2.05,1.98,2.03,3859200
20101117,2.07,2.09,2.04,2.05,10786400
20101118,2.08,2.08,2.05,2.05,2152800
20101119,2.05,2.06,1.99,1.99,613600
20101122,2.02,2.03,2,2.03,244000
20101123,2.03,2.07,1.99,2.03,491200
20101124,1.99,2.03,1.99,2.02,2063200
20101125,2.05,2.05,2.02,2.03,329600
20101126,2.02,2.06,2,2.04,1125600
20101129,2.01,2.06,2.01,2.06,1920000
20101130,2.04,2.14,2.04,2.09,2490400
20101201,2.09,2.15,2.09,2.13,1437600
20101202,2.12,2.17,2.12,2.16,1459200
20101203,2.16,2.22,2.16,2.2,1372800
20101206,2.22,2.33,2.22,2.24,2556800
20101207,2.22,2.36,2.22,2.22,2040800
20101208,2.22,2.28,2.13,2.2,758400
20101209,2.26,2.26,2.16,2.22,830400
20101210,2.22,2.25,2.13,2.18,613600
20101213,2.21,2.22,2.13,2.17,2597600
20101214,2.18,2.18,2.11,2.14,3959200
20101215,2.14,2.19,2.09,2.19,2615200
20101216,2.21,2.21,2.12,2.19,2035200
20101217,2.14,2.22,2.1,2.22,4647200
20101220,2.21,2.23,2.15,2.19,1830400
20101221,2.23,2.23,2.14,2.18,721600
20101222,2.23,2.23,2.15,2.18,1408800
20101223,2.23,2.3,2.2,2.29,2350400
20101227,2.26,2.32,2.22,2.29,1596800
20101228,2.26,2.44,2.26,2.34,1959200
20101229,2.29,2.36,2.29,2.36,612000
20101230,2.42,2.44,2.33,2.42,2892800
20110103,2.44,2.46,2.39,2.41,1028800
20110104,2.41,2.48,2.39,2.43,350400
20110105,2.47,2.48,2.41,2.44,1162400
20110106,2.44,2.48,2.4,2.41,384000
20110107,2.41,2.41,2.38,2.39,598400
20110110,2.41,2.41,2.37,2.41,351200
20110111,2.43,2.43,2.38,2.41,2014400
20110112,2.42,2.47,2.38,2.45,895200
20110113,2.44,2.45,2.43,2.44,360800
20110114,2.44,2.45,2.4,2.44,419200
20110117,2.46,2.46,2.43,2.46,386400
20110118,2.46,2.55,2.44,2.52,1271200
20110119,2.51,2.56,2.51,2.53,907200
20110120,2.55,2.55,2.5,2.52,779200
20110121,2.53,2.54,2.51,2.54,3870400
20110124,2.55,2.6,2.54,2.58,1128800
20110126,2.62,2.62,2.56,2.59,1976800
20110127,2.56,2.6,2.54,2.59,554400
20110128,2.57,2.57,2.5,2.54,2015200
20110131,2.53,2.59,2.5,2.57,1752800
20110201,2.51,2.58,2.5,2.5,1639200
20110202,2.49,2.49,2.35,2.38,1912800
20110203,2.37,2.37,2.29,2.29,1016000
20110204,2.34,2.34,2.2,2.24,824000
20110207,2.3,2.34,2.21,2.25,252800
20110208,2.31,2.31,2.23,2.29,417600
20110209,2.32,2.32,2.23,2.29,461600
20110210,2.32,2.32,2.25,2.28,780800
20110211,2.27,2.27,2.23,2.25,1004800
20110214,2.27,2.3,2.26,2.3,4284000
20110215,2.29,2.37,2.29,2.37,494400
20110216,2.36,2.37,2.33,2.34,243200
20110217,2.35,2.35,2.21,2.27,1741600
20110218,2.27,2.35,2.24,2.34,740800
20110221,2.3,2.35,2.3,2.35,400800
20110222,2.31,2.32,2.28,2.32,601600
20110223,2.33,2.33,2.28,2.29,270400
20110224,2.31,2.32,2.24,2.27,398400
20110225,2.22,2.29,2.14,2.17,1793600
20110228,2.17,2.22,2.12,2.22,1167200
20110301,2.24,2.24,2.16,2.17,1846400
20110302,2.19,2.25,2.18,2.2,896800
20110303,2.21,2.23,2.13,2.22,1547200
20110304,2.24,2.24,2.18,2.2,511200
20110309,2.24,2.3,2.19,2.3,973600
20110310,2.3,2.32,2.28,2.32,1649600
20110311,2.32,2.33,2.29,2.33,585600
20110314,2.33,2.43,2.33,2.39,1433600
20110315,2.32,2.36,2.29,2.35,396800
20110316,2.33,2.33,2.27,2.29,448800
20110317,2.31,2.31,2.23,2.24,705600
20110318,2.23,2.29,2.23,2.23,340000
20110321,2.25,2.29,2.23,2.24,399200
20110322,2.24,2.27,2.21,2.26,406400
20110323,2.27,2.32,2.26,2.28,1199200
20110324,2.31,2.31,2.24,2.24,716800
20110325,2.28,2.28,2.24,2.28,56800
20110328,2.24,2.3,2.24,2.27,723200
20110329,2.29,2.29,2.26,2.27,674400
20110330,2.29,2.3,2.24,2.24,1220800
20110331,2.28,2.33,2.24,2.33,346400
20110401,2.34,2.39,2.3,2.35,114400
20110404,2.37,2.37,2.3,2.3,165600
20110405,2.37,2.37,2.24,2.27,9136000
20110406,2.27,2.3,2.27,2.28,890400
20110407,2.34,2.34,2.25,2.26,944800
20110408,2.28,2.33,2.25,2.29,481600
20110411,2.31,2.35,2.28,2.33,456800
20110412,2.28,2.33,2.28,2.33,868800
20110413,2.33,2.35,2.28,2.29,1259200
20110414,2.33,2.37,2.27,2.37,508000
20110415,2.33,2.39,2.28,2.31,1055200
20110418,2.31,2.31,2.27,2.3,147200
20110419,2.26,2.31,2.26,2.26,1265600
20110420,2.29,2.31,2.25,2.25,833600
20110425,2.28,2.28,2.26,2.27,872800
20110426,2.28,2.28,2.24,2.24,1078400
20110427,2.22,2.26,2.21,2.22,1649600
20110428,2.22,2.25,2.22,2.25,896800
20110429,2.24,2.3,2.24,2.3,470400
20110502,2.3,2.32,2.27,2.32,1588800
20110503,2.32,2.35,2.3,2.34,1620800
20110504,2.36,2.4,2.34,2.36,1766400
20110505,2.38,2.4,2.36,2.37,416000
20110506,2.35,2.42,2.35,2.42,633600
20110509,2.42,2.43,2.4,2.43,2428000
20110510,2.44,2.46,2.43,2.44,2736000
20110511,2.44,2.45,2.37,2.44,1169600
20110512,2.44,2.44,2.36,2.39,476800
20110513,2.4,2.41,2.38,2.4,113600
20110516,2.37,2.41,2.34,2.4,355200
20110517,2.4,2.43,2.38,2.39,211200
20110518,2.36,2.4,2.24,2.27,5373600
20110519,2.28,2.28,2.2,2.23,1769600
20110520,2.23,2.26,2.22,2.23,401600
20110523,2.26,2.26,2.21,2.23,357600
20110524,2.25,2.26,2.21,2.22,514400
20110525,2.2,2.24,2.19,2.22,3130400
20110526,2.22,2.26,2.2,2.2,744000
20110527,2.23,2.23,2.2,2.22,248000
20110530,2.23,2.23,2.19,2.23,347200
20110531,2.23,2.3,2.2,2.3,1096800
20110601,2.29,2.29,2.23,2.27,653600
20110602,2.26,2.26,2.2,2.21,1290400
20110603,2.24,2.27,2.2,2.22,2544000
20110606,2.21,2.25,2.18,2.21,1734400
20110607,2.21,2.25,2.19,2.19,1037600
20110608,2.17,2.19,2.16,2.17,480000
20110609,2.21,2.25,2.05,2.17,1601600
20110610,2.18,2.18,2.12,2.16,1616000
20110613,2.15,2.2,2.12,2.14,886400
20110614,2.14,2.15,2.11,2.11,2296800
20110615,2.1,2.11,2.08,2.09,1556000
20110616,2.11,2.13,2.08,2.09,410400
20110617,2.08,2.19,2.08,2.17,2627200
20110620,2.19,2.19,2.13,2.16,678400
20110621,2.17,2.31,2.15,2.22,2232000
20110622,2.24,2.24,2.2,2.21,1152800
20110624,2.19,2.22,2.17,2.21,1084000
20110627,2.21,2.21,2.18,2.19,2493600
20110628,2.22,2.25,2.21,2.22,5619200
20110629,2.23,2.23,2.15,2.16,2725600
20110630,2.17,2.24,2.17,2.24,14409600
20110701,2.26,2.26,2.18,2.2,6922400
20110704,2.21,2.21,2.16,2.2,3522400
20110705,2.21,2.21,2.17,2.19,1360000
20110706,2.2,2.2,2.13,2.18,2005600
20110707,2.19,2.19,2.15,2.17,4106400
20110708,2.17,2.17,2.12,2.16,1420800
20110711,2.16,2.17,2.13,2.16,3709600
20110712,2.16,2.17,2.09,2.14,2343200
20110713,2.15,2.16,2.1,2.13,3067200
20110714,2.15,2.15,2.11,2.13,2838400
20110715,2.15,2.17,2.07,2.13,1504800
20110718,2.11,2.16,2.08,2.1,1489600
20110719,2.12,2.13,2.08,2.1,2349600
20110720,2.11,2.11,2.06,2.09,2523200
20110721,2.1,2.15,2.08,2.13,1158400
20110722,2.09,2.13,2.08,2.11,4101600
20110725,2.13,2.14,2.1,2.13,1493600
20110726,2.14,2.14,2.09,2.1,2596800
20110727,2.13,2.13,2.06,2.08,934400
20110728,2.1,2.1,2.08,2.1,2008000
20110729,2.1,2.13,2.1,2.13,3629600
20110801,2.09,2.14,2.08,2.1,661600
20110802,2.11,2.11,2,2.03,1615200
20110803,2,2.03,1.87,1.94,4457600
20110804,1.92,1.92,1.78,1.79,5912800
20110805,1.84,1.84,1.72,1.79,3512800
20110808,1.74,1.75,1.65,1.68,2616000
20110809,1.73,1.77,1.61,1.65,3219200
20110810,1.64,1.67,1.63,1.64,5230400
20110811,1.67,1.82,1.62,1.78,2613600
20110812,1.78,1.96,1.78,1.87,920800
20110815,1.88,1.98,1.88,1.97,992800
20110816,1.99,1.99,1.89,1.93,2076000
20110817,1.94,1.98,1.93,1.96,1159200
20110818,1.92,1.96,1.88,1.9,2746400
20110819,1.9,1.95,1.88,1.93,992800
20110822,1.92,1.94,1.88,1.9,4280000
20110823,1.91,1.93,1.87,1.93,972000
20110824,1.92,1.92,1.86,1.88,1083200
20110825,1.91,1.91,1.84,1.85,721600
20110826,1.85,1.85,1.79,1.8,1653600
20110829,1.8,1.88,1.78,1.82,2765600
20110830,1.79,1.94,1.79,1.94,2378400
20110831,1.94,1.99,1.94,1.96,489600
20110901,1.98,2.09,1.94,2.04,1504800
20110902,2.05,2.07,1.96,2.03,1304000
20110905,1.99,2.02,1.95,2,229600
20110906,2,2.02,1.98,2.02,706400
20110908,2.05,2.09,2.03,2.09,1553600
20110909,2.04,2.1,2.02,2.08,907200
20110912,2.08,2.14,2.01,2.05,1223200
20110913,2.03,2.05,1.95,2.01,1437600
20110914,2.03,2.05,1.96,2.03,1126400
20110915,2.02,2.22,2,2.07,1746400
20110916,2.1,2.15,2.07,2.15,1939200
20110919,2.09,2.16,2.04,2.15,1072800
20110920,2.16,2.16,2.08,2.1,953600
20110921,2.1,2.1,2.05,2.09,568000
20110922,2.03,2.05,1.96,2.02,1010400
20110923,2.02,2.06,1.96,2.03,664000
20110926,2.03,2.06,1.95,2.01,985600
20110927,2.04,2.11,2,2.03,1400000
20110928,2.03,2.07,2,2.03,425600
20110929,2.04,2.04,2,2.01,975200
20110930,1.98,2.02,1.94,1.99,1763200
20111003,1.99,2.04,1.94,1.96,1501600
20111004,1.96,1.97,1.87,1.96,816000
20111005,1.99,1.99,1.9,1.95,1107200
20111006,1.99,2.04,1.94,2.02,551200
20111007,2.03,2.03,1.92,1.96,884800
20111010,1.95,2.04,1.92,1.99,704800
20111011,2,2,1.95,2,1014400
20111013,2,2.01,1.96,2.01,296000
20111014,2.01,2.08,1.99,2.07,384000
20111017,2.07,2.07,2.05,2.07,1084000
20111018,2.09,2.1,2.04,2.1,912000
20111019,2.11,2.12,2.08,2.12,431200
20111020,2.09,2.11,2.04,2.09,499200
20111021,2.1,2.13,2.07,2.13,614400
20111024,2.11,2.15,2.05,2.05,8754400
20111025,2.08,2.08,2.04,2.08,505600
20111026,2.11,2.11,2.07,2.07,688800
20111027,2.08,2.13,2.05,2.1,436000
20111028,2.14,2.19,2.08,2.1,494400
20111031,2.1,2.14,2.07,2.13,1110400
20111101,2.12,2.12,2.07,2.12,756000
20111103,2.11,2.15,2.06,2.12,2821600
20111104,2.13,2.13,2.07,2.09,728000
20111107,2.09,2.1,2.05,2.06,936800
20111108,2.09,2.09,2.04,2.07,1471200
20111109,2.07,2.07,2.01,2.03,1442400
20111110,2.04,2.13,1.92,2.02,1485600
20111111,2.04,2.08,2.01,2.03,976800
20111114,2.06,2.1,2.02,2.06,2075200
20111116,2.02,2.06,2,2.05,647200
20111117,2.05,2.05,1.99,2.01,418400
20111118,2.02,2.03,1.95,1.98,563200
20111121,1.95,1.99,1.94,1.95,583200
20111122,1.99,2.02,1.94,2.02,1425600
20111123,2.01,2.01,1.97,1.99,2234400
20111124,1.99,2.03,1.98,2.03,1041600
20111125,2.02,2.04,2,2.04,330400
20111128,2.04,2.1,2.04,2.04,4280800
20111129,2.06,2.07,1.98,2.02,2636000
20111130,2.06,2.1,2.04,2.08,2514400
20111201,2.11,2.16,2.09,2.16,1452800
20111202,2.16,2.17,2.12,2.17,1168000
20111205,2.14,2.21,2.14,2.2,1545600
20111206,2.2,2.23,2.16,2.21,1390400
20111207,2.2,2.21,2.17,2.21,824000
20111208,2.22,2.23,2.12,2.13,1355200
20111209,2.13,2.19,2.1,2.12,616000
20111212,2.1,2.16,2.1,2.14,1216800
20111213,2.14,2.16,2.12,2.14,734400
20111214,2.16,2.16,2.12,2.16,1580000
20111215,2.19,2.19,2.14,2.15,1328800
20111216,2.22,2.22,1.96,2.08,22001600
20111219,2.1,2.1,2.03,2.04,1553600
20111220,2.08,2.08,2.03,2.08,1232000
20111221,2.08,2.08,2.04,2.06,691200
20111222,2.06,2.06,2.01,2.01,2092000
20111223,2.04,2.07,2.03,2.06,368000
20111226,2.08,2.08,2.02,2.03,2219200
20111227,2.05,2.05,2.01,2.01,782400
20111228,2.01,2.03,2,2.03,661600
20111229,2.03,2.08,2,2.08,1572800
20120102,2.05,2.07,2.02,2.07,1372800
20120103,2.06,2.07,2.03,2.03,931200
20120104,2.04,2.05,2.01,2.02,3256000
20120105,2.02,2.03,2.01,2.01,3730400
20120106,2.01,2.05,2,2.02,577600
20120109,2.04,2.04,2.01,2.01,3152800
20120110,2.02,2.04,2.01,2.01,3750400
20120111,2,2.01,1.99,1.99,2163200
20120112,1.99,2.01,1.99,2,4298400
20120113,2.02,2.02,2,2,1847200
20120116,2,2.02,2,2.01,2275200
20120117,2.04,2.04,2.01,2.03,1604000
20120118,2.04,2.1,2,2.05,2386400
20120119,2.06,2.15,2.04,2.14,9537600
20120120,2.11,2.19,2.11,2.16,2236000
20120123,2.11,2.17,2.11,2.17,10663200
20120124,2.18,2.22,2.18,2.22,2286400
20120126,2.22,2.29,2.2,2.25,4481600
20120127,2.26,2.26,2.21,2.26,3766400
20120130,2.19,2.29,2.19,2.29,13264000
20120131,2.29,2.33,2.28,2.33,5914400
20120201,2.33,2.37,2.31,2.37,3763200
20120202,2.36,2.39,2.33,2.38,3986400
20120203,2.36,2.49,2.35,2.46,4026400
20120206,2.49,2.49,2.35,2.49,1764000
20120207,2.49,2.51,2.43,2.46,5368800
20120208,2.46,2.49,2.35,2.46,2305600
20120209,2.49,2.49,2.41,2.43,1464000
20120210,2.39,2.46,2.38,2.42,928800
20120213,2.46,2.49,2.4,2.45,2196800
20120214,2.45,2.47,2.39,2.46,1784000
20120215,2.49,2.6,2.47,2.54,2854400
20120216,2.54,2.61,2.54,2.57,4065600
20120217,2.57,2.59,2.51,2.54,11028800
20120222,2.54,2.6,2.53,2.6,4173600
20120223,2.59,2.69,2.55,2.65,2044000
20120224,2.62,2.71,2.56,2.66,3718400
20120227,2.63,2.67,2.57,2.59,3464000
20120228,2.59,2.67,2.59,2.67,4608800
20120229,2.67,2.69,2.6,2.67,3030400
20120301,2.69,2.73,2.64,2.69,2884800
20120302,2.7,2.73,2.66,2.72,3004000
20120305,2.73,2.73,2.61,2.66,3692000
20120306,2.61,2.65,2.54,2.58,3002400
20120307,2.6,2.6,2.52,2.56,2333600
20120308,2.58,2.61,2.54,2.57,5515200
20120309,2.59,2.61,2.55,2.57,3164000
20120312,2.57,2.63,2.53,2.57,2194400
20120313,2.58,2.6,2.56,2.58,2872000
20120314,2.58,2.6,2.5,2.54,2584000
20120315,2.49,2.63,2.48,2.6,1811200
20120316,2.61,2.68,2.6,2.68,7814400
20120319,2.63,2.83,2.63,2.74,1552800
20120320,2.74,2.77,2.73,2.76,3216000
20120321,2.79,2.84,2.76,2.82,1979200
20120322,2.8,2.83,2.77,2.8,948000
20120323,2.78,2.91,2.75,2.85,1492000
20120326,2.81,2.92,2.81,2.91,1936800
20120327,2.88,2.9,2.83,2.84,2003200
20120328,2.8,2.88,2.8,2.87,3165600
20120329,2.89,3,2.88,2.96,5595200
20120330,2.98,3.01,2.89,3.01,2982400
20120402,3.05,3.06,2.99,3.06,2167200
20120403,3.08,3.11,2.95,2.98,4716800
20120404,2.97,3,2.89,2.89,1927200
20120405,2.9,2.93,2.88,2.91,1060000
20120409,2.91,2.93,2.85,2.88,4156000
20120410,2.92,2.92,2.81,2.84,1952800
20120411,2.86,2.87,2.8,2.84,871200
20120412,2.84,2.88,2.82,2.83,3683200
20120413,2.87,2.87,2.78,2.83,2095200
20120416,2.77,2.9,2.76,2.82,758400
20120417,2.85,2.86,2.81,2.83,1060000
20120418,2.83,2.92,2.82,2.9,10904000
20120419,2.93,2.93,2.86,2.92,3624000
20120420,2.84,2.96,2.84,2.93,2316000
20120423,2.94,2.95,2.88,2.95,2388800
20120424,2.95,2.98,2.95,2.97,2463200
20120425,2.97,3.05,2.95,3.01,3143200
20120426,2.97,3.01,2.93,2.98,2736000
20120427,3,3.13,2.97,3.08,2878400
20120430,3.13,3.22,3.02,3.14,2019200
20120502,3.17,3.28,3.11,3.2,2487200
20120503,3.22,3.22,3.17,3.19,1414400
20120504,3.22,3.24,3.06,3.22,1890400
20120507,3.22,3.28,3.17,3.22,1854400
20120508,3.27,3.34,3.19,3.26,2771200
20120509,3.21,3.28,3.17,3.2,2184000
20120510,3.22,3.22,3.15,3.2,2265600
20120511,3.21,3.21,3.12,3.18,2385600
20120514,3.18,3.18,3.02,3.12,1670400
20120515,3.17,3.33,3.17,3.25,9132800
20120516,3.26,3.3,3.11,3.25,2134400
20120517,3.24,3.24,3.05,3.08,8642400
20120518,3.14,3.14,2.95,3,3668000
20120521,3.03,3.05,2.97,3.05,3599200
20120522,3.09,3.2,3,3.05,3921600
20120523,3.05,3.1,3.01,3.09,3463200
20120524,3.11,3.11,3.03,3.05,2338400
20120525,3.09,3.11,3.05,3.08,3054400
20120528,3.06,3.2,3.06,3.1,1180800
20120529,3.18,3.29,3.16,3.25,3772800
20120530,3.23,3.3,3.15,3.3,2275200
20120531,3.25,3.39,3.25,3.38,2194400
20120601,3.29,3.35,3.25,3.32,2170400
20120604,3.31,3.38,3.22,3.29,2187200
20120605,3.27,3.31,3.04,3.23,1820000
20120606,3.23,3.24,3.2,3.22,2122400
20120608,3.24,3.34,3.2,3.23,1428000
20120611,3.23,3.28,3.17,3.17,2731200
20120612,3.17,3.26,3.17,3.22,3485600
20120613,3.24,3.31,3.17,3.21,2376000
20120614,3.23,3.28,3.15,3.23,2749600
20120615,3.29,3.3,3.17,3.23,1891200
20120618,3.28,3.32,3.19,3.28,624800
20120619,3.31,3.34,3.2,3.34,4386400
20120620,3.32,3.36,3.28,3.34,2368000
20120621,3.3,3.37,3.23,3.23,3829600
20120622,3.27,3.3,3.19,3.25,1440800
20120625,3.25,3.27,3.18,3.24,666400
20120626,3.25,3.28,3.2,3.23,4240000
20120627,3.22,3.26,3.18,3.2,1826400
20120628,3.21,3.27,3.19,3.25,1056000
20120629,3.24,3.3,3.18,3.29,3015200
20120702,3.29,3.29,3.21,3.28,1493600
20120703,3.28,3.29,3.22,3.28,3417600
20120704,3.28,3.3,3.26,3.28,2179200
20120705,3.3,3.3,3.27,3.29,18325600
20120706,3.3,3.3,3.24,3.28,3373600
20120710,3.24,3.29,3.2,3.21,3360000
20120711,3.22,3.23,3.15,3.17,1910400
20120712,3.16,3.25,3.14,3.21,1396800
20120713,3.22,3.24,3.18,3.21,688800
20120716,3.29,3.29,3.19,3.22,1923200
20120717,3.25,3.28,3.21,3.24,849600
20120718,3.26,3.26,3.21,3.23,4836800
20120719,3.21,3.26,3.2,3.24,2523200
20120720,3.22,3.26,3.17,3.18,3385600
20120723,3.19,3.22,3.16,3.18,727200
20120724,3.21,3.25,3.17,3.24,783200
20120725,3.29,3.29,3.21,3.26,1869600
20120726,3.25,3.32,3.25,3.32,932000
20120727,3.32,3.53,3.32,3.44,3834400
20120730,3.45,3.51,3.45,3.49,1536800
20120731,3.51,3.55,3.48,3.48,3992800
20120801,3.55,3.55,3.46,3.46,2693600
20120802,3.53,3.53,3.46,3.51,1142400
20120803,3.51,3.56,3.46,3.52,1659200
20120806,3.51,3.57,3.47,3.56,1295200
20120807,3.56,3.63,3.54,3.6,3680800
20120808,3.62,3.62,3.5,3.54,2624000
20120809,3.62,3.62,3.56,3.61,5524800
20120810,3.56,3.65,3.56,3.62,6337600
20120813,3.6,3.62,3.53,3.6,6552800
20120814,3.64,3.68,3.58,3.68,4385600
20120815,3.68,3.68,3.65,3.65,561600
20120816,3.63,3.71,3.62,3.71,2974400
20120817,3.7,3.7,3.66,3.7,2551200
20120820,3.7,3.7,3.68,3.69,1075200
20120821,3.7,3.7,3.66,3.68,5150400
20120822,3.64,3.7,3.62,3.64,1740800
20120823,3.67,3.67,3.48,3.56,2763200
20120824,3.61,3.62,3.57,3.57,560800
20120827,3.59,3.63,3.56,3.63,1728000
20120828,3.6,3.65,3.6,3.62,405600
20120829,3.69,3.69,3.59,3.62,968000
20120830,3.68,3.68,3.61,3.65,1336000
20120831,3.62,3.76,3.62,3.76,3683200
20120903,3.75,3.89,3.75,3.77,1694400
20120904,3.76,3.81,3.68,3.73,4104000
20120905,3.73,3.81,3.72,3.81,6002400
20120906,3.77,3.88,3.77,3.84,2996800
20120910,3.83,3.89,3.83,3.87,3308000
20120911,3.89,3.93,3.86,3.91,2844800
20120912,3.91,3.98,3.9,3.94,2851200
20120913,3.91,3.98,3.87,3.95,2613600
20120914,3.93,3.98,3.8,3.89,4564800
20120917,3.97,3.97,3.8,3.87,5007200
20120918,3.83,3.95,3.83,3.94,2779200
20120919,3.94,3.96,3.91,3.94,1350400
20120920,3.91,3.94,3.86,3.94,1954400
20120921,3.94,3.97,3.9,3.97,2788000
20120924,3.99,3.99,3.89,3.89,2456800
20120925,3.92,3.93,3.83,3.85,2436800
20120926,3.81,3.83,3.78,3.81,3074400
20120927,3.78,3.86,3.78,3.83,2440800
20120928,3.83,3.97,3.83,3.92,6482400
20121001,3.96,4.17,3.96,4.14,3110400
20121002,4.18,4.28,4.1,4.13,3432000
20121003,4.16,4.18,4.08,4.09,1236800
20121004,4.16,4.16,4.1,4.12,1361600
20121005,4.13,4.21,4.12,4.17,3941600
20121008,4.22,4.24,4.11,4.21,2609600
20121009,4.23,4.23,4.17,4.19,602400
20121010,4.2,4.22,4.16,4.2,3194400
20121011,4.21,4.36,4.21,4.36,5566400
20121015,4.36,4.39,4.26,4.28,3532000
20121016,4.3,4.3,4.26,4.3,2284800
20121017,4.32,4.32,4.27,4.3,2320800
20121018,4.28,4.32,4.23,4.26,1876000
20121019,4.28,4.28,4.15,4.21,5056800
20121022,4.25,4.31,4.17,4.31,5940000
20121023,4.25,4.4,4.25,4.3,4180000
20121024,4.38,4.38,4.25,4.27,2214400
20121025,4.23,4.37,4.23,4.36,2354400
20121026,4.33,4.37,4.29,4.35,3297600
20121029,4.37,4.46,4.34,4.41,1917600
20121030,4.44,4.51,4.41,4.5,4266400
20121031,4.5,4.6,4.5,4.59,5791200
20121101,4.6,4.68,4.59,4.63,4219200
20121105,4.64,4.69,4.53,4.69,3462400
20121106,4.68,4.8,4.66,4.76,3799200
20121107,4.74,4.85,4.7,4.81,4555200
20121108,4.86,5.09,4.86,5.01,12092800
20121109,5.01,5.19,4.9,5.13,13052800
20121112,5.15,5.2,4.96,5.05,2800000
20121113,5.03,5.03,4.87,4.88,4459200
20121114,4.94,4.95,4.74,4.83,5316000
20121116,4.9,4.98,4.78,4.81,6807200
20121119,4.87,4.9,4.85,4.89,3913600
20121121,4.94,4.96,4.81,4.82,6128800
20121122,4.92,4.96,4.8,4.84,1920000
20121123,4.9,4.9,4.8,4.84,3000800
20121126,4.88,4.9,4.75,4.75,3936000
20121127,4.75,4.83,4.7,4.73,5730400
20121128,4.8,4.81,4.6,4.61,7964000
20121129,4.64,4.73,4.58,4.72,8170400
20121130,4.75,4.75,4.62,4.69,101682400
20121203,4.73,4.85,4.55,4.6,9961600
20121204,4.61,4.61,4.51,4.53,13602400
20121205,4.56,4.67,4.53,4.63,4266400
20121206,4.72,4.89,4.64,4.89,11405600
20121207,4.89,5.01,4.83,4.95,8192000
20121210,4.98,4.98,4.85,4.87,5569600
20121211,4.88,4.9,4.76,4.84,5726400
20121212,4.84,4.87,4.78,4.87,3867200
20121213,4.76,4.93,4.76,4.9,6415200
20121214,4.88,4.98,4.83,4.92,1688800
20121217,4.97,5.1,4.87,5.09,4414400
20121218,5.09,5.26,5.07,5.25,12344000
20121219,5.23,5.27,5.1,5.26,9903200
20121220,5.26,5.37,5.17,5.26,7353600
20121221,5.21,5.29,5.13,5.23,5553600
20121226,5.24,5.25,5.15,5.15,1620000
20121227,5.09,5.24,5.07,5.1,2300800
20121228,5.09,5.23,5.09,5.23,4268800
20130102,5.37,5.37,5.09,5.15,2392000
20130103,5.14,5.17,4.97,5.02,4185600
20130104,5.01,5.19,4.92,5.19,4909600
20130107,5.15,5.2,5.1,5.19,2370400
20130108,5.19,5.2,4.97,4.98,8401600
20130109,5.03,5.1,4.97,5.01,13913600
20130110,5.01,5.15,4.97,5.09,5908000
20130111,5.07,5.19,5.06,5.16,5255200
20130114,5.14,5.14,4.82,4.87,93530400
20130115,4.92,4.92,4.81,4.84,6051200
20130116,4.85,4.94,4.66,4.89,9814400
20130117,4.84,5,4.84,4.96,8476800
20130118,4.93,4.99,4.88,4.94,5317600
20130121,4.97,4.98,4.88,4.98,3027200
20130122,5,5.01,4.92,4.97,4848800
20130123,4.97,5.03,4.93,5.03,10384000
20130124,5.04,5.19,5,5.15,15072800
20130128,5.09,5.23,5.09,5.2,9396800
20130129,5.19,5.37,5.17,5.37,13272800
20130130,5.36,5.53,5.36,5.47,12022400
20130131,5.48,5.53,5.41,5.53,7559200
20130201,5.49,5.62,5.48,5.55,5416800
20130204,5.54,5.56,5.48,5.53,5664000
20130205,5.53,5.61,5.5,5.58,5867200
20130206,5.63,5.65,5.55,5.6,5662400
20130207,5.57,5.68,5.51,5.6,6226400
20130208,5.63,5.75,5.57,5.71,9072800
20130213,5.7,5.85,5.68,5.7,2589600
20130214,5.81,5.81,5.71,5.74,8069600
20130215,5.74,5.83,5.68,5.79,6355200
20130218,5.79,5.86,5.72,5.79,6926400
20130219,5.77,5.83,5.62,5.73,7112000
20130220,5.71,5.79,5.63,5.66,6141600
20130221,5.63,5.71,5.55,5.69,4347200
20130222,5.69,5.84,5.66,5.79,5442400
20130225,5.83,5.83,5.7,5.78,5029600
20130226,5.72,5.81,5.72,5.77,4183200
20130227,5.79,5.83,5.73,5.77,3421600
20130228,5.77,5.86,5.72,5.86,17553600
20130301,5.78,5.87,5.76,5.79,6767200
20130304,5.75,6.03,5.75,5.98,7854400
20130305,6.02,6.15,5.99,6.01,7638400
20130306,6.05,6.17,5.86,5.99,4274000
20130307,6.01,6.11,5.68,5.78,9750800
20130308,5.79,5.9,5.61,5.82,4148800
20130311,5.82,5.82,5.59,5.64,9643200
20130312,5.63,5.64,5.44,5.5,7312000
20130313,5.5,5.69,5.5,5.64,4921600
20130314,5.64,5.7,5.52,5.59,11868000
20130315,5.52,5.6,5.41,5.46,18052800
20130318,5.52,5.58,5.33,5.56,5118400
20130319,5.59,5.73,5.59,5.7,6098000
20130320,5.77,5.83,5.52,5.57,15444800
20130321,5.57,5.57,5.38,5.56,6688800
20130322,5.53,5.57,5.31,5.37,11796000
20130325,5.4,5.67,5.35,5.64,6097600
20130326,5.64,5.72,5.49,5.65,11514400
20130327,5.63,5.84,5.61,5.83,4715200
20130328,5.83,5.92,5.71,5.91,7667200
20130401,5.89,5.95,5.79,5.89,6359200
20130402,5.85,5.98,5.81,5.89,7766800
20130403,5.89,5.92,5.76,5.86,5186400
20130404,5.86,5.91,5.73,5.81,3454800
20130405,5.76,5.9,5.68,5.88,6501600
20130408,5.85,5.97,5.81,5.92,4245600
20130409,5.92,5.96,5.85,5.92,3412800
20130410,5.93,6.05,5.86,6.03,4658800
20130411,5.98,6.05,5.97,6.02,4172800
20130412,6.01,6.08,5.93,6.02,11241600
20130415,5.96,6.11,5.94,6.03,3567200
20130416,6.07,6.08,5.94,6,6363600
20130417,5.97,6.01,5.88,5.92,2812000
20130418,5.87,5.97,5.77,5.86,3758400
20130419,5.9,5.93,5.73,5.74,5749600
20130422,6.34,6.44,6.03,6.22,25345200
20130423,6.17,6.34,6.17,6.28,14686800
20130424,6.27,6.36,6.14,6.3,13142800
20130425,6.24,6.37,6.22,6.31,7913200
20130426,6.22,6.32,6.1,6.1,8313200
20130429,6.19,6.27,6.08,6.21,6482000
20130430,6.26,6.4,6.2,6.4,8366800
20130502,6.38,6.68,6.38,6.52,14042000
20130503,6.61,6.63,6.43,6.49,7979200
20130506,6.49,6.6,6.47,6.58,2959200
20130507,6.58,6.68,6.51,6.6,5471200
20130508,6.6,6.78,6.45,6.65,9028400
20130509,6.61,6.74,6.61,6.69,6497200
20130510,6.69,6.73,6.6,6.6,7121200
20130513,6.58,6.85,6.58,6.85,9282400
20130514,6.91,7.07,6.81,6.88,13454000
20130515,6.93,7.16,6.91,7.12,15375600
20130516,7.09,7.17,7.08,7.14,6103200
20130517,7.17,7.2,7.04,7.15,9753200
20130520,7.15,7.18,7.08,7.14,4289600
20130521,7.14,7.15,7.11,7.14,3684400
20130522,7.14,7.27,7.1,7.22,11057600
20130523,7.18,7.23,7.08,7.12,5915600
20130524,7.15,7.29,7.13,7.22,7045200
20130527,7.19,7.4,7.19,7.32,2382800
20130528,7.37,7.54,7.35,7.37,6489600
20130529,7.35,7.35,7.11,7.16,8229600
20130531,7.06,7.22,6.86,7.22,11815200
20130603,7.21,7.32,7.15,7.24,15632800
20130604,7.3,7.44,7,7.03,7477200
20130605,7.03,7.06,6.93,6.99,4267600
20130606,6.99,7.07,6.86,6.89,5416000
20130607,6.87,6.88,6.7,6.77,4184400
20130610,6.75,6.91,6.72,6.85,3866000
20130611,6.83,7.02,6.77,7,10199600
20130612,7.01,7.12,6.93,6.99,10705600
20130613,6.91,7.09,6.91,7.05,5198000
20130614,7.15,7.23,7.02,7.07,7186400
20130617,7.09,7.27,7.03,7.13,3826400
20130618,7.17,7.33,7.09,7.28,7081200
20130619,7.28,7.4,6.93,7.03,10634800
20130620,6.96,6.97,6.52,6.78,13866800
20130621,6.77,6.91,6.71,6.83,12986000
20130624,6.72,6.73,6.35,6.62,12964400
20130625,6.7,6.7,6.56,6.61,4607600
20130626,6.62,6.97,6.58,6.89,5694800
20130627,6.89,7.13,6.84,7.08,6698400
20130628,7.08,7.23,7,7.09,10786800
20130701,6.96,7.21,6.96,7.12,7805200
20130702,7.02,7.14,6.77,6.77,11780000
20130703,6.84,6.86,6.57,6.7,6589200
20130704,6.77,6.82,6.57,6.66,2907600
20130705,6.61,6.74,6.5,6.63,5611600
20130708,6.69,6.73,6.51,6.72,3753600
20130710,6.8,6.9,6.73,6.9,4069600
20130711,6.97,7.03,6.84,6.92,4227600
20130712,6.91,6.94,6.8,6.89,3378400
20130715,6.8,7.02,6.8,7.02,4397600
20130716,7.02,7.11,6.91,7.09,4067600
20130717,7.12,7.2,7.05,7.16,8642000
20130718,7.08,7.12,7,7.1,6113600
20130719,7.11,7.11,6.94,7,4244800
20130722,6.99,7.05,6.92,7.03,5885200
20130723,7.04,7.09,6.96,7.07,3648400
20130724,7.03,7.06,6.89,6.94,8279600
20130725,6.88,7.13,6.86,7.13,10553600
20130726,7.08,7.3,6.99,7.3,5697200
20130729,7.21,7.33,7.12,7.31,7157600
20130730,7.29,7.38,7.24,7.37,7328800
20130731,7.37,7.47,7.27,7.46,9163600
20130801,7.42,7.51,7.28,7.36,6886400
20130802,7.38,7.4,7.27,7.4,2821600
20130805,7.4,7.42,7.2,7.27,3413200
20130806,7.3,7.3,7.11,7.16,3197200
20130807,7.23,7.23,6.94,6.97,5683600
20130808,7.24,7.48,7.14,7.35,14019600
20130809,7.38,7.61,7.35,7.49,7817200
20130812,7.46,7.61,7.4,7.49,5348000
20130813,7.42,7.49,7.35,7.44,3521200
20130814,7.43,7.46,7.14,7.17,6092800
20130815,7.17,7.21,7.09,7.2,3856800
20130816,7.17,7.19,7.03,7.03,5426000
20130819,7.04,7.07,6.7,6.78,6376000
20130820,6.78,6.91,6.71,6.91,9500400
20130821,6.85,6.96,6.65,6.73,10691200
20130822,6.77,6.86,6.65,6.7,8949200
20130823,6.68,6.96,6.65,6.91,5298400
20130826,6.93,7.02,6.88,6.98,13425200
20130827,6.88,7.18,6.85,7.17,7296000
20130828,7.17,7.24,7.1,7.17,5416800
20130829,7.17,7.49,7.13,7.48,8380800
20130830,7.41,7.66,7.32,7.37,19791600
20130902,7.48,7.6,7.44,7.56,6342400
20130903,7.54,7.56,7.06,7.15,50511200
20130904,7.15,7.3,7.06,7.3,6696800
20130905,7.25,7.46,7.16,7.43,15278800
20130906,7.49,7.52,7.29,7.48,7424000
20130909,7.43,7.6,7.42,7.53,6961600
20130910,7.56,7.56,7.37,7.42,4388400
20130911,7.37,7.44,7.19,7.36,6866000
20130912,7.33,7.36,7.23,7.3,8318800
20130913,7.31,7.46,7.22,7.39,11311600
20130916,7.46,7.48,7.35,7.41,4101200
20130917,7.41,7.45,7.1,7.13,62448400
20130918,7.13,7.36,7.13,7.32,22728800
20130919,7.3,7.39,7.09,7.19,12376400
20130920,7.27,7.27,7.06,7.09,3904000
20130923,7.19,7.24,6.99,7.24,10768000
20130924,7.23,7.45,7.19,7.44,14883600
20130925,7.39,7.56,7.29,7.4,12657200
20130926,7.44,7.47,7.24,7.34,6136000
20130927,7.39,7.39,7.23,7.37,6744000
20130930,7.36,7.41,7.19,7.25,10387200
20131001,7.26,7.28,7.12,7.16,7257200
20131002,7.14,7.23,7.06,7.09,6842800
20131003,7.09,7.14,6.86,6.94,9688800
20131004,6.94,7.26,6.94,7.14,9279600
20131007,7.11,7.22,7.08,7.16,6321200
20131008,7.15,7.22,7.07,7.12,6456800
20131009,7.13,7.32,7.02,7.32,22409200
20131010,7.36,7.37,7.25,7.32,3723600
20131011,7.36,7.5,7.32,7.5,15720000
20131014,7.49,7.57,7.43,7.57,7158000
20131015,7.52,7.59,7.44,7.44,13384400
20131016,7.48,7.48,7.19,7.23,14770000
20131017,7.19,7.31,7.01,7.04,11760400
20131018,7.07,7.29,7.01,7.22,7558000
20131021,7.22,7.4,7.19,7.39,4643600
20131022,7.35,7.4,7.24,7.33,5799600
20131023,7.33,7.35,7.23,7.35,8925200
20131024,7.33,7.39,7.18,7.34,5613200
20131025,7.39,7.58,7.29,7.42,8696400
20131028,7.42,7.46,7.22,7.27,5301200
20131029,7.29,7.35,7.21,7.29,5459600
20131030,7.31,7.39,7.24,7.39,9760000
20131031,7.42,7.62,7.34,7.62,11108000
20131101,7.6,7.75,7.49,7.75,12993600
20131104,7.76,8.21,7.76,7.98,30552800
20131105,8.04,8.11,7.84,8.09,12784800
20131106,8.05,8.11,7.94,7.99,11704800
20131107,8.13,8.46,8.13,8.4,13303200
20131108,8.36,8.55,8.22,8.52,21824000
20131111,8.53,8.69,8.33,8.66,7731200
20131112,8.66,8.7,8.53,8.66,10008400
20131113,8.6,8.93,8.49,8.59,27089200
20131114,8.66,8.78,8.26,8.78,15254400
20131118,8.77,8.96,8.73,8.73,10753600
20131119,8.73,8.82,8.54,8.65,6514000
20131121,8.56,8.84,8.56,8.73,8541600
20131122,8.67,9.09,8.64,9.05,9164000
20131125,9.09,9.13,8.75,8.75,7844400
20131126,8.71,9.05,8.7,9.05,12615600
20131127,9.02,9.12,8.9,8.95,4810400
20131128,9.04,9.07,8.87,8.97,4044000
20131129,9.04,9.15,8.91,9.13,5011600
20131202,9.07,9.19,8.98,9.05,6709200
20131203,8.98,9.05,8.71,8.85,6538000
20131204,8.55,9.01,8.34,8.87,10505200
20131205,8.92,9.07,8.74,8.96,5989600
20131206,9.01,9.07,8.89,8.95,5017600
20131209,8.95,9.03,8.81,9.01,4557600
20131210,8.95,9.16,8.92,9,7265600
20131211,9,9.04,8.86,8.86,6912000
20131212,8.91,9.01,8.8,8.86,7332800
20131213,8.92,8.95,8.78,8.78,9812400
20131216,8.78,8.87,8.77,8.78,5937200
20131217,8.78,8.82,8.62,8.67,9324000
20131218,8.71,8.78,8.53,8.66,13610400
20131219,8.71,8.86,8.64,8.77,4042000
20131220,8.77,8.88,8.69,8.78,4979600
20131223,8.82,8.94,8.82,8.89,2846800
20131226,8.89,8.96,8.86,8.89,2473600
20131227,8.91,8.97,8.9,8.97,1916800
20131230,8.95,9.1,8.93,9.07,3798800
20140102,9.15,9.17,8.78,8.87,4232400
20140103,8.8,8.98,8.79,8.89,5614000
20140106,8.94,8.94,8.76,8.89,4195200
20140107,8.83,8.92,8.72,8.78,24447600
20140108,8.8,8.96,8.73,8.96,9835600
20140109,8.9,9.04,8.74,8.81,6279600
20140110,8.86,9.05,8.78,9.05,7758400
20140113,9.09,9.1,8.95,9.02,6125600
20140114,9,9.09,8.95,9.05,4732000
20140115,9.01,9.15,8.92,8.95,3779200
20140116,9,9.1,8.8,8.86,5187200
20140117,8.82,8.96,8.67,8.7,7215200
20140120,8.7,8.82,8.43,8.66,2050400
20140121,8.68,8.72,8.49,8.6,4013600
20140122,8.64,8.69,8.49,8.62,5505600
20140123,8.57,8.68,8.46,8.51,5368800
20140124,8.51,8.59,8.27,8.31,6699200
20140127,8.33,8.42,8.27,8.38,10676800
20140128,8.44,8.56,8.39,8.49,3133200
20140129,8.49,8.53,8.42,8.47,5914800
20140130,8.47,8.52,8.34,8.41,8771600
20140131,8.41,8.54,8.34,8.52,6543600
20140203,8.5,8.7,8.41,8.45,9838800
20140204,8.47,8.68,8.36,8.68,5926400
20140205,8.68,8.79,8.56,8.7,12710400
20140206,8.74,9,8.7,8.92,16862800
20140207,8.98,9.3,8.93,9.22,10536800
20140210,9.19,9.22,9.09,9.19,5648400
20140211,9.2,9.28,9.12,9.24,9139600
20140212,9.24,9.43,9.15,9.24,6231200
20140213,9.23,9.24,9.1,9.24,5503200
20140214,9.27,9.39,9.17,9.35,10379200
20140217,9.38,9.41,9.2,9.25,4226800
20140218,9.23,9.29,9.09,9.09,13556000
20140219,9.01,9.07,8.86,8.98,11844000
20140220,8.98,9.65,8.93,9.38,16326400
20140221,9.46,9.79,9.35,9.56,14598400
20140224,9.63,10.11,9.59,10.05,21050400
20140225,10.02,10.33,9.78,9.89,15370000
20140226,9.84,10.06,9.75,9.98,7321600
20140227,10.06,10.14,9.78,10.07,7573600
20140228,10.09,10.45,9.99,10.09,16567600
20140305,10.16,10.47,10.07,10.29,5163600
20140306,10.39,10.6,10,10.05,14866000
20140307,10.02,10.11,9.77,9.82,10486400
20140310,9.77,10.09,9.64,9.87,8142800
20140311,9.94,10.16,9.89,10.16,7349600
20140312,10.21,10.29,10.09,10.23,8268800
20140313,10.29,10.29,9.96,10.19,5031200
20140314,10.14,10.19,9.85,10.19,6070000
20140317,10.11,10.48,10.09,10.35,9003600
20140318,10.85,11.06,10.65,10.83,19884400
20140319,10.81,10.98,10.67,10.9,8681200
20140320,10.87,11.38,10.83,11.29,11585600
20140321,11.23,11.33,10.98,11.18,24447200
20140324,11.11,11.27,11.04,11.23,6924000
20140325,11.32,11.38,11.14,11.18,4922400
20140326,11.25,11.3,10.97,11,10578800
20140327,10.99,11.33,10.97,11.33,9086800
20140328,11.37,11.58,11.36,11.48,5639200
20140331,11.53,11.58,11.38,11.55,7738800
20140401,11.58,11.73,11.3,11.34,7544800
20140402,11.36,11.53,11.27,11.53,18190800
20140403,11.57,11.59,11.14,11.32,7400400
20140404,11.45,11.53,11.17,11.26,5062800
20140407,11.39,11.42,11.04,11.07,8390000
20140408,11.14,11.16,10.79,10.88,6148000
20140409,10.86,10.94,10.71,10.83,7668000
20140410,10.83,10.88,10.67,10.83,12987600
20140411,10.83,11.36,10.77,11.34,16502800
20140414,11.34,11.38,10.99,11.07,7206400
20140415,11.07,11.13,10.6,10.77,7038800
20140416,10.73,10.98,10.73,10.95,5722000
20140417,10.95,11.07,10.79,11.05,4370800
20140422,11.04,11.07,10.78,10.85,7339600
20140423,10.85,10.88,10.39,10.5,17338800
20140424,10.46,10.63,10.4,10.51,12891600
20140425,10.51,10.86,10.48,10.86,11544000
20140428,10.86,10.96,10.77,10.96,3655600
20140429,10.96,11,10.82,10.94,5284400
20140430,10.95,11.06,10.8,11.06,5887200
20140502,11,11.58,11,11.58,10318000
20140505,11.58,11.84,11.48,11.84,6622400
20140506,11.79,12,11.63,11.9,10815600
20140507,12.29,12.53,12.27,12.52,34665200
20140508,12.48,12.76,12.41,12.51,13665600
20140509,12.53,12.56,12.41,12.56,6023200
20140512,12.53,12.81,12.53,12.81,3614800
20140513,12.85,13.01,12.74,13.01,6667600
20140514,13.01,13.02,12.62,12.97,11398000
20140515,12.89,12.9,12.74,12.79,8477200
20140516,12.79,13.36,12.79,13.34,9616400
20140519,13.37,13.47,13.14,13.23,22684400
20140520,13.23,13.31,12.67,12.76,7593200
20140521,12.8,13.08,12.67,12.96,16657200
20140522,13.04,13.24,12.86,13.03,4616400
20140523,13.03,13.12,12.84,13.09,8695200
20140526,13.2,13.23,13.05,13.23,2291200
20140527,13.18,13.22,12.88,13,7895200
20140528,13.08,13.12,12.91,13.08,7634800
20140529,13.09,13.09,12.96,13,6234000
20140530,12.93,13.22,12.89,13.22,11709600
20140602,13.19,13.29,13.05,13.14,5986400
20140603,13.2,13.23,13.09,13.23,4595600
20140604,13.24,13.57,13.16,13.57,5068800
20140605,13.6,13.79,13.6,13.66,8472000
20140606,13.9,13.99,13.48,13.8,5967200
20140609,13.72,14.02,13.67,13.94,7635600
20140610,13.98,14.13,13.86,14.06,4852000
20140611,14.23,14.29,13.91,14.07,5144800
20140613,14.18,14.23,14.04,14.18,5165600
20140616,14.23,14.24,14.13,14.15,5692800
20140617,14.16,14.27,14.06,14.27,3416800
20140618,14.26,14.27,13.81,14.18,10008400
20140620,14.11,14.12,13.75,13.79,8614400
20140623,13.79,13.91,13.71,13.91,9401600
20140624,13.94,14.27,13.8,14.27,11716400
20140625,14.27,14.52,14.15,14.31,10141200
20140626,14.37,14.47,14.16,14.36,9700000
20140627,14.41,14.53,14.21,14.48,4183200
20140630,14.46,14.51,14.27,14.41,4792800
20140701,14.49,14.63,14.24,14.3,4495600
20140702,14.44,14.44,13.87,14.01,8706400
20140703,13.92,14.46,13.84,14.27,10919600
20140704,14.2,14.6,14.2,14.34,1515600
20140707,14.23,14.32,13.95,14.19,23574800
20140708,14.12,14.35,14.12,14.15,8812000
20140710,14.25,14.54,14.22,14.42,31930800
20140711,14.37,14.66,14.31,14.59,10312000
20140714,14.64,14.73,14.5,14.54,9387600
20140715,14.54,14.85,14.44,14.7,8530000
20140716,14.71,14.9,14.71,14.85,8876800
20140717,14.77,14.89,14.36,14.49,8537600
20140718,14.83,14.96,14.57,14.71,9781200
20140721,14.73,15.01,14.7,14.91,6615200
20140722,14.91,15.06,14.88,15.04,7294800
20140723,14.9,14.95,14.56,14.85,27928000
20140724,14.9,15.18,14.76,15.18,6956000
20140725,15.06,15.16,14.67,14.83,12914400
20140728,14.85,15.11,14.73,15.07,8087600
20140729,15.04,15.07,14.92,15.04,3963200
20140730,15.09,15.12,14.73,14.88,5602000
20140731,14.77,14.84,14.3,14.47,10094800
20140801,14.48,14.85,14.25,14.81,8856800
20140804,14.85,15,14.78,14.98,6618800
20140805,14.97,15.09,14.79,14.83,7743200
20140806,14.78,14.97,14.74,14.91,13740400
20140807,14.99,15.06,14.64,14.73,13984000
20140808,14.73,14.79,14.1,14.28,15186800
20140811,14.38,14.61,14.34,14.59,7473600
20140812,14.56,14.64,14.42,14.63,5512000
20140813,14.65,14.8,14.34,14.66,7900000
20140814,15.07,15.31,14.62,14.92,23585600
20140815,14.97,15.55,14.97,15.55,13210400
20140818,15.68,15.8,15.62,15.77,11626000
20140819,15.66,15.79,15.5,15.78,7378800
20140820,15.69,15.86,15.67,15.76,8732000
20140821,15.69,15.86,15.39,15.52,5331200
20140822,15.43,15.54,15.29,15.39,3990000
20140825,15.51,15.6,15.31,15.57,5516400
20140826,15.62,15.78,15.47,15.69,6123200
20140827,15.67,15.94,15.53,15.94,7427200
20140828,15.81,15.93,15.61,15.61,6092800
20140829,15.73,16.06,15.6,16.06,16524400
20140901,16.06,16.15,15.91,16.08,5144000
20140902,15.98,16.04,15.45,15.7,7576000
20140903,15.76,15.91,15.12,15.38,13198400
20140904,15.27,15.29,14.75,15.03,19510800
20140905,15.06,15.45,14.82,15.4,10607200
20140908,15.49,15.54,15.04,15.18,8173600
20140909,15.09,15.18,14.81,14.91,9432000
20140910,14.86,14.88,14.56,14.73,8293200
20140911,14.76,14.85,14.39,14.84,11031200
20140912,14.56,14.58,14.14,14.42,13368300
20140915,14.53,14.76,14.28,14.6,5039500
20140916,14.61,15.28,14.61,15,8726200
20140917,15.13,15.16,14.62,14.8,6311100
20140918,14.64,14.64,13.95,14.1,11724100
20140919,13.99,14.09,13.56,14.09,17418200
20140922,13.97,14.12,13.51,13.95,8999300
20140923,13.89,14.17,13.66,13.99,12499600
20140924,13.82,14.41,13.63,14.36,8604400
20140925,14.33,14.47,13.99,14.04,7973100
20140926,14.08,14.56,13.99,14.46,8577300
20140929,13.8,14.35,13.68,14.09,7375200
20140930,13.85,14.79,13.85,14.74,10102500
20141001,14.46,14.73,14.05,14.42,6980700
20141002,14.41,14.41,13.98,14.32,8186100
20141003,14.32,14.95,14.23,14.76,7952500
20141006,15.32,15.48,14.95,15.27,25095400
20141007,15.72,15.72,15.25,15.33,9323900
20141008,15.43,15.58,15.22,15.5,9824900
20141009,15.8,15.8,15.45,15.48,7129600
20141010,15.15,15.37,14.85,14.96,8365000
20141013,15.39,15.39,14.48,14.85,6026100
20141014,14.97,14.98,14.62,14.76,5649800
20141015,14.64,14.64,14.1,14.27,7044400
20141016,13.89,14.25,13.71,14.19,9814700
20141017,14.47,14.52,14.11,14.47,6356900
20141020,14.36,14.46,13.81,14.04,9480800
20141021,13.56,14.03,13.56,13.79,10983700
20141022,13.89,14.04,13.57,13.74,6704000
20141023,13.54,13.64,13.15,13.32,13483500
20141024,13.5,13.87,13.27,13.73,7932000
20141027,13.27,14.9,13.27,14.81,20545700
20141028,14.8,15.62,14.66,15.57,19664400
20141029,15.38,15.87,15.26,15.71,27872200
20141030,15.71,16.3,15.65,16.15,15564400
20141031,16.26,16.92,16,16.92,16961000
20141103,16.8,16.9,16.22,16.8,8029100
20141104,16.8,16.92,16.37,16.87,8636400
20141105,16.64,17.32,16.56,17.06,6024700
20141106,16.96,17.09,16.45,16.75,6682900
20141107,16.58,17.1,16.58,16.96,8088600
20141110,17.05,17.12,16.45,16.54,6114900
20141111,16.38,16.75,15.87,15.87,14042700
20141112,15.85,16.38,15.63,16.38,21030700
20141113,16.48,16.62,16.08,16.26,7483500
20141114,16.43,16.48,15.72,16.29,9722700
20141117,16.34,16.58,15.73,15.92,11455800
20141118,16.03,16.65,15.67,16.61,23011300
20141119,16.61,16.9,16.43,16.87,12211400
20141121,16.88,17.25,16.69,17.25,12940500
20141124,17.59,17.62,16.97,17.21,9422100
20141125,17.23,17.52,16.93,16.98,8095500
20141126,17.22,17.34,16.99,17.33,6667600
20141127,17.25,17.42,17.05,17.26,3727700
20141128,17.23,17.41,17.02,17.18,6248900
20141201,16.85,17.14,16.21,16.58,7981500
20141202,16.57,16.96,16.28,16.42,5592100
20141203,16.5,16.66,16.11,16.18,10439500
20141204,16.25,16.4,15.78,16.05,20797700
20141205,16.18,16.39,15.96,16.39,11021100
20141208,16.41,16.43,15.68,15.95,9311600
20141209,15.72,16.28,15.49,16.17,8298800
20141210,15.97,16.2,15.79,16.16,7004600
20141211,16.09,16.53,15.86,16.53,5382300
20141212,16.39,16.39,15.53,16.04,8657300
20141215,16.18,16.18,15.26,15.97,8890900
20141216,15.43,15.56,14.69,15.31,18427800
20141217,15.52,15.88,15.24,15.65,25322200
20141218,15.73,15.73,15.01,15.14,14769000
20141219,15.25,15.48,14.95,15.48,8613400
20141222,15.52,15.71,15.14,15.68,4460000
20141223,15.5,15.8,15.34,15.8,5911500
20141226,15.69,15.93,15.58,15.93,3922800
20141229,15.88,15.99,15.58,15.89,6687700
20141230,15.89,15.91,14.69,14.85,24791400
20150102,14.74,14.81,13.85,14.18,16594500
20150105,13.89,14.04,13.17,13.28,26832300
20150106,13.27,13.42,11.84,12.12,39212100
20150107,12.33,12.44,11.44,12.13,51498700
20150108,12.22,13.17,12.13,12.99,35122300
20150109,12.94,12.94,12.48,12.78,31597800
20150112,12.66,12.7,11.71,11.71,32304200
20150113,11.79,12.7,11.43,12.46,44507300
20150114,12.31,12.56,12.09,12.33,28675700
20150115,12.41,12.41,11.7,12.17,38840700
20150116,12.08,13.11,12.08,12.83,19681000
20150119,12.65,12.76,12.33,12.6,8945600
20150120,12.74,12.98,12.29,12.57,14629500
20150121,12.64,13.13,12.41,13.07,19708000
20150122,12.36,12.63,11.43,12.17,47408900
20150123,12.26,12.52,11.83,12.16,18470000
20150126,11.98,12.62,11.81,12.49,20902000
20150127,12.37,12.7,12.21,12.59,19844400
20150128,12.49,12.51,11.91,11.98,19976900
20150129,11.99,12.37,11.73,12.31,17723400
20150130,12.17,12.21,11.62,11.79,29232500
20150202,11.79,12.03,11.47,11.71,12655200
20150203,11.84,11.84,10.4,11.31,39426600
20150204,11.31,11.65,10.74,11.09,28474300
20150205,11.11,11.51,10.86,10.97,32913100
20150206,10.86,10.98,9.7,9.82,54135400
20150209,9.67,10.46,9.51,10.25,15849900
20150210,10.3,10.62,9.86,9.87,32464100
20150211,9.5,9.74,9.14,9.2,52201600
20150212,9.96,10.95,9.64,10.53,30992100
20150213,10.83,10.86,10.1,10.25,32288700
20150218,10.31,10.89,9.98,10.49,11280500
20150219,10.46,11.49,10.42,11.46,22770800
20150220,11.55,11.6,11.04,11.11,15426400
20150223,12.36,12.36,11.73,11.77,34244700
20150224,11.92,12.31,11.77,12.1,15794600
20150225,12.02,12.3,11.87,12.24,11920800
20150226,12.36,12.36,10.87,11.03,42066500
20150227,10.25,10.58,9.64,9.95,55896000
20150302,9.76,10.21,9.52,9.89,15499500
20150303,9.89,10.1,9.61,9.63,19121300
20150304,9.54,9.81,9.31,9.39,18631000
20150305,9.58,9.61,9.27,9.37,10866000
20150306,9.35,9.72,9.33,9.57,10623000
20150309,9.47,9.71,9.18,9.36,11206800
20150310,9.22,9.38,8.91,8.91,27976800
20150311,8.98,9.3,8.85,9.12,26385000
20150312,9.2,9.75,9.14,9.63,16902200
20150313,9.54,9.73,9.49,9.69,10772500
20150316,9.92,10.02,9.54,9.81,11898500
20150317,9.66,10.16,9.61,10,12798200
20150318,9.85,10.7,9.85,10.54,17457900
20150319,10.83,11.03,9.75,9.87,22319900
20150320,10.11,10.41,9.75,10.06,15539800
20150323,10.14,10.43,9.96,10.39,11752200
20150324,10.43,10.43,10.16,10.4,17610400
20150325,10.4,10.66,10.34,10.35,7865000
20150326,10.22,10.22,9.67,9.71,13345000
20150327,9.64,10,9.44,9.47,9265500
20150330,9.55,9.9,9.52,9.84,7994700
20150331,9.71,10.01,9.67,9.86,11377400
20150401,9.99,10.16,9.91,10.16,7852600
20150402,10.17,10.54,10.17,10.48,5069200
20150406,10.54,10.98,10.53,10.97,5990200
20150407,11,11.07,10.66,10.97,9042300
20150408,11.18,11.39,11.09,11.32,26209400
20150409,11.31,11.83,11.21,11.5,22444200
20150410,11.64,11.66,11.42,11.5,9798300
20150413,11.32,11.48,10.94,10.94,10235000
20150414,11.1,11.15,10.4,10.4,12074400
20150415,10.45,10.63,10.15,10.22,12683700
20150416,10.2,10.35,10.06,10.06,15170600
20150417,10.07,10.2,9.74,9.82,25514700
20150420,9.89,10.14,9.77,10.13,10505500
20150422,10.17,10.26,10.01,10.06,8943800
20150423,10.07,10.89,9.93,10.68,8594500
20150424,10.78,11.32,10.75,11.27,10037600
20150427,11.27,11.38,10.37,10.62,14118700
20150428,10.73,11.2,10.58,11.12,17093500
20150429,10.94,11.18,10.64,10.68,13628300
20150430,10.66,10.86,10.45,10.54,23412900
20150504,10.63,10.8,10.59,10.63,8831200
20150505,10.4,10.54,9.97,10.16,15931400
20150506,10.17,10.27,9.96,10.07,24171500
20150507,9.98,10.47,9.98,10.3,12069000
20150508,10.45,10.76,10.42,10.63,21565100
20150511,10.73,10.86,10.21,10.3,15677400
20150512,10.43,11.26,10.4,11.18,29247500
20150513,11.25,11.52,10.71,10.9,11654900
20150514,10.8,11.47,10.79,11.4,10465000
20150515,11.41,11.92,11.24,11.92,13944800
20150518,12.03,12.03,11.3,11.58,28918200
20150519,11.69,11.69,11.22,11.38,11609000
20150520,11.51,11.95,11.34,11.4,16285000
20150521,11.45,12.21,11.4,12.13,21538000
20150522,12.23,12.87,11.74,12.09,31175000
20150525,11.97,12.26,11.68,12.26,4998800
20150526,12,12.09,11.51,11.78,11988300
20150527,11.92,11.97,11.3,11.4,7439100
20150528,11.43,11.47,10.97,11.18,5952700
20150529,11.2,11.48,10.9,11,12606500
20150601,10.94,11.26,10.84,11.03,6007600
20150602,11.05,11.35,10.98,11.35,4090100
20150603,11.43,11.53,10.85,10.97,6397000
20150605,10.78,11.23,10.77,11.07,4705500
20150608,11.17,11.39,11.09,11.21,4118100
20150609,11.48,11.81,11.42,11.46,13257500
20150610,11.6,11.77,11.48,11.55,9404700
20150611,11.61,12.07,11.61,11.98,12956300
20150612,11.87,12.17,11.85,12.03,14497700
20150615,11.94,12.24,11.86,12.15,17470600
20150616,12.23,12.4,12.13,12.19,13645000
20150617,12.11,12.32,11.79,12.18,11592200
20150618,12.19,12.21,11.88,11.98,4720400
20150619,11.92,12,11.6,11.72,6020100
20150622,11.83,12.1,11.79,11.98,6088300
20150623,12.11,12.12,11.8,11.89,4951000
20150624,11.89,12.39,11.87,12.32,10836300
20150625,12.34,12.51,12,12.45,11553300
20150626,12.23,12.27,11.27,11.71,26521600
20150629,11.58,11.63,11.15,11.21,19354400
20150630,11.32,11.55,11.29,11.45,10641400
20150701,11.57,11.74,11.38,11.49,5906600
20150702,11.58,11.64,11.38,11.41,15300000
20150703,11.41,11.54,11.14,11.41,3448500
20150706,11.46,11.46,11.07,11.2,11171300
20150707,11.17,11.25,10.71,10.93,9739500
20150708,10.95,11.11,10.78,10.96,6283800
20150710,11.07,11.39,10.94,11.21,7633500
20150713,11.31,11.54,11.31,11.4,7836800
20150714,11.46,11.6,11.41,11.51,12938800
20150715,11.57,11.72,11.38,11.53,23687300
20150716,11.72,11.73,11.11,11.26,5119700
20150717,11.29,11.32,10.78,10.86,9186700
20150720,10.88,10.91,10.28,10.54,9821600
20150721,10.59,10.59,10.14,10.23,7901900
20150722,10.09,10.22,9.94,10.08,11747300
20150723,9.97,10.06,9.39,9.55,21579700
20150724,9.42,9.71,9.34,9.71,17050200
20150727,9.87,9.88,9.4,9.63,17927900
20150728,9.72,9.83,9.24,9.43,12579500
20150729,9.24,9.44,9.14,9.32,17609200
20150730,9.32,9.32,8.78,8.95,14929600
20150731,9.19,9.34,9.04,9.24,13321600
20150803,9.24,9.32,8.69,8.84,16644600
20150804,8.85,8.97,8.62,8.71,15388900
20150805,8.81,9.28,8.73,8.85,10064900
20150806,8.88,9.05,8.57,8.65,10485900
20150807,8.76,8.96,8.42,8.49,10252000
20150810,8.53,8.61,8.14,8.51,8718900
20150811,8.47,8.57,8.21,8.5,19038500
20150812,8.66,8.85,8.59,8.82,24464100
20150813,8.92,9.72,8.92,9.59,23107800
20150814,9.61,9.77,9.32,9.48,9966800
20150817,9.32,9.86,9.22,9.66,17456600
20150818,9.67,9.83,9.58,9.69,14888800
20150819,9.59,9.69,9.21,9.53,23777900
20150820,9.43,9.47,9.08,9.34,6573700
20150821,9.23,9.23,8.92,9.05,7367400
20150824,8.46,9.23,8.21,8.79,13565600
20150825,8.94,9.01,8.5,8.54,12854400
20150826,8.59,8.59,8.24,8.24,11499700
20150827,8.37,8.87,8.28,8.87,13755100
20150828,8.72,8.82,8.44,8.54,10198100
20150831,8.38,8.46,8.24,8.41,9402600
20150901,8.18,8.57,8.09,8.31,11377700
20150902,8.47,8.53,8.25,8.36,6769800
20150903,8.44,8.47,8.19,8.26,11191100
20150904,8.18,8.28,7.85,8.09,17988500
20150908,8.23,8.33,8.12,8.19,5906800
20150909,8.27,8.53,8.22,8.34,19493200
20150910,8,8.41,7.99,8.28,13218300
20150911,8.33,8.43,8.05,8.34,7445900
20150914,8.48,8.56,8.2,8.49,9431300
20150915,8.58,8.62,8.28,8.31,15386000
20150916,8.36,8.53,8.36,8.43,14132300
20150917,8.43,9.01,8.36,8.89,11527300
20150918,8.86,8.86,8.32,8.34,9690800
20150921,8.38,8.44,7.94,8.04,6669700
20150922,7.07,7.44,7.04,7.4,72407600
20150923,7.43,7.86,7.4,7.54,18721800
20150924,7.41,7.46,7.21,7.42,11067000
20150925,7.53,7.65,7.32,7.36,4011500
20150928,7.31,7.32,7.09,7.18,5920500
20150929,7.18,7.59,7.18,7.41,10856500
20150930,7.65,7.79,7.38,7.47,14570700
20151001,7.56,7.67,7.49,7.49,26469900
20151002,7.54,8.26,7.52,8.26,13148800
20151005,8.43,8.56,8.28,8.54,7845700
20151006,8.47,8.72,8.43,8.68,6048000
20151007,8.92,9.25,8.74,9.14,12028600
20151008,9.04,9.42,8.89,9.23,13300300
20151009,9.44,9.55,9.24,9.55,10315100
20151013,9.45,9.45,8.74,8.77,11373000
20151014,8.77,9,8.61,8.62,23703000
20151015,8.89,9.71,8.89,9.62,21400400
20151016,9.62,9.78,9.31,9.69,16210600
20151019,9.73,10.05,9.4,10.05,16142800
20151020,10.16,10.61,9.81,10.12,15572000
20151021,10.08,10.23,9.7,10.06,8354300
20151022,10.17,10.17,9.82,9.89,6148500
20151023,10.17,10.29,9.85,9.86,5343400
20151026,9.93,9.93,9.58,9.72,5873900
20151027,9.72,10.11,9.63,10.03,35765800
20151028,10.03,10.07,9.67,9.82,9808500
20151029,9.69,9.92,9.3,9.38,7173000
20151030,9.4,9.69,9.31,9.55,7451700
20151103,9.73,10.42,9.73,10.42,16297500
20151104,10.44,10.71,9.9,9.9,11055900
20151105,9.94,10.37,9.93,10.28,9579100
20151106,10.16,10.27,9.72,9.88,7477900
20151109,9.93,10.15,9.82,9.82,7309000
20151110,9.9,9.91,9.64,9.7,5581700
20151111,9.86,10.44,9.82,10.27,9744500
20151112,10.36,11.14,10.11,10.24,26355200
20151113,10.27,10.35,9.89,9.97,14848900
20151116,9.95,10.1,9.77,9.97,16950800
20151117,10.1,10.34,10.05,10.29,9519200
20151118,10.25,10.46,10.09,10.32,7034300
20151119,10.46,10.6,10.34,10.4,15545000
20151123,10.48,10.56,10.25,10.38,4582000
20151124,10.37,10.45,10.05,10.31,4937100
20151125,10.14,10.42,9.98,10.11,10502200
20151126,10.17,10.17,9.2,9.25,20135400
20151127,9.34,9.37,8.86,9.05,15672600
20151130,8.96,9.37,8.73,9,14938100
20151201,9.11,9.48,9.02,9.48,17575600
20151202,9.45,9.67,9.3,9.52,11641600
20151203,9.79,10.32,9.72,10.32,24276100
20151204,10.22,10.23,9.71,10.06,14473500
20151207,10.17,10.52,10,10.18,11084200
20151208,10.12,10.32,9.84,10.24,9146300
20151209,10.38,10.75,10.35,10.45,14317600
20151210,10.5,10.5,10.09,10.18,10742800
20151211,10.11,10.37,10.02,10.11,7499900
20151214,10.03,10.13,9.79,9.98,6505800
20151215,10.03,10.15,9.88,9.98,4333300
20151216,9.93,10.11,9.85,10.02,9469900
20151217,10.22,10.46,10.19,10.31,9460200
20151218,9.99,10.03,9.46,9.46,17243800
20151221,9.49,9.79,9.41,9.73,17669300
20151222,9.79,9.88,9.57,9.64,11484900
20151223,9.73,9.85,9.42,9.56,5064500
20151228,9.62,9.8,9.54,9.61,5043900
20151229,9.62,9.83,9.61,9.65,3467300
20151230,9.7,9.7,9.15,9.27,7417900
20160104,9.27,9.33,8.89,9.17,6564200
20160105,9.2,9.4,8.9,8.95,10179800
20160106,8.89,9.28,8.54,9.12,41927800
20160107,9.2,9.22,8.95,9.02,28553400
20160108,9,9.06,7.88,8.52,26915100
20160111,8.56,8.64,8.32,8.47,23446100
20160112,8.47,8.6,8.06,8.19,10252800
20160113,8.22,8.47,7.95,7.95,12202200
20160114,7.99,8.36,7.95,8.36,7243300
20160115,8.17,8.35,7.98,8.29,6245200
20160118,8.24,8.37,8.05,8.07,4139100
20160119,8.31,8.35,8.06,8.12,4377500
20160120,8.03,8.13,7.67,7.98,6016600
20160121,7.91,8.06,7.77,7.83,7498300
20160122,7.89,7.93,7.44,7.53,15097900
20160126,7.48,7.82,7.23,7.78,13161100
20160127,7.8,7.92,7.53,7.64,7489800
20160128,7.69,7.82,7.37,7.62,8323700
20160129,7.76,8.31,7.65,8.27,10568100
20160201,8.17,8.7,8.1,8.67,14245500
20160202,8.55,8.72,8.34,8.4,7815500
20160203,8.56,8.63,8.15,8.45,6718500
20160204,8.81,9.14,8.74,9.05,15415200
20160205,9.04,9.31,8.98,9.18,8673600
20160210,9.05,9.15,8.81,9.06,6901700
20160211,8.81,8.89,8.59,8.84,13040500
20160212,8.93,9.39,8.73,9.26,9390600
20160215,9.5,9.5,9.24,9.38,5177300
20160216,9.39,9.54,9.21,9.29,6996100
20160217,9.34,9.75,9.24,9.63,17347400
20160218,9.59,9.73,9.43,9.56,7675400
20160219,9.45,9.48,9.21,9.27,13974000
20160222,9.67,9.67,9.28,9.28,14118200
20160223,9.31,9.4,9.08,9.18,24768600
20160224,9.03,9.08,8.81,8.95,9304500
20160225,8.86,9,8.73,8.87,8107900
20160226,8.96,9.32,8.81,9.21,17714800
20160229,9.35,9.85,9.17,9.7,9012400
20160301,9.93,9.99,9.8,9.88,9398000
20160302,9.93,9.98,9.58,9.67,8118200
20160303,9.82,10.53,9.73,10.44,30859800
20160304,11.29,11.29,10.39,10.75,18568800
20160307,10.75,11.12,10.49,11.08,15783800
20160308,11.07,11.29,10.82,10.92,19057400
20160309,11.03,11.27,10.77,10.99,11987900
20160310,11.19,11.6,10.56,11.24,10853700
20160311,11.2,11.57,10.83,11.33,19649100
20160314,11.51,11.51,10.51,10.85,18027400
20160315,10.77,10.82,10.32,10.5,16238600
20160316,10.36,10.4,10.09,10.27,14322900
20160317,10.94,11.24,10.61,10.62,29425400
20160318,10.82,10.88,10.53,10.64,21480800
20160321,10.66,10.8,10.57,10.57,10622000
20160322,10.62,11.34,10.62,11.14,18185500
20160323,11.11,11.2,10.94,11.14,6737400
20160324,11.01,11.57,10.86,11.45,19899100
20160328,11.7,11.71,10.89,10.94,10512400
20160329,10.94,11.38,10.85,11.09,8904100
20160330,11.21,11.78,11.19,11.33,13077400
20160331,11.09,11.41,11.09,11.22,14504300
20160401,11.04,11.62,10.94,11.56,7960000
20160404,11.57,11.57,11.18,11.26,5002000
20160405,11.19,11.53,11.11,11.38,6320400
20160406,11.23,11.65,11.19,11.39,9039900
20160407,11.53,11.79,11.21,11.31,12253100
20160408,11.67,11.87,11.48,11.64,8490300
20160411,11.82,11.83,11.05,11.2,9189400
20160412,11.34,11.84,11.32,11.57,8116400
20160413,11.9,12.1,11.82,11.88,10331600
20160414,11.89,12.04,11.61,11.61,6095700
20160415,11.75,12.16,11.67,11.87,5820400
20160418,11.88,12.04,11.73,11.96,6644700
20160419,12.02,12.33,11.9,12.17,7213400
20160420,12.13,12.38,12.04,12.21,12873600
20160422,11.94,12.21,11.59,11.63,14168000
20160425,11.67,11.76,11.43,11.64,4014400
20160426,11.75,12.11,11.65,12.04,5851300
20160427,12.11,12.36,11.91,12.31,9420200
20160428,12.41,12.49,12.01,12.42,9498100
20160429,12.43,12.74,12.36,12.51,13941400
20160502,12.41,12.9,12.25,12.7,5730200
20160503,12.59,12.8,12.26,12.26,13120900
20160504,12.26,12.26,11.78,12.1,4870000
20160505,12.13,12.2,11.4,11.49,7248800
20160506,11.5,11.86,11.19,11.52,6388000
20160509,11.48,11.92,11.35,11.68,7302800
20160510,11.76,12.2,11.76,12.19,9477200
20160511,12.33,12.46,11.64,11.73,9304300
20160512,12.17,12.18,11.63,12,9382600
20160513,11.99,12.18,11.17,11.49,15198500
20160516,11.2,11.73,11.2,11.42,7456300
20160517,11.42,11.6,10.84,10.96,7361400
20160518,10.76,11.5,10.64,11.22,7722700
20160519,11.02,11.61,11,11.5,4527000
20160520,11.43,11.52,11.02,11.22,6842400
20160523,10.56,11.03,10.31,10.82,17834800
20160524,10.91,11.27,10.88,11.17,4994100
20160525,11.16,11.61,10.71,10.75,7447300
20160527,10.81,11.08,10.76,10.82,7020000
20160530,10.86,10.93,10.74,10.79,1494900
20160531,10.78,11.13,10.68,10.94,17886500
20160601,10.87,11.07,10.83,11.07,7447900
20160602,12.15,12.83,11.94,12.57,33974500
20160603,12.83,12.88,12.47,12.81,14463500
20160606,12.86,12.86,12.1,12.54,15290400
20160607,12.39,12.81,11.99,12.69,11273500
20160608,12.78,13.28,12.63,13.18,9963400
20160609,13.1,13.43,13.05,13.33,8023000
20160610,13.32,13.32,12.84,12.93,11308500
20160613,12.52,12.97,12.51,12.93,7190800
20160614,12.83,13.01,12.35,12.91,10922800
20160615,12.82,12.88,12.37,12.64,13566200
20160616,12.44,12.8,11.96,12.74,16294400
20160617,12.69,13.15,12.43,12.58,22586700
20160620,12.75,12.97,12.71,12.96,9333200
20160621,12.99,13.61,12.98,13.61,20104300
20160622,13.27,13.58,13.03,13.18,16454300
20160623,13.2,13.77,13.19,13.7,12407800
20160624,13.33,13.75,13.1,13.74,14855200
20160627,13.62,13.77,13.18,13.56,15952000
20160628,13.69,13.92,13.19,13.32,6592200
20160629,13.35,13.66,13.29,13.51,10124500
20160630,13.44,13.51,13.27,13.43,16179600
20160701,13.95,14.2,13.8,14.1,23689400
20160704,14.22,14.31,13.8,13.9,4425500
20160705,13.75,13.95,13.58,13.67,4539900
20160706,13.72,13.77,13.03,13.4,5561100
20160707,13.52,13.62,13.22,13.39,4169800
20160708,13.46,14,13.46,13.94,7168300
20160711,14.07,14.3,13.51,13.94,8797300
20160712,13.94,14.53,13.74,14.44,9102400
20160713,14.33,14.89,14.31,14.84,10352600
20160714,15.01,15.39,14.83,15.25,8166600
20160715,14.86,15.99,14.62,15.44,14272400
20160718,15.1,15.73,15.06,15.6,11272800
20160719,15.35,15.74,15.29,15.54,8773200
20160720,15.48,15.5,14.49,14.76,8549600
20160721,14.81,15.07,14.6,14.69,7412200
20160722,14.71,14.94,14.63,14.89,6659200
20160725,14.91,14.95,14.31,14.62,7292300
20160726,14.63,14.79,14.35,14.36,8808100
20160727,14.46,14.6,14.01,14.09,8808300
20160728,13.96,14.53,13.96,14.48,5954200
20160729,14.48,14.59,14.18,14.26,7606300
20160801,14.31,14.62,14.27,14.58,7900800
20160802,14.38,14.66,13.85,14.38,5302500
20160803,14.44,14.44,13.97,14.27,6267100
20160804,14.34,14.36,13.73,14.13,7889600
20160805,14.26,14.27,13.89,14.24,5355700
20160808,14.22,14.61,13.92,14.57,32421200
20160809,14.71,14.84,14.49,14.69,7126300
20160810,14.78,15.06,14.62,14.96,11115800
20160811,14.71,15.21,14.69,15.09,8831900
20160812,15.15,15.37,14.42,14.66,13250900
20160815,14.61,14.9,14.36,14.59,6632300
20160816,14.36,14.65,14.15,14.27,7533500
20160817,14.13,14.48,13.97,14.33,5742000
20160818,14.52,14.61,13.93,14.24,10078000
20160819,14.25,14.41,14.03,14.18,6020000
20160822,14.2,14.68,13.87,14.05,7232600
20160823,14.05,14.3,13.87,13.96,3959100
20160824,13.82,14.2,13.68,13.92,2820000
20160825,13.92,13.94,13.63,13.82,7991800
20160826,13.89,14.26,13.72,13.95,7574900
20160829,14,14.42,13.88,14.3,4447300
20160830,14.38,14.38,13.75,13.77,5788600
20160831,13.82,14.05,13.53,13.72,5719200
20160901,13.81,14.12,13.57,13.95,5180400
20160902,14.12,14.12,13.62,13.81,7525500
20160905,13.73,13.98,13.72,13.89,2680400
20160906,13.97,14.51,13.82,14.46,8122200
20160908,14.48,15.31,14.4,15.26,14433200
20160909,15.02,15.17,14.77,14.92,9092500
20160912,14.72,15.27,14.58,15.12,7191300
20160913,14.86,15.05,14.28,14.77,8934100
20160914,14.62,14.72,14.21,14.56,5871600
20160915,14.62,15.04,14.57,14.94,5021700
20160916,14.92,15.12,14.65,15.12,11425900
20160919,15.17,15.46,14.88,15.02,6949100
20160920,15.19,15.29,14.91,15.02,3389200
20160921,15.07,15.29,14.85,15.17,5720800
20160922,15.32,15.81,15.32,15.54,7000900
20160923,15.64,15.65,14.6,14.78,6918000
20160926,14.7,14.95,14.49,14.95,8961000
20160927,14.93,15.31,14.9,15.2,5074300
20160928,15.22,15.7,15.13,15.38,8097200
20160929,15.25,15.6,14.97,14.98,7243400
20160930,15.05,15.11,14.71,14.71,4555900
20161003,14.71,15.2,14.6,15.11,4433700
20161004,14.96,15.21,14.92,15.2,6854700
20161005,15.21,15.66,15.05,15.56,5009100
20161006,15.56,15.78,15.35,15.78,6321500
20161007,15.78,15.81,15.39,15.61,9283100
20161010,15.81,15.96,15.65,15.91,6919000
20161011,15.91,15.95,15.55,15.86,11266500
20161013,15.8,15.9,15.39,15.47,12412200
20161014,15.6,15.81,15.58,15.69,8315500
20161017,15.63,15.87,15.53,15.81,4867400
20161018,15.82,16.59,15.82,16.49,9621600
20161019,16.73,16.99,16.61,16.81,25795900
20161020,16.76,16.76,16.23,16.41,9356100
20161021,16.31,16.5,16.15,16.46,4791300
20161024,16.5,16.81,16.02,16.07,12849600
20161025,16.16,16.23,15.23,15.74,18792300
20161026,15.91,15.91,15.57,15.64,7816800
20161027,15.73,15.9,15.56,15.61,6885300
20161028,15.64,15.83,15.22,15.5,7068500
20161031,15.5,15.97,15.48,15.81,10504200
20161101,15.92,16.11,15.31,15.43,16435500
20161103,15.26,15.76,14.95,14.96,8832400
20161104,15.12,15.3,14.71,14.73,5244600
20161107,15.02,15.52,14.92,15.42,6606600
20161108,15.42,15.74,15.12,15.74,5761000
20161109,15.15,15.46,14.77,15.03,7611500
20161110,14.76,14.98,13.72,13.72,17325900
20161111,13.58,14.3,13.58,13.79,12407500
20161114,13.6,14.59,13.6,14.42,10044000
20161116,14.28,14.68,14.08,14.68,10501900
20161117,14.85,14.9,14.2,14.23,5952200
20161118,14.07,14.48,13.85,13.85,8739600
20161121,13.93,14.62,13.88,14.4,5466900
20161122,14.6,15.3,14.53,15.2,10748400
20161123,15.3,15.3,14.43,14.72,6246700
20161124,14.72,14.72,14.33,14.46,1907300
20161125,14.15,14.33,13.97,14.07,6288800
20161128,13.98,14.95,13.97,14.8,4217300
20161129,14.74,14.97,13.95,13.95,5330200
20161130,14.25,14.57,14.1,14.45,7741300
20161201,13.97,14.2,13.54,14,14208600
20161202,13.66,14.09,13.66,14,5100900
20161205,14.05,14.15,13.76,13.81,5290100
20161206,13.7,14.35,13.63,14.23,7591100
20161207,14.49,14.57,14.01,14.05,11847900
20161208,14.15,14.26,13.52,13.66,6192900
20161209,13.72,13.77,12.97,13.04,13806200
20161212,12.9,13.11,12.4,12.4,14935800
20161213,12.38,13.17,12.38,13.1,14747400
20161214,13,13.18,12.2,12.2,20408700
20161215,12.25,12.33,11.92,12.2,20793900
20161216,12.31,12.43,12.12,12.12,15591100
20161219,12.12,12.39,12.12,12.22,30203200
20161220,12.4,12.55,12.17,12.28,6856300
20161221,12.29,12.43,12.17,12.35,5736800
20161222,12.3,12.9,12.21,12.9,12677800
20161223,12.9,13.12,12.8,13.03,5100100
20161226,13.03,13.26,13,13.23,1256800
20161227,13.27,13.31,12.96,13.15,3545400
20161228,13.14,13.27,12.94,13.27,3622100
20161229,13.3,13.33,12.95,13.33,4741200
20170102,13.2,13.3,13.08,13.3,2251300
20170103,13.33,13.96,13.25,13.96,7067800
20170104,13.79,14.09,13.6,13.88,5852700
