<DTYYYYMMDD>,<OPEN>,<HIGH>,<LOW>,<CLOSE>,<VOL>
20100601,16.76,17.04,16.5,16.92,1441800
20100602,16.92,17.33,16.86,17.33,1436600
20100604,17.12,17.32,16.81,17.17,1517200
20100607,17.01,17.26,16.77,17.07,892900
20100608,17.25,17.27,16.94,16.97,597000
20100609,17.08,17.08,16.42,16.57,1230000
20100610,16.75,17.06,16.28,16.87,2035700
20100611,16.66,16.83,16.39,16.67,2066900
20100614,16.82,16.92,16.67,16.72,1905700
20100615,16.67,16.67,16.13,16.24,4030000
20100616,16.18,16.36,15.98,16.08,4344100
20100617,16.14,16.24,16.03,16.08,2927700
20100618,16.26,16.67,16.13,16.47,6486800
20100621,16.97,17.15,16.8,16.98,3472900
20100622,17.07,17.47,16.83,17.32,3139300
20100623,17.37,17.46,17.32,17.35,1536100
20100624,17.3,17.57,17.12,17.52,2693200
20100625,17.52,17.59,17.37,17.52,1043900
20100628,17.49,17.49,17.37,17.37,1141300
20100629,17.29,17.32,16.27,16.33,1910000
20100630,16.4,16.85,16.31,16.75,1492900
20100701,16.67,17.2,16.18,16.87,1624500
20100702,16.96,17.36,16.96,17.36,1010500
20100705,17.47,17.66,16.97,17.17,824500
20100706,17.27,17.56,17.09,17.27,1597500
20100707,17.32,17.81,17.27,17.61,2100800
20100708,17.61,17.91,17.13,17.52,1036000
20100712,17.56,17.8,17.34,17.4,697300
20100713,17.46,18.21,17.46,18.21,1432600
20100714,18.1,18.48,17.81,18.16,1532900
20100715,18.25,18.3,17.67,17.81,832000
20100716,17.86,18.03,17.12,17.45,1133300
20100719,17.52,17.94,17.39,17.86,565300
20100720,17.8,17.91,17.45,17.85,1279900
20100721,17.86,17.96,17.53,17.54,1073200
20100722,17.66,17.94,17.56,17.85,1806300
20100723,17.86,17.86,17.49,17.61,1758000
20100726,17.88,17.91,17.6,17.66,1239500
20100727,17.79,17.84,17.48,17.53,2606700
20100728,17.59,17.59,17.31,17.47,1270200
20100729,17.53,17.61,17.02,17.15,1484600
20100730,17.16,17.57,17,17.56,1275300
20100802,17.63,17.79,17.44,17.64,2210300
20100803,17.69,17.69,17.17,17.27,1970100
20100804,17.28,17.39,17.11,17.39,1271600
20100805,17.37,17.47,17.32,17.38,1142200
20100806,17.21,17.35,17.12,17.12,1562700
20100809,17.27,17.38,17.02,17.03,1492300
20100810,16.95,17.15,16.56,16.67,1694600
20100811,16.57,16.84,16.32,16.54,1583700
20100812,16.39,16.95,16.39,16.73,988200
20100813,16.78,17.2,16.27,16.32,1582700
20100816,16.37,16.74,16.08,16.31,1119300
20100817,15.88,16.31,15.63,16.27,4722500
20100818,16.42,16.61,16.12,16.5,2372700
20100819,16.52,16.71,16.22,16.23,1288600
20100820,16.27,16.46,16.16,16.27,737800
20100823,16.37,16.46,15.92,15.92,940700
20100824,15.93,15.93,15.59,15.78,1708100
20100825,15.59,15.88,15.59,15.63,1030700
20100826,15.84,16.13,15.73,16.09,1226100
20100827,16.12,16.94,15.99,16.94,2481100
20100830,16.92,16.92,16.53,16.73,944300
20100831,17.18,17.46,16.87,16.87,6384400
20100901,17.06,17.2,16.59,17.02,3561700
20100902,17.07,17.19,16.87,17.12,895200
20100903,17.18,17.27,16.67,16.79,1936700
20100906,16.87,16.89,16.62,16.89,474400
20100908,16.57,16.87,16.37,16.86,748000
20100909,16.79,16.95,16.6,16.82,768000
20100910,16.91,16.96,16.63,16.77,1516000
20100913,16.94,17.14,16.83,17.14,1275200
20100914,17.08,17.08,16.81,17.06,1276000
20100915,17.06,17.26,16.89,17.03,915900
20100916,17.04,17.04,16.59,16.77,1980600
20100917,16.84,17.17,16.63,17.09,1485600
20100920,17.17,17.46,17.03,17.39,931100
20100921,17.39,17.43,17.09,17.36,859000
20100922,17.27,17.47,16.95,17.28,1667800
20100923,17.22,17.78,17.12,17.46,1799500
20100924,17.51,17.82,17.06,17.27,2025300
20100927,17.32,17.79,17.28,17.79,634900
20100928,17.71,17.78,17.27,17.52,1199600
20100929,17.52,17.53,16.87,16.87,1904000
20100930,16.98,17.11,16.92,17.11,2225000
20101001,17.08,17.26,16.95,17.04,1472900
20101004,17.07,17.1,16.72,16.73,1456800
20101005,16.82,17.22,16.81,17.22,1239300
20101006,17.16,17.25,16.81,17.02,1172300
20101007,17.09,17.22,16.69,16.69,3022700
20101008,16.69,16.99,16.68,16.77,2187200
20101011,16.82,16.86,16.53,16.53,748400
20101013,16.76,17.06,16.58,16.92,1810500
20101014,16.87,16.94,16.36,16.62,1641900
20101015,16.59,16.62,16.19,16.27,1319500
20101018,16.27,16.55,16.13,16.47,1014100
20101019,16.18,16.3,15.84,15.84,998400
20101020,15.87,16.32,15.45,15.49,1853500
20101021,15.54,15.98,15.02,15.28,1931200
20101022,15.33,15.52,14.75,14.93,1891800
20101025,14.93,15.02,14.6,14.81,1658100
20101026,14.73,15.28,14.67,15.28,1788100
20101027,15.25,15.48,15.01,15.43,1500600
20101028,15.58,15.58,15.14,15.28,1041400
20101029,15.28,15.46,14.79,15.26,2021700
20101101,15.23,15.32,14.93,15.16,1072400
20101103,15.11,15.32,14.91,15.08,1762600
20101104,15.18,15.25,14.67,14.74,2979400
20101105,14.75,14.85,14.3,14.38,3066900
20101108,14.38,14.58,14.11,14.44,2411900
20101109,14.67,14.67,14.29,14.44,2489600
20101110,14.42,14.53,14.27,14.39,1315900
20101111,14.31,14.54,14.15,14.44,773200
20101112,14.26,14.41,14.19,14.37,869600
20101116,14.26,14.26,14,14.04,1183000
20101117,13.74,13.87,13.63,13.64,2560300
20101118,13.87,13.94,13.42,13.43,2933900
20101119,13.43,13.43,13.27,13.36,2201000
20101122,13.36,13.64,13.32,13.45,1929900
20101123,13.18,13.44,13,13.27,1590700
20101124,13.45,13.55,13.26,13.4,1845900
20101125,13.42,13.51,13.25,13.35,909600
20101126,13.16,13.23,13.09,13.14,972900
20101129,13.11,13.3,12.78,12.97,1687700
20101130,12.94,13.28,12.79,12.95,2365800
20101201,13.21,13.25,12.98,13.15,1617500
20101202,13.17,13.76,13.17,13.76,2116600
20101203,13.75,14.37,13.74,14.31,2687100
20101206,14.29,14.29,13.6,13.6,2008800
20101207,13.79,13.79,13.38,13.38,1998100
20101208,13.31,13.57,13.21,13.38,1633500
20101209,13.38,13.48,13.13,13.19,1449200
20101210,13.29,13.56,13.23,13.49,987500
20101213,13.59,13.68,13.4,13.4,1117900
20101214,13.41,13.86,13.25,13.84,1075100
20101215,13.74,13.83,13.49,13.49,1309500
20101216,13.56,13.78,13.49,13.51,866600
20101217,13.49,13.77,13.46,13.49,1197400
20101220,13.51,13.72,13.49,13.6,1185000
20101221,13.63,14.16,13.6,14.16,1805500
20101222,14.04,14.5,14.01,14.43,1683100
20101223,14.44,14.85,14.39,14.69,1830400
20101227,14.68,14.82,14.51,14.68,798800
20101228,14.71,14.87,14.66,14.79,1318700
20101229,14.87,15,14.86,14.98,1329800
20101230,15,15.38,14.79,15.38,2696100
20110103,15.18,15.84,15.18,15.43,1569900
20110104,15.34,15.49,15.08,15.49,1383200
20110105,15.37,15.52,15.27,15.52,1465500
20110106,15.5,15.5,15.2,15.38,1898000
20110107,15.38,15.43,15.04,15.23,1011000
20110110,15.15,15.58,15.11,15.53,748100
20110111,15.58,15.63,15.32,15.48,958200
20110112,15.74,15.87,15.45,15.75,1207800
20110113,15.85,16.07,15.64,15.78,1245300
20110114,15.76,16.03,15.58,15.78,806900
20110117,15.86,15.86,15.6,15.68,783500
20110118,15.86,15.86,15.29,15.58,1631700
20110119,15.63,15.74,15.21,15.38,1022700
20110120,15.19,15.38,15.14,15.23,1185400
20110121,15.23,15.42,14.98,15.38,1543400
20110124,15.38,15.38,15.24,15.29,971000
20110126,15.23,15.28,14.73,14.93,1595700
20110127,14.96,15.06,14.19,14.19,1717300
20110128,14.26,14.28,13.14,13.33,4699800
20110131,13.39,13.46,12.84,13.46,3070300
20110201,13.61,13.91,13.51,13.82,1622900
20110202,13.73,13.77,13.28,13.75,1974100
20110203,13.61,13.84,13.28,13.76,1388100
20110204,13.68,13.75,13.29,13.75,1944200
20110207,13.83,13.87,13.49,13.72,793600
20110208,13.72,13.82,13.6,13.78,1396200
20110209,13.74,13.78,13.3,13.65,2174600
20110210,13.48,13.72,13.41,13.68,1401500
20110211,13.56,13.79,13.52,13.68,1515100
20110214,13.7,13.78,13.5,13.67,1244700
20110215,13.63,13.72,13.58,13.68,1515300
20110216,13.73,14.27,13.62,14.27,2390400
20110217,14.28,14.39,13.94,13.98,2363400
20110218,13.89,14.23,13.82,14.22,1285700
20110221,14.02,14.18,13.98,14.18,609300
20110222,14.18,14.18,13.62,14.07,1223500
20110223,14.01,14.24,13.83,14.24,1483200
20110224,14.12,14.38,14.04,14.38,960900
20110225,14.45,14.59,14.12,14.38,1183900
20110228,14.48,14.53,14.25,14.49,1125400
20110301,14.51,14.53,14.26,14.37,1312900
20110302,14.34,14.34,14.12,14.29,2166200
20110303,14.28,14.52,14.15,14.23,2775200
20110304,14.23,14.23,13.98,14.06,2182100
20110309,14.05,14.21,13.92,14.08,711500
20110310,13.94,14.14,13.94,14.08,1999000
20110311,14.15,14.28,13.99,14.28,1944300
20110314,14.36,14.43,14.12,14.43,632400
20110315,14.1,14.43,14.04,14.43,2503400
20110316,14.48,14.63,14.08,14.28,2664100
20110317,14.41,14.41,13.92,14.18,3345600
20110318,14.25,14.41,13.9,13.9,3264900
20110321,13.96,14.07,13.38,13.38,2179600
20110322,13.38,13.7,13.28,13.49,1222900
20110323,13.47,13.6,13.44,13.58,702800
20110324,13.63,13.64,13.29,13.48,906200
20110325,13.57,13.87,13.39,13.58,1043000
20110328,13.71,13.71,13.39,13.53,1432800
20110329,13.49,13.68,13.41,13.66,749300
20110330,13.68,14.01,13.57,14.01,1720600
20110331,14,14.57,13.9,14.57,2664300
20110401,14.63,14.67,14.32,14.63,1671700
20110404,14.6,15.33,14.53,15.28,2293000
20110405,15.17,15.73,15.08,15.63,1335100
20110406,15.76,15.76,15.23,15.57,2367900
20110407,15.58,15.65,15.35,15.57,1040700
20110408,15.59,15.68,15.36,15.63,1705100
20110411,15.59,16.03,15.59,16.03,1140100
20110412,15.93,16.02,15.79,15.87,950300
20110413,16.03,16.33,16.03,16.33,1564000
20110414,16.38,16.98,16.38,16.98,2300400
20110415,16.98,17.15,16.52,16.68,2579500
20110418,16.68,16.69,16.25,16.38,1549100
20110419,16.45,16.6,16.38,16.43,1186600
20110420,16.57,16.57,16.35,16.43,1703800
20110425,16.42,16.45,16.37,16.43,897900
20110426,16.49,16.62,16.41,16.43,1075800
20110427,16.45,16.57,16.11,16.13,1119700
20110428,16.08,16.3,15.74,16.15,1388900
20110429,16.28,16.28,15.83,16.18,4976300
20110502,16.28,16.28,14.98,14.98,2268500
20110503,14.86,14.87,14.25,14.45,2603200
20110504,14.59,14.69,14,14.29,2389800
20110505,14.12,14.34,13.82,14.1,1016000
20110506,14.27,14.47,14.23,14.35,853800
20110509,14.4,14.57,14.01,14.56,430300
20110510,14.61,14.97,14.57,14.8,1170500
20110511,14.78,14.98,14.5,14.75,2107800
20110512,14.73,15.24,14.56,14.9,1231900
20110513,14.95,15.02,14.52,14.74,1211600
20110516,14.55,14.64,14.31,14.5,1744900
20110517,14.48,14.58,14.05,14.4,2026400
20110518,14.44,14.5,14.14,14.5,1857200
20110519,14.53,14.53,14.3,14.35,568500
20110520,14.35,14.53,14.12,14.4,1097700
20110523,14.45,14.45,13.75,13.75,2568300
20110524,13.72,13.95,13.51,13.7,3095900
20110525,13.75,14,13.53,14,549200
20110526,13.83,14.15,13.66,14,832000
20110527,14.01,14.16,13.8,14,883800
20110530,14,14.1,13.75,14.1,418600
20110531,14.27,14.44,14.07,14.3,2749400
20110601,14.26,14.28,13.85,13.9,2246400
20110602,13.89,14.13,13.65,14.13,1147300
20110603,13.91,14.38,13.81,14.13,777300
20110606,14.13,14.24,13.71,13.9,814200
20110607,13.99,14.22,13.82,14.13,905200
20110608,14.13,14.18,13.9,14.16,755900
20110609,14.2,14.21,13.95,14.15,467300
20110610,14.02,14.02,13.79,13.95,770200
20110613,13.83,13.94,13.7,13.89,1274000
20110614,13.94,14.1,13.85,14.01,668800
20110615,13.85,14.01,13.66,13.89,1615500
20110616,13.85,14.06,13.71,13.98,768400
20110617,14,14.06,13.77,13.99,1101100
20110620,13.83,14.3,13.83,14.3,1347300
20110621,14.36,14.37,14.21,14.27,3034500
20110622,14.2,14.4,14.13,14.3,1947600
20110624,14.3,14.4,14.05,14.3,406300
20110627,14.37,14.49,14.09,14.35,1365300
20110628,14.43,14.75,14.35,14.52,1588900
20110629,14.64,14.7,14.4,14.7,1483400
20110630,14.65,15.4,14.63,15.4,3367100
20110701,15.35,15.9,15.25,15.79,2092800
20110704,15.59,15.74,15.58,15.7,927000
20110705,15.6,15.6,15.41,15.45,760000
20110706,15.41,15.44,15.11,15.15,853500
20110707,15.2,15.39,15.05,15.15,611700
20110708,14.99,15.6,14.94,15.15,751300
20110711,15.02,15.19,15.02,15.15,1745400
20110712,15.15,15.22,15.04,15.15,1086500
20110713,15.15,15.32,15.12,15.25,1274900
20110714,15.2,15.25,15.17,15.25,1405100
20110715,15.25,15.35,15.09,15.35,780100
20110718,15.16,15.34,15.15,15.3,1605200
20110719,15.26,15.3,15.17,15.3,1005100
20110720,15.3,15.5,15.21,15.35,1628500
20110721,15.35,15.8,15.25,15.8,2013600
20110722,15.66,15.7,15.33,15.43,1577900
20110725,15.39,15.54,15.13,15.5,982800
20110726,15.45,15.49,15.34,15.45,1193400
20110727,15.44,15.46,15.17,15.22,803900
20110728,15.36,15.36,15.2,15.22,880700
20110729,14.99,15.24,14.99,15.2,1881500
20110801,15.2,15.23,15.08,15.17,1204200
20110802,15.12,15.27,14.94,15.1,2999000
20110803,15,15.13,14.25,15,4870100
20110804,14.75,14.75,13,13,5970200
20110805,13.01,13.01,11.45,12,3990200
20110808,11.03,11.3,8.71,9.02,7303400
20110809,9.35,10,7.7,8.99,27341700
20110810,8.8,9.17,8,8.45,27514000
20110811,8.69,9.04,8.42,8.42,23320500
20110812,8.59,8.9,8.32,8.66,13598400
20110815,8.6,9.49,8.59,9.23,13221500
20110816,9.04,9.24,8.71,8.84,11471500
20110817,8.94,9.35,8.86,9.1,10223600
20110818,8.7,8.78,8.32,8.37,7171700
20110819,8.2,8.52,8.12,8.2,5754800
20110822,8.41,8.45,7.72,7.72,7720100
20110823,7.8,7.93,7.35,7.73,8112900
20110824,7.77,7.86,7.57,7.7,3729100
20110825,7.68,7.76,7.41,7.45,4592900
20110826,7.39,7.59,7.19,7.36,3769400
20110829,7.54,7.85,7.43,7.68,4673700
20110830,7.6,7.93,7.55,7.66,4963300
20110831,7.72,7.87,7.63,7.69,4791900
20110901,7.89,8.33,7.83,8.2,7840500
20110902,8.01,8.47,8.01,8.33,9579800
20110905,8.15,8.56,8.15,8.5,5636100
20110906,8.41,8.68,8.35,8.55,7311600
20110908,8.7,8.72,8.43,8.45,3142500
20110909,8.4,8.45,8.16,8.18,2497200
20110912,8.07,8.34,7.88,8.3,3245600
20110913,8.37,8.54,8.25,8.4,2401100
20110914,8.45,8.5,8.26,8.37,2432400
20110915,8.4,8.44,7.91,7.92,5648100
20110916,8,8.03,7.72,7.87,5228000
20110919,7.8,7.99,7.63,7.7,4683100
20110920,7.77,7.78,7.18,7.18,4468100
20110921,7.25,7.39,6.88,6.9,5704000
20110922,6.63,6.76,6.22,6.29,5494400
20110923,6.37,6.63,6.21,6.51,4989300
20110926,6.6,6.74,6.25,6.29,2646900
20110927,6.42,6.44,6.06,6.06,3574200
20110928,6.07,6.19,5.9,5.94,4781100
20110929,6,6.04,5.65,5.74,3787800
20110930,5.68,6.21,5.59,6.13,12961600
20111003,6.05,6.2,5.85,6.04,4825400
20111004,5.93,6.5,5.83,6.5,5748400
20111005,6.47,6.82,6.33,6.62,6112400
20111006,6.72,6.84,6.6,6.6,4471400
20111007,6.65,6.69,6.17,6.3,4366600
20111010,6.33,7,6.31,7,5043700
20111011,6.9,7.14,6.82,6.95,5316700
20111013,6.99,7.15,6.79,7.08,6438600
20111014,7.18,7.31,7.03,7.23,3876200
20111017,7.14,7.24,6.98,7.15,2753400
20111018,7.05,7.41,7.04,7.41,3387900
20111019,7.44,7.73,7.32,7.61,3929400
20111020,7.58,7.58,7.38,7.4,2329700
20111021,7.5,7.7,7.46,7.61,1912300
20111024,7.69,8,7.46,8,4087500
20111025,7.86,7.93,7.57,7.77,4642400
20111026,7.8,7.93,7.71,7.8,2473400
20111027,8.05,8.12,7.85,7.85,5018600
20111028,7.8,7.94,7.7,7.8,2601300
20111031,7.68,7.69,7.41,7.45,1706500
20111101,7.06,7.14,6.96,7,3062900
20111103,7.15,7.2,6.92,7,2705500
20111104,6.99,7.11,6.83,7.08,1997200
20111107,7.07,7.18,6.95,6.95,1653600
20111108,7.03,7.09,6.81,7.02,2646900
20111109,6.92,6.97,6.6,6.6,2812500
20111110,6.65,6.73,6.3,6.3,3066000
20111111,6.7,7.35,6.59,7.35,14941000
20111114,7.35,8.02,7.35,7.85,9152500
20111116,7.78,7.8,7.46,7.6,6341500
20111117,7.52,7.85,7.46,7.65,7181600
20111118,7.78,7.99,7.72,7.85,4653300
20111121,7.74,7.97,7.67,7.72,4610900
20111122,7.77,8.34,7.77,8.3,10289700
20111123,8.32,8.69,8.02,8.31,8560500
20111124,8.48,8.57,8.08,8.4,2859800
20111125,8.33,9.11,8.18,8.81,7634000
20111128,9.05,9.4,9.05,9.26,7378000
20111129,9.26,9.36,8.84,9.01,5734900
20111130,9.17,9.44,8.22,8.22,26741000
20111201,8.31,8.47,7.85,7.99,9297400
20111202,8.11,8.27,7.86,7.97,7103100
20111205,8.03,8.41,7.91,8.37,4398200
20111206,8.36,8.69,8.34,8.51,7775400
20111207,8.55,8.59,8.23,8.23,2171400
20111208,8.61,8.61,8.15,8.49,5719000
20111209,8.64,8.85,8.58,8.79,4438000
20111212,8.75,8.94,8.25,8.6,4891900
20111213,8.76,8.94,8.7,8.85,4366300
20111214,8.84,9.09,8.78,9,5885800
20111215,9.15,9.19,8.71,8.8,3252000
20111216,8.85,8.92,8.4,8.4,3330900
20111219,8.34,8.55,8.1,8.1,2011000
20111220,8.25,8.4,8.05,8.4,2240700
20111221,8.36,8.51,8.2,8.5,2561000
20111222,8.49,8.84,8.41,8.74,2620200
20111223,8.78,8.89,8.75,8.75,966000
20111226,8.75,8.75,8.43,8.7,1994900
20111227,8.75,8.82,8.68,8.71,2857900
20111228,8.68,8.75,8.35,8.35,1526600
20111229,8.36,8.54,8.21,8.54,3046500
20120102,8.7,8.99,8.5,8.99,2112400
20120103,8.95,9.15,8.9,8.94,3594400
20120104,8.92,9.12,8.8,9.05,2030900
20120105,9,9.35,8.83,8.95,2840200
20120106,9,9.11,8.86,8.94,777800
20120109,9.08,9.09,8.6,8.66,2400100
20120110,8.77,8.83,8.65,8.8,1295600
20120111,8.8,8.9,8.72,8.8,507400
20120112,8.89,8.93,8.5,8.5,1798400
20120113,8.45,8.55,8.36,8.38,856800
20120116,8.44,8.5,8.38,8.49,420700
20120117,8.53,8.56,8.27,8.39,1070300
20120118,8.41,8.47,8.32,8.4,1210500
20120119,8.39,8.47,8.31,8.38,1434400
20120120,8.42,8.46,8.28,8.3,3888100
20120123,8.29,8.32,8.05,8.08,1861000
20120124,8.04,8.13,7.85,8.1,2543000
20120126,8.2,8.27,8.01,8.08,1293000
20120127,8.08,8.25,8.03,8.19,1040600
20120130,8.15,8.2,8.02,8.16,1138700
20120131,8.15,8.28,7.82,8.02,3429600
20120201,8.05,8.3,7.97,8.3,2868200
20120202,8.3,8.39,8.06,8.09,1477600
20120203,8.08,8.25,8.03,8.2,1332900
20120206,8.18,8.23,8.09,8.12,891100
20120207,8.07,8.3,8.05,8.28,1385600
20120208,8.32,8.44,8.21,8.36,2276800
20120209,8.4,8.6,8.39,8.56,4686100
20120210,8.42,8.69,8.42,8.53,2297300
20120213,8.65,8.85,8.65,8.85,2096000
20120214,8.85,9.03,8.7,8.8,3840600
20120215,8.9,9.14,8.84,9.11,3351900
20120216,9.08,9.43,8.92,9.43,2866300
20120217,9.5,9.85,9.5,9.83,2690900
20120222,9.9,9.95,9.7,9.82,724500
20120223,9.8,9.8,9.43,9.51,1973000
20120224,9.51,9.59,9.23,9.23,1975900
20120227,9.29,10.14,9.13,9.89,4635300
20120228,10.14,10.46,10.1,10.1,7380200
20120229,10.2,10.6,10.06,10.55,5230200
20120301,10.73,11.24,10.54,10.65,7500700
20120302,10.52,10.65,10.26,10.34,3319100
20120305,10.29,10.68,10.19,10.43,3024700
20120306,10.3,10.58,10.12,10.35,1923700
20120307,10.64,11.22,10.49,11.22,4903600
20120308,11.46,11.56,11.08,11.2,3539100
20120309,11.2,11.65,10.93,11.31,4598600
20120312,11.31,11.6,11.04,11.57,2549700
20120313,11.65,12.4,11.65,12.26,3863200
20120314,12.33,12.65,12.16,12.22,3225300
20120315,12,12.09,11.71,11.8,2437600
20120316,11.93,12.01,11.22,11.46,3785000
20120319,11.38,11.87,11.21,11.7,1867600
20120320,11.55,11.75,11.35,11.49,1702800
20120321,11.49,11.68,11.31,11.35,1434100
20120322,11.4,11.4,10.74,10.89,1411900
20120323,10.8,10.99,10.6,10.67,1433700
20120326,10.43,11.24,10.43,11.23,3525500
20120327,11.51,11.79,11.23,11.5,5752800
20120328,11.59,11.7,11.4,11.66,2470700
20120329,11.49,11.76,11.41,11.46,2171200
20120330,11.5,11.88,11.4,11.5,1773900
20120402,11.54,11.99,11.45,11.9,2335700
20120403,11.94,12.1,11.63,11.8,1411200
20120404,11.79,11.96,11.44,11.84,1505300
20120405,11.8,12.1,11.71,12.08,1272000
20120409,11.96,12.18,11.79,11.86,1579200
20120410,11.8,12.12,11.55,11.81,1859200
20120411,11.95,12.01,11.26,11.29,2641700
20120412,11.25,11.63,11.23,11.63,1550200
20120413,11.4,11.56,11.12,11.24,1410700
20120416,11.35,11.45,10.96,11.1,1125200
20120417,11.21,11.48,10.99,11.35,2533600
20120418,11.43,11.48,11.28,11.4,3083200
20120419,11.31,11.37,11.03,11.19,1912000
20120420,11.2,11.45,11.01,11.01,1483700
20120423,10.91,10.91,10.42,10.7,4432400
20120424,10.65,10.91,10.5,10.8,1861700
20120425,10.98,11.17,10.74,10.89,2079800
20120426,10.82,10.99,10.62,10.81,1001700
20120427,10.9,10.96,10.61,10.73,843800
20120430,10.73,10.89,10.45,10.49,1078000
20120502,10.6,10.6,10.23,10.25,2219900
20120503,10.32,10.32,9.59,9.59,2463700
20120504,9.58,9.97,9.51,9.9,4297000
20120507,9.76,9.88,9.58,9.88,2190300
20120508,9.76,9.84,9.3,9.84,3565400
20120509,9.69,9.8,9.44,9.6,2570700
20120510,9.65,9.76,9.47,9.55,1446200
20120511,9.55,9.98,9.41,9.86,1611300
20120514,9.72,9.8,9.13,9.14,2335000
20120515,9.34,9.73,9.32,9.62,3272400
20120516,9.75,10.07,9.75,9.89,2622400
20120517,9.9,10.17,9.7,9.7,2547800
20120518,9.79,10.05,9.44,9.65,4291400
20120521,9.7,9.94,9.56,9.78,1444800
20120522,9.78,9.78,9.22,9.25,2633100
20120523,9.22,9.46,8.85,9.19,3682800
20120524,9.24,9.39,8.6,8.72,2422300
20120525,8.67,9.38,8.33,9.38,2983300
20120528,9.39,9.8,9.38,9.8,843900
20120529,9.78,9.92,9.26,9.28,2134000
20120530,9.06,9.31,8.63,9.1,3406600
20120531,9.1,9.27,8.9,9.1,1286000
20120601,8.9,9,8.55,8.72,2390100
20120604,8.7,8.8,8.45,8.47,1418300
20120605,8.6,8.84,8.51,8.78,2395000
20120606,8.86,9.27,8.86,9.27,1747900
20120608,9.05,9.66,9.04,9.6,2289700
20120611,9.66,9.69,9.23,9.38,1612300
20120612,9.5,9.6,9.21,9.48,1778700
20120613,9.5,9.73,9.31,9.55,4908300
20120614,9.55,9.7,9.36,9.7,1255900
20120615,9.67,9.7,9.22,9.65,2805900
20120618,9.52,9.55,9.37,9.5,1999100
20120619,9.56,9.7,9.42,9.55,3141900
20120620,9.6,9.68,9.32,9.58,1693000
20120621,9.56,9.65,9.23,9.23,1103900
20120622,9.22,9.5,9.12,9.35,1320000
20120625,9.13,9.42,8.97,9.25,818900
20120626,9.15,9.33,8.9,8.92,1670500
20120627,8.86,9.08,8.63,8.7,1701500
20120628,8.6,8.74,8.51,8.55,1897000
20120629,8.8,9.56,8.71,9.34,2108500
20120702,9.32,9.46,9.1,9.36,1338300
20120703,9.43,9.89,9.35,9.77,2428900
20120704,9.71,9.87,9.54,9.68,1966500
20120705,9.74,9.96,9.58,9.71,1230600
20120706,9.59,9.64,9.36,9.42,1912800
20120710,9.48,9.54,8.95,9.1,3763700
20120711,9.1,9.17,8.84,8.87,2390100
20120712,8.89,9.09,8.82,8.97,1291400
20120713,9.08,9.21,8.96,8.98,1773900
20120716,8.98,9,8.73,8.77,3050000
20120717,8.82,9.1,8.54,9,1663700
20120718,9.05,9.41,8.96,9.2,1303900
20120719,9.28,9.52,9.16,9.26,1623800
20120720,9.11,9.37,8.77,8.92,2118900
20120723,8.56,8.76,8.36,8.52,2762500
20120724,8.57,8.58,8.23,8.39,2161600
20120725,8.37,8.63,8.16,8.45,2123300
20120726,8.75,9.18,8.65,9.07,2104200
20120727,9.21,9.99,9.09,9.74,3524600
20120730,9.69,9.93,9.36,9.85,2151800
20120731,9.84,9.91,9.45,9.45,2990000
20120801,9.55,9.55,9.3,9.33,2983800
20120802,9.14,9.29,9,9.02,1640700
20120803,9.3,9.36,9.15,9.18,2718600
20120806,9.19,9.47,9.15,9.32,5197300
20120807,9.36,9.78,9.25,9.28,3448200
20120808,9.3,9.83,9.27,9.53,3094000
20120809,9.47,9.75,9.42,9.62,1143900
20120810,9.56,9.9,9.51,9.9,3318800
20120813,9.84,10.59,9.77,10.55,3467700
20120814,10.79,10.92,10.25,10.33,4755400
20120815,10.4,10.47,10.15,10.38,4920900
20120816,10.46,10.6,10.09,10.41,2935900
20120817,10.41,10.5,10.02,10.29,2669200
20120820,10.3,10.45,10.14,10.41,2117000
20120821,10.59,10.74,9.97,10.23,3016900
20120822,10.15,10.42,10.02,10.38,1683300
20120823,10.3,10.38,10,10.06,1615200
20120824,10.02,10.63,10.01,10.46,8542200
20120827,10.45,10.64,10.24,10.6,1871300
20120828,10.61,11.24,10.51,11,3670500
20120829,11.05,11.16,10.81,11.01,2478700
20120830,10.95,11.69,10.95,11.69,2617800
20120831,11.84,11.84,11.38,11.5,7095400
20120903,11.51,11.6,10.74,11.09,3995500
20120904,11.05,11.09,10.4,10.4,4599800
20120905,10.42,10.55,10.21,10.36,1506200
20120906,10.42,10.78,10.16,10.72,3882400
20120910,10.9,11.05,10.7,10.71,2390300
20120911,10.76,11.22,10.7,11.16,2262300
20120912,11.24,11.3,11.1,11.18,2507800
20120913,11.15,11.49,10.87,10.98,2477000
20120914,11.19,11.35,10.93,11.07,1907600
20120917,11.07,11.46,11.01,11.2,1242300
20120918,11.21,11.23,11.01,11.05,841300
20120919,11.1,11.44,11.1,11.38,1407000
20120920,11.24,11.24,10.27,10.61,8313600
20120921,10.6,10.93,10.47,10.8,5960400
20120924,10.79,11.55,10.79,11.55,2788300
20120925,11.48,12.02,11.38,11.81,2381400
20120926,11.91,11.98,11.55,11.89,3905000
20120927,11.96,12.2,11.36,12,2753000
20120928,11.84,11.93,11.5,11.8,4719700
20121001,11.78,12.14,11.6,11.65,3480500
20121002,11.72,12.35,11.72,12.1,2621700
20121003,12.1,12.28,11.89,11.89,2732700
20121004,11.86,12.41,11.79,12.34,2823500
20121005,12.37,12.4,12.03,12.03,1174900
20121008,12,12.37,11.96,12.13,1570800
20121009,12.25,12.25,11.78,11.98,2323100
20121010,12.04,12.09,11.5,11.55,1781700
20121011,11.7,11.94,11.4,11.56,1711000
20121015,11.8,12.33,11.7,12.15,1804200
20121016,12.25,12.28,12.03,12.15,1098200
20121017,12.05,12.3,11.76,12,2753900
20121018,12.04,12.17,11.83,12,1181500
20121019,11.98,12.14,11.85,12.1,1225800
20121022,12.05,12.06,11.41,11.58,2627300
20121023,10.99,11.05,10.45,10.45,7172100
20121024,9.81,10.41,9.81,10.28,6562800
20121025,10.36,10.58,10.12,10.16,1901700
20121026,10.18,10.51,10.1,10.51,3265700
20121029,10.49,10.7,10.32,10.7,1036900
20121030,10.73,10.73,10.48,10.61,1154100
20121031,10.66,10.69,10.4,10.5,1043800
20121101,10.5,10.8,10.48,10.7,869500
20121105,10.64,10.64,10.36,10.5,2218000
20121106,10.5,11.17,10.5,11.12,2071000
20121107,11.11,11.19,10.83,11.08,1557600
20121108,11.12,11.29,10.91,11,1519900
20121109,11,11.38,10.7,10.7,1846400
20121112,10.75,10.88,10.61,10.86,1301300
20121113,10.9,10.9,10.36,10.66,3126900
20121114,10.8,10.8,10.25,10.55,3547700
20121116,10.36,11.2,10.2,11.1,3738200
20121119,11.13,11.69,11.03,11.5,2064200
20121121,11.5,12.07,11.21,12.05,4785500
20121122,12.09,12.19,11.93,12.12,975400
20121123,12.17,12.32,12,12.09,1388600
20121126,12.02,12.14,11.63,11.98,1926300
20121127,11.99,12.08,11.74,11.74,1283400
20121128,11.54,11.95,11.54,11.8,1008700
20121129,12,12,11.45,11.83,2220300
20121130,11.83,11.85,11.28,11.6,2790800
20121203,11.64,11.65,10.01,10.71,5859900
20121204,9.9,10.35,8.96,9.05,9893900
20121205,8.25,8.9,8.1,8.8,19998300
20121206,8.8,8.99,8.37,8.46,7023000
20121207,8.3,8.65,8.25,8.45,5602200
20121210,8.37,8.63,8.37,8.63,4395500
20121211,8.65,8.65,8.12,8.17,7674500
20121212,8.29,8.45,8.22,8.45,8804200
20121213,8.39,8.84,8.35,8.59,6524400
20121214,8.63,8.72,8.54,8.55,3081900
20121217,8.55,8.8,8.47,8.74,2706800
20121218,8.76,8.84,8.62,8.77,4943200
20121219,8.74,8.83,8.45,8.55,3571800
20121220,8.59,8.74,8.56,8.7,2299000
20121221,8.6,8.73,8.55,8.73,2941400
20121226,8.68,8.85,8.6,8.81,1872100
20121227,8.85,8.85,8.41,8.55,2174000
20121228,8.6,8.67,8.41,8.48,2864100
20130102,8.57,8.83,8.56,8.83,2296600
20130103,8.8,9.3,8.78,9.2,3001800
20130104,9.19,9.23,8.91,9.08,4158200
20130107,9.09,9.17,8.83,9.04,3041700
20130108,9.02,9.15,8.95,9,3551400
20130109,9.01,9.08,8.85,8.97,1666600
20130110,9.04,9.12,8.92,9.05,1332500
20130111,9.01,9.1,8.72,8.77,1545100
20130114,8.82,9.07,8.82,8.99,4040900
20130115,8.96,9.07,8.94,8.96,2404600
20130116,8.97,9.05,8.86,9,2355600
20130117,8.99,9.68,8.96,9.64,5952300
20130118,9.7,9.96,9.7,9.91,3674200
20130121,9.86,9.98,9.55,9.8,1433500
20130122,9.71,9.94,9.53,9.94,3624100
20130123,9.88,10.38,9.86,10.38,3393500
20130124,10.39,10.65,10.03,10.15,3712200
20130128,10.22,10.26,10.02,10.06,1591700
20130129,9.98,10.28,9.95,10.1,1696700
20130130,10.09,10.43,10.07,10.22,2820600
20130131,10.25,10.32,10,10.25,3239100
20130201,10.25,10.45,10.19,10.42,4496800
20130204,10.4,10.69,10.4,10.61,4482900
20130205,10.66,10.84,10.2,10.3,7900600
20130206,10.27,10.37,9.93,10.1,6145600
20130207,10.08,10.31,9.37,9.95,5515800
20130208,9.8,10.09,9.8,9.87,3211900
20130213,10,10.11,9.8,10.08,1264000
20130214,10.12,10.14,9.85,9.88,5152600
20130215,10.06,10.18,9.91,10.01,1990100
20130218,9.98,10,9.72,9.85,3286900
20130219,9.85,9.99,9.81,9.89,2638700
20130220,9.94,9.99,9.68,9.75,2757200
20130221,9.68,9.85,9.67,9.75,2721600
20130222,9.76,10.12,9.7,9.99,5574500
20130225,10.04,10.15,9.78,9.92,2615000
20130226,9.88,10.07,9.85,9.88,2696400
20130227,9.86,10.16,9.84,10.09,4456400
20130228,10.05,10.15,9.82,9.85,1677900
20130301,9.75,9.75,9.26,9.4,5597000
20130304,9.3,9.52,9.29,9.45,2140100
20130305,9.45,9.48,8.94,9,5855500
20130306,9.05,9.25,9.01,9.07,4224100
20130307,9.16,9.24,8.89,9,3789000
20130308,9,9.09,8.93,9.06,2030800
20130311,9.1,9.43,9.02,9.41,4292000
20130312,9.37,9.63,9.36,9.58,4213900
20130313,9.62,9.72,9.4,9.44,3092500
20130314,9.46,9.61,9.12,9.12,1756200
20130315,9.13,9.38,9.08,9.36,3350600
20130318,9.25,9.6,9.22,9.5,1268700
20130319,9.5,9.5,9.1,9.1,1563700
20130320,9.11,9.24,9.06,9.15,1280200
20130321,9.18,9.28,8.86,8.9,2685000
20130322,8.89,9.08,8.87,8.92,1531900
20130325,8.87,8.89,8.71,8.72,1335000
20130326,8.74,9.2,8.74,9.15,4360700
20130327,9.03,9.13,8.86,8.9,1233800
20130328,8,8.47,7.95,8.44,15942500
20130401,8.31,8.38,8.19,8.35,4093700
20130402,8.28,8.38,8,8,7430600
20130403,8.03,8.17,7.96,8.03,6566200
20130404,8,8.03,7.8,7.84,1839500
20130405,7.79,8.08,7.7,7.92,1713600
20130408,7.93,8.07,7.59,7.7,1811300
20130409,7.69,8.04,7.66,7.82,1968200
20130410,7.92,8.1,7.68,7.68,5341700
20130411,7.77,7.8,7.47,7.47,3334200
20130412,7.48,7.64,7.21,7.37,2517600
20130415,7.3,7.3,6.55,6.55,3460100
20130416,6.69,6.8,6.25,6.28,5025500
20130417,6.15,6.24,5.86,5.94,9773700
20130418,5.99,6.34,5.75,6.34,13435000
20130419,6.32,6.4,6.16,6.25,3584900
20130422,6.14,6.59,6.14,6.5,5718200
20130423,6.55,6.66,6.45,6.51,2962700
20130424,6.46,6.61,6.45,6.55,1892000
20130425,6.61,6.8,6.37,6.73,5144100
20130426,6.66,6.85,6.4,6.49,6518000
20130429,6.59,6.59,6.45,6.48,2694200
20130430,6.45,6.89,6.42,6.81,2752500
20130502,6.75,6.9,6.54,6.9,2171500
20130503,6.95,7.02,6.82,6.97,5022400
20130506,6.85,7.02,6.72,6.98,3962300
20130507,7.05,7.2,6.95,7.04,5201700
20130508,7,7.1,6.85,6.87,2598200
20130509,6.95,6.97,6.47,6.5,2894300
20130510,6.52,6.62,6.22,6.5,5734800
20130513,6.52,6.71,6.41,6.6,2901200
20130514,6.64,7.6,6.58,7.45,7134800
20130515,7.38,7.92,7.21,7.63,6037500
20130516,7.53,7.99,7.53,7.89,3607500
20130517,7.84,7.96,7.46,7.64,4899700
20130520,7.47,7.62,7.38,7.49,2022000
20130521,7.59,7.59,7.27,7.3,3588200
20130522,7.26,7.69,7.2,7.47,5844800
20130523,7.32,7.47,7.31,7.35,2870800
20130524,7.3,7.71,7.22,7.71,5497800
20130527,7.79,8.05,7.62,7.97,2049900
20130528,8.14,8.24,7.8,7.8,3306200
20130529,7.75,7.96,7.57,7.67,2883400
20130531,7.58,7.89,7.3,7.58,2902800
20130603,7.63,7.81,7.44,7.75,2804200
20130604,7.88,7.96,7.57,7.66,2152500
20130605,7.67,7.88,7.32,7.5,3726600
20130606,7.5,7.77,7.33,7.74,6427400
20130607,7.56,7.88,7.39,7.45,2139000
20130610,8.09,8.35,7.85,7.92,11133100
20130611,7.8,8.07,7.63,7.67,6530900
20130612,8,8,7.37,7.68,7269800
20130613,7.59,7.66,7.49,7.55,4243700
20130614,7.51,7.55,7.11,7.49,4765000
20130617,7.42,7.57,6.85,7,3579600
20130618,6.83,7.05,6.62,7.05,3077700
20130619,7.02,7.17,6.45,6.45,2639800
20130620,6.3,6.9,5.82,6.88,4346900
20130621,6.76,7.24,6.65,6.96,5478500
20130624,6.8,7.38,6.7,7.17,3180600
20130625,7.3,7.54,6.95,7.42,2531300
20130626,7.49,7.55,7.15,7.43,3742800
20130627,7.35,7.54,7.27,7.47,6165000
20130628,7.44,7.5,7.22,7.5,3273600
20130701,7.45,7.88,7.42,7.72,1902300
20130702,7.75,7.75,7.16,7.22,3252800
20130703,7.06,7.53,7.02,7.22,1919600
20130704,7.34,7.58,7.17,7.2,3135800
20130705,7.15,7.44,6.96,7.18,2249100
20130708,7.13,7.5,7.03,7.3,4065700
20130710,7.38,7.39,7.06,7.3,1071000
20130711,7.39,7.66,7.28,7.63,3504200
20130712,7.6,7.68,7.2,7.4,1579400
20130715,7.48,7.55,7.31,7.45,1640200
20130716,7.45,7.57,7.31,7.45,2022900
20130717,7.46,7.63,7.35,7.41,3293700
20130718,7.38,7.5,7.33,7.41,2334100
20130719,7.41,7.45,7.12,7.2,1422300
20130722,7.22,7.48,7.2,7.4,1337100
20130723,7.45,7.55,7.4,7.44,882400
20130724,7.43,7.49,7.14,7.16,1879300
20130725,7.12,7.39,7.07,7.3,1705500
20130726,7.26,7.48,7.24,7.45,1486900
20130729,7.39,7.5,7.32,7.45,1183400
20130730,7.45,7.48,7.15,7.15,1030300
20130731,7.11,7.29,7.09,7.21,5477600
20130801,7.29,7.34,7.07,7.14,1932400
20130802,7.11,7.26,6.91,6.91,1293800
20130805,6.89,7.13,6.8,7.1,2074100
20130806,7.19,7.19,6.83,6.83,2653100
20130807,6.76,6.94,6.56,6.75,2040600
20130808,6.65,6.95,6.55,6.68,6084100
20130809,6.73,6.77,6.45,6.47,3705000
20130812,6.48,6.62,6.24,6.32,5725800
20130813,6.31,6.38,6.05,6.08,4378100
20130814,6.1,6.14,5.93,5.93,9374700
20130815,5.92,5.99,5.82,5.86,6966700
20130816,5.83,5.93,5.63,5.86,13339300
20130819,5.94,5.99,5.74,5.85,4602500
20130820,5.82,5.85,5.76,5.84,2739200
20130821,5.83,6.09,5.82,5.9,4247500
20130822,5.96,6.21,5.9,6.19,2605700
20130823,6.23,6.24,5.95,6,3919100
20130826,5.95,5.96,5.82,5.85,2854000
20130827,5.75,5.94,5.65,5.9,5145400
20130828,5.9,5.99,5.8,5.95,3832600
20130829,6,6.09,5.98,6.02,3253900
20130830,6.05,6.16,6,6.12,6140800
20130902,6.17,6.38,6.14,6.38,3342100
20130903,6.39,6.65,6.34,6.6,3701800
20130904,6.72,6.85,6.54,6.65,3068700
20130905,6.64,6.85,6.43,6.75,4391600
20130906,6.87,6.88,6.64,6.8,2518800
20130909,6.8,6.9,6.7,6.89,2523700
20130910,6.93,6.96,6.71,6.85,1581100
20130911,6.87,6.87,6.73,6.75,2258900
20130912,6.73,6.8,6.57,6.61,2257800
20130913,6.62,6.65,6.45,6.47,2718800
20130916,6.45,6.72,6.42,6.46,3633300
20130917,6.41,6.56,6.39,6.56,1818800
20130918,6.59,6.7,6.5,6.55,2758700
20130919,6.56,6.57,6.3,6.33,7883000
20130920,6.35,6.42,6.25,6.3,1651800
20130923,6.29,6.29,5.93,6,3916000
20130924,6.03,6.14,5.96,6.01,7580900
20130925,6.02,6.15,6,6.14,1311100
20130926,6.15,6.24,6.1,6.1,1721400
20130927,6.05,6.09,5.94,5.95,1811300
20130930,5.91,6.06,5.83,6.05,2532400
20131001,6.07,6.13,5.92,6.01,1552400
20131002,5.95,6.04,5.91,5.91,3690800
20131003,5.9,5.98,5.81,5.84,1226000
20131004,5.82,5.89,5.81,5.86,831700
20131007,5.83,5.86,5.66,5.74,1347700
20131008,5.71,5.78,5.68,5.76,1290500
20131009,5.79,5.8,5.56,5.61,2035900
20131010,5.65,5.66,5.3,5.32,4883300
20131011,5.32,5.47,5.31,5.46,2353200
20131014,5.44,5.5,5.4,5.45,2320300
20131015,5.5,5.5,5.36,5.42,2149500
20131016,5.41,5.51,5.38,5.39,3618900
20131017,5.38,5.45,5.3,5.37,1983400
20131018,5.36,5.41,5.34,5.37,1901800
20131021,5.38,5.47,5.33,5.37,2344800
20131022,5.38,5.47,5.33,5.35,2550000
20131023,5.34,5.4,5.23,5.23,1944800
20131024,5.22,5.27,5.09,5.1,6820900
20131025,5.07,5.07,4.92,5,2272300
20131028,5.04,5.08,4.98,5.03,4922300
20131029,5.03,5.05,4.96,4.99,1583500
20131030,4.96,5.02,4.75,4.81,1999000
20131031,4.77,4.78,4.37,4.55,6864000
20131101,4.59,4.65,4.42,4.59,6212700
20131104,4.66,4.85,4.62,4.8,2311600
20131105,4.8,4.84,4.41,4.48,3868300
20131106,4.46,4.54,4.12,4.15,5412800
20131107,4.13,4.5,3.93,4.46,7018400
20131108,4.45,4.62,4.24,4.47,2962800
20131111,4.55,4.55,4.33,4.45,1587400
20131112,4.44,4.5,4.23,4.3,2245200
20131113,4.33,4.44,4.21,4.34,4390500
20131114,4.4,4.4,4.3,4.33,2668000
20131118,4.32,4.37,4.19,4.2,3175300
20131119,4.18,4.19,3.96,4.13,6013600
20131121,4.05,4.22,4.01,4.22,6438200
20131122,4.21,4.47,4.21,4.39,3946400
20131125,4.45,4.49,4.34,4.44,2085600
20131126,4.45,4.45,4.21,4.22,3641700
20131127,4.21,4.28,4.16,4.25,2298700
20131128,4.27,4.36,4.25,4.26,1153300
20131129,4.27,4.34,4.23,4.32,1830700
20131202,4.29,4.35,4.24,4.27,2227500
20131203,4.22,4.28,4.03,4.18,3848600
20131204,4.19,4.21,4.03,4.08,2722100
20131205,4.06,4.12,4,4,1899200
20131206,4.01,4.08,3.99,4.06,1873500
20131209,4.05,4.13,4.02,4.1,2147200
20131210,4.12,4.12,3.98,3.98,1940800
20131211,3.99,4.02,3.83,3.85,2373200
20131212,3.84,3.95,3.76,3.95,2628900
20131213,3.95,4,3.88,3.95,2060500
20131216,3.92,4,3.88,3.94,1567100
20131217,3.93,3.94,3.82,3.89,1921000
20131218,3.88,3.92,3.81,3.88,4697000
20131219,3.88,4.04,3.87,4,3873400
20131220,4.04,4.08,3.96,4.08,4219800
20131223,4.1,4.12,3.95,4,4134300
20131226,4.01,4.01,3.88,3.9,4501100
20131227,3.89,3.93,3.85,3.9,3409600
20131230,3.9,4,3.88,4,2668000
20140102,4.05,4.05,3.83,3.85,3258900
20140103,3.85,3.97,3.83,3.97,6295700
20140106,4.08,4.12,3.97,4.07,4407800
20140107,4.07,4.37,4.07,4.15,12109500
20140108,4.2,4.27,4.1,4.13,2848600
20140109,4.12,4.14,4.03,4.08,3987100
20140110,4.05,4.2,4.05,4.16,3961900
20140113,4.2,4.3,4.17,4.3,2601000
20140114,4.31,4.44,4.24,4.4,4603600
20140115,4.43,4.5,4.35,4.43,4717400
20140116,4.42,4.54,4.36,4.5,3703300
20140117,4.54,4.65,4.43,4.61,5267100
20140120,4.65,4.7,4.61,4.67,1567900
20140121,4.67,4.88,4.57,4.83,4798100
20140122,4.85,4.97,4.79,4.9,7454900
20140123,4.93,5,4.8,4.8,3999900
20140124,4.76,4.76,4.58,4.6,1551600
20140127,4.64,4.69,4.43,4.5,1928900
20140128,4.54,4.62,4.38,4.49,1744500
20140129,4.51,4.52,4.34,4.41,1337600
20140130,4.38,4.43,4.23,4.26,1294100
20140131,4.15,4.23,4.11,4.16,2206600
20140203,4.14,4.24,3.97,4.07,2046600
20140204,4.07,4.11,3.94,3.99,2510000
20140205,3.98,4.02,3.8,3.8,2886700
20140206,3.83,3.98,3.82,3.95,6206800
20140207,3.95,4.08,3.93,4.08,2419300
20140210,4.09,4.12,3.85,3.85,2531300
20140211,3.85,4.06,3.85,4.03,2358000
20140212,4.06,4.07,3.93,3.98,3019100
20140213,3.99,3.99,3.83,3.9,2842600
20140214,3.92,4.03,3.91,3.93,1839900
20140217,3.96,3.98,3.9,3.93,787400
20140218,3.9,3.91,3.52,3.6,5260900
20140219,3.65,3.76,3.47,3.7,4845100
20140220,3.68,3.86,3.63,3.85,1909700
20140221,3.85,3.93,3.78,3.88,1275800
20140224,3.85,3.94,3.84,3.9,720100
20140225,3.87,3.92,3.85,3.86,857900
20140226,3.88,3.92,3.79,3.81,1098600
20140227,3.84,4.12,3.84,4.1,2211700
20140228,4.11,4.19,4,4.1,2636200
20140305,4.11,4.22,4.02,4.02,1266300
20140306,4.06,4.13,3.96,3.96,1355100
20140307,3.98,4.08,3.92,3.98,2033100
20140310,4.04,4.15,3.91,3.91,2369800
20140311,3.95,3.98,3.84,3.87,1995000
20140312,3.85,3.95,3.84,3.92,1564900
20140313,3.94,3.98,3.9,3.9,1402700
20140314,3.92,3.96,3.84,3.9,2632100
20140317,3.9,3.91,3.73,3.73,1557500
20140318,3.73,3.91,3.71,3.89,1442100
20140319,3.9,3.97,3.81,3.96,1819300
20140320,3.93,4.13,3.91,4,2463400
20140321,3.97,4.1,3.94,4.1,3035900
20140324,4.15,4.31,4.12,4.18,2275200
20140325,4.2,4.28,4.1,4.14,1959400
20140326,4.17,4.24,3.99,3.99,2848800
20140327,4,4.16,4,4.13,4266300
20140328,4.14,4.26,4.12,4.25,1352400
20140331,4.26,4.46,4.26,4.39,2005600
20140401,4.41,4.48,4.32,4.43,1357400
20140402,4.46,4.61,4.39,4.59,3604200
20140403,4.56,4.67,4.5,4.6,1807900
20140404,4.66,4.78,4.58,4.58,2060100
20140407,4.67,4.68,4.59,4.6,1126300
20140408,4.7,4.78,4.47,4.5,2892900
20140409,4.45,4.57,4.4,4.47,1898600
20140410,4.47,4.53,4.31,4.31,1613100
20140411,4.28,4.42,4.25,4.42,1410300
20140414,4.4,4.53,4.34,4.43,700800
20140415,4.39,4.44,4.08,4.18,6754400
20140416,4.26,4.43,4.21,4.38,3023100
20140417,4.44,4.46,4.33,4.43,1635300
20140422,4.42,4.51,4.37,4.4,1080200
20140423,4.37,4.4,4.21,4.22,1307200
20140424,4.24,4.25,4.09,4.17,2038200
20140425,4.13,4.2,3.99,4.17,1464300
20140428,4.12,4.2,4.08,4.15,867100
20140429,4.17,4.29,4.14,4.24,1412500
20140430,4.19,4.21,4.09,4.16,863200
20140502,4.14,4.55,4.14,4.55,7590300
20140505,4.55,4.71,4.53,4.65,2861500
20140506,4.64,4.73,4.55,4.61,1147700
20140507,4.55,4.69,4.5,4.65,1628800
20140508,4.69,4.69,4.44,4.49,1278900
20140509,4.45,4.72,4.44,4.69,2478600
20140512,4.7,4.85,4.69,4.8,3099800
20140513,4.82,4.89,4.8,4.8,1866800
20140514,4.77,4.79,4.62,4.75,4044700
20140515,4.82,4.83,4.71,4.82,628500
20140516,4.82,4.88,4.8,4.84,1172800
20140519,4.84,4.84,4.74,4.74,4531500
20140520,4.76,4.87,4.58,4.6,1805900
20140521,4.63,4.66,4.47,4.51,966400
20140522,4.48,4.82,4.48,4.78,1582100
20140523,4.78,4.92,4.77,4.85,3595500
20140526,4.86,5,4.86,4.96,1845700
20140527,5,5.1,4.93,4.98,2287300
20140528,5.01,5.08,4.98,5.01,1773800
20140529,5,5.18,4.93,5.09,3812400
20140530,5.06,5.33,5.06,5.3,5040500
20140602,5.3,5.4,5.21,5.21,4470400
20140603,5.22,5.47,5.16,5.42,3414500
20140604,5.49,5.7,5.45,5.55,3149200
20140605,5.56,5.67,5.44,5.5,5038700
20140606,5.65,5.75,5.56,5.75,4012000
20140609,5.74,6.08,5.66,6.06,2957900
20140610,6.05,6.15,5.95,6.08,2652800
20140611,6.15,6.19,6.03,6.07,2088400
20140613,6.02,6.18,5.99,6.15,4234400
20140616,6.15,6.19,6.06,6.07,2787700
20140617,6.06,6.15,6.03,6.11,2112500
20140618,6.11,6.17,6.07,6.1,3458700
20140620,6.11,6.12,5.73,5.84,2683100
20140623,5.84,5.91,5.73,5.78,2638800
20140624,5.81,5.9,5.49,5.49,3233700
20140625,5.5,5.6,5.46,5.6,3970400
20140626,5.62,5.7,5.57,5.6,3159200
20140627,5.7,6,5.7,5.89,5089600
20140630,5.99,6.05,5.9,5.96,2327100
20140701,5.97,6.04,5.92,5.92,2782200
20140702,5.94,5.98,5.75,5.83,2247400
20140703,5.83,5.94,5.78,5.85,1752000
20140704,5.88,5.93,5.82,5.9,824100
20140707,5.85,5.91,5.81,5.85,1450200
20140708,5.84,5.93,5.79,5.92,1186000
20140710,5.97,6.01,5.88,5.92,2264500
20140711,5.97,6,5.93,5.95,1370600
20140714,5.99,6.09,5.97,6,1591500
20140715,6,6.5,6,6.43,3987000
20140716,6.48,6.61,6.33,6.5,4072900
20140717,6.54,6.66,6.21,6.58,4355800
20140718,6.68,6.89,6.65,6.78,3196700
20140721,6.78,6.95,6.75,6.88,1947600
20140722,6.85,7.05,6.83,6.97,2330100
20140723,6.95,6.97,6.61,6.8,2975200
20140724,6.78,6.84,6.64,6.68,1719600
20140725,6.67,6.69,6.51,6.59,1019800
20140728,6.63,6.65,6.3,6.43,1488300
20140729,6.33,6.48,6.23,6.36,1312400
20140730,6.35,6.67,6.33,6.66,2215100
20140731,6.65,6.69,6.5,6.62,2304000
20140801,6.64,6.77,6.49,6.7,1654400
20140804,6.7,6.84,6.5,6.62,2378800
20140805,6.6,6.64,6.45,6.52,1397000
20140806,6.52,6.7,6.4,6.56,2335200
20140807,6.7,6.74,6.35,6.48,1557000
20140808,6.52,6.77,6.48,6.7,2453400
20140811,6.79,6.95,6.74,6.88,3841000
20140812,6.88,6.97,6.54,6.7,2389600
20140813,6.7,6.84,6.52,6.54,3816300
20140814,6.54,6.58,6.34,6.34,4582000
20140815,6.28,6.37,6.04,6.28,3123400
20140818,6.28,6.36,6.05,6.07,4269700
20140819,6.05,6.31,5.98,6.31,3270500
20140820,6.35,6.36,6.19,6.35,1780300
20140821,6.38,6.69,6.38,6.59,2682800
20140822,6.58,6.69,6.52,6.67,1113900
20140825,6.7,6.84,6.65,6.84,1787000
20140826,6.85,7.04,6.81,6.97,3646700
20140827,7.03,7.36,7,7.3,4064500
20140828,7.35,7.59,7.32,7.55,2600700
20140829,7.65,7.75,7.36,7.6,2988100
20140901,7.62,7.75,7.36,7.45,2505600
20140902,7.43,7.57,7.21,7.44,2992100
20140903,7.45,7.51,7.35,7.44,2085100
20140904,7.38,7.59,7.36,7.42,2811600
20140905,7.47,7.52,7.07,7.19,1971000
20140908,7.23,7.3,6.85,6.87,2331100
20140909,6.76,7.01,6.56,6.9,2690000
20140910,6.89,6.93,6.73,6.8,1865300
20140911,6.86,7.14,6.84,7.1,2193400
20140912,7.1,7.2,6.88,6.94,2864400
20140915,6.89,7.2,6.81,7.07,2579300
20140916,7.1,7.34,7.09,7.2,3820600
20140917,7.25,7.36,7.16,7.19,2441600
20140918,7.15,7.15,6.71,6.76,4281500
20140919,6.7,6.89,6.62,6.74,1682000
20140922,6.6,6.64,6.5,6.57,1704600
20140923,6.55,6.86,6.41,6.83,2953800
20140924,6.86,6.89,6.63,6.76,1901100
20140925,6.71,6.8,6.65,6.71,1587700
20140926,6.78,6.78,6.65,6.67,1106900
20140929,6.43,6.85,6.43,6.57,2959200
20140930,6.62,6.79,6.45,6.66,2056500
20141001,6.6,6.6,6.17,6.2,4394900
20141002,6.16,6.4,6.02,6.33,2710100
20141003,6.31,6.47,6.28,6.4,1366800
20141006,6.6,7,6.6,7,2559800
20141007,7.12,7.3,7.05,7.17,2942500
20141008,7.28,7.29,6.92,7.02,3018000
20141009,7.07,7.26,6.95,6.96,1725700
20141010,6.9,7,6.56,6.63,2275200
20141013,6.78,6.85,6.65,6.69,1358900
20141014,6.75,6.84,6.57,6.84,1857700
20141015,6.71,6.72,6.52,6.6,2218200
20141016,6.48,6.55,6.25,6.27,2069200
20141017,6.35,6.52,6.35,6.45,1324900
20141020,6.45,6.59,6.05,6.11,1735700
20141021,5.96,6.17,5.83,6,2350800
20141022,6.02,6.14,5.73,5.87,1342500
20141023,5.85,5.89,5.39,5.44,2658400
20141024,5.47,5.74,5.41,5.56,3444500
20141027,5.01,5.38,4.95,5.13,5890100
20141028,5.2,5.58,5.2,5.58,3529900
20141029,5.58,5.69,5.31,5.31,3203800
20141030,5.35,5.54,5.33,5.53,1646100
20141031,5.53,6.05,5.53,6.05,2877500
20141103,6.06,6.06,5.71,5.83,2342500
20141104,5.85,5.94,5.77,5.86,2622500
20141105,5.86,6.09,5.8,6,2099400
20141106,5.9,6.08,5.9,5.98,1983600
20141107,6.03,6.08,5.8,5.8,2015400
20141110,5.93,5.93,5.62,5.68,3030600
20141111,5.62,5.89,5.62,5.88,1541500
20141112,5.96,6.06,5.83,6.06,2449000
20141113,6.09,6.22,5.67,5.9,4115000
20141114,5.82,5.82,5.63,5.68,2085500
20141117,5.68,5.84,5.54,5.62,1937400
20141118,5.62,5.68,5.43,5.55,2872400
20141119,5.57,5.89,5.55,5.89,2231900
20141121,5.85,6.43,5.85,6.42,2296400
20141124,6.78,6.81,6.12,6.25,2842000
20141125,6.28,6.69,6.19,6.37,2195500
20141126,6.44,6.61,6.4,6.47,1365300
20141127,6.45,6.62,6.3,6.4,1189600
20141128,6.5,6.6,6.36,6.54,867200
20141201,6.41,6.5,6.05,6.05,1378200
20141202,6.1,6.13,5.5,5.5,3697100
20141203,5.56,6.2,5.56,6.03,3205500
20141204,6.08,6.08,5.59,5.64,2931200
20141205,5.71,5.79,5.55,5.61,1874400
20141208,5.53,5.59,5.33,5.36,1218800
20141209,5.33,5.52,5.28,5.49,1255200
20141210,5.48,5.63,5.47,5.55,1020900
20141211,5.59,5.78,5.41,5.75,1491100
20141212,5.73,5.84,5.43,5.49,1561500
20141215,5.6,5.6,5.11,5.3,1561800
20141216,5.19,5.44,5.15,5.21,1558300
20141217,5.28,5.65,5.13,5.61,3755000
20141218,5.6,5.8,5.54,5.75,2346200
20141219,5.73,5.9,5.62,5.73,1087700
20141222,5.7,5.91,5.52,5.84,1571200
20141223,5.78,6.1,5.75,5.99,1105600
20141226,5.97,6.15,5.97,6.05,536400
20141229,6.04,6.2,5.98,6.15,745200
20141230,6.19,6.26,6.1,6.1,938700
20150102,6.15,6.2,5.66,5.66,1278800
20150105,5.59,5.62,5.22,5.22,2047700
20150106,5.28,5.51,5.01,5.12,3016400
20150107,5.19,5.39,5.16,5.31,3209900
20150108,5.36,5.6,5.31,5.45,2086700
20150109,5.44,5.58,5.33,5.5,1042600
20150112,5.4,5.64,5.33,5.35,1623800
20150113,5.37,5.41,5.18,5.19,2101900
20150114,5.15,5.46,4.77,4.82,4037600
20150115,4.74,5.25,4.59,5.15,10888800
20150116,5.17,5.45,5.16,5.38,2112900
20150119,5.45,5.45,5.04,5.09,1474700
20150120,5.16,5.2,4.87,4.9,3122600
20150121,4.94,5.12,4.91,4.98,2871700
20150122,5.05,5.33,5.04,5.3,3766400
20150123,5.24,5.33,5,5.05,2470800
20150126,5.03,5.08,4.78,4.95,1438500
20150127,4.96,5.16,4.82,5.06,3052700
20150128,5.03,5.1,4.92,4.92,2086600
20150129,4.95,5.06,4.89,5,1010600
20150130,4.94,5,4.81,5,1583600
20150202,5.04,5.04,4.86,4.91,1414100
20150203,4.94,4.98,4.8,4.82,1993700
20150204,4.82,4.87,4.59,4.65,2364000
20150205,4.58,4.76,4.52,4.72,1920600
20150206,4.67,4.74,4.43,4.54,1435200
20150209,4.49,4.62,4.47,4.62,968300
20150210,4.65,4.66,4.52,4.55,1587200
20150211,4.52,4.58,4.45,4.45,1577200
20150212,4.48,4.55,4.32,4.4,3183400
20150213,4.43,4.64,4.42,4.62,4425300
20150218,4.68,4.84,4.66,4.79,2362900
20150219,4.77,4.92,4.71,4.87,1575500
20150220,4.85,4.95,4.78,4.85,1340500
20150223,4.81,4.99,4.81,4.94,1127400
20150224,4.94,5.05,4.86,5.05,1544400
20150225,4.97,5.03,4.9,5,1256400
20150226,5.02,5.13,4.91,5,1339800
20150227,5.03,5.09,4.82,4.82,1894300
20150302,4.8,4.9,4.71,4.84,3529300
20150303,4.85,4.91,4.56,4.68,2599600
20150304,4.67,4.67,4.41,4.45,3043400
20150305,4.46,4.55,4.43,4.48,2853000
20150306,4.49,4.53,4.27,4.3,3008000
20150309,4.22,4.29,4.01,4.04,2618800
20150310,4.01,4.33,3.96,4.33,2401800
20150311,4.38,4.43,4.11,4.19,1777200
20150312,4.22,4.34,4.12,4.21,2218900
20150313,4.16,4.26,4.07,4.17,2261300
20150316,4.17,4.28,4.09,4.09,1213800
20150317,4.14,4.34,4.08,4.25,1766400
20150318,4.22,4.6,4.16,4.53,3868500
20150319,4.53,4.6,4.26,4.29,1290300
20150320,4.4,4.57,4.31,4.38,2072900
20150323,4.31,4.52,4.25,4.3,3102600
20150324,4.31,4.35,4.18,4.25,2078500
20150325,4.28,4.3,4.12,4.14,3652400
20150326,4.15,4.21,4.03,4.04,2838000
20150327,4.06,4.21,3.96,3.98,5677300
20150330,4.04,4.08,4,4.05,1447000
20150331,4.03,4.07,3.99,4.04,2086700
20150401,4.05,4.17,4.03,4.08,2020900
20150402,4.11,4.21,4.11,4.15,3527800
20150406,4.23,4.54,4.15,4.54,4922800
20150407,4.58,4.68,4.36,4.45,3322500
20150408,4.52,4.52,4.31,4.4,1228500
20150409,4.36,4.46,4.35,4.35,2034800
20150410,4.36,4.5,4.32,4.5,1378600
20150413,4.5,4.5,4.35,4.35,1518700
20150414,4.35,4.37,4.15,4.15,2299900
20150415,4.18,4.3,4.16,4.16,2279400
20150416,4.18,4.27,4.16,4.17,1227000
20150417,4.16,4.19,4.1,4.1,1543200
20150420,4.19,4.19,3.97,4,2423100
20150422,4.01,4.16,4.01,4.1,1611500
20150423,4.1,4.25,4.08,4.25,1389000
20150424,4.26,4.31,4.16,4.19,2008400
20150427,4.2,4.22,4.09,4.15,1132700
20150428,4.19,4.19,4.05,4.1,1193300
20150429,4.06,4.11,4.05,4.07,760600
20150430,4.05,4.24,4.05,4.24,1446300
20150504,4.21,4.35,4.19,4.31,1300200
20150505,4.3,4.81,4.25,4.74,3109100
20150506,4.73,5.09,4.5,4.5,4157600
20150507,4.53,4.73,4.36,4.36,3570100
20150508,4.36,4.49,4.24,4.4,4025200
20150511,4.38,4.47,4.25,4.38,2190600
20150512,4.4,4.42,4.24,4.25,1938100
20150513,4.27,4.28,4.07,4.07,2171500
20150514,4.1,4.26,4.07,4.07,2652300
20150515,4.1,4.14,4.08,4.08,1498300
20150518,4.1,4.11,4.01,4.04,1729300
20150519,4.07,4.2,4.04,4.17,3440100
20150520,4.31,4.38,4.12,4.2,7207200
20150521,4.22,4.3,4.06,4.3,6707800
20150522,4.29,4.31,4.18,4.24,3024900
20150525,4.26,4.26,4.14,4.14,1243000
20150526,4.15,4.26,4.06,4.2,3155300
20150527,4.24,4.24,4.09,4.21,3272000
20150528,4.16,4.25,4.12,4.19,1802400
20150529,4.2,4.22,4.07,4.07,2389700
20150601,4.07,4.13,4.04,4.06,2440900
20150602,4.06,4.08,4.02,4.05,4199900
20150603,4.05,4.07,3.98,4.01,1959800
20150605,3.98,4.03,3.98,4.01,1664900
20150608,4.04,4.05,3.85,3.86,3428300
20150609,3.86,3.92,3.79,3.9,4521400
20150610,3.94,3.97,3.82,3.9,2647000
20150611,3.95,4.18,3.9,4.05,7930000
20150612,4.07,4.1,3.98,4.09,2636900
20150615,4.06,4.26,4.02,4.25,3519000
20150616,4.25,4.57,4.18,4.5,3667000
20150617,4.55,4.63,4.35,4.5,4341700
20150618,4.62,4.74,4.5,4.7,4372600
20150619,4.65,4.83,4.6,4.83,2986700
20150622,5.42,5.54,5.05,5.3,17927200
20150623,5.34,5.78,5.23,5.7,7949100
20150624,5.75,5.9,5.44,5.5,10763600
20150625,5.4,5.48,5.25,5.38,10156700
20150626,5.35,5.62,5.28,5.6,5529600
20150629,5.5,5.75,5.45,5.64,2916300
20150630,5.81,5.84,5.55,5.69,3550600
20150701,5.7,5.76,5.46,5.65,3169100
20150702,5.66,5.72,5.38,5.47,4039300
20150703,5.4,5.44,5.28,5.32,2077700
20150706,5.19,5.55,5.16,5.46,1990500
20150707,5.42,5.54,5.25,5.43,2592100
20150708,5.34,5.65,5.33,5.55,2233600
20150710,5.65,5.75,5.58,5.59,3551100
20150713,5.65,5.67,5.46,5.59,1130500
20150714,5.57,5.62,5.49,5.49,1293900
20150715,5.52,5.59,5.42,5.55,1014500
20150716,5.6,5.7,5.56,5.6,2063900
20150717,5.62,5.67,5.5,5.55,1147400
20150720,5.52,5.56,5.31,5.4,3043600
20150721,5.4,5.46,5.36,5.36,1442200
20150722,5.3,5.38,5.18,5.31,1122200
20150723,5.24,5.26,5.05,5.18,4490600
20150724,5.12,5.16,4.96,5.02,1553200
20150727,4.98,5.08,4.86,4.99,1715500
20150728,4.95,5.16,4.94,5.16,1723300
20150729,5.23,5.24,5.08,5.18,1115900
20150730,5.17,5.39,5.06,5.39,1795000
20150731,5.47,5.47,5.3,5.31,2036600
20150803,5.34,5.44,5.02,5.19,3852000
20150804,5.17,5.39,5.13,5.39,1591900
20150805,5.44,5.48,5.23,5.33,1685500
20150806,5.22,5.31,5.13,5.2,1943500
20150807,5.2,5.35,5.2,5.27,1894700
20150810,5.32,5.7,5.21,5.61,1967700
20150811,5.62,5.8,5.55,5.75,3554200
20150812,5.87,6.05,5.72,6.02,6466700
20150813,6.09,6.2,6.05,6.1,6839000
20150814,6.03,6.34,5.96,6.26,4282700
20150817,6.27,6.4,6.15,6.25,2857800
20150818,6.19,6.35,6.19,6.3,3138500
20150819,6.24,6.3,5.94,6.15,3457300
20150820,6.06,6.25,5.9,6.25,3046600
20150821,6.17,6.35,6.12,6.26,2655900
20150824,5.99,6.16,5.75,6.15,3116100
20150825,6.21,6.34,6.06,6.14,1852700
20150826,6.14,6.68,6.08,6.42,4425400
20150827,6.53,6.7,6.43,6.43,4165500
20150828,6.39,6.53,6.27,6.41,3183100
20150831,6.4,6.48,6.17,6.4,3057100
20150901,6.3,6.61,6.26,6.41,2999900
20150902,6.5,6.7,6.45,6.54,3985600
20150903,6.59,6.79,6.54,6.64,2900300
20150904,6.65,6.8,6.55,6.65,2138500
20150908,6.75,6.89,6.65,6.78,1961400
20150909,6.86,6.92,6.45,6.46,4343200
20150910,6.2,6.54,6.17,6.44,3612600
20150911,6.38,6.7,6.38,6.63,1714800
20150914,6.69,6.92,6.64,6.81,2667600
20150915,6.8,7.12,6.7,6.72,3296800
20150916,6.79,7.03,6.76,6.9,2781900
20150917,6.82,7.05,6.82,7.01,3163300
20150918,6.92,7.02,6.78,6.81,1638100
20150921,6.76,6.91,6.58,6.72,1606600
20150922,6.53,6.78,6.53,6.69,2042300
20150923,6.75,6.94,6.57,6.71,2963500
20150924,6.71,7.01,6.51,6.86,2457800
20150925,6.94,6.99,6.61,6.68,1857700
20150928,6.7,6.83,6.63,6.7,4052700
20150929,6.84,6.84,6.67,6.8,4044600
20150930,6.9,7.25,6.88,7.17,5589300
20151001,6.8,6.97,6.16,6.45,10283500
20151002,6.5,6.83,6.22,6.83,4798200
20151005,6.87,7.12,6.71,6.86,3264200
20151006,6.88,7.03,6.82,6.98,2172900
20151007,6.98,7.05,6.58,6.81,2841800
20151008,6.82,6.98,6.82,6.88,2360500
20151009,6.83,6.86,6.37,6.66,4947400
20151013,6.65,6.77,6.46,6.49,3081600
20151014,6.55,6.57,6.24,6.24,5163100
20151015,6.3,6.48,6.21,6.43,2652100
20151016,6.39,6.58,6.33,6.48,1710400
20151019,6.46,6.56,6.35,6.41,1699000
20151020,6.41,6.47,6.23,6.3,1549900
20151021,6.29,6.37,6.17,6.25,1474700
20151022,6.3,6.41,6.28,6.4,1593000
20151023,6.47,6.59,6.36,6.46,1764500
20151026,6.46,6.57,6.4,6.47,1090000
20151027,6.47,6.68,6.42,6.57,1634500
20151028,6.53,6.68,6.48,6.49,2422200
20151029,6.48,6.68,6.38,6.53,1488900
20151030,6.5,6.59,6.34,6.37,2534000
20151103,6.37,6.58,6.35,6.48,5584400
20151104,6.5,6.66,6.33,6.4,2349600
20151105,6.41,6.5,6.35,6.36,2034200
20151106,6.45,6.55,6.4,6.44,3283500
20151109,6.46,6.5,6.18,6.42,2984600
20151110,6.45,6.49,6.2,6.35,1820400
20151111,6.36,6.5,6.36,6.48,1492900
20151112,6.48,6.58,6.44,6.44,1127000
20151113,6.35,6.42,6.25,6.25,1553100
20151116,6.27,6.43,6.27,6.39,1254300
20151117,6.42,6.6,6.42,6.56,1464100
20151118,6.6,6.63,6.5,6.5,1591000
20151119,6.59,6.59,6.31,6.35,1614400
20151123,6.55,6.59,6.43,6.59,1721100
20151124,6.51,6.78,6.5,6.73,1964200
20151125,6.72,6.74,6.23,6.49,3940700
20151126,6.46,6.61,6.33,6.33,2186400
20151127,6.37,6.45,6.13,6.33,2141700
20151130,6.29,6.29,5.88,5.88,3179400
20151201,5.91,5.99,5.48,5.84,6788400
20151202,5.8,6.24,5.75,6.14,2377500
20151203,6.24,6.36,6.16,6.19,1817000
20151204,6.13,6.22,6,6.09,1652200
20151207,6.12,6.4,6.11,6.25,2026900
20151208,6.26,6.33,6,6.23,1725300
20151209,6.31,6.45,6.23,6.34,1721700
20151210,6.36,6.45,6.23,6.35,1152800
20151211,6.26,6.52,6.26,6.42,2748000
20151214,6.39,6.49,6.26,6.26,1251000
20151215,6.3,6.4,6.19,6.31,1200800
20151216,6.27,6.33,6.14,6.22,1850800
20151217,6.27,6.45,6.21,6.22,2013200
20151218,6.18,6.45,6.04,6.25,2687700
20151221,6.29,6.39,6.02,6.14,1996800
20151222,6.18,6.22,6.1,6.2,1145200
20151223,6.24,6.45,6.22,6.35,2318500
20151228,6.36,6.52,6.34,6.35,771000
20151229,6.39,6.45,6.15,6.23,1066600
20151230,6.27,6.42,6.2,6.35,2326100
20160104,6.31,6.35,6.12,6.23,1532600
20160105,6.25,6.32,5.95,5.95,1748300
20160106,5.95,6.03,5.82,5.92,2101300
20160107,5.89,5.89,5.61,5.67,2486900
20160108,5.68,6.02,5.65,5.9,8061500
20160111,5.86,6.09,5.86,6,4160500
20160112,6.03,6.13,5.75,5.84,3205600
20160113,5.92,6.03,5.72,5.73,2210000
20160114,5.7,5.91,5.56,5.77,1962200
20160115,5.69,5.79,5.49,5.6,2784600
20160118,5.66,5.69,5.41,5.6,1758400
20160119,5.66,5.9,5.57,5.6,4604800
20160120,5.5,5.63,5.32,5.48,3445400
20160121,5.49,5.62,5.42,5.62,2311800
20160122,5.66,5.85,5.56,5.85,3231200
20160126,5.81,5.94,5.47,5.72,4485500
20160127,5.71,5.78,5.53,5.6,4484300
20160128,5.59,5.95,5.51,5.95,2053800
20160129,5.98,6.24,5.94,6.1,3815100
20160201,6.1,6.22,5.97,6.12,3384600
20160202,6.08,6.22,5.9,5.96,4011200
20160203,6,6.14,5.97,6.01,1930800
20160204,6.1,6.19,5.91,5.93,2978400
20160205,5.9,6.21,5.9,6.05,4534300
20160210,6,6.23,5.93,6,1572100
20160211,5.96,6.01,5.68,5.9,4249000
20160212,5.93,6.04,5.78,5.93,1799000
20160215,5.97,6.11,5.86,5.86,1369000
20160216,5.86,6.14,5.81,6.02,3424200
20160217,6.07,6.14,5.96,6,2541500
20160218,6,6.11,5.92,5.92,3247300
20160219,5.9,6.18,5.82,6.13,4241800
20160222,6.24,6.59,6.18,6.48,2638700
20160223,6.48,6.65,6.04,6.11,2919500
20160224,6,6.14,5.87,6.1,2484300
20160225,6.09,6.25,6,6.23,2871300
20160226,6.25,6.34,5.97,5.97,2803800
20160229,6.03,6.34,5.98,6.25,2585800
20160301,6.29,6.43,6.17,6.29,2839400
20160302,6.34,6.49,6.25,6.38,3847400
20160303,6.43,6.67,6.34,6.41,9121500
20160304,6.51,6.6,5.93,6.47,3757300
20160307,6.6,6.65,6.35,6.45,1619700
20160308,6.48,6.59,6.27,6.29,4538800
20160309,6.37,6.45,6.25,6.25,3156500
20160310,6.3,6.51,6.29,6.41,3716300
20160311,6.42,6.73,6.37,6.56,3127800
20160314,6.6,6.76,6.46,6.68,1844900
20160315,6.58,6.58,6.07,6.5,6484100
20160316,6.45,6.8,6.25,6.75,4295500
20160317,6.87,7.15,6.75,6.9,4164700
20160318,6.95,6.97,6.72,6.72,4633900
20160321,6.74,7.02,6.73,6.84,3546400
20160322,6.85,6.95,6.78,6.79,3252800
20160323,6.74,6.86,6.7,6.72,6095800
20160324,6.66,6.82,6.64,6.75,1719900
20160328,6.82,6.94,6.77,6.85,6450200
20160329,6.88,7,6.79,6.83,2361800
20160330,6.92,6.92,6.8,6.8,2486200
20160331,6.76,6.83,6.49,6.49,3582400
20160401,6.4,6.77,6.3,6.77,2825600
20160404,6.7,6.7,6.38,6.42,2336800
20160405,6.33,6.53,6.33,6.36,1117500
20160406,6.41,6.62,6.41,6.55,4453700
20160407,6.63,6.68,6.47,6.64,3708000
20160408,6.84,6.84,6.42,6.43,4879700
20160411,6.48,6.52,6.32,6.37,2094000
20160412,6.42,6.54,6.22,6.38,1991900
20160413,6.52,6.6,6.43,6.49,2290100
20160414,6.5,6.61,6.44,6.5,1946000
20160415,6.56,6.65,6.43,6.46,2182400
20160418,6.48,6.48,6.29,6.29,1661600
20160419,6.33,6.52,6.28,6.52,1673900
20160420,6.45,6.51,6.36,6.49,1038200
20160422,6.35,6.45,6.32,6.39,1178500
20160425,6.42,6.46,6.31,6.31,7026600
20160426,6.34,6.4,6.09,6.3,5717100
20160427,6.36,6.62,6.3,6.55,1711600
20160428,6.57,6.66,6.48,6.52,3309700
20160429,6.53,6.69,6.42,6.49,2047400
20160502,6.48,6.52,6.27,6.3,2776200
20160503,6.25,6.32,6.08,6.3,6561700
20160504,6.3,6.37,6.11,6.37,3285400
20160505,6.35,6.43,6.26,6.4,2735300
20160506,6.38,6.45,6.25,6.25,2893500
20160509,6.2,6.29,6.01,6.15,3852500
20160510,6.22,6.25,6.1,6.15,3387800
20160511,6.22,6.25,6.16,6.19,2267100
20160512,6.25,6.47,6.23,6.37,4558300
20160513,6.3,6.39,6.22,6.3,2094800
20160516,6.2,6.55,6.19,6.5,5227400
20160517,6.56,6.57,6.4,6.47,2256200
20160518,6.45,6.48,6.25,6.33,3809500
20160519,6.32,6.53,6.29,6.48,5001000
20160520,6.55,6.56,6.27,6.27,1760300
20160523,6.14,6.39,6.14,6.31,3000500
20160524,6.28,6.46,6.27,6.4,3069500
20160525,6.47,6.56,6.38,6.46,3821100
20160527,6.48,6.64,6.39,6.39,2465700
20160530,6.42,6.45,6.18,6.18,648700
20160531,6.15,6.3,6.05,6.29,4223100
20160601,6.31,6.37,6.2,6.25,2667100
20160602,6.26,6.29,6.15,6.2,2158300
20160603,6.23,6.29,6.11,6.11,2791500
20160606,6.15,6.18,6.07,6.07,1387200
20160607,6.08,6.18,6.04,6.16,2085800
20160608,6.17,6.21,6.06,6.14,2338400
20160609,6.14,6.23,6.12,6.14,2377300
20160610,6.09,6.15,5.97,6,1127600
20160613,5.91,6.05,5.9,6,1209200
20160614,5.94,5.99,5.76,5.81,1790300
20160615,5.85,5.85,5.48,5.81,2572400
20160616,5.72,5.87,5.66,5.86,2004200
20160617,5.88,5.9,5.69,5.72,1965700
20160620,5.82,5.82,5.58,5.7,1700200
20160621,5.64,5.89,5.63,5.88,1771300
20160622,5.85,5.86,5.65,5.78,2761900
20160623,5.84,5.92,5.74,5.9,1292700
20160624,5.79,5.79,5.66,5.75,1347800
20160627,5.73,5.77,5.66,5.73,1443800
20160628,5.8,5.8,5.62,5.67,1892700
20160629,5.72,5.74,5.58,5.67,1881100
20160630,5.65,5.67,5.53,5.62,2142700
20160701,5.6,5.61,5.52,5.61,3035500
20160704,5.62,5.86,5.55,5.78,2308700
20160705,5.72,5.78,5.59,5.62,1216600
20160706,5.59,5.63,5.44,5.55,2162800
20160707,5.54,5.64,5.5,5.63,1521500
20160708,5.67,5.68,5.54,5.6,2009800
20160711,5.66,5.66,5.43,5.56,2735400
20160712,5.55,5.6,5.44,5.44,2239000
20160713,5.45,5.51,5.4,5.4,2370900
20160714,5.44,5.46,5.36,5.38,1164000
20160715,5.37,5.42,5.31,5.42,1315700
20160718,5.42,5.45,5.34,5.4,1047900
20160719,5.42,5.5,5.4,5.47,1287800
20160720,5.45,5.52,5.42,5.48,1552200
20160721,5.45,5.73,5.45,5.71,2764500
20160722,5.7,5.78,5.63,5.65,1682500
20160725,5.66,5.68,5.51,5.51,1296900
20160726,5.54,5.54,5.34,5.53,3002300
20160727,5.52,5.6,5.41,5.41,2309700
20160728,5.43,5.57,5.41,5.56,2263300
20160729,5.55,5.7,5.45,5.68,2502600
20160801,5.73,5.74,5.56,5.56,1158300
20160802,5.54,5.59,5.44,5.44,1112100
20160803,5.42,5.56,5.42,5.54,1074300
20160804,5.56,5.64,5.51,5.56,1411200
20160805,5.6,5.64,5.53,5.55,1486900
20160808,5.52,5.69,5.52,5.6,1775300
20160809,5.59,5.67,5.55,5.6,824500
20160810,5.62,5.64,5.49,5.49,942700
20160811,5.45,5.47,5.18,5.45,11290900
20160812,5.46,5.46,5.21,5.34,6159900
20160815,5.34,5.36,5.21,5.33,4973900
20160816,5.31,5.33,5.23,5.27,2103700
20160817,5.26,5.27,5.16,5.27,2800900
20160818,5.25,5.28,5.2,5.25,2014700
20160819,5.25,5.25,5.16,5.21,1836500
20160822,5.21,5.22,5.09,5.12,2660100
20160823,5.11,5.29,5.05,5.2,4679700
20160824,5.16,5.21,5.13,5.17,2560500
20160825,5.14,5.21,5.11,5.17,2379500
20160826,5.16,5.2,5.08,5.14,2042400
20160829,5.13,5.15,5.08,5.12,2507300
20160830,5.14,5.14,5.05,5.1,1907500
20160831,5.12,5.13,5.03,5.11,1873700
20160901,5.11,5.16,5.07,5.13,1915200
20160902,5.17,5.22,5.09,5.22,2430000
20160905,5.23,5.32,5.18,5.28,1125500
20160906,5.31,5.31,5.16,5.17,2221300
20160908,5.18,5.2,5.07,5.07,2148800
20160909,5.05,5.1,4.98,5.03,2327600
20160912,5,5.03,4.89,4.96,1973400
20160913,4.96,5.02,4.9,4.96,3051000
20160914,4.96,5.04,4.95,5,2025900
20160915,5.01,5.15,5.01,5.12,2067700
20160916,5.1,5.14,5.04,5.1,3970700
20160919,5.1,5.26,4.96,5.26,4960100
20160920,5.3,5.3,5.11,5.19,5378100
20160921,5.19,5.21,5.07,5.19,2500500
20160922,5.2,5.25,5.11,5.16,2534000
20160923,5.13,5.21,5.13,5.19,2029100
20160926,5.15,5.17,5.1,5.11,1683000
20160927,5.12,5.15,5,5.15,2235900
20160928,5.18,5.21,5.09,5.19,2073400
20160929,5.18,5.21,5.11,5.2,2804900
20160930,5.21,5.26,5.15,5.22,2531800
20161003,5.22,5.38,5.2,5.36,2628900
20161004,5.4,5.43,5.27,5.36,3808000
20161005,5.39,5.47,5.36,5.4,2062200
20161006,5.42,5.48,5.34,5.46,3320400
20161007,5.46,5.66,5.46,5.63,9512400
20161010,5.67,5.69,5.59,5.66,1942800
20161011,5.61,5.71,5.61,5.68,1493700
20161013,5.63,6.1,5.63,5.99,5124500
20161014,5.97,6.09,5.89,6.06,2800200
20161017,6.03,6.1,5.86,5.93,2474800
20161018,5.9,6.08,5.9,5.96,1979400
20161019,5.95,5.95,5.76,5.81,2352800
20161020,5.8,5.87,5.72,5.81,1665400
20161021,5.81,5.94,5.81,5.92,1330100
20161024,5.93,6,5.91,5.98,2113800
20161025,5.95,6.01,5.92,6,1808100
20161026,5.99,5.99,5.56,5.75,4565900
20161027,5.77,5.82,5.59,5.64,2318000
20161028,5.6,5.66,5.53,5.64,1708900
20161031,5.69,5.7,5.55,5.69,1757700
20161101,5.68,5.8,5.56,5.63,1964600
20161103,5.64,5.67,5.37,5.38,2608300
20161104,5.41,5.49,5.27,5.39,2663900
20161107,5.42,5.67,5.35,5.62,1976100
20161108,5.57,5.7,5.51,5.65,1861400
20161109,5.4,5.63,5.37,5.59,3008800
20161110,5.74,5.86,5.26,5.26,4161000
20161111,5.17,5.95,5.08,5.78,6175800
20161114,5.78,6,5.63,5.94,4585400
20161116,5.99,6.03,5.66,5.76,3529200
20161117,5.81,5.92,5.75,5.85,2630900
20161118,5.8,6.16,5.77,6.16,3991000
20161121,6.18,6.28,6.08,6.18,2349600
20161122,6.19,6.32,6,6.09,2892100
20161123,6.09,6.27,6.03,6.12,1786300
20161124,6.16,6.38,6.14,6.36,1208400
20161125,6.27,6.47,6.2,6.47,2250900
20161128,6.47,6.57,6.37,6.51,1355500
20161129,6.51,6.58,6.35,6.35,3337600
20161130,6.35,6.55,6.19,6.51,2034900
20161201,6.38,6.48,6.11,6.36,4302300
20161202,6.26,6.44,6.2,6.41,2255300
20161205,6.43,6.5,6.17,6.17,1482500
20161206,6.16,6.69,6.14,6.59,1833100
20161207,6.66,6.75,6.37,6.45,2642100
20161208,6.51,6.7,6.28,6.45,1833000
20161209,6.48,6.49,6.3,6.43,4858300
20161212,6.35,6.47,6.31,6.36,2233800
20161213,6.31,6.44,6.21,6.32,5640400
20161214,6.31,6.42,6.18,6.32,1891800
20161215,6.32,6.35,6.19,6.35,1974100
20161216,6.36,6.4,6.26,6.31,1647400
20161219,6.31,6.36,6.07,6.26,2643800
20161220,6.26,6.3,6.15,6.28,1870200
20161221,6.31,6.35,6.23,6.3,1449300
20161222,6.28,6.37,6.22,6.3,1781700
20161223,6.28,6.36,6.26,6.26,2332900
20161226,6.26,6.4,6.25,6.36,1078200
20161227,6.42,6.5,6.3,6.48,2311900
20161228,6.46,6.66,6.46,6.59,1557500
20161229,6.64,6.7,6.48,6.61,2007000
20170102,6.52,6.59,6.4,6.4,615100
20170103,6.45,6.67,6.4,6.46,1583200
20170104,6.39,6.63,6.39,6.6,1259200
