<DTYYYYMMDD>,<OPEN>,<HIGH>,<LOW>,<CLOSE>,<VOL>
20100601,29.27,29.81,28.38,28.38,315800
20100602,28.22,28.82,27.68,28.04,405500
20100604,27.6,28.18,27.42,27.5,166800
20100607,27.7,27.85,27.06,27.28,218300
20100608,27.56,27.95,27.1,27.95,215000
20100609,28.04,28.32,27.14,27.86,194700
20100610,27.49,28.78,27.49,28.5,297000
20100611,28.13,29.48,27.76,28.57,311800
20100614,28.57,29.14,27.59,27.99,462400
20100615,28.25,29.01,27.77,28.84,371100
20100616,29.06,29.36,28.57,29.15,408100
20100617,29.27,29.28,28.21,29.19,534100
20100618,29.06,30.17,28.57,29.41,1377000
20100621,29.41,30.97,28.48,29.72,333000
20100622,30.26,30.26,29.16,29.86,588800
20100623,30.07,31.58,29.65,31.28,540800
20100624,30.35,31.76,30.34,30.43,273600
20100625,30.21,31.59,30.21,31.05,195400
20100628,31.05,31.84,30.73,30.97,239300
20100629,30.6,30.6,29.29,29.59,412000
20100630,29.77,29.99,28.53,29.29,300600
20100701,29.27,30.17,28.84,29.37,248300
20100702,29.36,29.72,28.97,29.46,73600
20100705,30.07,30.07,29.28,29.32,29100
20100706,29.77,29.77,29.14,29.37,95000
20100707,29.3,29.34,29,29,143900
20100708,29.25,29.25,28.92,29.06,78000
20100712,29.25,30.09,29.07,29.18,124100
20100713,29.46,29.46,28.95,29.27,79500
20100714,28.85,29.01,28.29,28.39,259900
20100715,28.66,29.03,28.02,29.03,606900
20100716,28.84,29.12,27.86,27.86,54600
20100719,28.11,29,27.47,27.98,281700
20100720,28.21,28.53,27.56,28.04,143200
20100721,28.38,28.63,27.86,28.48,318100
20100722,28.78,29.46,28.66,29.46,354900
20100723,29.28,30.08,28.84,29.77,175200
20100726,29.98,30.8,29.65,29.93,326600
20100727,30.44,30.44,29.6,29.84,296600
20100728,30.06,30.06,29.04,29.79,293000
20100729,29.97,30.42,29.54,29.6,307300
20100730,29.71,29.99,29.13,29.18,316300
20100802,29.27,30.51,29.22,30.16,374300
20100803,30.25,30.25,28.61,28.62,299700
20100804,28.89,29.24,28.71,28.75,177700
20100805,28.75,28.79,28.13,28.39,275400
20100806,28.42,28.79,28.04,28.26,1263700
20100809,28.13,28.61,28.13,28.17,309900
20100810,28.39,28.57,27.98,28.37,426400
20100811,28.38,28.57,28.07,28.11,194100
20100812,28.3,28.68,27.97,28.05,244300
20100813,28.57,29.09,27.96,28.55,246000
20100816,28.3,29.18,28.06,28.61,104700
20100817,28.65,28.83,27.73,27.86,158300
20100818,28.04,28.39,27.68,28.39,307000
20100819,28.54,28.97,27.8,28.79,211500
20100820,28.6,29.16,28.54,29,91100
20100823,29.53,30.12,29.1,29.63,232600
20100824,29.72,29.72,29.06,29.28,56700
20100825,28.91,29.11,28.58,29.11,168200
20100826,29.16,30.18,28.92,29.06,89900
20100827,29.71,29.98,28.61,29.06,181400
20100830,29.54,30.07,28.96,29.06,75700
20100831,28.91,30.36,28.91,29.55,193300
20100901,29.81,30.34,29.55,29.84,125800
20100902,29.46,29.89,29.13,29.85,180900
20100903,29.55,31.05,29.24,29.24,178500
20100906,30.08,30.79,29.28,29.28,45400
20100908,29.06,30.45,28.93,29.51,132900
20100909,29.55,30.84,29.55,30.83,357600
20100910,31,31.93,30.75,31.06,432500
20100913,31.31,31.41,30.7,30.7,534300
20100914,30.93,31.81,30.76,31.54,1026100
20100915,31.32,31.85,31.28,31.61,565400
20100916,31.38,31.67,31.09,31.61,75400
20100917,31.81,31.81,30.84,30.88,348300
20100920,31.21,31.71,30.61,30.61,386500
20100921,30.84,31.05,30.41,30.75,346600
20100922,30.86,30.95,30.31,30.76,200900
20100923,30.52,30.72,30.01,30.01,212800
20100924,30.18,30.82,29.96,30.7,341200
20100927,30.27,31.94,30.27,31.2,96600
20100928,31.1,31.91,31.1,31.5,229900
20100929,31.72,31.94,30.54,31.63,257900
20100930,31.6,32.03,31.15,31.85,301000
20101001,31.92,32.39,31.79,31.94,478000
20101004,32,33.37,32,32.39,230500
20101005,32.25,33.36,32.25,32.96,405900
20101006,32.95,34.07,32.88,33.1,212500
20101007,33.1,34.12,32.92,33.41,376700
20101008,33.55,33.94,33.05,33.53,120100
20101011,34.16,34.17,33.4,33.87,178900
20101013,33.37,34.72,33.37,34.52,1556000
20101014,34.49,34.51,33.91,34.29,276200
20101015,34.81,36.2,34.12,35.34,273100
20101018,34.87,35.05,33.9,34.38,278000
20101019,34.03,34.25,32.03,32.47,494400
20101020,33.01,33.01,32.07,32.07,340900
20101021,32.3,33.1,32.06,32.65,761200
20101022,32.96,33.18,32.59,32.66,508400
20101025,32.66,33.16,32.22,32.83,159900
20101026,32.82,33.89,32.67,33.89,367400
20101027,33.72,35.04,33.37,35.04,409300
20101028,34.61,35.11,33.87,34.49,246700
20101029,34.49,35.26,34.22,34.6,356700
20101101,34.66,35.22,34.17,34.17,36400
20101103,34.68,35.33,34.04,34.78,257300
20101104,35.18,36.71,35.07,35.77,817300
20101105,35.62,36.33,35.34,36.02,191400
20101108,36.02,36.18,35.74,35.76,106600
20101109,35.94,36.74,35.8,36.16,397700
20101110,35.81,35.83,34.07,34.07,617200
20101111,34.12,34.29,33.41,33.81,469800
20101112,33.71,34.32,33.25,33.75,427100
20101116,34.14,34.15,32.16,33.27,280400
20101117,33.49,34.15,33.27,33.72,216600
20101118,34.48,34.75,33.56,33.81,3604800
20101119,33.72,34.56,33.63,34.41,214100
20101122,34.59,35.49,34.16,34.43,138000
20101123,34.34,34.42,32.79,33.54,532000
20101124,33.73,34.13,33.54,33.81,541600
20101125,34.08,34.08,33.54,33.72,75000
20101126,33.72,33.72,33,33.49,279900
20101129,33.49,33.58,33.09,33.27,190300
20101130,33.34,33.98,33.15,33.72,225200
20101201,34.34,34.46,33.73,34.42,495400
20101202,34.34,35.12,33.93,34.07,183500
20101203,34.27,34.76,33.05,33.5,194800
20101206,33.85,33.85,32.62,32.74,331900
20101207,33.39,33.44,31.05,31.05,671500
20101208,31.1,31.44,30.7,30.95,645900
20101209,31.19,31.19,29.57,30.16,661000
20101210,30.22,31.05,29.72,31.05,438700
20101213,31.2,31.28,30.39,31.19,984800
20101214,31.32,31.32,30.68,31.23,389800
20101215,31.47,31.47,30.6,31.05,356900
20101216,31.21,31.23,30.34,30.34,413500
20101217,30.6,30.7,29.82,30.16,296400
20101220,30.16,30.18,29.05,29.85,503100
20101221,29.73,31.48,29.73,31.48,383800
20101222,31.54,31.54,30.52,31.17,353900
20101223,30.8,31.68,30.8,31.68,264800
20101227,31.4,31.94,31.13,31.94,275200
20101228,31.65,32.25,31.41,31.93,253300
20101229,32.02,32.24,31.94,32.16,182600
20101230,32.16,33.53,32.16,32.74,462000
20110103,33.35,33.35,32.22,32.24,230300
20110104,32.6,32.6,30.58,30.96,676000
20110105,30.79,30.79,30.02,30.02,879800
20110106,29.99,30.17,29.24,30.17,436500
20110107,30.02,30.1,29.16,29.41,223400
20110110,29.4,29.9,29.11,29.69,205600
20110111,29.97,30.08,29.29,29.95,205200
20110112,30.15,30.55,29.67,30.17,329500
20110113,30.16,30.34,29.38,29.39,262600
20110114,29.54,29.63,28.9,29.1,365300
20110117,29.1,29.72,28.92,29.72,98300
20110118,29.67,29.82,29.48,29.68,338800
20110119,29.88,29.88,29.39,29.59,255000
20110120,29.59,29.86,29.06,29.36,357700
20110121,29.54,29.54,29.16,29.37,139700
20110124,29.68,29.79,29.04,29.04,188300
20110126,29.27,29.44,28.25,28.35,326400
20110127,28.52,28.53,27.5,27.94,340500
20110128,27.75,27.91,26.95,27.9,272500
20110131,27.99,28.38,27.01,28.38,111200
20110201,28.74,28.74,27.95,28.39,234900
20110202,28.57,28.57,26.97,27.5,465600
20110203,27.58,27.58,26.54,27.16,420800
20110204,27.19,27.54,26.97,26.99,229500
20110207,27.35,27.74,27.07,27.52,322500
20110208,27.16,27.82,27.16,27.64,504700
20110209,27.38,28.05,27.11,27.11,359500
20110210,27.17,27.48,26.62,26.62,139300
20110211,26.9,27.2,26.48,27.06,613500
20110214,27.46,28.34,27.05,28.3,566700
20110215,28.32,28.92,28.01,28.04,488200
20110216,28.33,28.68,27.81,27.81,258900
20110217,28.04,28.98,27.87,28.61,177200
20110218,28.91,29.81,28.29,29.28,381700
20110221,29.27,29.71,28.26,28.37,324400
20110222,28.75,28.75,27.6,28.04,369100
20110223,27.85,28.79,27.63,27.69,350100
20110224,27.91,28.49,27.74,27.95,297400
20110225,28.4,28.71,27.97,28.39,160100
20110228,28.76,29.19,27.97,28.8,385900
20110301,28.92,29.55,28.74,29.29,248500
20110302,29.08,30.15,29.08,30.15,195000
20110303,30.53,30.53,29.81,30.43,239700
20110304,30.15,30.47,29.83,30.42,144100
20110309,30.61,30.85,29.72,29.9,56300
20110310,29.56,30.34,29.51,30.03,149300
20110311,29.79,30.52,29.79,30.34,127400
20110314,30.54,31.44,30.34,31.05,260400
20110315,30.42,31.05,30.18,30.18,105200
20110316,30.5,30.71,30.03,30.03,100000
20110317,30.42,30.88,30.03,30.87,166500
20110318,30.91,30.97,30.55,30.7,70000
20110321,30.68,31.13,30,30,190000
20110322,30.4,30.5,29.63,30.26,274500
20110323,30.21,30.44,30.02,30.03,288300
20110324,30.27,30.27,29.39,29.96,222400
20110325,30.09,30.09,28.94,28.94,109100
20110328,29.19,29.63,29.01,29.28,262900
20110329,29.53,29.97,29.01,29.32,178900
20110330,29.47,29.81,28.55,29.81,465400
20110331,29.72,29.95,29.22,29.95,351600
20110401,29.88,29.89,29.24,29.63,555500
20110404,29.59,29.82,29.07,29.17,176400
20110405,29.05,29.53,28.83,29.5,221900
20110406,29.56,29.6,29.03,29.19,205000
20110407,29.11,29.72,29.11,29.72,277400
20110408,29.67,30.43,29.46,30.17,201700
20110411,30.41,30.69,29.99,30.69,226700
20110412,30.6,30.6,29.95,30.17,105800
20110413,30.22,30.53,29.82,30.53,208700
20110414,30.47,30.47,29.73,30.42,104800
20110415,30.34,30.47,29.93,30.34,117000
20110418,30.2,30.21,29.56,30.17,101300
20110419,30.2,30.2,29.49,29.72,241200
20110420,29.84,30.54,29.84,30.52,193000
20110425,30.42,30.56,30,30.05,119400
20110426,30.08,30.12,29.55,29.81,324700
20110427,30.16,30.16,28.39,28.39,350300
20110428,28.48,29.34,28.39,28.97,374100
20110429,29.05,29.49,28.66,29.06,399900
20110502,28.97,30.08,28.97,29.81,187300
20110503,29.73,30.52,29.58,30.17,205400
20110504,30.52,30.52,29.37,30.12,111800
20110505,30.28,30.61,29.48,30.08,113700
20110506,30.53,31.1,29.63,30.94,133900
20110509,30.68,30.76,29.81,30.01,183700
20110510,30.06,31.46,29.81,31.25,373200
20110511,31.17,31.46,30.72,31.09,140600
20110512,31.34,31.34,30.57,30.89,180300
20110513,31.05,31.2,30.77,31.15,136300
20110516,31.22,31.22,30.75,30.89,114900
20110517,30.98,31.03,30.26,30.91,124800
20110518,30.91,31.32,30.71,30.94,159200
20110519,30.72,31.4,30.72,30.89,179000
20110520,30.81,31.87,30.81,31.61,256200
20110523,31.39,32.06,31.39,31.84,420600
20110524,31.97,32.68,31.94,32.01,362600
20110525,31.97,32.39,31.88,32.2,208000
20110526,32.28,32.53,31.78,32.25,243300
20110527,32.12,32.67,32.06,32.66,90100
20110530,32.43,33.21,32.25,33.1,123100
20110531,33.21,33.74,32.54,32.54,140600
20110601,32.53,32.98,32.06,32.06,126800
20110602,31.97,32.91,31.97,32.9,94400
20110603,32.53,33.24,32.41,33.06,184600
20110606,33.15,33.15,32.25,32.52,193400
20110607,32.65,33.08,32.1,32.97,202200
20110608,32.91,33.4,32.53,32.97,148800
20110609,32.96,33.43,32.3,33.19,317300
20110610,33.47,33.47,32.25,32.62,156400
20110613,32.71,33.36,32.37,32.65,106600
20110614,33.1,33.37,32.46,32.7,165900
20110615,32.69,32.97,32.25,32.34,204800
20110616,32.27,32.53,31.79,32.52,93500
20110617,32.6,32.65,31.58,32.65,327500
20110620,32.3,32.64,31.83,32.29,95300
20110621,32.24,32.24,31.78,31.84,138300
20110622,31.62,33.41,31.62,31.93,153300
20110624,31.98,32.46,31.37,32.06,386500
20110627,31.98,32.47,30.95,31.38,388800
20110628,31.59,31.95,31.28,31.88,749500
20110629,31.94,32.11,31.21,31.34,200000
20110630,31.31,31.93,30.8,30.8,298700
20110701,31.25,31.47,30.85,31.16,125800
20110704,30.98,31.31,30.91,31.16,80900
20110705,31.15,31.33,30.85,30.89,180400
20110706,30.97,31.13,30.48,30.48,513400
20110707,30.57,31.22,30.36,30.62,259400
20110708,30.68,30.68,30,30.17,519300
20110711,30.09,30.35,29.58,29.81,341600
20110712,29.73,30.7,29.37,29.8,268800
20110713,30.19,31.07,29.9,30.12,339900
20110714,30.29,31.14,30.26,30.26,296100
20110715,30.35,30.66,30,30.06,105700
20110718,29.61,30.65,29.27,29.81,254300
20110719,29.98,30.47,29.95,30.08,169300
20110720,30.16,30.98,29.82,30.85,358000
20110721,30.93,31.14,30.26,30.72,321200
20110722,30.8,31.25,29.63,29.63,255500
20110725,29.55,30.63,29.55,29.91,200500
20110726,30.07,30.64,29.82,30.48,223700
20110727,30.4,31.34,30.09,30.45,350400
20110728,30.53,30.87,30.32,30.48,225600
20110729,30.78,30.8,30.26,30.26,553000
20110801,30.49,31.13,30.49,30.86,618400
20110802,31.06,31.06,29.82,30.03,293400
20110803,29.76,29.87,29.17,29.46,329300
20110804,29.4,29.73,27.55,27.74,537200
20110805,27.97,28.22,27.09,27.19,304700
20110808,27.19,27.19,25.63,25.92,398800
20110809,25.96,27.82,25.96,27.1,592200
20110810,26.65,28.04,26.65,27.64,391700
20110811,27.99,28.97,27.73,28.51,253200
20110812,28.55,28.98,27.82,27.9,310000
20110815,27.9,28.63,27.56,28.63,435800
20110816,28.44,28.44,27.36,27.96,275700
20110817,28.04,28.2,27.56,27.73,330900
20110818,27.61,28.04,27.2,27.73,200500
20110819,27.48,27.92,26.92,27.73,214800
20110822,27.86,27.98,27.24,27.76,138200
20110823,27.76,27.88,27.11,27.76,337200
20110824,27.8,28.12,27.4,27.77,213500
20110825,27.75,28.84,27.61,27.91,108300
20110826,27.83,29.12,27.83,28.36,285300
20110829,28.78,29.83,28.32,29.26,157100
20110830,29.55,30.16,28.72,29.61,216700
20110831,29.6,30.66,29.15,30.24,417600
20110901,30.68,32.41,30.68,31.56,344200
20110902,31.26,31.91,30.71,31.1,290300
20110905,30.36,31.6,30.35,31.07,101700
20110906,31.06,31.34,30.49,30.92,222700
20110908,31.4,32.34,31.32,31.97,243100
20110909,31.74,32.33,31.29,31.54,115300
20110912,31.36,32.05,31.18,32.04,174200
20110913,32.06,32.52,30.81,30.82,172400
20110914,30.9,31.12,30.16,30.32,345500
20110915,30.35,31.07,30.18,30.18,178000
20110916,29.82,31.16,29.82,31.16,252500
20110919,31.16,31.41,29.78,30.26,409600
20110920,30.22,31.21,30.01,31.08,877300
20110921,31.07,31.7,30.45,30.88,182300
20110922,30.69,30.69,29.17,29.61,349300
20110923,29.53,30.1,29,29.61,213800
20110926,29.53,30.9,29.21,30,264900
20110927,29.91,31.22,29.76,29.76,261700
20110928,29.84,31.09,29.67,30.03,153000
20110929,30.59,31.11,30.3,30.66,159700
20110930,30.65,31.96,29.97,31.48,396600
20111003,31.42,31.7,30.29,31.25,288600
20111004,30.77,32.14,30.09,31.16,538500
20111005,31.61,32,31.09,31.5,439800
20111006,31.17,32.35,31.17,31.72,178500
20111007,31.89,32.24,31.4,31.41,179000
20111010,31.61,32.54,31.61,32.16,155400
20111011,32.38,32.87,31.59,31.94,192600
20111013,32.5,32.86,31.68,32.52,213300
20111014,32.52,32.96,32.51,32.53,168000
20111017,32.47,32.47,32.13,32.16,145200
20111018,32.34,32.38,31.56,31.84,321000
20111019,31.84,32.64,31.44,32.2,183400
20111020,32.35,32.5,31.52,31.6,194000
20111021,31.75,31.84,31.28,31.28,105500
20111024,31.2,31.61,31.15,31.46,261400
20111025,31.4,32.31,30.9,30.9,206600
20111026,31.17,31.83,31.05,31.17,165300
20111027,31.63,32.06,30.66,30.8,398100
20111028,30.72,31.6,30.72,31.51,382900
20111031,31.29,31.85,31.22,31.36,265600
20111101,30.89,31.25,29.93,30.71,353900
20111103,30.77,31.83,30.53,31.61,417800
20111104,31.27,31.6,30.81,31.36,253900
20111107,31.49,31.9,31.21,31.61,162200
20111108,31.69,32.7,31.25,31.61,192600
20111109,31.43,31.61,30.78,30.89,444400
20111110,30.71,32.08,30.71,31.61,220100
20111111,31.66,32.33,31.66,32.24,214200
20111114,32.25,32.7,31.83,32.43,205400
20111116,32.31,33.34,32.28,32.74,399300
20111117,32.74,32.74,31.64,31.84,310700
20111118,31.96,32.72,31.61,32.34,206400
20111121,32.33,32.61,31.4,32.16,348500
20111122,32.16,33.03,31.94,32.75,274600
20111123,32.48,32.61,31.34,31.61,337900
20111124,31.96,32.22,31.29,31.67,133000
20111125,31.71,32.26,31.44,31.95,160700
20111128,32.29,33.21,31.21,32.19,364000
20111129,32.19,32.59,31.84,32.15,418300
20111130,32.16,33.43,32.16,33.23,450200
20111201,33.79,34.74,33.57,33.92,261600
20111202,34.23,34.69,33.61,34.03,173400
20111205,34.15,34.61,33.79,34.24,120500
20111206,33.94,35.26,33.55,34.88,194100
20111207,34.88,34.88,33.93,34.61,188400
20111208,34.32,35.26,34.11,34.88,234900
20111209,34.87,35.98,34.74,35.79,323700
20111212,35.43,35.83,35.13,35.83,369100
20111213,35.33,35.86,33.91,34.33,600800
20111214,34.42,34.51,33.05,33.05,444700
20111215,33.08,34.34,33.08,33.97,214600
20111216,33.97,34.38,33.51,33.51,182600
20111219,33.51,34.29,33.51,33.97,171400
20111220,34.42,34.42,33.29,33.6,256000
20111221,33.58,33.59,32.69,33.05,234400
20111222,32.77,33.07,31.61,32.47,316900
20111223,32.47,33.37,32.43,33.37,113500
20111226,33.82,33.82,33.15,33.19,27600
20111227,33.21,34.19,33.21,33.74,77600
20111228,33.95,34.16,33.24,34.04,129100
20111229,33.97,35.13,33.23,35.13,192900
20120102,35.13,35.66,34.61,35.66,137300
20120103,35.66,35.99,34.89,35.43,271000
20120104,35.65,35.65,34.32,34.42,177700
20120105,34.61,34.88,33.06,33.3,380800
20120106,33.41,33.97,32.65,33.32,310100
20120109,33.32,33.51,32.68,33.32,449000
20120110,33.16,33.51,33.15,33.23,218200
20120111,33.32,33.35,32.67,32.77,216500
20120112,32.93,33.05,32.71,32.91,293000
20120113,32.93,33.15,31.99,32.68,309200
20120116,32.96,33.89,32.47,33.29,173600
20120117,34.29,34.29,33.03,33.18,155000
20120118,33.26,33.27,32.42,33.13,423300
20120119,33.13,33.51,33.13,33.51,223200
20120120,33.89,34.79,33.66,34.33,302300
20120123,34.48,35.43,34.21,35.19,366200
20120124,35.2,35.68,34.26,35.6,196600
20120126,35.6,36.06,34.52,35.94,312100
20120127,35.93,36.12,35.8,35.99,207400
20120130,35.9,36.39,35.45,36.39,280800
20120131,36.4,36.98,36.28,36.72,665800
20120201,36.63,37.25,36.63,36.9,388700
20120202,36.88,38.74,36.76,38.28,416700
20120203,38.19,39.06,37.82,38.19,1160800
20120206,37.76,38.73,37.5,37.68,319900
20120207,37.45,37.68,36.72,36.99,290900
20120208,37.18,37.19,36.27,36.4,282200
20120209,36.4,36.76,36.18,36.26,459200
20120210,36.09,36.72,35.52,36.72,519500
20120213,37.09,37.33,36.38,36.71,392700
20120214,36.71,36.71,35.56,36.22,437600
20120215,36.52,36.94,35.99,36.26,362200
20120216,35.99,36.68,35.96,36.26,227600
20120217,36.43,36.43,35.84,36.21,405000
20120222,36.17,36.4,35.8,36.26,197800
20120223,36.36,36.92,36.21,36.55,965100
20120224,36.63,36.77,34.88,34.88,814100
20120227,34.98,35.73,34.88,35.73,277900
20120228,35.14,36.72,35.14,36.72,280600
20120229,36.27,36.86,35.8,35.8,238200
20120301,35.99,36.79,35.94,36.66,384900
20120302,36.9,36.9,36.43,36.72,186000
20120305,36.5,36.63,35.63,36.22,178500
20120306,35.71,36.62,35.48,36.21,174400
20120307,36.66,38.18,36.35,38.06,776900
20120308,38.43,40.55,38.4,38.92,1098600
20120309,39.01,40.39,38.03,39.96,1849300
20120312,39.69,40.81,39.68,40.21,434200
20120313,40.12,40.39,39.14,39.57,936900
20120314,39.74,39.98,38.79,39.63,191500
20120315,39.46,39.93,38.95,39.69,223900
20120316,39.7,39.97,39.38,39.84,335600
20120319,39.35,39.57,38.9,39.11,292300
20120320,38.69,39.41,38.69,39.38,134700
20120321,38.87,39.46,38.51,39.15,371200
20120322,39.07,39.07,37.8,38.46,160100
20120323,38.46,39.01,38.1,39.01,258300
20120326,39.33,39.46,38.67,39.12,738800
20120327,39.16,39.25,38.86,39.15,331500
20120328,39.34,39.36,38.15,38.56,271200
20120329,38.56,38.93,37.39,38.56,257600
20120330,38.1,39.38,38.1,39.15,487200
20120402,38.74,40.3,38.73,40.3,690800
20120403,40.38,40.47,39.99,40.12,268100
20120404,40.1,40.37,39.56,39.8,376000
20120405,39.92,40.21,39.05,39.06,181600
20120409,38.79,39.26,38.67,38.85,222700
20120410,38.68,38.9,38.48,38.61,232800
20120411,38.78,38.79,37.81,37.91,411400
20120412,37.78,38.1,37.77,37.91,221900
20120413,37.93,37.93,36.88,37.55,1003200
20120416,37.36,37.95,37.09,37.92,590700
20120417,37.91,38.55,37.64,38.12,234300
20120418,38.2,39.72,38.17,39.29,377600
20120419,39.41,39.84,39.28,39.52,374000
20120420,39.93,39.93,39.36,39.57,481300
20120423,39.36,40.23,39.36,39.96,262300
20120424,39.77,39.91,38.9,39.27,192500
20120425,39.28,39.82,39.02,39.62,130100
20120426,39.73,40.39,39.3,40.39,438300
20120427,40.39,41.31,40.25,41.31,190400
20120430,41.32,41.48,40.52,41.31,362300
20120502,41.48,42.49,41.48,42.49,606500
20120503,42.15,43.39,41.57,42.68,366000
20120504,42.73,43.54,42.28,43.05,455400
20120507,43.06,43.09,41.96,42.9,262200
20120508,42.99,42.99,41.86,42.03,597600
20120509,41.56,42.15,40.71,40.84,507100
20120510,41.56,42.53,41.48,42.06,391600
20120511,42.12,43.61,41.22,42.96,337600
20120514,42.95,42.95,41.56,42.15,180100
20120515,42.11,42.58,40.7,41.67,300600
20120516,41.58,42.39,41.34,42.15,267600
20120517,42.21,43.03,41.65,42.26,296900
20120518,42.15,42.31,39.45,40.18,751300
20120521,40.18,42.4,38.82,42.29,548000
20120522,42.12,42.64,40.93,42.28,534100
20120523,42.02,42.39,39.78,41.1,489600
20120524,40.5,41.7,39.73,40.34,459900
20120525,40.34,42.44,40.18,41.63,406100
20120528,41.84,44.34,41.84,43.64,232000
20120529,43.76,44.17,43,43.29,412600
20120530,42.86,43.97,42.38,43.86,359900
20120531,43.42,44.89,43.23,44.24,1196700
20120601,44.3,44.31,41.45,43.31,379200
20120604,43.14,43.14,41.83,42.35,335500
20120605,42.07,42.64,40.36,40.82,645700
20120606,40.46,43.67,40.46,43.13,872400
20120608,43.13,43.31,41.87,41.87,617300
20120611,42.04,42.93,42.04,42.48,638300
20120612,42.05,43.88,42.05,43.46,290900
20120613,43.22,44.23,43.05,43.92,208900
20120614,44.2,44.32,42.87,43.55,247800
20120615,43.44,43.73,42.87,43.73,385800
20120618,43.86,44.34,43.12,44.34,342000
20120619,44.09,46.18,44,45.91,237600
20120620,45.48,45.79,44.14,44.8,873900
20120621,44.09,45.16,44.05,44.88,277800
20120622,44.58,45.79,44.15,44.67,244000
20120625,44.79,45.84,44.06,44.51,147000
20120626,44.42,45.67,44.41,45.04,201500
20120627,44.8,46.27,44.63,45.95,291300
20120628,46,46.25,44.37,44.67,523700
20120629,44.62,46.27,44.62,45.41,607700
20120702,45.41,45.93,44.78,45.36,581900
20120703,45.57,47.64,45.5,47.48,376800
20120704,47.48,47.67,46.73,47.04,130600
20120705,47.04,47.36,46.25,46.52,318600
20120706,46.13,47.06,45.88,46.73,258900
20120710,47.01,47.48,46.02,46.05,549900
20120711,46.92,47.34,46.32,47.07,660300
20120712,46.21,47.36,46.21,46.88,463800
20120713,46.88,47.06,45.29,45.44,1243400
20120716,45.26,47.44,45.26,47.06,772400
20120717,47.06,47.6,46.69,46.81,301500
20120718,46.7,47.4,46.69,47.25,115200
20120719,47.13,48.82,47.13,48.73,399100
20120720,48.54,49.01,47.96,48.11,386200
20120723,47.58,47.63,46.27,46.97,802200
20120724,46.55,47.41,46.26,47.34,481900
20120725,47.66,47.85,46.77,47.44,481800
20120726,47.57,47.85,46.92,47.21,267200
20120727,47.24,49.09,47.24,48.12,372500
20120730,48.92,48.94,48.13,48.88,195500
20120731,49,49.49,47.61,47.86,583000
20120801,47.85,48.86,47.48,48.22,226500
20120802,48.03,48.76,47.69,47.93,288600
20120803,47.55,49.04,47.55,48.4,315900
20120806,48.58,49.3,48.28,48.39,245600
20120807,48.91,48.91,48,48.49,156300
20120808,48.69,48.72,47.61,48.49,380200
20120809,48.07,48.58,47.94,48.21,222100
20120810,47.65,48.49,47.5,48.21,254300
20120813,47.58,48.4,47.51,48.22,345300
20120814,48,48.82,47.61,48.42,518700
20120815,48.39,48.39,46.46,47.94,842000
20120816,47.8,48.28,47.58,48.03,248600
20120817,48.02,48.02,46.32,47.29,356900
20120820,47.29,47.85,46.92,47.25,120800
20120821,47.24,47.7,47.05,47.11,223900
20120822,47.11,47.38,46.84,46.99,148800
20120823,47.18,47.83,46.92,47.25,197600
20120824,47.09,48.31,47.09,48.31,221900
20120827,48.33,48.66,47.11,47.11,127600
20120828,47.16,48.12,47.16,47.8,103800
20120829,47.76,48.16,47.13,47.72,195000
20120830,47.68,48.07,47.54,48.07,127400
20120831,48.27,48.68,47.44,47.94,290600
20120903,48.25,49.4,47.59,49.32,232800
20120904,49.29,50.15,49.14,49.74,341600
20120905,49.69,49.79,48.51,48.85,332700
20120906,48.73,49.68,48.7,49.42,149100
20120910,49.74,50.8,49.1,50.34,315600
20120911,50.19,51.96,50.19,51.02,539500
20120912,50.99,52.26,50.99,51.73,383200
20120913,51.82,53.51,51.77,52.19,455100
20120914,52.63,53.55,51.64,51.86,477800
20120917,51.54,53.73,51.33,52.74,481600
20120918,52.66,53.39,52.14,53.2,263200
20120919,53.3,54,53.29,53.71,282600
20120920,53.69,54.01,53.02,53.81,468700
20120921,53.83,55.52,53.83,54.59,314300
20120924,54.23,55.41,53.96,55.19,393000
20120925,54.94,56.21,54.75,55.51,310600
20120926,55.07,56.37,54.39,56.37,583500
20120927,56.23,56.67,55.44,55.47,453800
20120928,55.44,56.13,54.51,55.13,487100
20121001,55.41,55.41,53.91,54.03,417500
20121002,54.15,55.51,54.15,55.24,338300
20121003,55.41,55.73,55,55.33,156500
20121004,55.25,56.88,54.93,55.34,218500
20121005,55.52,55.9,55.32,55.72,154900
20121008,55.71,56.22,55.18,55.42,305700
20121009,55.42,55.96,55.36,55.64,195000
20121010,55.79,55.91,55.24,55.41,165600
20121011,55.68,56.81,55.51,56.81,187800
20121015,56.81,57.7,56.25,56.81,295400
20121016,57.25,57.71,56.61,57.71,204300
20121017,57.75,58.36,57.38,58.36,233900
20121018,58.36,58.41,57.29,57.44,284300
20121019,57.58,57.92,56.15,56.53,255300
20121022,55.88,57.31,55.88,56.44,289300
20121023,55.88,56.89,55.56,55.74,212700
20121024,55.68,56.33,54.09,54.09,475000
20121025,53.47,55.2,52.7,54.15,369900
20121026,54.16,54.96,53.21,54.03,341900
20121029,53.66,55.13,53.1,55.13,158400
20121030,55.23,56.14,54.64,56.11,82400
20121031,56.5,56.5,54.06,54.96,479400
20121101,54.41,55.26,54.08,55.17,209700
20121105,54.68,55.7,54.68,55.14,327000
20121106,55.42,55.42,54.5,55.22,316600
20121107,54.97,55.14,52.74,52.83,252400
20121108,52.83,54.52,52.83,54.5,241600
20121109,54.22,54.5,53.34,54.47,162600
20121112,54.47,54.47,53.34,53.48,129900
20121113,53.58,54.77,52.88,54.26,253100
20121114,53.86,54.61,53.81,54.03,222000
20121116,54.03,54.77,52.9,53.61,245800
20121119,52.81,54.41,52.8,53.65,68500
20121121,54.38,54.43,52.46,52.93,122200
20121122,53.34,54.1,53.04,53.57,76700
20121123,53.66,54.51,53.5,53.84,126500
20121126,53.6,54.83,53.6,54.21,308700
20121127,54.13,55,54.06,54.5,166500
20121128,54.62,54.86,53.64,54.69,312300
20121129,54.66,55.41,54.36,55.35,358700
20121130,55.7,56.11,54.5,54.5,492800
20121203,54.51,55.86,54.51,55.84,183600
20121204,55.69,56.45,55.62,56.05,159000
20121205,56.04,56.48,55.28,55.6,159100
20121206,55.91,56.47,55.17,55.99,340800
20121207,56.03,56.49,55.29,56.49,192100
20121210,56,56.31,54.82,54.82,253200
20121211,55.12,56.62,54.81,56.62,595000
20121212,56.72,57.14,56.37,56.97,300100
20121213,57.28,57.28,55.51,56.98,267800
20121214,57.18,57.26,56,56.33,445600
20121217,56.15,57.35,55.97,57.28,400700
20121218,57.28,57.86,56.72,56.86,108600
20121219,57.21,57.21,55.58,55.87,238100
20121220,56.28,56.31,54.87,54.93,288000
20121221,54.81,55.83,54.58,55.36,303100
20121226,55.29,55.67,54.85,55.26,93500
20121227,54.98,55.46,54.77,55.41,185000
20121228,55.21,56.25,54.97,56.25,160400
20130102,56.48,56.53,54.88,56.05,169900
20130103,55.74,56.39,55.13,55.71,175100
20130104,55.7,56.25,55.29,55.99,141200
20130107,55.64,56.05,54.39,55.13,309800
20130108,55.03,55.75,54.26,55.13,262700
20130109,55.13,56.06,54.99,55.41,266600
20130110,55.69,56.16,55.19,56,644400
20130111,55.77,56.12,55.04,55.21,267000
20130114,55.49,55.99,54.86,55.42,265200
20130115,55.73,55.86,54.76,55.13,270700
20130116,55.29,56.02,55.07,55.96,138000
20130117,55.93,56.8,55.71,55.71,216600
20130118,55.86,56.16,54.19,54.29,1293500
20130121,54.68,54.8,53.55,54.29,309000
20130122,54.03,54.6,54.02,54.29,177700
20130123,54.47,54.86,53.96,54.42,692700
20130124,54.6,54.66,53.27,53.44,518500
20130128,53.63,54.33,52.88,52.98,467700
20130129,53.72,54.49,52.97,53.96,317800
20130130,54.15,54.38,53.43,54.1,391600
20130131,53.83,54.44,53.51,53.77,434100
20130201,53.77,54.19,53.65,53.87,283400
20130204,53.96,54.17,53.28,54.01,176800
20130205,54.15,55.08,53.36,54.19,681200
20130206,54.19,54.51,53.38,54.43,549700
20130207,54.42,54.43,53.52,54.19,345900
20130208,54.13,54.76,53.17,53.26,419900
20130213,53.7,54.1,52.23,53.65,402100
20130214,53.89,53.9,52.37,53.26,344700
20130215,52.99,52.99,50.44,51.11,764600
20130218,51.11,52.16,50.47,51.87,569000
20130219,51.85,52.53,51.76,51.86,421300
20130220,52.22,52.51,51.49,51.67,644800
20130221,51.68,52.49,51.35,52.23,266600
20130222,52.13,52.45,51.46,52.08,758700
20130225,52.04,52.37,51.92,52.21,407900
20130226,52.51,52.51,51.5,51.67,472800
20130227,51.66,52.14,51.38,52.03,295600
20130228,51.95,53.51,51.95,52.93,653500
20130301,52.92,54.86,52.58,54.19,942800
20130304,53.78,55.25,53.77,54.82,655500
20130305,55.09,56,55.04,55.59,466800
20130306,55.72,56.02,54.86,55.31,442900
20130307,55.8,56.19,54.91,55.29,339900
20130308,55.03,55.91,53.37,55.34,660400
20130311,54.94,55.2,54.42,54.78,679700
20130312,55.22,55.22,54.04,54.7,215600
20130313,54.34,54.68,53.85,54.68,315000
20130314,54.61,55.69,54.37,54.97,380700
20130315,54.87,55.27,53.85,54.68,500500
20130318,54.16,54.64,52.71,54.5,555200
20130319,54.19,54.68,53.48,54.5,607500
20130320,54.5,54.75,54.06,54.75,423000
20130321,54.59,54.74,54.14,54.4,1145800
20130322,53.81,54.4,53.74,54.03,548500
20130325,54.28,54.6,54.04,54.31,269000
20130326,54.24,54.75,53.84,54.4,438600
20130327,54.4,55.02,54.15,54.87,463500
20130328,54.73,55.47,54.5,54.5,2363500
20130401,53.93,54.48,53.49,53.56,1918400
20130402,53.37,53.64,52.49,52.62,1749600
20130403,52.51,53.13,52.27,52.97,687500
20130404,52.62,53.34,51.76,52.24,1206600
20130405,52.15,52.52,51.58,52.1,710200
20130408,52.37,52.49,51.63,52.03,518200
20130409,51.96,53.2,51.94,52.76,338400
20130410,52.94,53.44,52.63,52.99,388900
20130411,52.95,53.1,52.24,52.63,448100
20130412,52.31,52.34,51.39,51.54,501200
20130415,51.2,51.73,49.3,49.56,1159600
20130416,49.79,50.44,49.37,50.27,805600
20130417,49.74,51.23,49.71,51.21,765000
20130418,50.98,53.05,50.98,52.63,550000
20130419,52.33,53.41,52.06,53.32,525500
20130422,52.74,54.59,52.74,53.93,352700
20130423,53.63,54.45,53.31,53.74,652400
20130424,53.28,54.03,53.02,53.37,479400
20130425,53.41,54.59,53.24,53.84,287800
20130426,53.73,53.91,52.39,53.12,528500
20130429,53.41,53.67,52.37,53.04,173700
20130430,53.63,54.07,52.58,53.56,474100
20130502,53.53,54.21,52.83,53.56,265400
20130503,53.56,54.21,53.18,53.37,256200
20130506,53.57,53.6,52.58,53.27,261500
20130507,53.24,54.75,52.98,54.5,620100
20130508,54.17,55.14,54.08,54.88,683000
20130509,54.7,55.6,54.56,55.19,544100
20130510,55.05,55.18,54.82,54.94,366700
20130513,54.56,55.75,54.5,55.25,302300
20130514,55.52,55.84,54.57,55.58,540400
20130515,55.59,56.66,55.46,55.63,1220400
20130516,55.62,56.03,55.21,55.91,328500
20130517,55.94,56.49,55.55,56.05,621600
20130520,55.97,56.19,55.49,55.72,396100
20130521,55.92,56.22,55.63,55.91,238100
20130522,56.07,56.32,55.91,56.01,318600
20130523,55.76,55.94,54.7,55.94,543000
20130524,55.79,55.84,54.71,54.82,433200
20130527,54.81,55.76,54.8,54.86,96200
20130528,54.83,55.64,54.31,54.45,344300
20130529,54.45,54.56,53.36,53.56,489500
20130531,53.52,53.52,51.73,52.61,959700
20130603,52.67,52.87,51.17,52.19,738500
20130604,52.44,52.44,51.69,52.15,286400
20130605,51.36,52.54,50.91,51.44,657300
20130606,51.67,51.77,50.94,51.39,419500
20130607,51.23,51.23,50.34,50.72,458700
20130610,50.77,50.77,49.89,50.17,450400
20130611,49.8,49.81,47.74,48.95,949000
20130612,48.96,49.12,48.35,48.58,509100
20130613,48.52,49.85,48.26,49,613800
20130614,48.76,50.01,47.93,48.07,357400
20130617,48.19,49.58,47.65,47.97,327500
20130618,47.32,49.12,47.32,48.23,209200
20130619,48.25,48.73,47.21,47.27,494700
20130620,47.06,47.88,45.29,47.24,1500700
20130621,46.97,48.3,46.94,47.35,765300
20130624,47.31,47.74,45.86,46.98,497600
20130625,47.16,48.44,46.51,48.15,545800
20130626,48.29,49.69,48.29,48.81,576200
20130627,48.84,50.36,48.83,49.19,669500
20130628,49.18,49.66,48.6,48.88,624000
20130701,48.8,49.58,47.73,48.99,420900
20130702,48.62,49.34,47.48,47.68,536000
20130703,47.19,48.28,47.19,47.67,450600
20130704,48.34,48.96,48.01,48.28,218000
20130705,47.85,48.81,47.36,47.73,320000
20130708,47.49,47.98,47.15,47.5,320300
20130710,47.38,48.57,47.31,48.29,208200
20130711,48.81,50.08,48.38,49.08,440500
20130712,48.73,49.3,48.51,48.96,258400
20130715,49.08,50.61,48.75,49.93,442000
20130716,49.94,50.25,49.13,49.46,366500
20130717,49.47,50.09,49.25,49.63,316900
20130718,49.29,49.86,49.08,49.35,446500
20130719,49.2,49.7,49.08,49.32,139200
20130722,48.78,50.36,48.78,50.07,178700
20130723,50.01,50.96,49.58,50.29,145900
20130724,50.36,50.72,49.51,49.71,222300
20130725,49.4,50.27,49.4,49.57,82100
20130726,49.6,50.59,49.08,50.12,297200
20130729,50.37,50.37,48.95,48.95,416100
20130730,49.31,49.31,48.14,48.28,297700
20130731,48.15,48.51,46.99,47.53,596600
20130801,47.9,48.76,47.33,48.33,839900
20130802,47.9,49.08,47.67,48.6,294000
20130805,48.51,49.27,48.1,49.08,352700
20130806,49.08,49.08,47.1,47.56,662900
20130807,47.78,48.22,47.07,47.29,623600
20130808,47.33,47.44,46.2,46.97,595400
20130809,47.43,47.83,46.52,47.68,463400
20130812,47.69,48.5,47.27,47.9,627000
20130813,47.63,48.56,47.28,47.86,335800
20130814,47.94,49.26,46.61,46.82,727100
20130815,46.82,47.44,46.32,46.58,518600
20130816,46.58,48.27,46.06,46.72,862700
20130819,46.7,47.09,45.21,45.78,634100
20130820,45.78,46.35,44.94,45.3,459200
20130821,45.22,45.3,44.13,44.74,450600
20130822,44.66,45.31,44.42,44.74,383200
20130823,45.12,45.31,44.24,44.97,395900
20130826,45.19,45.31,44.74,44.97,386700
20130827,44.3,44.95,44.22,44.53,208000
20130828,44.27,45.14,44.18,44.69,309400
20130829,44.64,45.02,44.46,44.83,437600
20130830,44.74,45.76,44.49,45.25,555400
20130902,45.36,46.98,45.36,46.25,356100
20130903,45.76,46.08,45.31,45.31,286000
20130904,44.86,45.29,44.47,44.84,335600
20130905,44.89,45.81,44.39,45.68,487400
20130906,45.57,46.89,45.13,46.34,671200
20130909,45.8,48.72,45.8,48.47,653300
20130910,48.09,48.68,47.32,47.38,717400
20130911,47.09,47.91,46.77,47.39,265700
20130912,47.93,47.93,46.44,46.63,875000
20130913,46.49,47.82,46.45,47.48,543700
20130916,47.47,47.97,47.35,47.69,681200
20130917,47.63,48.13,47.09,47.1,855500
20130918,47,48.76,47,48.37,595600
20130919,48.48,50.24,48.34,49.79,1337500
20130920,49.54,50.09,49.08,49.22,424200
20130923,49.31,50.12,49.07,49.61,309100
20130924,49.61,51.85,49.31,51.13,782500
20130925,51.13,51.45,49.95,50.77,465000
20130926,50.83,51.27,49.98,50.68,351600
20130927,50.67,51.07,49.51,50.1,359900
20130930,50.1,50.65,49.88,50.25,649100
20131001,49.78,51.01,49.77,50.68,353600
20131002,50.68,51.57,50.5,51.3,366400
20131003,51.53,51.53,50.7,51.01,482800
20131004,51.05,51.8,50.51,51.48,454100
20131007,51.48,51.48,50.54,51.05,334400
20131008,50.87,51.24,50.72,50.72,403000
20131009,50.78,51.19,50.55,51.07,278900
20131010,51.48,52.07,51,51.15,654900
20131011,51.4,51.48,50.72,51.2,728000
20131014,51.16,51.81,50.82,50.82,508500
20131015,50.72,51.87,50.59,50.94,265100
20131016,51.02,52.61,50.69,52.05,431300
20131017,51.71,52.99,51.71,52.46,407700
20131018,52.74,52.92,52.19,52.62,290700
20131021,52.92,52.97,52.44,52.56,232800
20131022,52.78,52.88,52.51,52.71,366000
20131023,52.6,52.67,51.87,52.44,244800
20131024,52.4,52.4,50.8,51.2,388500
20131025,51.34,51.5,50.63,50.87,182500
20131028,50.7,51.83,50.7,51.28,183600
20131029,51.28,51.65,50.15,50.15,285100
20131030,50.42,51.47,50.42,51.01,358800
20131031,51.26,51.29,49.3,49.86,686400
20131101,50.16,50.44,48.37,49.09,333300
20131104,49.36,50.23,48.72,49.68,553000
20131105,49.99,50.21,48.32,49.38,860200
20131106,49.1,49.34,47.97,48.49,806000
20131107,48.19,49.61,47.54,48.37,559800
20131108,48.29,48.46,46.67,47.45,789600
20131111,47.42,48.42,47.35,48.26,473500
20131112,48.13,48.49,47.5,47.62,475300
20131113,47.91,48.31,46.97,48.14,609800
20131114,48.34,50.35,48.24,50.35,702500
20131118,50.71,50.74,49.4,49.77,552500
20131119,49.8,50.02,48.29,49.06,783200
20131121,48.71,49.61,48.43,48.73,597400
20131122,48.75,49.93,47.25,48.44,531400
20131125,48.5,48.62,47.43,47.83,247700
20131126,47.83,48.83,47.16,48.83,343000
20131127,49.04,49.3,47.61,48.12,332900
20131128,48.36,49.31,47.65,48.37,127000
20131129,48.54,48.95,48.4,48.77,130800
20131202,48.45,48.58,47.43,47.43,162000
20131203,47.35,47.71,45.88,46.54,322400
20131204,46.61,47.4,46.19,46.64,718000
20131205,46.95,48.31,46.66,47.53,555300
20131206,47.54,47.58,46.61,46.62,92400
20131209,46.62,47.23,46.54,47.11,154800
20131210,46.92,46.92,45.7,46.08,312200
20131211,45.85,46.6,45.53,46.42,281900
20131212,46.61,46.74,46.14,46.55,279600
20131213,46.48,47.4,45.89,46.07,173800
20131216,46.1,46.49,45.78,46.27,188300
20131217,46.24,46.74,46.11,46.27,278300
20131218,46.49,46.88,46.33,46.68,1979500
20131219,46.89,47.74,46.58,47.36,221800
20131220,47.56,48.17,47.31,47.59,439100
20131223,47.45,48.62,47.34,47.64,375500
20131226,47.89,48.56,47.78,47.8,285500
20131227,47.92,47.99,47.13,47.33,335700
20131230,47.41,47.89,47.41,47.54,569400
20140102,47.54,47.88,46.68,46.92,412800
20140103,47.77,47.77,46.21,46.49,227900
20140106,47.45,47.45,45.73,45.88,268000
20140107,45.88,46.39,45.63,45.63,393200
20140108,45.83,46.62,45.43,45.73,234500
20140109,45.91,46.02,44.24,44.47,593300
20140110,44.7,45.52,43.74,44.76,303000
20140113,44.77,45.36,44.64,44.64,223800
20140114,44.68,45.69,44.59,44.83,268000
20140115,44.83,45.55,44.83,45.02,348100
20140116,45,45.52,44.92,44.92,281300
20140117,44.93,45.35,44.48,44.48,190300
20140120,44.78,45.2,44.11,44.11,182300
20140121,44.34,45.05,43.87,43.87,255700
20140122,44.02,44.76,44.02,44.49,368300
20140123,44.26,45.29,44.17,44.17,387500
20140124,44.19,44.41,43.3,43.54,478100
20140127,43.53,44.54,43.35,43.51,426000
20140128,43.64,44.19,42.92,42.92,351700
20140129,42.88,43.06,41.76,41.76,686200
20140130,41.79,42.73,41.67,41.67,486400
20140131,41.64,42.28,41.29,41.55,769200
20140203,41.25,41.8,40.63,40.63,662300
20140204,40.89,42.21,40.89,41.64,808600
20140205,41.64,42.37,41.59,41.59,528900
20140206,42.33,42.33,41.04,41.12,741900
20140207,41.3,42.58,41.14,42.58,555600
20140210,42.41,43.15,41.8,42.06,452600
20140211,42.17,43.24,41.48,42.99,807900
20140212,43.07,43.18,41.73,41.73,549500
20140213,41.5,42.51,40.85,41.97,781100
20140214,41.98,42.72,41.65,41.92,508100
20140217,41.83,42.28,40.68,40.96,272500
20140218,41.06,41.84,40.43,40.59,732000
20140219,40.41,41.92,40.4,41.68,746600
20140220,41.21,42.87,41.21,42.04,909800
20140221,41.83,43.28,41.51,42.94,675500
20140224,42.8,43.91,42.8,43.68,767000
20140225,43.36,43.58,42.19,42.36,1070100
20140226,42.57,43.34,42.17,42.87,524200
20140227,42.69,44.48,42.24,44.2,791700
20140228,44.35,44.82,43.76,43.92,581500
20140305,43.35,44.69,43.27,43.66,283600
20140306,44.09,44.49,43.83,44.45,728800
20140307,44.27,45.08,43.76,43.84,729600
20140310,43.79,43.94,42.67,43.3,761200
20140311,43.31,43.73,42.95,43.4,346300
20140312,43.26,44.26,43.26,43.94,1013400
20140313,44.03,44.07,43.17,43.17,1038600
20140314,43.3,43.67,42.78,43.11,582700
20140317,42.99,43.92,42.99,43.59,517100
20140318,43.8,44.55,43.55,44.28,577900
20140319,44.77,44.89,43.94,44.3,630900
20140320,44.06,44.13,42.87,43.57,2189400
20140321,43.57,44.44,43.35,43.93,423100
20140324,44.25,44.9,43.81,44.7,667700
20140325,44.93,45.54,44.36,44.68,542700
20140326,44.97,45.8,44.78,44.97,1364400
20140327,44.91,45.78,44.91,45.49,1577700
20140328,45.97,46.66,45.73,45.98,814700
20140331,46.09,46.47,45.79,46.13,542700
20140401,46.02,46.2,45.5,45.77,801200
20140402,45.87,46.88,45.73,46.69,1227600
20140403,46.88,46.88,45.89,46.23,538300
20140404,46.9,47.64,46.18,46.64,767700
20140407,46.85,47.39,46.03,46.49,482800
20140408,46.83,48.01,46.75,47.3,973500
20140409,47.18,47.97,46.89,47.4,1068000
20140410,47.5,48.11,47.15,47.34,980000
20140411,47.35,47.58,46.7,47.24,592400
20140414,47.2,47.5,46.88,47.18,681500
20140415,47.18,47.18,46.45,46.59,971400
20140416,46.59,47.61,46.56,47.12,658000
20140417,47.47,48.1,47.16,47.54,662100
20140422,47.75,48.52,47.29,47.4,1130500
20140423,47.46,47.93,46.96,47.15,555100
20140424,47.05,47.91,47.01,47.64,568600
20140425,47.34,47.96,47.12,47.12,369600
20140428,47.42,47.42,46.47,46.6,447300
20140429,46.78,47.79,46.78,47.26,786200
20140430,46.97,47.45,46.94,46.95,725600
20140502,46.95,47.71,46.81,47.16,685000
20140505,47.4,48.31,47.39,47.97,718600
20140506,48.01,48.99,47.93,48.78,734800
20140507,48.99,49.22,48,48,1282900
20140508,48.24,48.51,47.71,47.79,712800
20140509,48.03,48.19,47.07,47.18,886100
20140512,47.36,47.64,46.83,46.89,789900
20140513,46.89,47.07,46.2,46.2,908000
20140514,46.22,46.69,46.22,46.44,749300
20140515,46.47,46.65,45.49,45.54,1069000
20140516,45.59,46.53,45.59,45.91,596500
20140519,45.69,46.36,45.41,45.41,433500
20140520,45.56,46.33,45.39,45.39,535300
20140521,45.48,46.29,45.35,45.88,483000
20140522,45.73,46.48,45.73,46.02,429100
20140523,46.04,46.61,45.92,46.03,534900
20140526,46,46.6,45.87,45.93,196100
20140527,46.11,46.22,45.02,45.02,471400
20140528,45.06,45.7,45.06,45.34,294700
20140529,45.65,46.49,45.59,45.85,368700
20140530,45.71,46.45,45.44,45.79,989600
20140602,46.1,46.14,44.92,44.92,530000
20140603,44.92,45.4,44.8,44.91,387800
20140604,44.68,45.27,44.5,44.66,349000
20140605,44.66,45.16,44.35,44.68,291000
20140606,45.24,46.2,44.81,45.61,887100
20140609,45.6,46.37,45.57,46.37,462900
20140610,46.14,48.11,45.99,47.51,521300
20140611,47.66,48.61,47.49,48.47,355700
20140613,48.05,50.18,48.05,48.88,281400
20140616,48.65,49.05,48.47,48.59,260400
20140617,48.3,49.34,48.26,48.86,308300
20140618,49.07,49.5,48.4,49.45,233000
20140620,49.38,50.02,48.91,49.63,303700
20140623,49.89,49.89,49.07,49.54,125000
20140624,49.55,49.99,49.52,49.67,227600
20140625,49.98,50.12,49.35,49.5,451400
20140626,49.77,50.09,49.36,49.55,428900
20140627,49.79,50.07,49.19,49.25,1156000
20140630,49.49,49.58,48.88,48.88,493300
20140701,48.76,49.22,48.36,48.36,365600
20140702,48.6,48.75,47.97,48.31,348600
20140703,48.23,48.57,47.97,48.28,256900
20140704,48.48,49.43,47.96,48.47,91700
20140707,48.3,48.8,48.18,48.18,293100
20140708,48.17,48.85,48.09,48.5,174500
20140710,48.5,49.46,48.5,48.9,283300
20140711,49.14,50.08,49,49.43,579300
20140714,49.51,51.35,49.33,50.91,657700
20140715,50.61,51.62,50.11,51.25,405400
20140716,51.14,51.65,50.81,51.25,438000
20140717,50.87,51.95,50.82,51.59,525800
20140718,51.83,53.28,51.83,52.88,256400
20140721,52.49,53.74,52.49,53.51,178500
20140722,53.19,55.87,53.13,55.86,752400
20140723,55.56,55.84,55.05,55.05,755800
20140724,55.05,55.42,54.29,54.52,263700
20140725,54.71,55.21,53.36,53.36,560900
20140728,53.48,54.19,53.27,53.27,250500
20140729,53.63,54.41,52.74,52.74,708500
20140730,52.79,53.06,51.75,52.8,444700
20140731,52.26,52.91,51.73,51.73,556000
20140801,51.72,52.73,51.34,51.9,437000
20140804,52.39,53.06,51.43,52.76,476100
20140805,52.26,53.3,52.1,52.13,358400
20140806,52.3,52.96,51.38,52.08,215800
20140807,51.93,52.74,51.83,51.83,159900
20140808,51.69,52.49,51.62,51.83,630300
20140811,51.97,52.9,51.97,52.5,755900
20140812,52.71,53.07,52.22,52.45,442600
20140813,52.59,52.91,51.93,52.08,421200
20140814,52.21,52.45,51.62,52.05,317000
20140815,52.34,52.96,52.31,52.85,311300
20140818,53.21,54.62,52.88,54.51,1203200
20140819,54.42,54.95,54.37,54.71,1015600
20140820,54.32,55.3,54.25,54.94,422800
20140821,54.86,55.64,53.75,54.42,1896600
20140822,54.31,55.57,54.16,54.71,395000
20140825,55.04,55.54,54.95,55.19,586700
20140826,55.17,55.64,55.13,55.14,684000
20140827,55.13,56.22,55.13,55.57,1037900
20140828,55.47,55.77,54.71,54.71,476100
20140829,55.38,55.63,54.88,55.39,1132600
20140901,55.39,56.75,55.39,55.67,401500
20140902,55.81,56.25,55.19,56.13,487100
20140903,56.03,56.54,55.51,55.57,321900
20140904,55.56,55.61,54.56,54.56,395800
20140905,54.49,54.72,53.4,53.4,766900
20140908,53.75,54.61,52.03,52.44,658400
20140909,52.01,52.5,51.15,51.45,889300
20140910,51.1,51.38,50.11,51.01,610400
20140911,51.23,51.84,50.62,50.9,639300
20140912,50.42,50.42,49.12,49.23,381200
20140915,49.85,49.92,48.77,49.08,443000
20140916,49,51.41,49,50.97,752200
20140917,50.97,52.38,50.79,51.16,610700
20140918,50.68,51.63,49.95,50.33,665100
20140919,49.87,51.35,49.87,50.91,520100
20140922,50.56,50.71,49.84,50.11,422200
20140923,49.91,50.92,49.37,49.6,440400
20140924,49.58,50.24,49.43,50.15,359700
20140925,49.98,50.07,48.8,48.8,454600
20140926,48.51,50.07,48.4,49.9,315100
20140929,49.23,49.29,47.82,47.89,679800
20140930,47.89,48.26,47.01,48.1,723700
20141001,47.77,48.04,45.93,45.97,761000
20141002,46.26,47.45,46.02,46.81,501300
20141003,46.93,48.69,46.81,47.94,255400
20141006,50.06,52.25,49.13,49.52,770700
20141007,49.72,50.07,49.28,49.78,427100
20141008,50.1,50.26,49.5,49.54,343500
20141009,49.84,50.3,49.07,49.89,393500
20141010,49.71,50.14,47.37,47.37,380100
20141013,48.47,50.19,48.47,49.43,671000
20141014,48.47,50.1,48.47,49.48,1077000
20141015,48.58,48.92,47.32,47.99,534900
20141016,46.74,47.97,45.97,46.06,469900
20141017,47.03,47.44,46.05,47.03,466900
20141020,46.96,47.48,45.69,45.78,607000
20141021,45.17,45.69,44.4,45.25,1228800
20141022,44.92,46.04,44.45,45.61,717400
20141023,44.96,45.87,43.38,43.38,951100
20141024,43.65,46.96,43.65,46.55,1253900
20141027,42.71,46.1,42.71,45.86,1172400
20141028,46.17,48.08,45.89,47.99,791100
20141029,47.65,47.82,46.07,46.07,714100
20141030,46.42,48.92,46.42,48.08,869800
20141031,47.99,49.63,47.51,49.19,566600
20141103,49.06,49.21,47.89,48.23,706600
20141104,48.95,48.95,47.51,47.81,655500
20141105,47.32,48.3,47.03,47.03,496100
20141106,46.56,47.28,46.12,46.5,649200
20141107,45.88,46.81,45.26,45.92,471900
20141110,46.08,46.39,45.42,45.42,770500
20141111,45.35,46.34,45.35,46.06,501000
20141112,46.06,46.62,46.02,46.22,346800
20141113,45.4,47,45.4,46.39,826900
20141114,45.92,46.38,45.13,45.62,660500
20141117,45.22,46.36,45.2,45.2,602400
20141118,46.1,47.04,45.48,46.96,760300
20141119,46.64,48.05,46.51,47.34,506400
20141121,48.11,49.14,47.26,48.61,1156700
20141124,49.33,50.1,48.47,49.58,1332400
20141125,49.58,50.3,48.54,48.54,986800
20141126,48.8,50.23,48.33,49.67,755900
20141127,49.49,50.87,49.44,50.29,454900
20141128,49.94,50.56,49.39,49.53,658700
20141201,49.63,49.67,46.69,46.69,1453900
20141202,47.18,47.99,46.64,46.92,1397200
20141203,46.92,47.28,45.81,45.81,727600
20141204,46.44,46.96,45.73,46.36,945300
20141205,46.82,47.25,45.49,46.4,774100
20141208,45.95,46.56,45.61,46.07,1308700
20141209,45.69,47.45,45.66,47.03,1229800
20141210,46.93,47.49,46.21,47.03,958100
20141211,46.76,47.41,46.07,46.07,934000
20141212,45.97,46.3,44.63,44.63,677900
20141215,44.63,45.1,43.61,44.05,716900
20141216,43.67,43.67,42.38,43.13,3192400
20141217,43.43,44.44,43.09,43.91,2257700
20141218,44.8,44.8,43.89,44.34,1020900
20141219,45.1,46.23,44.65,45.61,567800
20141222,45.66,46.23,45.46,46.23,528500
20141223,46.66,46.84,45.9,46.39,783300
20141226,46.1,46.82,45.57,46.04,388600
20141229,46.1,46.44,45.75,45.95,436000
20141230,45.91,47.25,45.33,45.9,537600
20150102,45.47,45.51,42.82,42.82,2147300
20150105,43.33,43.76,42.08,42.95,1126200
20150106,42.9,45.08,42.69,45.08,1324700
20150107,45.82,47.85,45.63,46.44,1258100
20150108,46.32,46.81,45.44,45.98,503800
20150109,45.3,46.86,45.3,46.24,729800
20150112,46.2,46.68,45.5,45.76,808500
20150113,45.99,47.32,45.99,46.44,1430300
20150114,46.12,47.04,45.8,46.63,1024900
20150115,47.02,48.99,46.76,48.18,1253900
20150116,48.59,50.13,48.35,49.15,1363500
20150119,48.8,49.95,47.14,47.27,967900
20150120,47.65,49.31,47.65,48.97,688200
20150121,49.63,52.26,49.1,50.79,1986300
20150122,51.52,52.58,50.4,50.4,1508800
20150123,50.07,50.96,50.07,50.93,718100
20150126,50.58,50.62,49.02,49.39,517300
20150127,49.09,49.77,48.16,49.34,569300
20150128,49.04,50.09,48.28,49.3,335800
20150129,48.84,49.11,47.46,48.18,680200
20150130,47.4,48.05,46.53,46.62,669100
20150202,46.9,48.09,46.61,47.51,1291600
20150203,47.76,48.32,47,48.3,954200
20150204,48.37,48.98,46.74,47.32,952700
20150205,46.77,49.01,46.77,48.47,455000
20150206,47.79,48.37,46.99,47.33,1047100
20150209,47.11,48.68,46.59,48.57,1045600
20150210,48.39,49.4,47.8,47.8,571000
20150211,47.89,48.43,46.74,47.42,693400
20150212,48.23,49.34,48.15,49.34,472500
20150213,48.87,50.94,48.86,50.69,829100
20150218,51.37,51.8,50.12,50.79,518500
20150219,50.34,51.92,50.34,51.18,494500
20150220,50.97,51.14,50.03,50.44,413000
20150223,49.64,51.85,49.57,51.32,381900
20150224,50.98,52.05,50.48,51.57,627100
20150225,51.68,53,51.57,52.25,807500
20150226,52.33,52.88,50.96,51.86,1296600
20150227,52.03,53.27,51.58,52.77,1215200
20150302,52.71,52.91,51.1,51.31,805100
20150303,51.76,52.18,50.92,51.7,617700
20150304,51.27,51.96,50.04,51.77,537400
20150305,51.76,52.23,50.28,50.52,603500
20150306,50.48,50.53,49.5,50.17,359100
20150309,49.34,49.92,47.93,47.96,909900
20150310,47.83,49.6,47.5,49.44,829200
20150311,49.19,49.95,48.86,49.55,709900
20150312,50.72,51.01,49.33,49.83,543800
20150313,47.94,49.49,47.94,48.8,752500
20150316,49.62,50.66,49.59,50.66,959400
20150317,50.72,51.6,50.27,51.32,682400
20150318,51.22,53.44,50.69,53.03,861600
20150319,52.94,53.13,52.14,52.89,1215900
20150320,53.6,54.59,53.35,54.09,962800
20150323,54.17,54.56,53.08,53.5,1269900
20150324,53.5,54.32,53.02,53.45,375500
20150325,54.02,54.56,53.06,53.64,623400
20150326,53.05,53.33,51.88,52.46,601400
20150327,52.06,53.36,51.76,52.18,415300
20150330,52.24,54.2,52.24,54.06,808100
20150331,53.31,54.51,53.31,54.23,1722300
20150401,54.86,55.5,53.82,54.13,1170300
20150402,54.48,56.53,54.32,54.95,1647000
20150406,55.5,56.55,55.36,55.95,920000
20150407,55.94,56.31,54.86,55.21,895700
20150408,56.29,56.93,55.05,55.15,618000
20150409,55.15,56.18,54.3,54.42,608100
20150410,54.43,56.6,54.43,56.21,1012600
20150413,56.2,56.67,55.44,55.53,480900
20150414,56.22,56.22,54.67,55,586100
20150415,55.25,55.8,54.44,55.14,384400
20150416,55.13,55.47,53.43,54.14,947700
20150417,53.1,54.02,53.08,53.82,672600
20150420,54.18,55.28,52.94,53.93,427400
20150422,54.2,55.06,53.85,54.66,539000
20150423,54.4,56.38,54.4,55.9,566700
20150424,56.61,56.61,54.24,54.24,574700
20150427,54.33,54.48,52.16,53.02,993400
20150428,53.31,53.34,51.47,52.35,655500
20150429,51.67,51.95,50.98,51.34,1142200
20150430,50.29,51.5,48.83,51.38,2375800
20150504,51.62,52.77,50.9,51.71,831200
20150505,51.71,52.23,50.98,51.51,437600
20150506,51.29,52.01,49.83,50.59,826000
20150507,50.59,51.61,49.8,51.6,622400
20150508,52.83,52.83,51.24,52.55,631400
20150511,52.55,52.55,50.63,50.89,1162100
20150512,50.89,51.03,49.92,49.92,1036800
20150513,49.97,51.57,49.78,50.98,654100
20150514,51.02,53.29,51.02,52.47,797700
20150515,52.07,52.66,51.75,52,582300
20150518,52.46,52.46,49.99,50.49,787200
20150519,50.46,51.26,50.12,50.98,628700
20150520,50.55,51.39,49.92,50.26,453800
20150521,49.87,50.68,49.61,50.31,542200
20150522,50.63,51.29,49.23,50.06,721400
20150525,49.96,50.42,49.33,49.88,214700
20150526,49.48,49.57,48.04,48.47,1190000
20150527,48.47,49.92,47.53,49.82,604200
20150528,49.31,49.33,47.79,48.64,671900
20150529,47.86,48.69,47.38,48.3,836400
20150601,47.92,48.04,47.49,47.73,730600
20150602,48.47,48.68,47.6,48.19,360500
20150603,48.19,48.66,46.94,47.01,1152300
20150605,46.29,47.62,46.29,46.75,554800
20150608,46.52,48.04,46.39,47.16,534200
20150609,47.16,47.32,46.58,46.92,662000
20150610,47.41,48.04,46.93,47.5,639800
20150611,47.75,47.75,46.19,46.5,641300
20150612,46.32,46.52,45.39,45.58,810500
20150615,45.35,45.92,44.93,45.7,1023200
20150616,45.7,46.67,45.49,46.41,892900
20150617,46.65,46.65,44.94,45.37,1684800
20150618,46,47.64,45.61,47.33,1425400
20150619,46.87,47.12,45.72,46.23,1100200
20150622,46.53,46.9,45.9,46.63,1263100
20150623,46.52,47.97,45.9,47.5,1021900
20150624,47.58,48.23,46.23,46.64,1153700
20150625,45.85,47.25,45.77,46.84,784400
20150626,46.24,47.58,46.24,46.87,697200
20150629,46.19,46.58,45.85,46.33,474800
20150630,46.94,46.97,45.93,46.48,1260400
20150701,46.54,48.08,46.54,48,947800
20150702,48.39,48.39,46.98,46.98,540100
20150703,46.64,47.42,46.12,46.83,464500
20150706,46.17,46.62,45.41,45.84,986100
20150707,45.33,46.33,44.85,46.24,1156200
20150708,45.87,46.89,45.51,45.56,702700
20150710,46.68,46.92,46.2,46.83,735400
20150713,46.63,47.21,45.86,46.46,258700
20150714,46.4,46.4,44.98,45.94,595200
20150715,46.16,46.16,45.35,46.12,516000
20150716,45.93,46.56,45.26,45.95,451000
20150717,46.16,46.72,45.61,46.08,611500
20150720,46.07,46.07,45.05,45.58,472200
20150721,45.56,46.59,45.26,46.23,565100
20150722,45.71,46.05,44.64,45.22,447200
20150723,44.61,44.93,43.8,44.33,886400
20150724,44.1,44.43,42.66,43.73,910300
20150727,43.34,44.42,43.05,43.31,600300
20150728,43.7,44.51,42.83,43.72,636000
20150729,43.24,45.12,43.24,44.53,582200
20150730,44.49,45.51,44.05,44.06,485400
20150731,44.27,46.02,44.15,45.61,645100
20150803,45.7,46.1,44.65,44.91,561000
20150804,45.43,45.53,43.51,43.94,794200
20150805,44.43,44.51,43.32,43.41,382100
20150806,42.78,43.42,42.61,42.99,804500
20150807,42.82,43.21,41.96,42.38,741600
20150810,42.39,43.78,42.09,43.39,508900
20150811,42.99,44,42.99,43.99,362000
20150812,43.8,44.17,42.56,43.31,879300
20150813,43.07,43.17,42.29,42.82,504600
20150814,43,43.22,42.37,43.16,293200
20150817,43.15,43.52,42.48,43.02,350300
20150818,43.21,44.54,42.32,43.45,789000
20150819,43.03,43.55,42.53,43.02,511000
20150820,42.61,43.41,42.18,42.92,650500
20150821,42.4,42.53,41.55,42.19,1019000
20150824,40.52,42.61,39.21,41.27,937800
20150825,42.11,42.4,41.26,41.73,562400
20150826,42.04,42.13,40.28,41.65,1035600
20150827,42.06,44.46,41.44,44.24,1427200
20150828,43.5,43.88,42.03,42.16,778300
20150831,41.73,41.73,39.88,40.26,1446000
20150901,39.21,41.02,39.11,39.6,1992600
20150902,39.6,40.35,39.06,39.8,784900
20150903,40.14,40.97,39.18,40.56,1157800
20150904,39.79,40.3,39.06,39.06,870800
20150908,39.79,40.14,38.84,39.62,459300
20150909,40.29,40.68,39.85,40.11,1014400
20150910,38.97,39.3,38.5,39.3,1493100
20150911,39.1,41.15,38.99,40.9,880600
20150914,41.06,42.02,40.09,42.02,732300
20150915,42.25,42.25,40.29,41.59,669500
20150916,41.59,43.35,41.59,42.4,636300
20150917,41.58,42.87,41.17,41.46,829300
20150918,40.89,41.84,40.22,41.12,1007900
20150921,40.84,41.12,39.83,40.32,417400
20150922,39.66,41.44,39.35,41.39,1071700
20150923,41.11,41.44,40.42,40.81,1217900
20150924,39.21,40.77,38.62,40.23,1799100
20150925,40.72,41.68,40.41,40.41,1139400
20150928,40.41,41.63,39.67,39.67,1038000
20150929,39.59,41.27,39.59,40.84,1998500
20150930,42.39,42.4,40.83,41.45,1142500
20151001,41.97,42.04,39.84,41.12,714900
20151002,40.84,43.07,40.72,42.65,986400
20151005,43.49,43.99,42.15,42.64,572700
20151006,42.71,43.75,42.19,42.7,836100
20151007,43.37,44.27,42.33,42.39,1146600
20151008,42.28,45.06,42.24,44.47,1068300
20151009,45.26,45.66,42.92,44.41,1284000
20151013,44.1,45.03,43.47,43.89,615600
20151014,43.58,44.55,42.47,43.06,1150100
20151015,42.57,44.12,42.43,42.64,629900
20151016,42.92,43.98,42.23,43.23,560600
20151019,43.53,43.99,42.65,43.38,525100
20151020,43.36,43.93,41.91,42.23,695900
20151021,42.51,43.29,42.2,42.53,542000
20151022,42.74,44.28,42.72,43.44,400300
20151023,44.12,44.7,43.33,43.46,568400
20151026,43.79,44.3,42.71,42.99,350800
20151027,42.98,44.14,42.6,43.8,732700
20151028,43.79,43.9,42.56,42.85,691000
20151029,42.15,42.57,40.68,40.86,1080400
20151030,40.84,41.62,40.66,41.13,989700
20151103,41.14,43.25,40.49,42.69,869700
20151104,43,44.27,42.62,42.96,1331200
20151105,42.97,44.68,42.87,44.53,804700
20151106,44.52,44.71,42.47,43.21,979900
20151109,42.61,43.35,42.29,42.62,522600
20151110,42.62,43.11,41.7,43.11,780700
20151111,43.11,44.59,43.11,43.63,782400
20151112,43.98,45.02,43.18,43.64,700300
20151113,43.34,44.28,42.88,44.07,789400
20151116,44.37,44.44,43.42,43.7,424100
20151117,43.96,45.04,43.91,44.81,1013200
20151118,44.39,45.34,44.39,44.94,556100
20151119,45.18,45.51,44,44.52,981100
20151123,44.89,44.93,44.33,44.39,173700
20151124,44.17,44.42,43.46,44.07,331400
20151125,43.76,44.24,42.84,43.47,498800
20151126,43.23,43.77,42.95,43.61,257600
20151127,43.3,43.59,42.33,43.4,595300
20151130,43.13,43.23,41.54,41.65,1192300
20151201,41.66,42.66,41.66,42.5,888500
20151202,42.47,43.63,42.33,42.91,648100
20151203,43.5,45.52,43.5,45.03,1019100
20151204,44.68,44.68,42.01,43.11,740400
20151207,43.12,43.83,41.66,41.66,767500
20151208,41.81,41.88,40.21,40.37,677500
20151209,40.68,43.45,40.68,42.73,887400
20151210,43.04,43.57,41.76,42.3,471700
20151211,42.01,42.86,41.33,41.97,309600
20151214,41.97,41.97,40.76,40.84,614800
20151215,41.55,42.17,40.91,41.7,874200
20151216,40.96,42.37,40.41,42.18,768700
20151217,43,43.59,41.79,41.93,469900
20151218,40.91,41.46,39.72,40.08,924700
20151221,40.57,40.57,38.86,39.18,843600
20151222,39.6,40.11,39.41,39.71,503400
20151223,40.36,40.66,39.95,40.35,345100
20151228,40.23,40.23,39.28,39.83,822300
20151229,39.66,39.95,38.39,38.47,605600
20151230,38.22,38.62,37.41,37.72,810700
20160104,37.53,37.64,36.73,37.32,502500
20160105,37.77,37.92,36.79,37.92,733000
20160106,37.52,38.31,37.13,37.92,780000
20160107,37.09,37.54,36.72,36.93,1059700
20160108,36.75,37.6,36.75,37.18,659400
20160111,36.83,38.49,36.83,38.16,897900
20160112,38.03,38.67,37.88,37.92,924200
20160113,38.13,38.63,37.92,38.24,614100
20160114,37.9,38.62,37.76,38.48,553900
20160115,38.16,38.86,37.85,38.57,1234900
20160118,38.75,38.75,37.92,38.42,622400
20160119,39.81,39.81,38.4,38.61,667100
20160120,38.02,38.53,37.73,38.53,920600
20160121,38.52,38.86,37.93,38.5,661200
20160122,38.69,39.28,38.54,38.92,1091700
20160126,38.65,39.4,38.27,38.85,789300
20160127,38.78,40.21,38.67,38.72,685000
20160128,38.91,39.92,38.56,39.14,680200
20160129,39.34,42.31,39.34,41.1,1221200
20160201,41.1,42.12,40.43,42.12,554700
20160202,41.82,42.25,41.21,41.63,542200
20160203,41.63,42.99,41.48,42.35,1003200
20160204,42.65,44.67,42.58,42.87,814000
20160205,42.69,44.4,42.49,43.21,831300
20160210,42.74,43.27,42.13,43.19,580600
20160211,42.78,42.78,41.84,42.26,814100
20160212,42.56,42.76,41.78,42.28,690300
20160215,42.79,43.34,42.32,42.98,335700
20160216,42.61,43.18,41.85,42.62,986100
20160217,42.92,43.62,42.28,42.64,926800
20160218,42.34,43.23,41.87,42.65,624800
20160219,42.35,43.49,42.17,42.71,460200
20160222,43.16,44.63,43.16,44.36,1013400
20160223,44.36,45.58,43.86,44.48,1798200
20160224,44.06,44.3,43.1,43.97,708500
20160225,44.28,45.58,44.25,44.53,921600
20160226,44.83,45.58,44.35,45.17,1164900
20160229,45.66,47.36,45.19,46.67,1327600
20160301,46.98,47.94,46.72,47.48,1157800
20160302,47.8,48.89,46.86,47.88,1004200
20160303,48.22,51.13,47.92,49.99,1397800
20160304,53.61,54.6,50.07,50.63,1606100
20160307,50.28,50.81,49.98,50.55,717800
20160308,50.55,51.2,50.15,50.43,828500
20160309,50.79,51.58,49.93,50.82,1171300
20160310,51.22,52.4,50.31,51.29,1404700
20160311,50.94,51.41,50.28,50.88,1229500
20160314,50.67,51.11,49.84,50.23,1018900
20160315,49.83,49.83,47.65,48.98,1106400
20160316,48.64,49.14,47.86,48.76,456400
20160317,50.63,52.12,50.63,51.13,1395600
20160318,51.36,51.94,50.74,51.8,870600
20160321,51.82,52.75,51.17,51.66,1845500
20160322,51.36,53.06,51.36,52.87,865300
20160323,52.5,52.5,50.87,51.25,557300
20160324,50.88,52.57,50.63,51.92,544500
20160328,53.41,53.61,51.49,53.06,469200
20160329,53.54,54.98,53.06,54.16,931100
20160330,54.6,56.31,53.96,54.25,711000
20160331,53.94,55.26,53.23,53.31,854700
20160401,52.32,54.75,52.32,54.42,740300
20160404,54.35,54.49,52.92,53.33,488400
20160405,52.82,54.3,52.71,53.16,535300
20160406,52.42,52.98,51.21,51.72,749900
20160407,52.42,54.23,51.62,52.34,1062200
20160408,53.88,56,53.88,55.59,1161600
20160411,55.82,55.91,54.12,54.39,593800
20160412,54.68,55.85,53.75,54.13,850000
20160413,55.29,56.28,54.49,55.16,1443500
20160414,55.3,55.98,55.3,55.89,663700
20160415,56.09,57.51,55.27,56.02,877000
20160418,55.9,57.24,55.18,56.65,387800
20160419,57.04,59.37,56.58,57.48,1134100
20160420,56.87,57.17,55,55.06,772500
20160422,53.99,55.8,53.46,54.75,805100
20160425,53.96,55.48,53.96,54.92,568800
20160426,55.05,55.94,54.55,55.68,1164700
20160427,56.03,57.88,55.77,57.88,1157400
20160428,57.89,58.22,56.28,57.95,714400
20160429,57.57,59.09,57.55,58.53,879700
20160502,58.29,59.81,57.88,58.73,820300
20160503,58.18,59.07,57.36,57.79,496700
20160504,57.16,58.57,57.16,58.57,529500
20160505,58.63,58.63,56.09,56.84,1020800
20160506,56.63,57.41,55.75,55.84,1558000
20160509,55.47,57.11,55.04,56.34,1183300
20160510,57.16,59.25,56.55,58.57,912400
20160511,59.8,60.04,57.89,58.62,953900
20160512,58.7,60.64,57.48,59.76,859300
20160513,59.26,59.87,58.14,59.66,935000
20160516,58.88,59.58,58.44,59.07,738900
20160517,58.33,59.09,56.9,57.58,1127600
20160518,56.75,57.73,56.29,56.48,1233200
20160519,55.76,57.16,55.76,56.59,993400
20160520,56.94,57.3,56.2,56.59,512500
20160523,55.6,56.82,54.83,56.4,676700
20160524,56.37,56.85,55.82,55.98,472500
20160525,56.25,56.34,54.86,54.86,991200
20160527,54.59,55.46,53.65,54.11,777000
20160530,53.74,55.09,53.74,54.42,124700
20160531,54.07,54.62,54.03,54.26,728300
20160601,54.25,54.59,53.41,54.03,783700
20160602,54.31,57.15,53.88,56.59,940300
20160603,56.99,57.82,56.09,56.59,482200
20160606,56.59,57.72,56.14,57.68,421400
20160607,57.69,57.69,55.99,56.46,502000
20160608,56.74,58.92,56.46,57.81,452400
20160609,58.01,58.41,57.4,58.13,266700
20160610,58.05,58.05,56.34,56.55,339300
20160613,55.66,57.12,55.53,56.79,314300
20160614,56.72,56.98,55.58,56.7,461200
20160615,56.54,58.28,56.13,57.65,669900
20160616,57.14,58.61,55.88,58.61,922900
20160617,58.88,59,57.54,58.18,725500
20160620,59.11,60.07,58.44,58.82,1284300
20160621,59.01,59.01,58.07,58.46,545300
20160622,58.16,58.99,57.2,57.43,472000
20160623,57.83,59.07,57.55,58.65,493700
20160624,57.65,58.03,56.59,57.74,445200
20160627,57.45,58.09,57.28,57.78,414300
20160628,58.64,59.17,57.98,58.77,310400
20160629,59.6,60.7,59.49,60.26,693300
20160630,59.66,60.45,59.08,59.83,772200
20160701,60.47,61.42,60.01,60.04,811900
20160704,60.85,61.24,60.14,60.78,381200
20160705,60.02,61.6,60.02,61.18,307300
20160706,60.93,61.02,59.6,60.22,315500
20160707,60.58,60.98,59.84,60.51,571500
20160708,60.98,61.77,60.49,61.27,629500
20160711,61.85,62.61,61.14,61.96,745100
20160712,62.68,62.99,60.01,60.59,633100
20160713,60.98,61.62,60.08,61.22,760600
20160714,61.99,62.04,61.23,61.79,1049400
20160715,61.34,62.61,61.26,62.25,612900
20160718,62.55,63.18,61.81,63.12,585400
20160719,63.15,63.46,62.49,63.15,468700
20160720,62.77,64.02,62.77,63.81,443100
20160721,63.49,64.25,62.9,63.4,491900
20160722,63.09,64.15,63.09,63.34,460000
20160725,63.66,63.66,62.15,62.53,365200
20160726,62.43,63.58,62.43,62.65,284700
20160727,62.7,62.89,62.21,62.53,254700
20160728,62.22,62.85,61.91,62.54,563200
20160729,62.24,63.84,62.24,63.17,420200
20160801,63.18,64.69,63.18,64.02,489400
20160802,63.85,64.14,62.15,62.7,548100
20160803,62.4,62.92,61.97,62.72,476200
20160804,62.99,64.74,62.5,64,510300
20160805,64.32,66.33,64.32,66.3,874700
20160808,66.15,66.47,64,64.17,557200
20160809,63.88,65.18,63.88,64.65,518300
20160810,65.13,65.16,62.8,63.47,447600
20160811,64,64.3,63.01,64.3,339100
20160812,63.81,64.12,61.96,63.6,546800
20160815,64,64.24,62.86,63.5,283700
20160816,62.91,63.35,61.68,62.5,659700
20160817,62,62.71,61.47,62.11,710100
20160818,62.09,62.89,61.24,61.28,694600
20160819,61.01,61.73,60.35,60.95,1086100
20160822,60.36,61.5,59.7,59.78,1351600
20160823,60.25,61.14,59.9,60,708300
20160824,59.7,60.71,59.32,60.07,616200
20160825,60.07,61.69,60.07,60.45,846800
20160826,60.84,60.84,59.15,59.64,948900
20160829,60.12,60.12,58.52,58.81,898600
20160830,58.79,59.75,58.21,58.88,977200
20160831,59.18,59.82,58.07,58.31,712400
20160901,58.1,61.75,58.1,61.2,1598000
20160902,62.08,64.28,61.85,63.78,794700
20160905,64.3,64.87,63.94,63.94,327100
20160906,64.11,65.5,63.7,65.3,592300
20160908,64.65,65.15,62.96,63.74,601400
20160909,63.16,64.13,61.98,62.43,1345100
20160912,62.01,63.46,62,62.51,648400
20160913,61.48,62.28,60.36,61.29,702000
20160914,60.94,62.15,60.18,61.58,423600
20160915,62.29,63.19,61.72,62.9,445300
20160916,62.57,63.1,61.46,62.74,739300
20160919,63.2,63.43,62.49,62.49,274300
20160920,63.16,63.16,61.91,62.1,390700
20160921,61.26,63.7,61.26,63.03,384600
20160922,64.03,64.54,62.9,63.06,647900
20160923,63.01,63.59,61.54,61.88,594400
20160926,61.2,62.48,61.19,62.05,265500
20160927,62.29,63.55,62.02,63.37,578800
20160928,63.36,65.06,63.27,64.14,843500
20160929,64.14,64.7,63.54,63.7,820600
20160930,64.04,64.47,62.98,63.2,717400
20161003,63.2,65.31,63.2,64.65,533700
20161004,64.34,65.09,63.92,64.43,717700
20161005,64.32,65.22,63.94,64.59,393500
20161006,64.17,64.56,63.61,64,508900
20161007,64.32,65.31,62.65,65.03,827100
20161010,64.87,65.61,64.66,65.08,348500
20161011,65.08,65.08,63.45,63.66,405100
20161013,63.34,63.9,62.99,63.5,493300
20161014,63.39,64.78,63.25,63.94,432000
20161017,63.67,64.42,63.03,64.09,329100
20161018,64.04,66.25,63.45,65.97,588600
20161019,65.74,66.63,64.27,65.34,624000
20161020,65.01,65.64,63.24,64.93,670700
20161021,64.93,65.25,64.17,64.61,426500
20161024,64.6,65.05,63.81,64.45,335000
20161025,64.24,64.58,62.66,62.66,406800
20161026,62.61,63.64,61.69,62.77,585500
20161027,62.55,64.28,62.52,63.2,516800
20161028,62.68,63.31,61.75,62.6,815700
20161031,62.76,64.49,62.2,64.15,612600
20161101,64.16,64.45,61.05,61.96,726600
20161103,61.2,61.94,60.01,61.21,769400
20161104,60.79,63.17,60.72,61.76,794400
20161107,61.81,63.32,61.81,62.66,371000
20161108,61.95,63,61.95,62.75,491400
20161109,61.9,62.81,60.64,62.32,503700
20161110,61.95,62.22,58.14,60.16,1347200
20161111,59.21,59.35,57,57.51,1975700
20161114,57.01,58.89,56.63,58,917000
20161116,58.8,58.95,57.44,57.92,701700
20161117,58.78,58.78,56.45,57.43,771300
20161118,56.82,59,56.82,57.68,521400
20161121,57.52,58.52,57.21,58.36,542700
20161122,58.7,59.11,56.52,57.07,674800
20161123,57.17,57.8,55.89,57.75,520500
20161124,57.14,57.82,56.68,56.75,214000
20161125,56.67,57.42,55.93,57.38,418400
20161128,57.33,57.84,56.9,57.56,422900
20161129,57.12,57.28,55.81,55.81,490700
20161130,56.3,58.13,56.23,58.13,842100
20161201,57.26,57.35,55.11,56,1055100
20161202,55.16,55.43,54.15,54.95,1042800
20161205,55.44,56.27,54.73,55.42,453200
20161206,55.14,56.1,54.75,56.1,382000
20161207,56.32,57.42,55.62,56.55,607400
20161208,57.39,58.53,56.2,58.05,679200
20161209,58.53,59.49,57.81,58.72,1034400
20161212,57.94,59.1,57.54,58.02,768700
20161213,57.53,57.96,57.1,57.6,687300
20161214,57.4,58.33,56.6,56.64,598000
20161215,56.59,56.7,55,56.5,507700
20161216,56.71,58.54,55.81,57.3,640000
20161219,57.3,57.99,56.25,56.61,678900
20161220,56.85,57,55.69,56.56,537000
20161221,56.9,56.95,55.53,55.76,410900
20161222,55.52,57.08,55.44,57.01,366900
20161223,57.09,58.27,56.85,57.52,457200
20161226,57.83,58.78,57.51,57.51,105800
20161227,58.14,58.32,57.35,57.65,170000
20161228,57.3,58.98,57.3,58.55,249300
20161229,58.24,59.38,58.04,59.38,320600
20170102,58.81,59.2,58.41,59.2,172400
20170103,59.79,61.4,59.25,61.19,607200
20170104,60.61,62.41,60.61,62.12,335200
