<DTYYYYMMDD>,<OPEN>,<HIGH>,<LOW>,<CLOSE>,<VOL>
20100601,28.63,28.96,28.05,28.05,508200
20100602,27.82,28.05,27.57,27.82,432600
20100604,27.68,28.34,27.37,27.6,1019300
20100607,27.6,29.18,27.6,28.42,1225500
20100608,28.63,29.26,28.49,28.76,566800
20100609,29.11,29.16,28.05,28.05,890600
20100610,28.47,28.53,28.21,28.44,952400
20100611,28.47,28.89,28.37,28.55,752900
20100614,28.54,28.84,28.24,28.46,581700
20100615,28.55,29,28.3,28.59,510800
20100616,28.5,30.08,28.48,29.85,1978400
20100617,29.82,30.72,29.68,30.5,2179400
20100618,30.51,30.92,30.4,30.53,849000
20100621,30.76,31.34,30.52,31.22,1849900
20100622,31.21,32.73,31.21,31.32,2143500
20100623,31.53,31.79,30.65,31.3,1051100
20100624,31.3,31.6,30.32,30.53,765900
20100625,30.69,31.3,30.46,30.89,454900
20100628,30.92,31.44,30.92,31.28,554800
20100629,30.99,31.22,30.45,30.54,1020800
20100630,30.83,31.03,30.4,30.53,1011000
20100701,30.51,30.68,29.86,30.27,761000
20100702,30.43,30.86,30.01,30.69,299300
20100705,30.8,30.89,30.15,30.15,257300
20100706,30.38,30.9,30.31,30.73,478300
20100707,30.79,30.94,30.27,30.47,977100
20100708,30.53,30.63,29.68,30,988700
20100712,30.11,30.45,29.79,29.81,402400
20100713,30.08,30.69,29.91,30.69,1031100
20100714,30.53,32.14,30.41,32.14,1074900
20100715,32.13,32.21,31.34,31.53,1524500
20100716,31.46,31.74,31.08,31.08,812600
20100719,31.3,31.31,30.86,31.3,822100
20100720,31.46,31.98,31.15,31.36,1002100
20100721,31.6,31.69,30.39,30.53,1678700
20100722,31.21,31.5,30.61,30.69,2720500
20100723,30.61,31.74,30.61,31.34,1309000
20100726,31.37,31.79,31.08,31.64,346300
20100727,31.76,32.71,31.61,32.71,1080500
20100728,32.87,33.12,32.2,33.12,1084000
20100729,33.12,34.69,32.96,34.57,1318000
20100730,34.05,36.06,34.05,35.44,1025200
20100802,34.84,35.37,34.16,34.51,1328100
20100803,34.22,34.58,33.53,34.55,997100
20100804,34.55,35.6,34.01,35.19,914600
20100805,35.37,36.13,34.98,35.37,959700
20100806,35.3,36.07,35.12,35.37,975000
20100809,35.53,35.68,34.28,34.32,596300
20100810,34.12,34.19,32.98,33.04,1487300
20100811,33.07,33.54,32.31,33.46,1628500
20100812,33.57,33.64,32.45,32.86,1537700
20100813,32.72,32.9,31.8,32.33,1376800
20100816,32.67,33.07,32.04,33.02,683100
20100817,33.06,33.78,33.06,33.29,978100
20100818,33.61,33.77,32.96,33.65,1059200
20100819,33.78,35.12,33.65,34.29,1073900
20100820,34.2,34.82,34.12,34.28,292900
20100823,34.51,34.59,33.91,34.12,662400
20100824,33.74,34.43,33.19,33.48,774700
20100825,33.35,33.65,32.39,32.69,1033900
20100826,32.81,33.33,32.3,32.61,755300
20100827,32.61,33.01,32.31,32.81,703900
20100830,32.88,33.41,32.51,33.03,635700
20100831,33.1,33.57,32.81,32.81,727900
20100901,33.12,33.35,32.7,33.35,736200
20100902,33.35,33.54,33,33.49,223600
20100903,33.54,34.38,33.54,33.58,520800
20100906,33.89,33.89,33.16,33.27,156300
20100908,33.57,33.88,32.92,32.96,366000
20100909,33.23,33.39,32.92,32.98,244600
20100910,32.96,34.12,32.96,34.04,558700
20100913,34.11,34.88,34.01,34.59,789200
20100914,34.82,34.87,33.76,34.74,982900
20100915,34.65,35.91,34.64,35.52,603100
20100916,35.74,36.06,35.17,35.6,625800
20100917,35.37,35.9,35.26,35.44,463900
20100920,35.51,36.58,34.94,36.1,480400
20100921,35.61,36.02,35.41,35.75,495400
20100922,35.67,36.21,35.19,35.44,640000
20100923,35.21,36.21,35.16,35.22,980000
20100924,35.49,35.91,35.33,35.6,839100
20100927,35.46,35.99,35.45,35.83,385400
20100928,36.26,36.37,35.71,35.76,694900
20100929,35.93,36.36,35.37,36.25,793700
20100930,36.22,36.3,35.21,35.29,881200
20101001,35.59,36.78,35.41,36.06,984500
20101004,36.23,36.59,35.99,36.37,499500
20101005,36.57,37.59,36.45,37.41,1144800
20101006,37.53,37.61,36.95,37.06,1158300
20101007,37.23,37.57,36.67,37.23,646800
20101008,37.38,37.47,36.67,37.23,809700
20101011,37.3,37.9,36.76,37.75,320000
20101013,37.9,38.34,37.38,37.73,2069100
20101014,37.78,37.86,36.71,37.23,759500
20101015,37.34,37.41,36.35,36.84,1147500
20101018,36.84,36.99,36.6,36.76,992800
20101019,36.47,37.07,36.28,36.84,866000
20101020,37.03,37.29,36.64,36.84,865900
20101021,37.07,38.1,36.89,38.08,1054000
20101022,37.92,37.92,36.42,36.57,1831800
20101025,36.95,36.95,35.88,36.45,1258700
20101026,36.44,37.23,36.37,37.23,1065700
20101027,37.23,37.43,36.19,36.26,788700
20101028,36.54,36.76,36.3,36.53,506100
20101029,36.76,37.82,36.61,37.77,1630100
20101101,37.79,38.35,37.77,37.77,448100
20101103,38.23,38.23,37.34,37.58,514800
20101104,37.96,38.17,37.58,38.16,809400
20101105,37.93,38.04,37.47,37.73,547600
20101108,37.83,37.91,37.19,37.29,713500
20101109,37.46,37.81,37.06,37.69,726100
20101110,37.46,37.84,36.89,37.03,977200
20101111,37.1,37.22,35.79,35.79,1009300
20101112,35.54,35.75,35.02,35.6,882400
20101116,35.83,35.85,34.18,34.86,992400
20101117,35.29,36.34,34.98,36.06,783900
20101118,36.3,36.44,35.4,35.77,927000
20101119,35.94,36.61,35.17,36.3,812600
20101122,36.3,36.3,35.45,35.67,495900
20101123,35.42,35.91,34.71,35.29,888700
20101124,35.17,36.18,34.9,35.99,1219600
20101125,36.1,36.1,35.37,35.68,264800
20101126,35.29,36.26,35.19,35.87,522300
20101129,35.7,36.49,35.69,36.3,1234700
20101130,36.22,37.44,35.74,35.74,1979200
20101201,36.45,37.15,35.87,37.07,844500
20101202,37.09,37.53,36.78,37.3,959200
20101203,37.22,37.73,36.65,37.46,700400
20101206,37.23,37.84,37.23,37.84,613900
20101207,37.82,37.86,37.08,37.22,736600
20101208,37.19,37.19,35.78,36.3,900500
20101209,36.06,36.68,35.29,35.29,795100
20101210,35.6,35.91,34.9,35.29,691100
20101213,35.52,35.93,35.32,35.64,388600
20101214,35.68,36.37,35.63,35.83,482100
20101215,35.84,36.27,34.9,34.9,939600
20101216,34.95,36.29,34.53,36.06,1609300
20101217,36.06,36.37,35.47,36.37,657700
20101220,36.29,36.89,36.13,36.84,698300
20101221,36.81,37.14,36.68,36.92,815300
20101222,36.54,37.23,36.45,36.89,1211100
20101223,36.88,37.06,36.41,36.41,404600
20101227,36.14,36.45,35.39,35.39,440800
20101228,35.61,36.25,35.38,36.1,264200
20101229,35.88,37.23,35.88,36.86,423100
20101230,37.15,37.37,36.61,36.99,616500
20110103,37.61,38.31,37.47,38.31,827400
20110104,38.43,38.75,38.03,38.7,1121300
20110105,38.58,38.99,38.13,38.24,891700
20110106,38.15,38.15,36.64,36.71,1314800
20110107,36.68,37.03,36.39,36.45,968100
20110110,36.52,36.75,36,36.22,636800
20110111,36.45,36.49,35.75,35.95,826200
20110112,36.36,36.36,35.5,35.68,1329400
20110113,35.82,36.16,35.56,35.56,577500
20110114,35.78,35.78,35.46,35.52,453700
20110117,35.52,36.13,35.47,36.02,452100
20110118,36.11,36.33,35.39,35.44,957000
20110119,35.49,35.55,34.74,35.02,813100
20110120,34.79,35.02,34.15,34.21,847300
20110121,34.36,34.43,33.74,33.81,999700
20110124,33.98,34.9,33.47,34.9,669200
20110126,34.67,35.21,34.19,34.94,851200
20110127,35.12,35.12,33.85,34.09,1528900
20110128,34.05,34.12,33.47,33.78,958300
20110131,33.78,33.98,32.7,33.12,1679600
20110201,33.11,33.97,33.11,33.66,924800
20110202,33.54,33.54,32.31,32.5,1760800
20110203,32.68,32.68,31.18,31.8,1157900
20110204,31.8,32.34,31.02,31.49,1727400
20110207,31.51,31.8,30.77,31.64,1352200
20110208,31.56,32.85,31.41,32.46,1265600
20110209,32.46,32.96,31.6,31.8,1589100
20110210,31.8,32.42,31.6,31.78,1136300
20110211,31.81,32.94,31.81,32.84,977100
20110214,32.57,33.12,32.36,32.46,562900
20110215,32.5,33.25,32.37,33.13,1038300
20110216,33.24,34.3,32.65,34.05,1281100
20110217,34.32,34.46,33.59,33.84,848000
20110218,33.89,34.15,33.62,33.89,622500
20110221,33.74,33.91,33.54,33.57,219600
20110222,33.47,34.02,33.12,33.66,817700
20110223,33.67,34.49,33.32,34.05,1702800
20110224,33.96,33.96,32.96,33.26,2302800
20110225,33.47,33.5,32.59,33.35,970900
20110228,33.64,33.85,32.67,32.74,1392900
20110301,33.03,33.49,32.74,32.79,1939300
20110302,32.9,33.48,32.82,33.31,1016300
20110303,33.28,33.75,33.24,33.72,1553400
20110304,33.76,34.11,33.33,34.11,700500
20110309,34.11,35.11,34.08,34.59,945900
20110310,34.55,35.64,34.32,35.1,871900
20110311,35.19,36.42,35.11,35.9,888100
20110314,35.9,36.93,35.63,36.47,859200
20110315,35.62,36.54,35.26,36.54,977100
20110316,36.49,36.9,36.22,36.54,1919500
20110317,36.66,36.94,36.07,36.21,1312000
20110318,36.24,37.15,36.24,36.53,1445400
20110321,36.89,36.89,35.98,35.98,1099000
20110322,36.2,36.67,36.14,36.26,1364300
20110323,36.4,36.49,36.18,36.3,384200
20110324,36.34,36.71,35.97,36.68,589100
20110325,36.54,36.99,35.57,36.05,606700
20110328,36.13,36.13,35.16,35.23,793900
20110329,35.39,36.49,35.3,36.3,1132600
20110330,36.44,37.14,36.29,36.7,770000
20110331,36.7,36.74,36.3,36.54,697600
20110401,36.55,37.13,36.54,37.05,667700
20110404,37.15,37.89,36.86,37.65,1564300
20110405,37.65,37.7,37.14,37.18,661700
20110406,37.25,37.69,36.31,36.38,418600
20110407,36.41,36.61,35.87,36.05,699000
20110408,36.22,36.24,35.58,36.07,581600
20110411,35.87,36.13,35.58,35.66,753500
20110412,35.6,36.14,35.04,35.66,997900
20110413,35.93,36.36,35.62,36.14,555500
20110414,36.13,36.18,35.74,35.76,573500
20110415,35.98,35.98,35.11,35.51,683400
20110418,35.43,35.67,34.76,35.19,903100
20110419,35.48,35.55,34.87,35.35,754600
20110420,35.4,36.14,35.39,36.13,1195200
20110425,36.13,37.48,36.13,36.94,1175700
20110426,36.94,37.47,36.47,36.83,648000
20110427,36.51,36.8,35.55,35.55,849300
20110428,34.28,34.79,34.08,34.35,3314400
20110429,34.39,35.51,34.39,35.19,1274900
20110502,34.87,35.55,34.8,35.23,674000
20110503,34.85,35.57,34.16,35.25,999900
20110504,35.57,35.57,34.5,34.79,1148100
20110505,34.78,34.78,34.08,34.39,866700
20110506,34.71,34.71,33.93,34.32,987200
20110509,34.53,34.6,34.06,34.39,601900
20110510,34.48,34.48,33.5,33.57,832300
20110511,33.58,33.58,32.88,33.36,1189000
20110512,33.36,33.85,33.22,33.64,744600
20110513,33.7,33.77,33.11,33.36,680400
20110516,33.39,33.99,32.9,33.52,725500
20110517,33.37,34.55,33.37,34.26,809800
20110518,34.31,34.62,34.04,34.31,998500
20110519,34.62,34.62,33.34,33.36,618400
20110520,33.22,34.21,33.21,33.52,712100
20110523,33.36,33.68,33.23,33.4,375300
20110524,33.68,34.55,33.37,34.55,1324500
20110525,34.62,34.62,34,34.15,613400
20110526,34.31,34.31,33.16,33.2,1380600
20110527,33.36,33.56,33.12,33.12,1095000
20110530,33.23,33.56,33,33,438900
20110531,33.14,33.73,33.14,33.6,931900
20110601,33.6,33.7,32.84,32.84,997800
20110602,32.81,33.36,32.73,33.12,648700
20110603,32.96,33.16,32.65,32.88,853100
20110606,33.12,33.27,32.23,32.69,683600
20110607,32.72,32.89,32.4,32.57,414700
20110608,32.55,32.55,32.13,32.17,1055500
20110609,32.09,32.33,31.85,31.86,1300500
20110610,31.95,31.99,31.49,31.49,1139800
20110613,31.35,31.95,31.35,31.57,745300
20110614,31.77,32.1,31.46,31.77,1082300
20110615,31.4,31.74,31.31,31.33,1872000
20110616,31.37,31.46,30.39,30.63,1613600
20110617,30.75,30.88,30.36,30.5,2616300
20110620,30.44,31.68,30.34,30.98,1457500
20110621,31.14,32.04,31.14,31.84,1091400
20110622,31.93,31.93,31.29,31.61,1045200
20110624,31.61,31.61,30.57,30.72,1113600
20110627,30.91,31.22,30.74,31.22,671200
20110628,31.29,31.91,30.88,31.77,1044700
20110629,31.77,32.17,31.25,31.53,773500
20110630,31.97,31.97,30.83,30.98,1394300
20110701,31.27,31.85,30.53,31.85,1247500
20110704,31.86,32.65,31.76,32.65,577900
20110705,32.88,33.12,31.34,31.45,1333700
20110706,31.25,31.32,30.42,30.51,1324700
20110707,30.82,30.88,29.44,29.47,1772500
20110708,29.36,29.74,29,29.61,1897000
20110711,29.22,29.77,29.07,29.56,935900
20110712,29.47,30.18,29.47,30.03,1793800
20110713,30.07,30.18,29.44,29.63,939900
20110714,29.71,29.71,28.65,28.91,1478600
20110715,28.91,29.17,28.59,28.69,873600
20110718,28.47,28.94,28.19,28.64,1082600
20110719,28.69,29.47,28.65,29.47,1749000
20110720,29.47,29.83,29.08,29.08,852300
20110721,28.12,28.63,27.85,27.85,4292200
20110722,27.87,27.96,27.28,27.4,2649600
20110725,27.38,27.56,27.16,27.24,1080600
20110726,27.28,27.72,26.97,27.72,1088800
20110727,27.66,27.92,27.32,27.78,1265300
20110728,27.71,28.66,27.71,28.31,1080500
20110729,28.31,29.11,28.01,28.63,1014800
20110801,28.83,29.43,28.66,29.24,1043400
20110802,29.24,29.47,28.19,28.19,1466000
20110803,28.03,28.26,27.55,27.7,1542800
20110804,27.21,27.49,26.5,27.21,2598600
20110805,27.21,27.27,25.99,26.84,2942400
20110808,25.75,26.61,25.67,26.12,1589000
20110809,26.03,27.6,25.93,27.19,1694000
20110810,26.36,27.87,26.36,27.62,1338700
20110811,27.78,29.2,27.39,28.83,1417700
20110812,28.75,29.39,28.13,29.14,1232800
20110815,29.35,29.53,28.62,28.75,865200
20110816,28.43,30.25,28.35,30.05,988800
20110817,29.82,30.18,29.59,29.98,1029300
20110818,28.78,29.4,28.65,29.02,1022600
20110819,28.75,29.52,28.48,28.56,834000
20110822,28.72,29.25,28.02,28.06,1002600
20110823,28.04,30.35,28.04,30.12,1212100
20110824,30.3,30.82,29.94,30.58,1362600
20110825,30.24,31.06,30.23,31.03,2058700
20110826,30.7,31.75,30.7,31.48,1655700
20110829,31.92,31.92,30.26,30.26,1641700
20110830,30.05,30.95,29.83,30.85,1595800
20110831,31.04,31.39,30.63,30.96,1024500
20110901,31.17,32.32,31.17,31.6,1834300
20110902,31.43,31.43,30.09,30.22,1476500
20110905,29.96,30.56,29.4,30.38,933700
20110906,29.86,31.19,29.65,30.91,1054200
20110908,31.35,31.52,30.74,31.03,661900
20110909,30.47,30.58,29.48,29.48,732000
20110912,29.29,30.7,28.6,30.3,922100
20110913,30.26,30.51,29.66,29.83,1295200
20110914,29.83,30.12,29.34,29.81,956100
20110915,30.05,30.13,28.43,28.53,1463500
20110916,28.5,29.05,28.44,28.51,940000
20110919,28.47,28.47,27.08,27.9,1090400
20110920,27.62,27.63,26.13,26.23,3185700
20110921,26.42,26.67,25.87,26.07,2187800
20110922,25.34,26.24,25.01,25.59,1923000
20110923,25.74,26.49,25.29,26.48,2111100
20110926,26.72,27.16,26.14,26.93,1821700
20110927,27.29,27.53,26.74,26.92,1255200
20110928,26.93,27.25,26.01,26.4,1496100
20110929,26.4,26.9,25.87,26.21,1002300
20110930,25.87,26.35,25.72,25.99,1181200
20111003,25.83,25.95,24.62,25.11,980900
20111004,24.56,25.52,24.46,25.24,1227000
20111005,25.07,26.36,25.07,26.19,1143000
20111006,26.63,26.63,25.85,26.23,1368900
20111007,26.23,26.64,25.18,25.71,1106000
20111010,25.76,26.49,25.74,26.36,713400
20111011,26.04,26.88,25.9,26.48,667900
20111013,26.84,26.98,26.03,26.52,1475500
20111014,26.64,27.16,26.24,26.85,822000
20111017,26.86,27.06,26.35,26.66,983400
20111018,26.48,28.24,26.48,28.24,1173100
20111019,28.06,28.39,27.32,28.35,929300
20111020,28.34,28.67,27.78,28.26,1219900
20111021,28.43,28.88,28.18,28.19,824200
20111024,28.27,28.96,28.21,28.55,599400
20111025,28.37,28.51,27.95,28.23,655400
20111026,28.59,28.59,27.75,28.08,875100
20111027,28.45,28.75,26.41,26.97,3638200
20111028,26.96,27.51,26.8,27.21,1890500
20111031,27.13,27.36,26.89,27.13,937000
20111101,26.41,27.37,26.41,27.37,999600
20111103,27.49,28.1,27.49,28.02,1265400
20111104,27.79,28.26,27.71,28.18,871000
20111107,28.2,28.41,28,28.02,502400
20111108,28.1,28.28,27.62,27.88,700600
20111109,27.62,27.96,27.23,27.77,897300
20111110,27.61,28.7,27.59,28.51,1560200
20111111,28.59,30.21,28.59,30.06,1514400
20111114,30.04,30.06,29.09,29.65,1061300
20111116,29.31,29.48,28.89,29.25,1328300
20111117,29.22,29.4,27.9,28.27,1294400
20111118,28.21,28.68,28.18,28.55,619600
20111121,28.18,28.83,27.81,28.43,660400
20111122,28.62,29.14,28.19,28.35,884700
20111123,28.14,28.7,27.94,28.43,991300
20111124,28.45,28.53,28.18,28.27,649000
20111125,28.02,28.74,28.02,28.35,768500
20111128,28.39,29.54,28.39,29.12,1018600
20111129,29.28,29.44,28.7,28.88,1277800
20111130,29.65,30.19,29.31,29.48,1751000
20111201,30.02,30.45,29.8,29.89,1254100
20111202,30.13,30.84,29.27,29.68,1030000
20111205,29.79,30.37,29.79,29.97,1100000
20111206,29.79,30.03,29.61,29.81,603200
20111207,29.85,29.93,29.06,29.35,921600
20111208,29.5,29.58,28.75,29,1394300
20111209,29,29.4,28.77,29.16,921600
20111212,29.16,29.32,28.44,28.83,811100
20111213,28.62,29.42,28.62,29.08,913800
20111214,29.21,29.21,28.76,28.92,1105900
20111215,29.32,29.4,28.59,28.67,976300
20111216,28.9,29.1,28.53,28.83,1052600
20111219,28.71,28.85,28.35,28.67,1097700
20111220,28.53,28.93,28.53,28.63,761900
20111221,28.53,28.59,27.68,28.36,1473100
20111222,28.27,29.18,28.27,28.96,964900
20111223,28.95,29.77,28.95,29.77,448800
20111226,29.9,29.9,29.3,29.35,140400
20111227,29.35,29.61,29.01,29.11,588000
20111228,29.23,29.74,28.81,29.41,596800
20111229,29.7,29.9,29.4,29.45,734100
20120102,29.28,29.97,29.04,29.97,413200
20120103,30.01,30.82,29.96,30.82,906400
20120104,30.7,30.7,30.36,30.61,1517800
20120105,30.3,30.52,30.05,30.5,724200
20120106,30.5,30.79,29.77,29.97,759900
20120109,30.35,30.42,29.68,30.26,564600
20120110,30.5,30.95,30.26,30.26,1070200
20120111,30.34,30.7,30.34,30.43,399900
20120112,30.87,30.87,30.13,30.54,670300
20120113,30.35,30.74,30,30.74,484700
20120116,30.73,31.04,30.42,30.42,283300
20120117,30.42,30.69,30.16,30.54,673200
20120118,30.54,31.68,30.38,31.68,961700
20120119,31.76,31.8,30.82,31.68,1003800
20120120,31.27,32.25,31.22,32,1044500
20120123,31.82,31.83,31.19,31.19,2351400
20120124,31.15,31.47,30.91,31.13,1527300
20120126,31.51,32.08,31.03,31.6,1725400
20120127,31.6,32,31.1,31.1,1515000
20120130,31.09,31.27,30.44,30.92,712800
20120131,31.2,31.76,30.34,30.39,1648000
20120201,30.78,31.8,30.71,31.35,1462400
20120202,31.35,31.84,31.35,31.68,709400
20120203,31.65,32.77,31.34,32.28,1133900
20120206,32.48,32.61,31.77,31.89,736500
20120207,31.94,32.82,31.78,32.52,1147300
20120208,32.84,33.14,32.24,33.14,764600
20120209,33.06,33.45,32.74,33.25,1302000
20120210,33.21,33.41,32.34,33.06,1017800
20120213,33.1,34.23,33.1,33.66,1172500
20120214,33.68,34.32,32.69,32.85,2070000
20120215,33.47,33.94,32.92,33.3,1474200
20120216,33.79,34.35,33.43,33.63,1917100
20120217,34.11,34.11,33.12,33.67,962000
20120222,33.44,34.06,33.44,33.73,635600
20120223,33.73,33.73,33.06,33.42,702000
20120224,33.63,34.28,33.48,33.6,851000
20120227,33.63,34.13,33.05,33.17,844800
20120228,33.16,33.61,32.88,32.97,1075200
20120229,33.08,34.02,33.07,33.83,1471500
20120301,34.14,35.09,33.71,34.88,1905700
20120302,35.09,35.09,34.42,34.61,798000
20120305,34.63,34.83,33.89,34.17,573900
20120306,34.08,34.25,33.48,34.03,588300
20120307,34.09,35.09,34.09,34.96,813800
20120308,35.42,35.73,34.85,34.98,1018900
20120309,35.09,35.09,34.25,34.54,730100
20120312,34.4,34.53,34,34.2,807300
20120313,34.25,35.16,34.24,35.16,696300
20120314,35.12,35.19,34.87,35.09,708900
20120315,34.59,34.93,34.06,34.76,504500
20120316,34.51,34.76,33.6,33.6,893500
20120319,33.83,34.15,33.5,33.7,822400
20120320,33.37,33.42,32.7,32.96,1207300
20120321,32.95,33.58,32.5,33.02,1703700
20120322,33,33.83,32.69,33.64,1363200
20120323,33.62,34.13,33.52,34.01,1014200
20120326,33.79,35.04,33.75,34.86,775700
20120327,34.88,35.74,34.71,34.92,1319600
20120328,34.91,34.91,33.17,33.53,2361800
20120329,33.53,33.98,33.26,33.91,1004600
20120330,33.93,34.14,32.91,33.17,1353500
20120402,33.33,33.53,32.94,33.53,1212000
20120403,33.39,34.03,33.39,33.87,1089000
20120404,33.87,33.99,33.46,33.62,790400
20120405,33.7,33.86,33.26,33.62,754600
20120409,33.19,33.52,33.12,33.42,515600
20120410,33.32,34.74,33.13,34.67,2857900
20120411,34.67,35.71,34.11,34.93,2212300
20120412,34.93,36.9,34.93,36.38,2886700
20120413,36.26,36.42,35,35.09,2592400
20120416,35.1,36.2,35.1,35.92,1126200
20120417,36.28,37.31,36.05,36.93,1580900
20120418,36.92,37.17,36.34,36.51,1910300
20120419,36.51,36.71,35.86,36.5,857500
20120420,36.74,37.12,36.37,36.76,553100
20120423,36.16,36.65,35.82,36.37,832400
20120424,36.33,37.01,35.59,36.72,1243400
20120425,37.42,38,37.03,37.8,1030900
20120426,37.35,37.59,36.12,36.18,1755900
20120427,36.55,37.01,36.3,36.53,1353700
20120430,36.55,37.07,35.98,36.55,615700
20120502,36.91,36.98,35.76,36.63,1293500
20120503,36.64,37.3,36.59,37.24,694000
20120504,37.05,37.23,35.56,35.56,1665200
20120507,35.19,36.24,35.01,35.86,1771800
20120508,35.59,36.24,35.25,35.76,1298200
20120509,35.18,35.91,35.18,35.72,798800
20120510,35.92,36.32,35.51,35.58,879000
20120511,35.84,36.34,35.63,35.92,815900
20120514,35.56,35.92,34.77,34.77,1035900
20120515,34.66,35.09,33.75,33.83,1352500
20120516,34.31,35.02,34.08,34.54,1590900
20120517,34.54,35.09,33.63,33.67,809500
20120518,33.88,34.63,33.88,34.44,1914400
20120521,34.44,34.97,34.26,34.67,702300
20120522,34.42,35.42,34.39,35.09,1500200
20120523,35.39,35.67,33.32,34.25,1323000
20120524,34.25,34.89,33.75,34,1313800
20120525,34.25,35.25,34.22,34.92,1525100
20120528,35.07,35.41,34.58,34.58,431700
20120529,34.62,35.41,34.62,34.92,1114000
20120530,34.72,35.56,34.42,35.43,1380100
20120531,35.13,36.17,35.13,36.17,3095700
20120601,35.81,36.25,35.51,36.13,1483900
20120604,36.13,36.58,35.67,36.05,1213000
20120605,35.91,36.47,35.81,35.81,1068000
20120606,35.96,36.8,35.8,35.85,1339700
20120608,35.37,36.59,35.31,36.34,1093400
20120611,36.38,36.8,35.72,36.76,962300
20120612,36.55,38.2,36.55,37.97,1388300
20120613,37.79,38.52,37.08,37.08,1937600
20120614,37.31,38.15,37,37.01,1416800
20120615,37.17,37.54,36.92,37.51,799400
20120618,37.33,38.43,37.08,37.75,907000
20120619,38.02,39.15,37.84,38.72,1974000
20120620,38.91,39.25,38.57,38.85,1270700
20120621,39.09,39.09,38.64,38.85,710200
20120622,39.08,39.57,38.74,39.39,1224600
20120625,38.99,39.63,38.85,39.43,1092300
20120626,39.43,39.47,39.06,39.18,917000
20120627,38.74,39.43,38.74,39.33,748400
20120628,39.27,39.96,39.27,39.93,1633600
20120629,39.94,40.52,38.43,39.27,1863200
20120702,38.89,39.27,38.13,38.43,1660200
20120703,38.43,39.01,38.19,38.89,1274800
20120704,38.91,39.17,38.46,38.85,491500
20120705,39.01,39.59,38.37,38.65,1067800
20120706,38.47,38.86,38.18,38.61,665600
20120710,39.1,39.1,38,38.43,973400
20120711,38.3,38.93,38.28,38.41,1185600
20120712,38.6,38.78,38.11,38.51,1640500
20120713,38.35,38.64,37.84,37.89,790500
20120716,37.59,39.45,37.56,39.39,1118100
20120717,39.43,39.72,38.88,39.68,800800
20120718,39.48,39.84,39.2,39.68,738300
20120719,39.93,40.52,39.82,40.51,1899700
20120720,40.43,41.1,39.97,39.97,1353700
20120723,39.2,40.85,39.2,40.56,1022100
20120724,40.59,40.85,39.72,40.38,1147400
20120725,40.38,41.33,40.28,41.1,1304800
20120726,42.11,43.66,41.84,43.19,3122800
20120727,43.02,44.45,42.01,42.86,2710800
20120730,42.87,44.11,42.86,44.08,1665000
20120731,44.11,45.1,43.46,44.91,3367500
20120801,45.07,45.33,44.16,44.22,1274100
20120802,43.77,44.55,43.04,44.39,1203100
20120803,44.9,45,44.14,44.71,1298000
20120806,44.69,46.09,44.58,45.32,1088800
20120807,45.54,46.24,44.15,44.29,1269700
20120808,44.31,44.99,43.65,44.73,1831500
20120809,44.5,44.73,43.69,44.14,1225500
20120810,43.88,44.81,43.68,44.52,1164100
20120813,44.34,45.26,44.13,44.65,830400
20120814,44.42,45.06,43.79,43.97,859300
20120815,43.97,44.56,43.76,44.14,1392900
20120816,44.48,44.8,43.93,44.22,844200
20120817,44.4,44.55,43.63,43.82,883400
20120820,44.04,44.14,43.55,43.56,723000
20120821,43.79,43.88,42.13,42.64,1321900
20120822,42.44,43.99,42.28,43.86,1871100
20120823,43.62,44.31,43.16,43.6,829700
20120824,43.6,44.8,43.44,44.54,938400
20120827,44.32,45.04,44.21,44.9,907800
20120828,44.94,45.61,44.65,45.16,1061200
20120829,45.23,46.01,44.72,45.41,1426200
20120830,45.17,45.69,42.14,43.37,3430400
20120831,43.64,43.97,42.47,43.2,1988300
20120903,43.48,43.48,42.24,42.24,806100
20120904,42.18,42.66,41.42,41.91,1770200
20120905,42.41,43.25,42.13,43.03,1011300
20120906,43.2,44.82,42.91,44.48,1853700
20120910,44.99,45.45,44.67,44.99,1928800
20120911,44.66,45.37,44.27,45.16,930500
20120912,45.51,46.97,45.23,46.6,1693200
20120913,46.51,46.64,44.41,45.07,2107800
20120914,45.31,45.56,44.16,44.65,1315700
20120917,44.73,46.25,44.73,45.75,1017600
20120918,45.54,46.49,45.03,45.71,970500
20120919,45.9,46.72,45.55,46.23,805400
20120920,45.99,47.15,45.99,46.68,901700
20120921,46.85,47.11,46.56,46.85,823200
20120924,46.85,47.31,46.69,47.13,1034100
20120925,46.93,47.02,46.07,46.13,817800
20120926,45.92,47.31,45.54,47.2,1066400
20120927,47.14,47.32,46.69,47.05,876800
20120928,47.18,47.26,46.43,46.9,1428600
20121001,46.69,47.95,46.69,46.9,967400
20121002,46.99,48.15,46.99,48.04,1079300
20121003,47.96,48.07,46.74,47.03,808900
20121004,47.24,47.42,46.61,47.1,619000
20121005,47.34,47.7,46.85,47.26,761900
20121008,47.3,48.25,46.97,48.09,895400
20121009,48.09,48.37,47.21,48.04,1038800
20121010,48.04,48.2,46.82,47.31,949300
20121011,47.78,47.78,46.73,47,681600
20121015,47.23,47.24,45.92,46.69,1337600
20121016,46.83,46.86,45.73,46.01,892300
20121017,46.25,46.9,46.02,46.35,1258700
20121018,46.35,46.77,45.92,46.26,1082500
20121019,46.34,46.9,46.06,46.9,769300
20121022,46.9,47.32,46.4,46.89,638300
20121023,46.68,46.9,46.46,46.65,598200
20121024,46.78,47.08,46.43,46.53,745800
20121025,46.88,47.13,45.31,46.01,1270900
20121026,46,46,44.72,45.88,843800
20121029,45.9,46.09,45.35,46.01,694100
20121030,46.04,46.28,45.4,45.79,436100
20121031,45.82,45.99,44.99,45.96,1198300
20121101,46.13,47.1,45.87,46.69,1067100
20121105,46.45,47.27,46.26,47.11,949800
20121106,47.18,47.24,46.61,46.9,1107300
20121107,46.89,47.13,46.26,46.4,638400
20121108,46.63,47.02,46.27,47.01,1517200
20121109,46.76,46.93,46.35,46.93,1310300
20121112,46.96,47.24,46.16,46.68,709800
20121113,46.31,47.02,46.16,46.68,812800
20121114,46.74,47.52,46.37,47.21,2197400
20121116,46.82,48.11,46.82,47.92,1085400
20121119,47.53,47.96,47.47,47.61,1101600
20121121,47.53,48.07,47.37,47.78,1114300
20121122,47.96,48.09,47.41,47.55,376300
20121123,47.54,47.64,46.76,47.02,764000
20121126,47.02,47.41,46.56,47.19,623700
20121127,47.19,47.64,46.97,47.02,686400
20121128,46.81,47.79,46.34,47.79,1023800
20121129,47.94,48.21,46.92,47.66,696500
20121130,48.2,48.2,46.79,48.01,1550100
20121203,47.61,48.59,47.55,48.22,770300
20121204,48.37,48.37,47.56,48.29,667700
20121205,48.29,48.29,47.59,47.7,517200
20121206,47.92,48.55,47.33,48.55,638300
20121207,48.47,49.03,48.21,48.64,614200
20121210,48.72,49.08,48.03,49.08,973800
20121211,49.08,49.86,48.72,49.44,1536500
20121212,49.22,49.47,48.74,49.33,947900
20121213,49.09,49.56,48.83,49.32,865000
20121214,49.23,49.92,48.6,48.6,1156600
20121217,48.72,49.38,48.65,49.07,905000
20121218,49.18,49.4,48.64,48.64,740800
20121219,48.88,48.93,48.43,48.51,1128100
20121220,48.72,48.72,47.96,48.38,1051100
20121221,48.06,48.46,47.74,47.74,566800
20121226,48.26,48.38,47.81,48.17,443300
20121227,47.98,49.65,47.98,49.21,775000
20121228,49.17,50.08,49.17,49.78,1016600
20130102,50.12,50.46,49.8,50.29,1073600
20130103,50.16,50.54,49.87,50.42,926700
20130104,50.56,50.83,50.26,50.76,1012700
20130107,50.43,50.75,49.14,49.14,941400
20130108,48.68,49.12,46.83,46.85,2531200
20130109,46.81,47.81,46.49,46.69,3425500
20130110,46.93,48.55,46.63,48.51,1492000
20130111,48.51,48.53,47.61,48.21,1186100
20130114,47.9,48.2,47.45,47.66,1212300
20130115,48.09,48.09,46.69,46.81,916600
20130116,46.78,48.14,46.73,47.87,847000
20130117,47.72,48.38,47.53,47.53,679800
20130118,47.93,47.93,47.07,47.19,693800
20130121,47.08,48.43,47.01,47.96,692500
20130122,47.88,48.13,47.28,47.53,849800
20130123,47.7,47.7,46.91,47.08,972900
20130124,47.36,47.36,46.37,46.81,1352900
20130128,46.66,46.67,44.68,44.73,2634800
20130129,44.78,45.6,44.15,44.99,1701800
20130130,44.91,45.4,44.62,45.16,885200
20130131,44.99,45.68,44.89,45.58,1339800
20130201,46.01,46.24,45.33,45.79,735700
20130204,45.78,45.84,45.16,45.16,736600
20130205,45.39,45.39,43.89,44.29,1086900
20130206,44.16,44.37,43.51,44.05,1274600
20130207,43.28,45.66,43.2,45.24,6028400
20130208,45.03,45.92,45.03,45.43,3911200
20130213,45.75,46.38,45.51,45.51,732500
20130214,45.74,45.74,44.83,45.61,854700
20130215,45.62,46.16,44.41,45.33,978600
20130218,45.55,45.6,43.92,45.58,1084100
20130219,45.54,45.79,45.11,45.47,1046000
20130220,45.25,45.69,44.82,45.63,1379000
20130221,45.39,45.66,44.94,45.3,1101700
20130222,45.34,45.48,44.78,45.39,1386400
20130225,45.34,46.02,45.06,45.37,1206300
20130226,45.02,46.37,45.02,45.57,831800
20130227,45.78,46.54,45.17,45.28,3736200
20130228,45.57,45.57,43.47,44.32,1754400
20130301,44.04,45.44,43.7,45.27,1984600
20130304,45.17,45.78,44.93,45.5,987600
20130305,45.77,46.32,44.52,44.52,1140000
20130306,44.97,46.13,44.92,45.37,1079600
20130307,45.39,45.83,43.93,43.93,1380500
20130308,44.19,44.35,43.85,43.85,1014100
20130311,44.02,44.19,43.73,44.06,965700
20130312,44.16,45.17,44.1,44.88,3233900
20130313,44.72,45.07,43.91,43.91,1184700
20130314,44.24,44.33,43.05,43.18,1240200
20130315,42.94,43.2,41.79,42.07,1959500
20130318,42.33,42.42,41.29,41.82,1858700
20130319,41.83,42.84,41.65,42.84,1956000
20130320,43.11,43.78,43.08,43.54,1568000
20130321,43.21,43.51,42.23,42.59,1215700
20130322,42.59,42.97,42.17,42.84,1017700
20130325,42.42,42.59,41.03,41.03,2600300
20130326,41.44,41.79,40.99,41.57,1866200
20130327,41.3,41.77,41,41.46,778600
20130328,41.28,42.83,41.28,42.83,1435300
20130401,42.62,42.62,41.55,41.9,1008600
20130402,41.9,42.12,40.98,41.18,1548900
20130403,41.18,42.29,40.7,42.07,1089700
20130404,41.9,42.18,41.09,41.19,1149800
20130405,41.44,42.33,40.42,42.07,1095700
20130408,42.18,43.03,42.01,42.68,913200
20130409,43.11,43.11,42.11,42.29,1859300
20130410,42.29,43.2,42.06,42.75,998000
20130411,42.73,42.77,41.95,42.21,1277300
20130412,42.07,42.68,42.07,42.11,1400100
20130415,41.69,42.2,40.92,40.92,964100
20130416,41.09,42.18,41.09,41.72,865200
20130417,40.94,42.39,40.94,42.11,1246900
20130418,42.33,43.38,41.47,43.15,1363800
20130419,43.21,43.61,42.76,43.27,1151400
20130422,43,43.08,42.33,42.42,984000
20130423,42.5,43.24,42.24,42.69,947800
20130424,42.76,43.32,42.5,42.5,665000
20130425,40.77,41.84,40.66,41.2,1884500
20130426,41.49,42.03,41.24,41.76,1407600
20130429,41.64,43.07,41.64,42.58,965200
20130430,42.58,43.95,41.83,43.95,1698900
20130502,43.11,44.05,43.11,43.59,1112500
20130503,44,44.06,42.94,43.37,1383000
20130506,43.47,43.75,42.56,42.63,1246700
20130507,42.55,43.72,42.37,43.72,1512900
20130508,43.73,43.98,43.08,43.59,844800
20130509,43.54,43.79,42.85,42.85,657500
20130510,42.84,43.73,42.84,43.6,865700
20130513,43.6,44.66,43.54,44.11,1587500
20130514,44.28,44.65,43.37,43.41,1554100
20130515,43.43,44.75,43.27,44.67,1022700
20130516,44.68,46.14,44.58,45.99,1969600
20130517,45.99,46.88,45.58,45.58,2143800
20130520,45.64,46.56,45.14,46.02,1999900
20130521,46.22,46.32,45.81,46.05,824800
20130522,46.12,46.94,46.08,46.84,1310900
20130523,46.43,46.84,45.98,46.06,1072500
20130524,45.89,46.74,45.77,46.11,814000
20130527,46.11,46.8,46.11,46.74,277200
20130528,46.8,47.06,45.37,45.84,1400800
20130529,45.63,45.76,44.4,44.76,1127100
20130531,45.72,45.8,43.54,43.99,1314700
20130603,44.24,44.46,43.15,43.36,979000
20130604,43.7,43.89,42.98,43.21,1199700
20130605,43.19,43.54,42.95,43.37,1490600
20130606,43.53,44.57,43.21,43.35,1398400
20130607,42.94,44.36,42.94,43.31,1585400
20130610,43.34,43.97,42.99,43.78,884500
20130611,43.67,43.67,42.61,43.37,1530000
20130612,43.29,44.16,43.07,43.16,1650200
20130613,43.41,44.26,42.95,43.46,853800
20130614,43.78,43.78,42.88,43.28,1131200
20130617,43.29,43.52,42.82,42.82,731700
20130618,42.63,43.24,41.84,42.51,2243500
20130619,42.5,43.29,41.35,41.86,1394300
20130620,41.44,41.72,39.77,40.77,2192700
20130621,40.85,41.84,40.38,41.42,1916100
20130624,41,41.3,40.1,40.1,1388000
20130625,40.01,42.27,39.95,41.8,1781100
20130626,41.9,42.15,41.08,41.08,941600
20130627,41.37,42.23,41.01,41.16,1442000
20130628,41.09,42.44,41.09,41.38,1642900
20130701,41.47,41.93,41.07,41.51,1170200
20130702,41.63,42.06,40.59,40.59,1601100
20130703,40.38,41.38,40.27,40.59,1465800
20130704,41,41.32,40.09,40.12,920400
20130705,39.91,40.98,39.8,40.67,1519300
20130708,40.46,41.06,40.24,40.75,865500
20130710,41.02,41.89,40.79,41.67,1008000
20130711,41.9,41.92,39.96,40.77,1596800
20130712,40.48,40.91,39.92,40.33,1331200
20130715,40,41.18,40,40.59,1099800
20130716,40.68,41.11,40.22,40.26,1037500
20130717,40.49,40.85,39.08,39.34,1199800
20130718,39.29,40.39,37.99,38.6,1515000
20130719,38.17,38.82,37.64,38.14,1295100
20130722,38.51,39.29,38.23,39.29,1054900
20130723,39.56,39.7,38.66,39.32,1591100
20130724,39.29,39.3,38.15,38.43,1366300
20130725,38.08,40,37.46,39.81,2427000
20130726,39.61,40.33,39.26,40.07,1194500
20130729,40.04,40.07,39.32,39.82,1653200
20130730,40.02,40.06,39.47,39.64,1031900
20130731,39.64,39.93,38.96,39.86,1630500
20130801,40.11,40.53,38.52,38.67,2021300
20130802,38.62,38.94,37.42,37.9,1049800
20130805,38,38.35,37.44,37.44,1062100
20130806,37.58,37.87,36.59,36.71,1660900
20130807,36.59,37.05,36.06,36.85,848000
20130808,36.86,37.97,36.86,37.17,1132500
20130809,37.68,37.88,36.36,37.56,1160600
20130812,37.56,38.79,37.51,38.46,2268300
20130813,38.44,39.92,38.44,39.7,1451200
20130814,39.77,40.34,39.43,39.71,2147100
20130815,39.32,39.89,38.74,39.55,1245100
20130816,39.74,40.4,39.07,40.21,923900
20130819,39.94,40.1,37.58,38.09,977700
20130820,38.26,38.52,36.95,37.28,1052100
20130821,37.12,38.43,36.77,37.98,902700
20130822,38.11,39.24,38.11,39.24,918100
20130823,38.9,39.7,38.85,39.19,1021400
20130826,39.5,39.5,38.44,38.57,879300
20130827,38.35,38.57,37.9,38.09,987900
20130828,37.92,38.76,37.82,38.3,825200
20130829,38.32,39.86,38.23,39.17,1043100
20130830,39.06,39.77,38.58,39.56,1538800
20130902,40.39,41.48,39.5,40.83,1193700
20130903,40.83,41.42,40.31,40.69,959900
20130904,40.5,42,39.89,41.97,1239500
20130905,41.93,42.71,41.65,41.67,995900
20130906,42.09,42.31,41.05,41.67,1301600
20130909,41.96,44.06,41.87,43.88,1403300
20130910,43.74,44.13,42.45,42.59,1679100
20130911,42.95,42.95,41.45,41.74,995900
20130912,41.93,43.08,41.29,41.83,990600
20130913,41.83,43.03,41.83,42.86,755800
20130916,42.76,43.37,42.42,42.42,1248700
20130917,42.56,43.57,42.53,43.13,2114800
20130918,42.78,45.23,42.51,44.55,1650000
20130919,44.4,45.34,43.94,44.19,1079300
20130920,44.58,44.93,44.29,44.76,777900
20130923,44.84,44.95,43.82,43.82,2015100
20130924,43.89,44.3,43.41,43.74,975800
20130925,44,44.1,43.14,43.74,1262900
20130926,43.83,44.31,43.66,43.96,788400
20130927,43.96,44.48,43.63,44.33,817500
20130930,44.16,44.39,43.43,43.74,1270200
20131001,44.1,44.63,43.72,44.63,1200200
20131002,44.5,44.71,43.66,43.71,616500
20131003,44,44.13,42.18,42.57,1096300
20131004,42.83,42.83,41.55,41.99,986200
20131007,42.15,42.9,41.88,42.42,754600
20131008,42.32,43.09,42.23,42.42,524800
20131009,42.52,42.86,42.28,42.42,929100
20131010,42.82,43.52,42.6,43.13,816000
20131011,42.92,43.96,42.92,43.18,641300
20131014,43.15,43.73,42.67,43.3,706800
20131015,43.35,44.14,42.68,42.92,1090500
20131016,43.35,43.48,41.99,43.02,1152900
20131017,42.46,43.83,42.35,43,1505400
20131018,42.85,43.51,42.85,43.17,632700
20131021,43.19,43.47,43.1,43.21,464900
20131022,43.43,43.44,42.42,42.42,745700
20131023,42.63,42.81,41.6,41.71,801100
20131024,40.66,41.04,40.12,40.12,1367600
20131025,40.32,40.43,38.57,39.89,1267700
20131028,40.16,41.04,40.01,40.74,1667400
20131029,40.82,41,39.47,39.66,1421600
20131030,39.93,40.52,39.59,39.86,761400
20131031,39.86,39.98,38.9,39.59,1825300
20131101,39.91,39.91,38.68,39.06,862200
20131104,39.07,39.16,38.44,38.44,771200
20131105,38.44,39.1,38.32,38.59,1102500
20131106,38.26,38.71,37.17,37.66,1583600
20131107,37.56,37.76,36.33,36.98,1506500
20131108,37.03,37.31,36.63,37.07,1427500
20131111,37.12,37.88,37.01,37.33,1519900
20131112,37.33,37.33,36.32,36.37,911300
20131113,36.41,36.72,36.08,36.31,1985800
20131114,36.62,37.73,35.35,37.56,1554200
20131118,37.57,37.83,37.12,37.8,1244400
20131119,37.78,38,36.64,37.06,910200
20131121,36.97,37.24,36.53,36.97,599900
20131122,36.68,37.68,36.68,37.12,604300
20131125,37.57,37.57,36.83,37.42,789400
20131126,37.38,37.46,37.05,37.12,948400
20131127,37.3,37.9,37.29,37.82,787900
20131128,38,38.31,37.85,37.91,639200
20131129,37.82,38.49,37.57,38.18,757400
20131202,38.02,38.24,37.72,38,753200
20131203,37.73,37.85,36.96,37.29,1181600
20131204,37.34,37.84,37.03,37.03,854000
20131205,37.31,37.5,36.84,37.12,1398700
20131206,37.45,37.56,36.69,36.94,718400
20131209,36.99,37.47,36.97,37.28,546900
20131210,37.42,37.42,36.27,36.68,950700
20131211,36.7,36.93,36.5,36.63,1574500
20131212,36.5,37.03,35.44,35.44,1292300
20131213,35.57,36.05,35.13,35.22,1278000
20131216,35.26,35.75,34.98,34.98,938600
20131217,35.19,35.52,35.06,35.26,859000
20131218,35.36,35.55,35.2,35.22,1342600
20131219,35.57,35.95,35.36,35.89,834200
20131220,35.89,36.34,35.73,36.05,1251400
20131223,36.41,36.79,36.21,36.21,734000
20131226,36.32,36.85,36.28,36.36,537600
20131227,36.36,36.81,36.31,36.57,421000
20131230,36.57,37.17,36.51,36.56,473800
20140102,36.39,36.56,35.59,35.59,1104000
20140103,35.6,36.06,35.58,36.06,1035700
20140106,36.06,36.06,35.05,35.31,1244800
20140107,35.48,35.59,34.62,34.73,994100
20140108,34.54,34.68,34.18,34.27,2155000
20140109,34.11,34.3,33.58,33.69,1567200
20140110,33.58,33.87,33.16,33.85,3879600
20140113,33.95,34.51,33.7,34.21,1442000
20140114,34.07,34.35,33.79,33.8,1784500
20140115,34.08,34.15,33.57,34.11,1314600
20140116,34.09,34.18,33.24,33.24,1241500
20140117,33.25,33.35,32.79,33.05,1150800
20140120,33.01,33.5,33.01,33.39,552000
20140121,33.45,34.03,33.19,33.81,860300
20140122,33.82,35.3,33.71,34.73,873600
20140123,34.73,35.26,34.39,34.61,1999000
20140124,34.53,34.89,33.92,34.04,699500
20140127,34.05,34.51,33.94,34.14,579300
20140128,34.64,34.86,34.15,34.15,840600
20140129,34.15,34.28,33.03,33.03,618300
20140130,32.98,34.15,32.89,34.04,964400
20140131,33.74,34.83,33.69,34.7,1239800
20140203,34.7,34.72,34.44,34.55,2303000
20140204,34.38,34.55,34.05,34.42,944800
20140205,34.24,34.58,33.45,33.47,760000
20140206,33.71,34.61,33.31,34.46,732700
20140207,34.48,35.3,34.36,35.26,1047900
20140210,35.26,35.5,34.25,34.33,992000
20140211,34.51,34.83,34.1,34.26,1057800
20140212,34.38,34.94,33.84,33.88,510400
20140213,33.85,33.86,32.15,32.49,1761900
20140214,32.74,33.62,32.36,33.19,1175700
20140217,33.09,33.4,31.99,31.99,509800
20140218,32,32.35,31.34,31.4,1577900
20140219,31.07,32.03,30.49,31.45,3254700
20140220,31.45,32.52,31.15,31.88,2551300
20140221,31.61,32.01,31.35,31.35,5786400
20140224,31.51,31.56,31.23,31.33,2109600
20140225,31.18,31.73,31.16,31.56,7845100
20140226,31.56,32.28,31.47,31.65,1512900
20140227,32.2,32.52,31.65,32.02,1053600
20140228,32.31,32.48,31.31,31.52,2438100
20140305,31.54,32.23,31.51,32.23,1076900
20140306,32.15,32.99,31.8,32.61,1073200
20140307,32.6,33,32.37,32.56,1675700
20140310,32.33,32.84,32.25,32.74,2295000
20140311,33.06,33.58,32.74,32.74,1168000
20140312,32.74,32.95,32.32,32.42,836300
20140313,32.65,32.76,32,32,1049200
20140314,32.04,32.68,31.98,32.3,557800
20140317,32.52,32.7,32.09,32.52,677400
20140318,32.46,33.71,32.31,33.71,847700
20140319,33.62,33.62,32.21,32.31,1836300
20140320,32.24,33.11,32.24,32.88,3785300
20140321,33,33.42,32.84,33.25,1374000
20140324,33.55,33.72,32.79,32.99,1269200
20140325,32.99,33.93,32.93,33.78,2164300
20140326,33.98,34.48,32.68,33.13,1620100
20140327,33.13,34.05,33.1,33.68,1147500
20140328,33.9,34.65,33.76,34.28,881100
20140331,34.5,34.82,34.34,34.82,1184100
20140401,34.88,34.88,33.6,33.63,1232100
20140402,33.84,34.64,33.54,34.37,950600
20140403,34.52,35.1,34.23,34.34,950700
20140404,35.08,35.8,34.44,34.77,1293200
20140407,35.07,36.55,34.91,36.35,2118200
20140408,37.08,37.99,36.49,37.55,2742200
20140409,37.53,37.82,36.98,37.45,1502500
20140410,37.45,38.04,37.45,37.69,2028200
20140411,37.69,38.33,37.46,37.59,1456900
20140414,37.68,38.02,37.17,37.25,1360200
20140415,37.07,37.52,36.63,36.63,1383800
20140416,36.93,37.6,36.72,37.17,1237300
20140417,37.28,37.96,36.95,37.18,1185000
20140422,37.36,37.67,37.28,37.59,926200
20140423,37.59,37.7,36.69,36.69,936500
20140424,35.62,36.01,34.74,34.74,2169900
20140425,34.84,35.31,34.46,35.09,1083000
20140428,35.13,35.8,34.89,35.28,758700
20140429,35.56,35.94,35.46,35.83,1096500
20140430,35.56,35.56,34.85,34.88,1299000
20140502,34.98,36.26,34.98,35.8,1282200
20140505,35.94,36.37,35.56,35.56,695400
20140506,35.78,36.13,35.53,35.53,666100
20140507,35.25,36.21,35.25,35.87,631300
20140508,35.71,36.67,35.71,36.67,894500
20140509,36.99,37.27,36.64,36.9,778200
20140512,37.23,37.45,36.9,36.92,1177500
20140513,37.08,37.81,34.71,37.13,1360600
20140514,37.22,37.32,36.63,36.72,803800
20140515,36.72,37.19,36.44,36.81,930100
20140516,36.8,37.38,36.56,36.56,1417400
20140519,36.54,36.64,35.74,35.74,1203900
20140520,35.8,35.95,34.87,34.87,1782400
20140521,34.89,35.85,34.89,35.17,1037300
20140522,35.35,35.92,35.17,35.48,779200
20140523,35.48,35.83,35.31,35.43,699100
20140526,35.54,36.11,35.54,35.63,321900
20140527,35.69,36.01,35.26,35.39,730200
20140528,35.58,36.26,35.58,36.26,1039200
20140529,36.43,36.95,36.17,36.17,1036800
20140530,36.12,36.56,35.27,35.27,1207300
20140602,35.4,36.1,35.31,35.8,1132900
20140603,35.8,36.33,35.61,36.12,717300
20140604,36.17,36.18,35.19,35.19,1082200
20140605,35.43,35.8,35.26,35.28,872400
20140606,35.8,36.21,35.17,35.17,1288100
20140609,35.17,36.2,35.17,35.99,1187000
20140610,36.03,37.27,35.91,36.81,1666500
20140611,37.36,37.58,37.07,37.1,1373700
20140613,37.33,38,37.17,37.54,1089500
20140616,37.54,37.9,36.76,36.76,959000
20140617,36.79,37.14,36.62,36.81,731900
20140618,36.96,37.32,36.75,37.04,1192100
20140620,36.86,37.66,36.81,36.81,570200
20140623,36.81,36.97,36.09,36.09,474600
20140624,36.15,36.87,36.12,36.12,1057800
20140625,36.22,36.61,36.01,36.01,775100
20140626,36.28,36.28,34.8,34.8,1833700
20140627,34.88,35.15,34.37,34.43,1208500
20140630,34.51,34.85,34.02,34.02,1297300
20140701,34.09,34.85,34.07,34.07,977200
20140702,34.16,34.75,33.84,34.02,737400
20140703,33.79,34.95,33.79,34.71,1042100
20140704,34.72,34.96,34.71,34.8,181400
20140707,34.85,35.26,34.36,34.71,1021300
20140708,34.71,35.06,34.4,34.4,1051600
20140710,34.57,35.11,34.37,35.03,1910800
20140711,35.03,35.78,34.98,35.62,815200
20140714,35.91,35.97,35.24,35.77,1683200
20140715,35.95,35.95,35.37,35.46,1952100
20140716,35.53,35.92,35.4,35.44,1198700
20140717,35.59,35.66,34.74,35.12,1530000
20140718,35.61,36.16,35.38,35.39,926600
20140721,35.4,35.91,35.33,35.71,946500
20140722,35.71,36.03,35.46,35.8,812300
20140723,35.81,35.86,35.3,35.53,1063600
20140724,33.65,33.9,33.43,33.89,3504900
20140725,33.94,34.22,33.62,33.84,952600
20140728,34.11,34.34,33.91,33.91,793300
20140729,34.16,34.16,33.58,33.58,468400
20140730,33.84,33.84,33.16,33.16,827900
20140731,33.23,33.25,32.7,32.82,1403600
20140801,32.8,33.38,32.56,33.38,950400
20140804,33.35,34.46,33.25,34.46,948100
20140805,34.45,34.99,33.62,33.62,874300
20140806,33.68,34.26,33.53,33.64,397500
20140807,33.87,33.96,33.01,33.16,636600
20140808,32.97,33.92,32.95,33.53,1326600
20140811,33.62,34.54,33.62,34.32,845000
20140812,34.13,35.27,34.13,35.08,1006500
20140813,35.25,35.92,35.03,35.3,1835300
20140814,35.25,35.48,34.55,34.55,1358500
20140815,34.83,35.58,34.83,35.58,1096800
20140818,35.86,36.47,35.63,36.23,1121800
20140819,35.86,37.44,35.4,37.24,1534800
20140820,37.25,38.86,37.2,38.14,1919700
20140821,38.08,40.17,37.66,39.61,2819700
20140822,39.51,40.35,39.25,39.57,2450600
20140825,39.95,40.15,39.01,39.01,2112200
20140826,38.99,39.62,38.47,39.06,1774200
20140827,39.38,39.45,38.09,38.92,1504000
20140828,38.79,38.79,38.27,38.27,2046700
20140829,38.55,38.62,38.09,38.09,2011000
20140901,38.4,38.72,36.89,36.92,991200
20140902,37.15,37.59,36.99,37.23,793700
20140903,37.54,37.54,36.96,37.06,798300
20140904,37.02,37.88,36.78,37.19,1204300
20140905,37.36,37.57,37.13,37.29,348200
20140908,37.34,37.81,36.41,36.41,1150800
20140909,35.99,37.06,35.95,36.7,977800
20140910,36.71,37.1,36.04,36.27,1059600
20140911,36.12,36.63,35.91,36.24,673300
20140912,35.95,36.33,35.32,35.49,776300
20140915,35.51,36.31,35.41,35.73,1020000
20140916,35.98,37.14,35.98,36.91,1084400
20140917,36.98,37.42,36.57,36.88,1327900
20140918,36.62,36.89,35.58,35.58,1892000
20140919,35.58,35.85,35.31,35.31,955000
20140922,35.11,35.55,34.83,35.2,1038600
20140923,34.94,35.49,34.72,34.96,926900
20140924,34.88,36.2,34.71,35.67,867100
20140925,35.85,35.93,34.8,34.84,880400
20140926,34.57,36.58,34.57,36.04,1064600
20140929,34.83,35.37,34.41,34.62,958700
20140930,34.55,34.81,34.12,34.35,879000
20141001,34.27,34.5,33.25,33.62,1014400
20141002,33.62,33.66,33.08,33.32,905800
20141003,33.54,34.47,33.05,34,788400
20141006,35.76,36.22,34.99,35.23,1112700
20141007,35.92,36.22,35.63,35.99,764800
20141008,36.23,36.83,35.59,36,709600
20141009,36.7,37.15,36.38,37.15,1255900
20141010,36.69,37.42,36.66,36.75,992900
20141013,37.46,37.92,37.25,37.25,862100
20141014,36.93,38.25,36.69,37.72,637200
20141015,37.19,37.8,36.77,37.53,1210500
20141016,36.7,37.14,35.62,35.67,1990400
20141017,35.97,36.24,35.76,35.76,1309100
20141020,35.51,35.84,34.6,34.6,1136100
20141021,34.37,34.5,33.27,33.66,1991800
20141022,33.41,33.9,32.97,33.16,1221700
20141023,33.16,33.45,31.58,31.67,2784100
20141024,31.67,32.41,31.21,31.21,4973200
20141027,29.96,30.87,27.87,30.55,3049000
20141028,30.53,31.24,30.41,30.96,2698800
20141029,30.65,31.5,30.61,30.73,1359200
20141030,30.76,31.73,30.49,31.73,2246700
20141031,31.95,33.44,31.41,33.44,988200
20141103,33.21,33.44,32.31,33.44,1166000
20141104,33.44,33.61,32.66,33.31,1407600
20141105,33.25,33.64,32.74,33.53,988900
20141106,33.3,34.17,32.98,33.3,1131300
20141107,33.07,33.76,33.07,33.76,696200
20141110,33.89,34.33,33.44,33.62,443600
20141111,33.38,33.58,32.61,33.35,443600
20141112,33.3,33.44,32.8,32.8,1162900
20141113,32.79,33.15,31.57,31.57,956400
20141114,31.53,31.53,30.7,31.36,1571000
20141117,31.13,31.17,30.09,30.56,623100
20141118,30.51,31.74,30.51,31.57,902900
20141119,31.78,32.51,31.58,32.19,1014800
20141121,32.32,33.96,32.32,33.44,1290300
20141124,34.04,34.07,32.32,32.32,872400
20141125,32.51,32.93,31.9,32.05,711100
20141126,32.31,32.7,32,32.39,618500
20141127,32.39,33.14,32.05,32.24,406400
20141128,32.15,33.25,32.15,32.76,889700
20141201,32.3,32.31,30.7,31.06,1488900
20141202,31.06,31.52,30.87,30.94,1349400
20141203,31.08,31.29,30.71,30.84,678700
20141204,30.94,31.1,30.69,30.88,1976300
20141205,30.73,31.34,30.73,31.12,573700
20141208,30.9,30.9,29.82,30.09,1196500
20141209,29.73,30.5,29.72,29.72,891700
20141210,29.72,30.35,29.43,29.63,1107300
20141211,29.73,29.88,29.44,29.63,864200
20141212,29.4,29.52,28.57,28.57,1345600
20141215,28.57,29.04,28.13,28.33,1534600
20141216,27.88,28.48,27.54,28.01,1161100
20141217,28.2,29.26,27.8,28.52,1508800
20141218,28.61,29.26,28.44,28.72,1027800
20141219,28.79,29.2,28.55,29.1,769900
20141222,29.21,29.43,28.78,29.26,361800
20141223,29.02,29.81,29.02,29.54,713700
20141226,29.36,29.76,29.04,29.17,289600
20141229,28.92,30.22,28.92,30.19,752700
20141230,30.23,30.26,29.56,29.58,1036300
20150102,29.58,29.58,28.25,28.26,830100
20150105,28.12,28.36,27.68,27.95,996200
20150106,28.15,28.48,27.82,27.82,925800
20150107,28.04,29.58,27.97,29.01,930100
20150108,28.93,29.66,28.78,28.79,527200
20150109,28.91,28.91,27.86,28.26,536500
20150112,28.28,28.49,27.7,28.13,637600
20150113,28.16,28.43,27.9,27.95,1079900
20150114,27.77,28.45,27.33,27.78,1879000
20150115,27.96,28.52,27.81,28.26,1324000
20150116,28.41,29.19,27.97,28.79,858500
20150119,28.3,28.73,27.6,27.86,415700
20150120,27.05,27.96,27.05,27.86,2719900
20150121,28.18,29.68,28.16,29.68,1039000
20150122,29.79,31.63,29.72,31.04,1742100
20150123,30.79,31.59,29.74,30.06,1258000
20150126,30.06,30.07,29.16,29.63,788700
20150127,29.26,30.18,29.02,29.43,854100
20150128,29.38,30.31,29.2,30.17,677800
20150129,30.02,30.26,29.19,29.72,993200
20150130,29.48,29.87,28.72,29.12,1183400
20150202,29.14,29.93,28.91,29.47,950800
20150203,29.71,29.96,29.09,29.41,750900
20150204,29.48,29.76,28.68,28.68,1222000
20150205,28.34,29.49,28.34,29.12,936600
20150206,28.97,28.97,28.11,28.3,1270700
20150209,28.27,28.27,27.77,27.86,1157400
20150210,27.87,28.18,27.86,27.86,794000
20150211,27.81,27.99,26.94,26.94,1030900
20150212,26.29,26.65,25.08,25.08,2819700
20150213,25.31,25.91,25.25,25.77,2238300
20150218,26.1,26.63,26.1,26.58,1855400
20150219,26.7,27.18,26.62,26.98,1301100
20150220,26.91,27.45,26.91,27.27,1152300
20150223,27.15,27.54,26.64,27.43,1138900
20150224,27.55,27.65,27.13,27.51,931000
20150225,27.45,27.6,26.99,27.56,890000
20150226,27.61,27.85,27.34,27.6,1077200
20150227,27.6,27.97,27.1,27.1,1058500
20150302,27.15,27.15,26.22,26.31,841300
20150303,26.5,26.76,25.21,25.21,1952600
20150304,25.16,25.28,24.31,24.58,1520600
20150305,24.67,24.82,24.23,24.33,923100
20150306,24.34,24.62,24.16,24.48,1201100
20150309,24.34,24.52,24.04,24.52,1477600
20150310,24.56,24.59,24.12,24.19,1315700
20150311,24.09,24.52,23.8,24.4,1087000
20150312,24.55,24.85,24.23,24.48,1018400
20150313,23.67,24.12,23.47,23.75,1050100
20150316,23.75,24.09,23.73,23.99,484700
20150317,23.75,24.97,23.7,24.91,695100
20150318,24.52,25.25,24.25,24.99,1224900
20150319,24.93,24.94,24.51,24.94,657900
20150320,25.06,26.13,25,25.8,1042300
20150323,25.82,25.82,25.32,25.38,947000
20150324,25.47,25.8,24.7,25.06,1201000
20150325,25.21,25.81,24.93,24.93,620100
20150326,24.77,25.15,24.31,24.7,1329500
20150327,24.56,25.72,24.35,25.28,1083600
20150330,25.23,26.09,25.23,26.02,1058000
20150331,25.54,26.6,25.23,25.92,1614400
20150401,26.02,26.78,25.92,26.3,934600
20150402,26.6,28.32,26.48,27.66,1921000
20150406,28.02,28.24,27.47,27.79,799400
20150407,28.01,28.01,26.95,26.95,718400
20150408,27.41,27.85,26.88,26.96,793400
20150409,26.73,27.6,26.62,26.63,690000
20150410,26.63,27.12,26.58,27.12,467700
20150413,27.11,27.32,26.65,26.65,383000
20150414,26.89,27.03,25.91,25.91,797800
20150415,26.17,26.55,25.64,25.88,637200
20150416,26.02,26.44,25.61,26.22,730900
20150417,26.01,26.38,25.65,26.12,743800
20150420,26.41,26.81,25.38,25.5,581700
20150422,25.52,25.73,25.16,25.3,836600
20150423,25.2,25.53,25.06,25.35,586900
20150424,25.47,26.93,25.25,26.05,1449700
20150427,26.13,26.75,26,26.13,583900
20150428,26.34,26.49,25.55,25.69,609100
20150429,25.72,25.72,24.77,25.13,825300
20150430,25.15,27.76,25.15,27.76,2251100
20150504,27.76,28.89,27.76,28.56,1141900
20150505,28.54,31.26,28.3,31.08,2010700
20150506,31.3,33.33,31.19,31.95,3201200
20150507,31.73,31.96,30,30.12,1205700
20150508,30.2,30.2,29.6,29.92,2052000
20150511,29.92,29.97,29.49,29.68,949800
20150512,29.6,29.85,29.24,29.67,522300
20150513,29.44,29.76,29.28,29.54,1182000
20150514,29.78,29.88,28.58,29.03,1191400
20150515,29.01,29.41,28.63,29.2,2472100
20150518,29.44,29.87,28.76,28.91,2094200
20150519,28.9,28.9,28.09,28.24,1973000
20150520,27.85,28.68,27.78,28.24,928000
20150521,28.24,28.67,27.94,28.42,2715700
20150522,28.42,28.63,27.43,28.18,1592700
20150525,27.94,28.09,27.31,28.09,403400
20150526,27.9,27.9,27.03,27.28,911600
20150527,27.28,28.21,26.75,28,1269000
20150528,27.78,28.33,27.55,28.3,619900
20150529,28.07,28.77,27.63,27.63,1923400
20150601,27.46,28,27.03,27.79,650400
20150602,27.85,28.64,27.51,28.64,612100
20150603,28.7,28.91,28.33,28.62,595400
20150605,28.24,29.56,28.15,28.91,1016600
20150608,29.11,29.88,29.01,29.64,1083100
20150609,29.64,30.12,29.64,29.88,926900
20150610,30.23,30.23,28.9,28.96,1468000
20150611,29.11,29.26,28.39,28.8,936600
20150612,28.58,28.84,27.73,27.81,1189400
20150615,27.78,27.81,26.98,27.37,1154300
20150616,27.59,27.59,26.54,26.67,1682500
20150617,26.59,27.53,26.48,27.37,1180300
20150618,27.52,27.52,26.97,27.08,713900
20150619,26.79,27.23,26.62,27.23,976600
20150622,27.18,28.05,26.97,27.76,1051600
20150623,27.77,28.04,26.98,27.08,721900
20150624,27.22,27.34,26.77,26.83,686900
20150625,26.82,26.82,25.67,25.91,1320200
20150626,25.82,26.28,25.82,26.04,1588700
20150629,25.82,26.41,25.64,26.41,539400
20150630,26.41,27.36,26.26,26.54,1000600
20150701,26.89,27.34,26.56,26.98,625200
20150702,27,27.6,26.81,26.92,474300
20150703,27.14,27.14,26.33,26.87,324900
20150706,26.52,27.08,26.11,26.33,657800
20150707,26.18,26.82,25.81,26.82,694700
20150708,26.85,26.86,26.12,26.21,452800
20150710,26.5,27.16,26.35,27.16,592900
20150713,27.19,27.25,26.85,26.98,508200
20150714,26.79,27.11,26.65,26.86,919800
20150715,26.87,27.69,26.82,27.65,839100
20150716,27.78,27.84,26.56,26.59,634900
20150717,26.5,26.98,26.12,26.12,519700
20150720,26.12,26.39,25.78,26.02,358300
20150721,25.9,26.3,25.11,25.61,574000
20150722,25.39,26.42,24.93,25.48,1409500
20150723,25.16,26.17,25.06,25.2,1420700
20150724,25.33,25.33,24.49,24.86,1140300
20150727,24.8,25.05,24.42,24.58,662800
20150728,24.58,24.89,24.49,24.65,744100
20150729,24.49,25.61,24.49,25.11,805400
20150730,25.27,25.47,24.64,25,658900
20150731,24.91,25.55,24.81,25.06,1026800
20150803,25.02,25.3,24.58,24.58,698900
20150804,24.59,24.7,24.05,24.26,656800
20150805,24.49,24.59,24.28,24.45,688200
20150806,24.21,24.47,23.74,23.85,657600
20150807,23.7,23.95,23.08,23.08,896100
20150810,23.27,23.81,23.12,23.32,1069800
20150811,23.49,23.49,22.45,22.88,662600
20150812,23,23,22.37,22.46,888400
20150813,22.68,22.69,21.94,21.94,469800
20150814,21.93,22.22,21.7,21.87,453300
20150817,21.67,22.36,21.67,22.04,333100
20150818,21.85,22.65,21.85,22.51,563400
20150819,22.31,22.39,21.64,21.96,2095300
20150820,21.64,22.3,21.33,21.99,849300
20150821,21.96,22.26,21.77,22.11,1046600
20150824,20.97,22.8,20.91,22.59,1605100
20150825,22.98,23.07,22.09,22.22,1171000
20150826,22.3,22.85,22.19,22.63,1620500
20150827,22.82,23.81,22.73,23.42,1156700
20150828,22.92,23.29,22.34,22.61,765100
20150831,22.51,23.34,21.67,23.31,1463000
20150901,22.84,22.97,21.78,21.82,1010800
20150902,22.01,22.72,21.82,22.46,701600
20150903,22.66,23.3,21.62,22.14,851900
20150904,21.75,22.18,21.16,21.16,1906100
20150908,21.37,21.6,20.68,20.95,1306600
20150909,21.16,21.36,20.67,20.68,1018300
20150910,20.03,20.67,19.98,20.42,1439800
20150911,20.23,20.75,20.05,20.42,2212700
20150914,20.47,20.84,20.35,20.67,691500
20150915,20.85,20.85,20.07,20.07,520600
20150916,20.09,20.64,20.07,20.46,1568100
20150917,20.56,21.14,20.52,20.91,1974900
20150918,21.04,21.08,20.15,20.4,1368800
20150921,20.57,20.58,19.57,19.65,746800
20150922,19.68,19.68,19.31,19.32,773600
20150923,19.48,19.62,19.18,19.18,1259200
20150924,19.14,19.14,18.46,18.86,1126400
20150925,19.11,19.36,18.72,18.72,698500
20150928,18.83,18.83,18.37,18.49,1327500
20150929,18.49,18.94,18.49,18.6,840700
20150930,19.17,19.47,18.83,19.19,2354000
20151001,19.29,19.65,18.95,19.24,5318200
20151002,19.33,19.87,19.09,19.68,1142400
20151005,20.05,20.67,20.05,20.34,1089300
20151006,20.43,20.95,20.29,20.71,1462400
20151007,20.97,22.93,20.86,21.83,2241100
20151008,21.9,22.6,21.88,22.29,1107700
20151009,22.63,23.33,22.54,23.08,1978200
20151013,23.1,23.49,21.65,21.86,1444500
20151014,22.14,22.97,21.7,22.24,2163700
20151015,22.6,23.05,22.43,22.61,1273100
20151016,22.98,22.98,21.87,22.25,1411700
20151019,22.21,22.79,22.04,22.58,595300
20151020,22.76,23.02,22.39,22.44,813900
20151021,22.47,22.83,22.46,22.58,624000
20151022,22.34,22.38,21.36,21.85,2339800
20151023,22.04,22.52,21.69,21.69,829300
20151026,21.78,22.54,21.78,22.39,886200
20151027,22.44,22.88,22.26,22.64,756500
20151028,22.85,23.06,22.62,22.91,902500
20151029,22.65,23.35,22.09,22.09,790800
20151030,22.22,22.72,22.12,22.54,933500
20151103,22.57,24.99,22.57,24.82,2053600
20151104,24.79,25.69,24.7,25.26,1826100
20151105,25.27,25.65,24.36,24.58,1814200
20151106,24.58,24.82,23.55,23.6,1632000
20151109,23.62,24.2,23.37,23.49,724300
20151110,23.38,23.82,22.88,23.02,727800
20151111,23.32,23.94,23.03,23.37,1224200
20151112,23.72,24.01,23.26,23.26,1510900
20151113,23.33,23.46,22.94,22.98,868200
20151116,23.12,23.31,22.93,23.22,823700
20151117,23.42,24.19,23.4,23.9,1652900
20151118,23.91,24.75,23.91,24.26,1814600
20151119,24.77,24.96,23.4,23.62,1782800
20151123,23.9,24.49,23.52,23.91,1282300
20151124,23.68,24.23,23.46,23.5,1625900
20151125,23.47,23.61,22.65,22.69,1490700
20151126,22.73,23.32,22.73,22.96,750000
20151127,23.07,23.25,22.1,22.1,797600
20151130,22.11,22.23,20.84,20.84,2301800
20151201,21.06,21.44,20.88,21.17,1165700
20151202,21.22,22.05,20.99,21.52,940000
20151203,22.14,23.19,21.98,22.63,1647100
20151204,22.64,23.08,22.37,22.83,1435200
20151207,23.02,23.86,23.02,23.18,940700
20151208,23.3,23.63,22.7,22.83,994500
20151209,23.11,24.5,23.04,24.07,1565800
20151210,24.23,24.59,23.97,24.58,1831700
20151211,24.49,25.46,24,25.37,1785200
20151214,25.2,25.75,24.9,25.26,1111700
20151215,25.52,27.36,25.46,26.93,1582600
20151216,26.72,27.41,26.29,27.06,1871700
20151217,27.41,27.77,26.83,27.41,2228900
20151218,26.94,27.66,26.1,26.64,1803700
20151221,26.37,27,24.6,24.6,1818200
20151222,24.97,25.57,23.7,23.97,1211200
20151223,24.27,24.57,23.87,24.45,864600
20151228,24.46,24.76,23.74,23.74,734700
20151229,23.74,24.11,23.04,23.04,994400
20151230,23.08,23.71,22.88,23.12,1025400
20160104,23.02,23.63,22.63,23.33,1080300
20160105,23.47,24.09,23.15,23.58,870000
20160106,23.47,24.1,23.22,23.86,720900
20160107,23.62,23.81,22.93,22.93,1322900
20160108,22.99,23.45,22.37,22.37,1011400
20160111,22.56,23.16,22.19,22.32,1037600
20160112,22.63,22.98,22.35,22.45,560000
20160113,22.67,22.91,22.35,22.44,988400
20160114,22.45,23.08,22.39,22.39,966600
20160115,22.35,23.02,21.85,22.39,1173800
20160118,22.61,22.91,22.3,22.3,472700
20160119,22.64,22.92,21.39,21.65,1451700
20160120,21.14,21.61,20.55,21.06,1596500
20160121,20.85,21.25,20.67,20.96,946500
20160122,21.07,21.74,21.07,21.26,750300
20160126,21.25,21.53,20.78,21.16,1015500
20160127,20.96,22.55,20.96,21.85,1187700
20160128,21.95,22.25,21.35,21.44,926800
20160129,21.55,22.44,21.55,22.05,1683600
20160201,22.06,23.03,22.06,22.88,831800
20160202,22.62,23.49,22.52,23.12,1151900
20160203,23.37,24.31,23.23,24.26,974000
20160204,24.32,26.46,24.32,25.59,1966000
20160205,25.59,26.56,25.53,26.19,964500
20160210,25.78,25.82,24.93,25.64,929600
20160211,25.42,26.07,25.3,25.88,989400
20160212,25.88,26.73,25.69,26.09,890500
20160215,26.58,26.83,25.93,25.93,894900
20160216,25.98,26.36,25.81,26.08,990000
20160217,26.28,26.57,25.14,25.14,1254200
20160218,24.45,26.66,24.2,26.28,1552300
20160219,25.94,26.31,25.79,25.86,749200
20160222,26.15,27.74,26.15,27.56,1029800
20160223,27.55,28.02,26.98,27.19,1235000
20160224,26.89,26.98,26.59,26.66,751700
20160225,26.52,27.33,26.45,26.88,972500
20160226,26.97,27.42,26.15,26.15,868100
20160229,26.16,27.08,25.99,26.43,1399200
20160301,26.56,27.64,26.56,27.45,1098200
20160302,27.44,29.83,27.3,28.37,2121400
20160303,28.66,29.83,28.45,29.73,2869800
20160304,29.98,31.1,28.79,30.43,2360800
20160307,30.65,31.03,29.88,29.89,1482600
20160308,29.89,30.48,29.71,30.03,2438200
20160309,30.34,30.72,27.99,27.99,2220200
20160310,28.34,28.67,27.5,28.1,4419500
20160311,28.39,28.43,27.61,27.71,1387600
20160314,28.25,28.25,26.15,26.21,1216600
20160315,26.16,26.75,25.44,25.65,949300
20160316,25.38,27.39,25.36,26.75,864900
20160317,27.84,27.97,27.35,27.35,2139600
20160318,27.62,28.1,27.59,27.72,1401100
20160321,27.72,28.9,27.72,28.27,1867300
20160322,28.34,28.69,28.08,28.08,915700
20160323,28,28,27.15,27.15,771000
20160324,26.65,27.9,26.65,27.67,1906500
20160328,28.28,29.34,28.28,28.61,903300
20160329,28.84,28.93,27.75,27.75,1462600
20160330,27.84,28.39,26.93,26.93,1960200
20160331,26.95,27.47,26.39,26.39,1148300
20160401,26.35,28.07,26.27,27.98,1263300
20160404,27.91,27.91,26.63,26.67,984800
20160405,26.67,27.64,26.53,27.13,844100
20160406,26.86,27.13,26.68,26.81,984100
20160407,27.01,27.73,26.85,26.88,643100
20160408,27.53,28.02,27.51,27.68,1013100
20160411,28.43,28.59,28.12,28.12,919700
20160412,28.41,29.66,28.24,29.25,981500
20160413,29.78,30.23,29.43,29.74,1923100
20160414,29.83,29.98,28.93,29.09,890200
20160415,29.34,29.73,28.75,28.93,839700
20160418,29.34,29.34,27.91,27.91,774000
20160419,28.22,29.01,28.22,28.59,2380000
20160420,28.47,29.16,28.19,28.59,2721000
20160422,28.48,28.72,28.08,28.09,1047200
20160425,28.11,28.38,26.93,27.01,763500
20160426,27.09,27.6,27.09,27.34,1150300
20160427,27.59,27.85,27.36,27.74,1000500
20160428,26.02,26.73,25.64,26.05,4322500
20160429,26.25,26.48,25.16,25.36,2030800
20160502,25.36,25.83,24.95,24.95,1217600
20160503,24.86,25.1,24.23,24.44,1071400
20160504,24.46,24.76,23.89,24.01,1096800
20160505,24.22,24.56,24.02,24.26,887600
20160506,24.28,24.61,23.91,23.96,687500
20160509,23.9,24.37,23.27,23.79,1094400
20160510,24.08,24.66,23.87,24.04,1487600
20160511,24.56,24.89,23.6,23.77,2495200
20160512,24.05,24.13,22.94,22.94,1666700
20160513,23.02,23.28,22,22.17,1179800
20160516,22.2,22.41,22.02,22.02,1320000
20160517,22.27,22.32,21.71,22.15,1938400
20160518,22.22,22.79,21.96,22.14,1772400
20160519,22.15,22.7,21.89,22.48,1884400
20160520,22.76,22.76,22.34,22.36,1827600
20160523,22.16,22.16,21.59,21.96,2240100
20160524,22.36,22.56,21.75,21.75,1088400
20160525,22.06,22.3,21.83,21.94,759900
20160527,22.02,22.22,21.91,22.14,1468100
20160530,22.27,22.43,21.98,21.98,427400
20160531,22.2,22.61,22.12,22.39,1603500
20160601,22.61,23.8,22.57,23.69,1638100
20160602,23.8,24.76,23.58,24.06,1038200
20160603,24.28,24.57,23.59,24.06,921300
20160606,24.31,24.52,23.86,24.11,573600
20160607,24.15,24.15,23.45,23.56,699000
20160608,23.73,24.12,23.32,23.43,1052400
20160609,23.44,23.75,22.77,22.77,955500
20160610,22.8,22.8,21.88,22.16,1061400
20160613,21.93,22.37,21.84,21.97,863000
20160614,22.12,22.13,21.18,21.58,1377400
20160615,21.76,22.05,21.42,21.78,1267900
20160616,21.97,22.25,21.47,22.02,971000
20160617,22.32,22.86,22.27,22.59,954700
20160620,22.82,23.33,22.77,23.33,627300
20160621,23.35,23.86,23.12,23.65,729000
20160622,23.58,23.93,23.31,23.32,986400
20160623,23.34,25.66,23.34,25.66,2274100
20160624,24.76,25.99,24.37,25.6,1651000
20160627,25.62,25.67,25.18,25.18,1095800
20160628,25.32,25.7,25.28,25.4,1285400
20160629,25.65,25.85,25.36,25.36,1049300
20160630,25.61,25.64,24.66,25.36,1279000
20160701,25.35,26.54,25.35,26.37,854300
20160704,26.42,26.9,26.13,26.75,649900
20160705,26.85,26.93,26.07,26.32,667700
20160706,26.05,26.9,26.05,26.9,800000
20160707,26.92,27.4,26.61,26.76,1277800
20160708,26.86,27.16,26.69,26.79,523100
20160711,27.05,27.06,26.75,26.81,903100
20160712,27.08,27.15,26.56,26.56,794900
20160713,26.51,27.04,26.05,26.96,675600
20160714,27.24,28.03,27.05,27.23,992200
20160715,27.4,28.13,27.1,28.11,1120700
20160718,28.09,28.1,27.37,28.04,870200
20160719,28.04,28.83,27.84,28.74,746600
20160720,28.49,28.68,27.96,27.96,865900
20160721,28.1,28.1,27.19,27.39,1051000
20160722,27.2,28.13,27.2,27.92,2425100
20160725,28.29,28.3,27.64,27.65,771800
20160726,27.65,27.97,27.04,27.28,872100
20160727,27.5,27.75,26.85,27.09,667100
20160728,27.38,29.9,27.23,29.83,2990300
20160729,29.53,33.94,29.19,33.11,2880400
20160801,33.01,34.01,31.23,31.42,1756200
20160802,31.22,32.32,30.56,31.39,1821600
20160803,31.14,31.35,30.23,30.97,1801500
20160804,30.83,31.45,30.66,30.8,894500
20160805,30.68,31.27,30.62,30.93,800500
20160808,30.71,31.3,30.69,30.83,546900
20160809,30.86,31.39,30.72,31.39,524500
20160810,31.36,31.37,30.29,30.33,638500
20160811,30.32,31.61,29.88,31.58,1249400
20160812,31.41,33.01,31.26,32.83,1611900
20160815,32.59,33.49,32.52,33.48,741800
20160816,33.14,33.46,32.91,33.17,738900
20160817,33.01,33.77,32.82,33.28,1276500
20160818,33.17,33.84,32.96,32.96,744100
20160819,32.97,33.78,32.84,33.52,883500
20160822,33.5,33.5,32.03,32.15,2197100
20160823,32.18,32.73,31.71,32.57,1658100
20160824,32.4,33.76,32.34,33.02,973300
20160825,33.06,33.39,32.34,32.34,1349300
20160826,32.37,32.89,31.34,31.49,1250300
20160829,31.64,32.37,31.64,32.32,1173600
20160830,32.52,32.58,31.75,32.02,631400
20160831,32.07,32.11,30.43,30.99,1801300
20160901,31.39,31.64,30.69,31.08,3395300
20160902,31.13,32.24,31.13,32.07,850500
20160905,32.07,32.51,31.65,32.02,269800
20160906,32.3,33.01,31.98,32.51,1071600
20160908,32.62,32.75,31.99,32.47,987200
20160909,31.89,32.3,31.53,31.56,1083200
20160912,31.33,31.74,30.83,31.68,778000
20160913,31.44,31.53,30.34,30.83,1010400
20160914,30.83,31.59,30.79,31.37,1764800
20160915,31.44,31.5,31.02,31.13,1174000
20160916,31.03,31.03,29.8,30.17,1506400
20160919,30.23,31.12,30.23,30.73,2555800
20160920,30.71,30.85,30.07,30.07,765400
20160921,30.09,31.17,30.09,30.88,1128400
20160922,31.48,31.73,30.44,30.62,900800
20160923,30.62,30.98,30.16,30.41,1724400
20160926,30.32,30.7,29.98,30.4,654200
20160927,30.26,30.39,29.63,30.17,1417700
20160928,30.26,30.81,30.26,30.6,695700
20160929,30.61,31.33,30.21,30.35,751300
20160930,30.36,31.61,30.36,31.06,1295400
20161003,31.03,32.7,31.03,32.32,1822600
20161004,32.24,32.79,31.47,31.82,1179200
20161005,32.06,32.97,31.89,32.72,1221200
20161006,32.54,32.61,31.36,32.07,1304800
20161007,32.21,32.21,31.1,31.48,1130300
20161010,31.54,31.87,31.15,31.27,583300
20161011,31.29,31.64,30.78,31.14,814800
20161013,31.26,31.71,30.95,31.42,2442100
20161014,31.47,32.46,31.47,32.25,1131800
20161017,32.22,32.95,32.11,32.87,1255600
20161018,32.81,33.47,32.37,33.31,1656800
20161019,33.31,33.85,32.18,32.72,1550400
20161020,32.52,32.71,32.02,32.47,1175500
20161021,32.39,33.75,31.95,32.82,3051400
20161024,33.07,33.47,32.84,33.38,1057600
20161025,33.12,33.56,32.7,33.24,1204500
20161026,32,32.09,31.15,31.82,2776600
20161027,30.33,30.83,29.59,30.52,4695500
20161028,30.52,31.1,30.07,30.53,1201900
20161031,30.72,31.01,30.49,30.49,1690500
20161101,30.77,30.77,29.05,29.34,1357500
20161103,29.31,29.46,27.68,27.77,2782400
20161104,27.74,28.21,27.2,27.4,1439500
20161107,27.7,27.97,27.34,27.39,1502600
20161108,27.39,27.5,26.56,27.17,2325200
20161109,26.45,26.93,26.09,26.48,1854400
20161110,26.57,26.79,25.78,25.78,1451100
20161111,25.66,25.66,24.36,24.77,2022000
20161114,24.76,25.6,24.62,25.39,1255800
20161116,25.47,26.1,24.97,25.79,1198700
20161117,25.84,26.15,25.67,26,1188600
20161118,26,26.5,25.77,26.1,691800
20161121,26.47,26.67,26.2,26.67,1027000
20161122,26.85,27.41,26.37,26.65,1546000
20161123,26.35,26.94,25.93,26.65,1877500
20161124,26.67,26.78,26.46,26.65,374400
20161125,26.34,26.7,26.21,26.65,1033200
20161128,26.45,26.78,26.07,26.65,607100
20161129,26.65,26.65,25.52,25.52,933400
20161130,25.77,26.15,25.52,26.05,1714500
20161201,25.51,25.83,22.96,22.99,3437500
20161202,22.97,23.11,22.19,23.11,1891800
20161205,23.11,23.61,22.97,23.32,1180600
20161206,23.25,24.25,22.97,24.25,1940500
20161207,24.36,24.73,23.83,24.1,1143100
20161208,24.33,24.57,23.29,23.52,861200
20161209,23.66,23.82,23.01,23.72,1713600
20161212,23.31,23.55,22.86,22.92,1077500
20161213,22.92,23.12,22.49,22.95,1007800
20161214,22.95,23.01,22.37,22.37,1124800
20161215,22.37,23.06,21.96,22.84,737800
20161216,23.08,23.23,22.86,23.02,1238600
20161219,23.08,23.15,22.38,22.38,643500
20161220,22.62,22.77,22.35,22.5,748000
20161221,22.5,22.7,22.11,22.5,1325700
20161222,22.3,22.45,21.75,22.05,790100
20161223,22.25,22.38,22.02,22.09,446200
20161226,22.09,22.26,21.96,22.06,482200
20161227,22.38,22.97,22.38,22.69,1293500
20161228,22.8,23.15,22.53,23,839200
20161229,23,23.2,22.72,23.02,901100
20170102,22.91,22.98,22.28,22.47,551700
20170103,22.6,23.55,22.51,23.24,965600
20170104,23.02,23.66,23.02,23.11,923900
