<DTYYYYMMDD>,<OPEN>,<HIGH>,<LOW>,<CLOSE>,<VOL>
20100601,54.41,55.31,53.88,54.51,923400
20100602,54.09,54.8,54.09,54.76,425000
20100604,54.6,55.26,53.72,54.32,383700
20100607,54.13,54.89,53.41,54.05,371400
20100608,53.76,54.59,53.1,53.88,439700
20100609,54.54,54.56,53.52,54.21,344700
20100610,54.21,55.74,53.76,55.74,477000
20100611,55.08,55.87,54.55,55.87,296200
20100614,55.84,55.84,55.17,55.57,376300
20100615,56.02,57.61,55.97,57.39,289700
20100616,57.05,57.75,55.84,56.91,839400
20100617,57.43,57.91,56.36,57.91,550500
20100618,57.91,58.03,57.25,57.66,460000
20100621,57.82,58.4,57.01,57.7,465000
20100622,57.53,58.74,56.83,58.74,508600
20100623,58.9,59.29,57.75,59.29,465700
20100624,58.95,59.04,57.95,58.1,542800
20100625,57.99,59.97,57.99,59.97,664200
20100628,59.8,59.8,58.85,58.85,529800
20100629,58.55,59.8,56.96,59.8,1212400
20100630,59.52,59.84,59.33,59.5,862100
20100701,58.11,59.99,58.02,59.99,842100
20100702,60.73,60.91,59.7,59.7,1039400
20100705,59.52,60.27,58.86,60.18,228100
20100706,60.46,60.87,59.86,60.79,750300
20100707,60.78,60.79,60.01,60.65,740100
20100708,60.38,60.78,59.04,59.33,1057000
20100712,59.89,59.89,59,59.32,540000
20100713,59.52,60.08,59.35,59.94,777100
20100714,60.27,60.93,59.53,60.93,789700
20100715,60.92,61.03,59.83,59.88,634700
20100716,59.91,60.66,59.35,59.35,688700
20100719,59.12,59.73,59.07,59.23,531300
20100720,59.24,59.56,58.49,59.15,719300
20100721,59.59,59.59,58.49,58.49,438000
20100722,59.23,59.4,59,59.03,463300
20100723,59.37,59.41,58.81,59.37,393600
20100726,59.37,59.41,58.76,59.37,599700
20100727,59.38,60.32,59.37,60.32,552500
20100728,59.97,59.97,56.79,57.01,1551900
20100729,57.24,57.34,54.08,55.24,2345200
20100730,54.81,55.69,53.68,54.4,2358800
20100802,55.08,55.79,54.8,55.74,1984300
20100803,55.76,55.77,54.91,54.91,1320100
20100804,55.28,55.57,52.28,53.12,3454500
20100805,53.43,54.16,53.28,53.83,1599600
20100806,53.91,54.37,53.29,54.21,1270000
20100809,54.39,54.67,53.98,54.2,925600
20100810,53.89,54.57,53.31,54.57,748000
20100811,54.11,54.24,53.68,53.9,814600
20100812,53.87,54.96,53.51,54.77,1038300
20100813,54.87,56.38,54.59,55.62,2194700
20100816,55.21,56.29,55.04,56.29,930000
20100817,56.38,56.75,56.05,56.56,1128200
20100818,56.48,56.9,55.4,55.94,1898000
20100819,56.19,56.19,54.83,55.34,1170400
20100820,55.43,56.29,54.87,56.29,2135100
20100823,56.1,56.65,55.72,56.55,811400
20100824,56.1,57.08,55.91,57.08,1172800
20100825,56.86,57.02,55.62,56.52,921200
20100826,56.51,56.89,55.77,56.76,843100
20100827,57.03,58.63,57.02,58.37,1774500
20100830,57.61,58.19,56.81,57.52,1058700
20100831,57.33,58.65,57.33,58.56,771600
20100901,58.65,59.8,58.6,59.6,1290500
20100902,59.59,59.59,57.89,59.12,803500
20100903,59.59,59.6,58.49,58.74,669100
20100906,58.74,59.03,58.27,58.84,110600
20100908,57.99,58.46,57.42,57.81,712100
20100909,59.6,59.77,58.08,58.56,1718800
20100910,58.61,59.03,55.82,56.19,2149400
20100913,56.76,56.76,55.12,55.32,1269300
20100914,55.61,55.79,54.61,55.72,1802700
20100915,55.49,57.14,55.44,57.03,1216300
20100916,57.11,57.13,56,56.05,556300
20100917,56.14,56.14,54.7,55.09,1268600
20100920,55.53,56.19,55.34,55.93,561100
20100921,56,56.29,55.25,55.67,627200
20100922,55.67,56.15,55.04,55.55,866800
20100923,55.33,55.8,54.97,55.15,1178400
20100924,55.34,55.59,54.3,54.76,1340200
20100927,54.86,55.34,54.21,54.3,727700
20100928,54.41,54.69,54.16,54.3,703700
20100929,54.34,54.36,53.93,54.1,914600
20100930,54.22,55.24,54.12,55.2,1116900
20101001,55.21,56.24,55.07,56.16,852600
20101004,56.24,56.37,55.73,56.27,561000
20101005,56.38,57.42,56.34,57.42,1304000
20101006,57.42,57.42,56.05,56.13,1456600
20101007,56.31,57.04,55.99,56.57,1059200
20101008,56.25,57.88,56.25,57.71,1318300
20101011,57.57,58.46,57.57,58.46,654700
20101013,58.65,60.52,58.64,60.26,1835600
20101014,59.98,60.77,59.25,60.06,786300
20101015,60.5,60.5,59.15,59.41,713000
20101018,59.3,59.3,58.58,58.77,925700
20101019,58.62,59.53,58.2,58.83,719600
20101020,58.82,58.94,58.07,58.07,620300
20101021,58.46,59.36,57.87,59.03,620800
20101022,59.23,59.23,57.52,58.18,739900
20101025,58.56,59.59,57.72,59.3,632700
20101026,59.3,59.31,58.56,58.65,957800
20101027,58.94,59.59,58.79,59.58,502000
20101028,59.6,60.92,59.6,60.54,1070100
20101029,61.02,63.16,60.65,63,1035100
20101101,62.91,63.48,62.28,63.19,587100
20101103,63.48,63.54,61.9,62.53,610300
20101104,62.81,64.03,62.38,63.86,924100
20101105,63.38,64.84,63.29,64.33,762200
20101108,64.27,65.23,63.76,64.4,741100
20101109,64.52,64.69,63.05,63.34,749600
20101110,62.44,64.31,62.25,64.13,949100
20101111,63.76,64.68,63.07,64.6,594200
20101112,64.04,64.7,62.91,63.63,592700
20101116,62.91,63.52,62.06,63.38,827500
20101117,63.38,64.55,63.12,64.01,416000
20101118,64.31,66.32,64.31,66.19,1477800
20101119,66.01,67.44,65.25,67.31,835900
20101122,66.68,68.19,66.49,67.44,1457800
20101123,66.87,66.87,63.98,64.54,1335000
20101124,64.72,66.43,64.72,66.43,960700
20101125,66.87,67.15,65.83,66.77,279800
20101126,65.83,67.3,65.83,66.7,428100
20101129,66.3,66.62,65.4,65.83,544900
20101130,66.11,67.58,65.83,67.17,1372400
20101201,67.81,68.05,66.4,66.4,1067000
20101202,66.26,67.7,65.97,66.95,786000
20101203,66.75,66.96,65.11,66.08,640900
20101206,66.3,66.72,64.7,64.88,606300
20101207,65.83,66.3,65.19,65.37,610700
20101208,65.37,65.45,64.06,64.52,647500
20101209,64.4,64.86,63.84,64.22,526600
20101210,64.45,64.69,63,63.17,755600
20101213,64.03,64.12,62.98,63.46,425000
20101214,63.55,64.39,62.77,64.03,522300
20101215,64.57,65.28,63.74,63.93,694500
20101216,63.93,64.88,63.3,64.75,703700
20101217,64.21,65.26,63.99,65.06,391600
20101220,65.06,65.54,63.91,65.35,280900
20101221,65.8,66.09,65.35,65.92,318600
20101222,65.36,65.36,64.15,64.55,498800
20101223,64.5,64.78,63.74,64.21,243500
20101227,64.26,64.71,63.56,64.4,188100
20101228,64.87,64.94,63.68,63.68,278700
20101229,63.71,65.53,63.71,65,314300
20101230,65.26,65.64,64.75,65.64,354600
20110103,65.97,66.67,65.87,66.52,425300
20110104,66.58,66.6,64.97,65.64,640900
20110105,64.91,66.49,64.89,66.28,441400
20110106,65.74,65.87,64.56,64.94,759000
20110107,64.79,65.03,62.92,63.14,1000800
20110110,63.14,63.85,63.06,63.74,564900
20110111,63.88,65.35,63.88,65.35,572500
20110112,65.77,65.83,65.22,65.78,648400
20110113,65.82,65.83,64.07,64.46,651700
20110114,64.6,64.77,63.51,63.85,619500
20110117,63.61,64.2,63.3,63.68,277100
20110118,64.03,64.73,63.98,64.4,621900
20110119,64.49,64.49,63.06,63.65,616100
20110120,63.09,64.02,62.8,63.14,565900
20110121,63.03,64.12,62.9,63.27,400800
20110124,63.37,63.71,62.52,63.64,397700
20110126,63.84,64.23,61.54,61.54,1503200
20110127,61.78,61.88,59.53,59.66,1276600
20110128,59.78,60.16,58.01,58.45,981600
20110131,59,59.86,58.47,59.46,777700
20110201,59.19,59.81,58.12,58.4,1169900
20110202,58.62,58.9,57.58,57.62,814800
20110203,57.69,57.69,55.5,56.26,1389500
20110204,56.17,57.49,55.98,56.73,1519200
20110207,56.86,57.33,55.91,56.83,697100
20110208,56.45,57.73,56.25,57.48,1034800
20110209,57.02,57.47,55.6,55.83,915500
20110210,55.41,57.12,55.41,57.12,673600
20110211,56.86,58.71,56.66,58.63,1255100
20110214,58.33,58.91,57.2,58.1,890800
20110215,58.06,58.52,57.35,57.77,595200
20110216,57.87,58.45,57.44,58.45,1021700
20110217,58.63,58.63,57.77,58.06,635200
20110218,57.73,59.18,57.49,58.91,473600
20110221,58.99,59.19,57.8,58.44,463100
20110222,57.94,58.85,56.96,57.84,945600
20110223,57.86,58.43,56.54,57.77,1214200
20110224,58.44,58.82,58.04,58.25,1235800
20110225,58.92,59.09,57.8,58.07,464500
20110228,59.06,59.57,57.98,58.53,693700
20110301,58.54,58.9,57.48,57.75,603000
20110302,57.55,59.07,57.55,58.82,1098600
20110303,59.11,59.95,58.85,59.95,1475300
20110304,59.95,60.38,59.16,60.24,599900
20110309,59.37,60.29,59.22,60.29,447900
20110310,59.91,60.62,59.51,60.15,765900
20110311,60.15,61.12,59.67,59.68,819400
20110314,59.79,61.99,59.79,61.99,875100
20110315,60.3,61.66,59.64,61.56,717600
20110316,61.79,62.42,60.6,61.56,571200
20110317,61.8,62.39,61.44,61.8,630200
20110318,62.49,63.4,62.04,63.18,825400
20110321,63.69,63.69,61.73,62.27,550500
20110322,61.77,62.64,61.77,62.3,542100
20110323,62.04,62.51,60.94,61.04,725200
20110324,61.04,61.32,60.16,60.61,914900
20110325,60.62,61.55,60.44,61.17,482600
20110328,60.49,61.64,60.34,60.72,211500
20110329,60.76,62.5,60.76,61.74,454700
20110330,62.41,62.41,61.26,61.88,375500
20110331,61.4,63.57,61.38,63.57,810800
20110401,64.03,66.49,64.03,65.82,660500
20110404,65.92,66.28,64.51,65.36,420200
20110405,65.72,66.6,64.9,65.62,764500
20110406,65.62,66.1,63.58,63.65,655100
20110407,63.63,64.78,63.44,64.44,405800
20110408,64.44,64.44,62.96,63.62,630700
20110411,63.44,63.78,62.6,63.24,546800
20110412,63.24,63.53,62.16,62.34,658400
20110413,62.46,63.1,62.31,62.77,408400
20110414,62.74,63.63,62.27,62.83,559300
20110415,62.4,63.42,62.4,63.13,249800
20110418,62.96,63.63,61.86,63.43,506300
20110419,63.77,63.91,63.36,63.72,415400
20110420,63.91,65.19,63.8,64.76,667800
20110425,64.02,65.35,63.96,64.63,288600
20110426,64.58,64.95,64.22,64.39,326100
20110427,63.95,64.82,63.93,64.35,702200
20110428,63.63,65.37,63.39,65.11,1602800
20110429,64.98,66.99,64.15,66.78,1480500
20110502,66.78,68.06,66.78,67.73,987600
20110503,67.25,67.97,66.88,67.71,839000
20110504,67.3,69.63,67.03,69.05,2519600
20110505,68.57,68.97,67.77,68.61,666500
20110506,70.06,70.06,67.73,68.87,738900
20110509,68.87,68.94,67.73,67.73,508900
20110510,67.73,69.15,67.73,69.15,476100
20110511,68.93,68.93,66.79,67.92,376200
20110512,67.23,68.65,67.23,68.21,333100
20110513,67.73,68.53,66.01,66.01,1307600
20110516,65.36,66.52,64.73,65.26,1070000
20110517,64.87,65.41,63.49,64.2,1241600
20110518,64.21,64.68,63.02,63.06,660200
20110519,62.77,63.83,62.63,63.1,505900
20110520,63.11,63.81,63.1,63.81,644300
20110523,64,64.39,62.67,64.09,622000
20110524,64.44,64.72,62.45,63.04,956400
20110525,62.71,63.44,62.1,62.73,960500
20110526,62.57,62.86,62.15,62.63,744400
20110527,63.05,63.91,62.63,63.91,698600
20110530,63.91,63.92,62.62,63.14,150000
20110531,63.35,63.35,60.1,60.38,2173000
20110601,60.37,60.37,57.52,59.51,2682600
20110602,59.61,63.8,59.23,63.32,1652200
20110603,62.81,63.72,61.91,62.95,662400
20110606,62.76,63.72,62.09,62.57,837000
20110607,63.05,64.35,62.19,63.23,898100
20110608,62.76,63.49,62.38,63.38,538200
20110609,63.71,64,62.87,63.33,490300
20110610,62.87,64.1,62.87,64,1025300
20110613,64.44,64.44,62.1,62.12,715900
20110614,62.1,63.05,62.1,63.05,820000
20110615,62.29,64.27,62.29,63.62,937900
20110616,63.29,64.91,61.9,62.95,596400
20110617,64,64.66,62.33,62.96,521100
20110620,62.27,63.98,62.27,63.05,299000
20110621,63.21,63.33,62.46,62.65,281400
20110622,62.31,63.42,62.31,63.18,440100
20110624,62.76,63.57,62.16,62.16,217600
20110627,62.16,62.76,61.52,62.12,199000
20110628,62,71.28,61.97,69.97,6058700
20110629,68.3,78.44,67.44,67.82,22036700
20110630,67.82,69.62,65.82,68.92,3698000
20110701,68.78,71.13,68.21,69.72,2187200
20110704,69.73,70.59,67.29,68.86,587900
20110705,67.35,68.63,66.61,67.54,1002700
20110706,67.54,67.54,65.93,66.29,507000
20110707,66.58,68.3,65.3,65.43,502100
20110708,65.9,66.1,64.79,64.94,283400
20110711,64.49,65.43,63.05,63.33,512500
20110712,62.52,63.03,61.62,62.09,702500
20110713,61.18,63.32,60.75,62.38,932800
20110714,62.38,64.24,62.38,64,682400
20110715,64,64.96,63.55,64.17,332200
20110718,64.17,64.36,62.71,62.76,615800
20110719,62.77,63.2,61.89,61.9,547900
20110720,62.09,62.45,61.77,62.18,332600
20110721,62.23,63.62,62.23,63.62,364200
20110722,63.81,64.4,62.66,63,242700
20110725,63.01,63.7,62.28,63.33,197200
20110726,63.33,63.43,61.95,62.19,413700
20110727,61.62,62.41,60.29,60.8,444200
20110728,60.8,62.03,60.2,60.99,239600
20110729,60.08,64.21,60.08,63.48,770400
20110801,63.52,63.71,62.28,62.95,486000
20110802,62.22,62.99,61.71,62.18,571500
20110803,62.18,62.24,60.56,60.93,521900
20110804,60.26,62.18,55.6,57.87,1172900
20110805,57.9,59.34,57.68,58.06,584900
20110808,57.39,57.39,52.58,53.57,909300
20110809,53.9,54.52,51.94,53.95,806900
20110810,53.49,54.44,52.34,54.04,765700
20110811,54.04,56.49,53.43,54.04,906700
20110812,54.14,54.77,53.06,54.04,612200
20110815,54.62,55.78,54.09,55.1,466000
20110816,55.1,55.81,54.26,55.58,541600
20110817,55.8,57.58,55.6,57.39,789600
20110818,56.34,57.78,55.77,57.78,638400
20110819,57.39,58.34,56.2,56.29,440500
20110822,56.44,57.59,56.14,56.24,639400
20110823,55.96,56.8,55.87,56.63,805200
20110824,57.2,57.26,55.97,56.91,622900
20110825,56.91,57.37,56.23,56.57,664300
20110826,56.57,57.36,55.91,55.97,313800
20110829,56.25,58.41,56.25,58.35,899600
20110830,57.82,60.05,57.82,59.77,1119100
20110831,60.29,61.84,60.29,61.7,1131300
20110901,63.5,64.61,62.61,62.61,1291200
20110902,62.43,63.3,60.74,60.91,796400
20110905,60.58,60.74,58.07,58.54,281500
20110906,57.5,61.94,56.44,61.51,906400
20110908,63.13,64.42,60.93,61.08,955200
20110909,61.15,61.7,59.81,61.08,469400
20110912,61.09,62.18,60.14,61.12,951300
20110913,60.84,61.85,60.36,61.07,758900
20110914,61.07,62.18,59.86,62.18,556400
20110915,61.6,62.18,60.74,61.22,645200
20110916,60.74,61.46,60.36,61.32,350900
20110919,59.63,60.74,59.24,60.74,541400
20110920,60.26,60.74,59.27,59.29,343000
20110921,59.88,60.92,58.64,58.64,413400
20110922,57.21,57.77,55.26,55.81,842200
20110923,55.98,57.23,55.58,55.59,539200
20110926,56.44,57.36,55.48,56.63,482700
20110927,57.38,58.35,56.63,56.66,391900
20110928,57.39,58.03,55.97,56.05,426200
20110929,56.22,57.39,54.92,55,798200
20110930,55.02,55.02,53.92,54.36,624700
20111003,54.14,55.33,53.11,54.52,653700
20111004,53.87,54.52,53.28,54.52,1444600
20111005,54.04,54.81,53.09,53.61,491400
20111006,54.67,56.2,54.14,56.1,1065700
20111007,56.44,57.84,55.75,56.29,929600
20111010,57.29,59.21,56.33,59.02,994400
20111011,59.01,59.65,58.01,59.16,889000
20111013,60.7,61.65,60.26,61.2,1495600
20111014,61.51,62.02,60.85,61.22,1001800
20111017,60.26,61.13,59.96,61.12,577200
20111018,60.65,61.88,60.65,61.78,930000
20111019,61.22,63.61,60.87,63.48,742000
20111020,64.09,64.23,62.18,62.27,565100
20111021,63.08,63.77,62.49,62.97,312300
20111024,63.13,65.19,62.82,63.77,329600
20111025,63.29,63.59,61.58,61.67,443100
20111026,62.37,63.66,62.27,63.61,492200
20111027,64.82,65.14,63.61,64.64,706500
20111028,63.99,65.85,63.99,65.85,330700
20111031,65.8,65.8,62.65,62.65,567400
20111101,60.36,62.27,60.36,61.81,583200
20111103,63.52,64.07,62.19,62.19,495800
20111104,61.56,63.04,61.02,62.49,449000
20111107,61.75,63.32,61.75,63.25,284900
20111108,63.32,63.37,61.04,62.08,273400
20111109,61.41,62.74,61.08,61.94,899400
20111110,62.62,62.62,60.79,60.86,201500
20111111,61.67,62.05,61.07,61.22,353300
20111114,61.54,61.59,60.39,60.66,232800
20111116,59.87,61.5,59.68,60.36,411800
20111117,60.07,60.52,58.43,58.58,328600
20111118,58.73,59.29,57.38,57.43,283800
20111121,56.59,57.73,55.86,57.7,336000
20111122,57.14,57.93,55.96,57.31,409600
20111123,56.74,58.03,56.13,57.07,377500
20111124,57.19,60.24,56.71,60.24,291900
20111125,59.41,59.94,58.74,59.06,508700
20111128,60.25,60.71,59.08,60.37,296800
20111129,60.91,61.3,59.1,59.54,282600
20111130,60.54,63.62,59.69,63.37,1264000
20111201,66.07,66.08,64.76,65.86,1262500
20111202,65.85,66.1,63.63,63.9,547700
20111205,65.03,65.62,64.18,64.18,518000
20111206,63.93,64.85,63.83,64.37,281700
20111207,64.33,65.01,63.7,64.37,326800
20111208,64.53,64.53,62.42,62.48,478100
20111209,62.55,65.09,62.27,64.36,358600
20111212,64.36,65.04,63.88,64.79,264200
20111213,65.43,65.63,64.24,65.63,438300
20111214,65.51,65.89,63.42,63.42,606600
20111215,63.81,64.62,60.73,61.78,693600
20111216,62.25,63.62,62.13,62.27,738200
20111219,62.27,63.12,61.4,62.27,277800
20111220,63.61,63.87,62.22,63.5,302800
20111221,63.22,63.79,61.83,63.79,536200
20111222,63.79,64.18,62.26,63.34,448600
20111223,63.34,63.98,62.85,63.47,322900
20111226,63.22,63.98,62.97,63.8,90100
20111227,63.08,64.53,63.08,63.78,190600
20111228,63.55,64.09,61.79,62.02,227600
20111229,62.08,64.18,61.79,64.18,471200
20120102,64.37,64.58,62.5,63.22,419400
20120103,63.6,64.49,63.03,63.72,384100
20120104,63.8,64.27,62.8,63.95,229200
20120105,63.79,64.16,62.41,63.78,269600
20120106,63.4,65.04,63.19,63.84,230200
20120109,64.18,64.85,63.84,64.85,310500
20120110,65.38,65.65,64.73,65.43,467000
20120111,65.42,65.8,64.85,65.2,403000
20120112,66.03,67.16,65.35,66.57,1683400
20120113,67.15,67.22,65.75,66.46,528700
20120116,67.04,67.7,66.49,66.89,274200
20120117,67.34,67.53,66.66,67.05,266100
20120118,67.25,67.43,66.25,66.86,1425700
20120119,66.88,68.01,66.88,68.01,499100
20120120,68.02,68.84,67.44,68.64,992100
20120123,68.69,69.55,67.52,69.21,805600
20120124,69.06,69.55,68.56,69.1,572600
20120126,69.85,70.56,69.31,69.93,486200
20120127,69.67,70.41,68.97,69.45,474800
20120130,69.26,69.74,68.42,68.97,354700
20120131,69.49,69.99,69.07,69.93,376600
20120201,70.6,71.93,69.93,71.65,591200
20120202,71.84,72.04,70.89,71.35,519300
20120203,70.84,72.04,70.61,71.51,381400
20120206,71.47,71.48,70.29,70.89,747900
20120207,70.78,70.78,70.2,70.4,367600
20120208,70.4,70.79,69.45,70.17,435700
20120209,70.16,70.87,69.73,70.87,225500
20120210,70.6,70.89,69.93,70.89,247400
20120213,70.89,71.47,70.17,70.41,236700
20120214,70.04,71.7,70.04,70.89,548000
20120215,71.84,72.4,71.1,71.65,1150300
20120216,71.17,72.3,71.17,71.79,1119100
20120217,73.09,75.87,73.09,75.87,1203300
20120222,77.4,77.83,76.17,76.63,586100
20120223,76.34,76.49,74.58,75.68,600700
20120224,75.05,75.65,73.75,74.59,718800
20120227,74.59,75.36,73.79,75.1,405800
20120228,74.95,76.09,74.73,74.91,1154100
20120229,75.38,76.44,74.87,76.25,520800
20120301,76.24,76.54,75.49,76.44,618600
20120302,76.16,77.11,75.87,77.09,479700
20120305,76.44,77.92,76.1,77.92,352400
20120306,77.58,77.59,74.9,76.78,510500
20120307,76.62,77.87,75.99,76.97,369500
20120308,78.06,82.86,77.04,82.65,2054500
20120309,82.96,84.1,82.3,82.86,781600
20120312,82.04,82.24,80.34,80.66,915900
20120313,80.66,81.26,79.64,80.47,799400
20120314,80.48,81.32,79.78,80.47,439200
20120315,79.14,81.01,78.09,80.85,501800
20120316,80.85,82.76,80.6,82.38,366000
20120319,82.86,83.15,80.66,80.75,357400
20120320,80.75,81.71,80.28,80.47,411600
20120321,80.47,82.4,79.86,80.73,411000
20120322,79.7,80.48,79.12,79.51,377000
20120323,79.94,80.8,78.61,80.46,589000
20120326,80.47,83.56,79.61,82.43,581700
20120327,82.46,84.04,82.46,83.77,555800
20120328,83.73,83.83,81.81,82.48,432700
20120329,82.48,82.99,81.91,82.38,448000
20120330,82.38,83.34,81.03,83.34,644500
20120402,83.33,84.37,83.15,84.35,509000
20120403,83.91,84.3,82.86,83.06,259800
20120404,83.06,83.86,81.01,82.09,497100
20120405,82.18,83.62,81.26,83.19,172100
20120409,82.34,83.29,81.57,83.07,193900
20120410,82.74,82.74,80.51,81.37,450000
20120411,81.48,82.86,81.48,82.16,333300
20120412,83.39,86.21,83.39,86.21,691300
20120413,86.21,86.69,84.3,84.78,469200
20120416,85.52,86.1,84.22,85.35,280000
20120417,85.74,86.26,85.3,85.3,279800
20120418,85.36,86.3,85.3,85.37,672000
20120419,85.25,87.41,85.24,85.27,561800
20120420,86.12,87.02,85.59,86.1,432600
20120423,84.3,86.25,82.77,82.77,426200
20120424,82.92,83.34,81.2,82.38,655100
20120425,82.71,83.24,80.47,80.83,491100
20120426,80.82,81.96,80.53,81.96,731600
20120427,82.03,85.07,81.94,84.58,387800
20120430,85.42,86.19,83.99,85.19,362200
20120502,84.47,87.5,84.21,87.5,544100
20120503,87.57,88.2,85.21,86.61,534900
20120504,85.48,87.5,85.19,85.19,995100
20120507,84.23,85.62,83.84,83.84,562800
20120508,85.05,85.05,81,82.52,738500
20120509,81.82,83.21,81.15,82.78,547000
20120510,82.88,83.56,82.69,82.69,245600
20120511,82.76,83.63,81.83,82.23,317100
20120514,80.73,81.63,80.09,80.75,445600
20120515,80.38,81.13,78.76,79.2,981300
20120516,79.41,80.65,78.73,78.98,467800
20120517,79.04,79.89,76.72,76.9,453900
20120518,77.01,78.89,76.71,77.67,646300
20120521,77.67,80.53,77.6,79.98,559700
20120522,79.98,79.98,78.58,79.22,441600
20120523,80.08,80.11,73.39,75.08,1016300
20120524,74.79,75.56,73.6,75.08,451300
20120525,74.33,77.55,74.33,76.72,344100
20120528,77.2,79.39,74.87,75.47,206200
20120529,75.58,76.96,73.68,74.43,502400
20120530,73.68,75.51,73.55,74.62,469400
20120531,75.46,75.46,72.39,73.54,1169800
20120601,72.59,74.02,71.84,73.64,498900
20120604,74.12,74.12,72.62,72.77,426400
20120605,73.02,74.02,72.43,72.48,468000
20120606,72.68,73.73,72.3,72.67,492000
20120608,72.08,72.29,71.23,72.24,335300
20120611,72.76,73.34,70.87,72.02,413600
20120612,72.39,74.45,72.12,74.32,374500
20120613,75,75,72.55,72.97,653700
20120614,72.97,74.97,72.97,74.97,425300
20120615,74.82,74.82,72.38,72.76,549700
20120618,72.44,73.77,72.44,73.41,473900
20120619,73.75,74.32,72.63,74.28,523500
20120620,74.56,74.56,72.94,73.68,510500
20120621,73.86,73.87,70.86,70.86,280700
20120622,71.06,73,71.06,72.3,432600
20120625,70.98,72.35,70.98,72.17,350800
20120626,72.36,74.16,71.68,74.13,842300
20120627,74.12,75.87,73.68,75.87,752900
20120628,75.48,76.64,74.73,76.64,462000
20120629,77.34,78.89,76.01,77.12,652500
20120702,76.79,77.44,75.86,75.86,365400
20120703,75.94,77.21,75.76,77.12,517800
20120704,77.12,78.2,76.41,78,238600
20120705,78.19,78.32,76.95,77.52,327300
20120706,77.4,77.76,75.66,76.7,462200
20120710,77.12,77.5,74.95,74.95,444500
20120711,75.54,75.54,73.76,74.02,316200
20120712,72.3,74.77,72.3,74.15,306300
20120713,74.33,75.42,73.89,74.76,242600
20120716,74.76,76.34,73.9,75.8,263800
20120717,75.57,77.6,75.49,77.36,268900
20120718,77.13,77.6,76.08,76.48,201300
20120719,76.82,77.35,75.38,75.75,233200
20120720,75.23,76.37,74.77,75.29,285100
20120723,74.72,76.55,73.37,75.87,405900
20120724,76.93,76.93,73.6,74.42,538500
20120725,74.91,76.06,74.59,76.06,340300
20120726,76.82,77.87,75.2,77.49,260700
20120727,77.79,81.5,77.49,81.46,776400
20120730,81.36,81.4,79.74,80.98,235000
20120731,80.97,81.47,78.55,80.49,412700
20120801,80.26,80.74,78.78,80.74,319000
20120802,80.17,80.23,78.95,80.11,306900
20120803,80.67,82.3,80.67,82.3,488800
20120806,82.05,82.53,81.48,81.48,576600
20120807,81.85,82.44,80.92,80.92,382900
20120808,81.33,82.05,80.61,81.42,369100
20120809,81.01,81.84,79.97,80.12,400500
20120810,79.83,81.3,79.64,81.28,294500
20120813,81.31,81.31,79.61,79.83,233000
20120814,79.83,80.99,78.82,78.85,325700
20120815,79.06,79.55,78.36,78.99,530700
20120816,79.39,81.36,79.39,81.18,608700
20120817,81.17,81.57,80.17,80.7,218200
20120820,81.06,81.31,79.91,80.77,246900
20120821,81.08,81.41,79.11,79.83,371600
20120822,80.23,82.32,79.53,82.32,892100
20120823,81.89,83.5,81.4,83.5,666500
20120824,83.5,83.63,82.68,83.09,421700
20120827,83.39,83.45,82.45,83,286100
20120828,83.39,83.39,82.64,83.17,678800
20120829,82.73,83.75,82.14,82.41,625300
20120830,82.55,83.48,81.82,83.48,405200
20120831,83.27,83.5,81.95,82.43,1169500
20120903,82.34,84.26,80.33,81.66,353000
20120904,81.66,82.82,81.66,82.44,781700
20120905,82.46,82.61,80.86,82.53,442100
20120906,82.53,84.34,82.53,83.98,460100
20120910,84.27,85.18,83.88,84.07,507900
20120911,84.07,84.85,83.38,84.75,346400
20120912,84.75,86.78,84.36,86.58,519500
20120913,86.76,86.76,85.43,85.91,590500
20120914,85.72,87.24,85.53,85.91,702000
20120917,85.91,86.55,85.08,85.6,206100
20120918,85.33,86.11,84.2,84.83,281100
20120919,85.24,85.25,83.62,83.98,476000
20120920,83.87,83.87,82.9,83.5,622000
20120921,83.92,85.13,83.29,85.13,981000
20120924,85.14,85.86,84.73,85.86,723900
20120925,85.23,87.63,85.21,85.91,630700
20120926,85.91,86.9,84.72,86.51,492900
20120927,86.54,86.86,85.24,86.64,364000
20120928,86.2,87.52,85.48,87.41,469800
20121001,87.09,88.76,86.71,88.6,395600
20121002,88.32,89.64,87.53,88.06,321700
20121003,88.32,90.59,88.32,89.29,646300
20121004,89,90.2,89,89.89,273900
20121005,90.01,91.41,90.01,91.22,318900
20121008,91.22,95.08,90.84,94.78,689900
20121009,94.35,95.47,91.87,92.33,401500
20121010,92.67,93.26,91.76,93.15,352400
20121011,93.39,94.3,92.18,92.39,452200
20121015,93.15,93.95,90.74,91.89,479600
20121016,92.14,92.61,90.14,90.49,668900
20121017,90.95,93.09,90.95,92.18,671000
20121018,92.18,93.49,91.38,93.2,447200
20121019,93.62,94.59,92.07,92.57,452200
20121022,93.03,93.2,91.67,92.47,406100
20121023,92.57,93.44,92.2,93.05,447900
20121024,92.61,93.73,92.18,92.18,464600
20121025,92.18,92.88,88.47,88.7,566200
20121026,87.85,89.45,84.96,89.29,654500
20121029,88.83,90.2,88.58,90.2,189500
20121030,90.2,90.52,89.27,89.87,264700
20121031,90.2,91.45,88.56,89.96,397200
20121101,91.21,91.21,88.72,88.8,505400
20121105,88.6,89.22,86.98,88.9,648800
20121106,89.28,89.28,87.99,88.9,380300
20121107,88.8,89.92,88.27,89.05,339200
20121108,89.57,90.11,86.88,87.13,605400
20121109,87.56,88.31,86.79,87.74,582100
20121112,87.31,89,87.23,88.43,205600
20121113,88.08,89.68,87.77,89.64,488400
20121114,89.18,89.78,87.95,87.95,613000
20121116,87.93,89.01,86.44,87.76,397400
20121119,86.88,89.39,86.88,89.11,163800
20121121,89.39,89.68,88.52,88.96,306500
20121122,88.95,88.96,88.51,88.62,115500
20121123,88.43,89.01,88.38,88.98,211000
20121126,88.53,90.42,88.18,89.88,1002100
20121127,89.93,90.17,88.9,88.91,265300
20121128,88.24,88.84,87.91,88.32,369200
20121129,88.32,89.3,88.1,89.3,550600
20121130,89.78,89.88,87.95,87.95,810400
20121203,87.79,89.88,87.79,89.24,393100
20121204,88.91,89.88,88.24,88.91,469600
20121205,89.16,89.38,88.28,88.33,413800
20121206,89.39,89.72,87.95,89.39,469800
20121207,89.83,89.83,88.77,89.11,230700
20121210,88.64,88.91,87.59,88.43,474500
20121211,88.96,90.8,88.12,90.8,547300
20121212,90.31,92.08,90.02,91.81,472100
20121213,91.35,93.21,91.33,92.65,357200
20121214,92.88,93.36,91.56,92.34,436500
20121217,92.1,92.72,90.47,90.72,379300
20121218,90.68,91.99,89.28,89.78,474500
20121219,90.22,90.22,88.05,88.57,1932400
20121220,88.91,89.79,87.46,87.55,787200
20121221,86.99,88.24,86.91,87.4,1701900
20121226,87.09,89.11,86.65,87.46,320500
20121227,87.13,89.09,87.13,87.95,279100
20121228,88.16,88.89,87.17,87.46,347100
20130102,88.41,88.43,85.65,85.83,827900
20130103,85.83,87.41,85.83,86.4,1169700
20130104,86.4,88.49,86.4,88.43,569100
20130107,88.43,88.77,86.95,87.48,443300
20130108,87.18,88.26,86.02,86.79,299900
20130109,86.65,88.33,86.11,88.33,481300
20130110,87.95,89.84,86.93,88.87,710200
20130111,87.54,87.54,85.12,86.01,18523400
20130114,86.3,86.74,85.43,86.74,1204500
20130115,86.3,86.87,86.12,86.83,400000
20130116,86.97,86.98,86.56,86.69,561900
20130117,86.98,87.6,86.21,87.17,725200
20130118,87.66,87.66,85.43,87.11,744600
20130121,86.7,87.37,86.64,87.37,279900
20130122,86.99,87.34,86.84,87.05,183200
20130123,86.98,87.31,85.82,86.93,427100
20130124,86.91,86.91,84.95,85.69,832100
20130128,86.68,86.78,85.59,86.06,638600
20130129,85.6,87.16,85.17,86.97,795600
20130130,87.46,87.84,86.51,87.08,995200
20130131,87.36,90.75,86.68,90.75,1569800
20130201,90.75,90.77,89.76,90.75,1118200
20130204,90.46,91.13,89.49,90.84,671600
20130205,90.83,91.91,90.56,91.91,836800
20130206,91.78,91.91,89.97,90.12,607000
20130207,91.18,91.8,89.64,90.65,428300
20130208,90.65,91.81,90.29,91.76,446800
20130213,91.81,91.9,91.31,91.67,452200
20130214,91.65,92.34,89.81,91.23,516900
20130215,90.84,91.81,90.69,91.28,682400
20130218,91.36,92.28,90.84,92,603200
20130219,91.65,93.65,91.65,93.12,1082400
20130220,93.94,95.68,93.19,94.52,1789300
20130221,94.37,95.68,93.03,94.1,1124800
20130222,94.24,94.52,91.68,92.73,1102500
20130225,93.22,94.74,93.22,94.01,1178100
20130226,94.41,94.57,93.33,93.79,625000
20130227,93.79,94.71,93.4,94.47,1116600
20130228,93.84,96.16,93.84,95.87,3020300
20130301,95.11,96.64,94.76,96.16,889500
20130304,96.09,97.65,95.29,97.44,946100
20130305,98.09,99.54,98.09,98.58,1080300
20130306,99.55,101.19,97.4,100.27,913500
20130307,100.51,100.87,96.42,97.23,1188900
20130308,97.12,99.4,96.65,98.05,675700
20130311,99.04,101.48,99.04,101.23,1146800
20130312,101.48,101.96,99.9,100.36,638000
20130313,100.36,104.77,100.04,103.24,1236200
20130314,103.42,104.38,102.48,104.27,886600
20130315,103.81,104.35,101.05,102.05,1131900
20130318,101.96,102.93,100.88,102.54,366400
20130319,103.06,103.29,100.76,101.48,468800
20130320,102,103.29,101,103.26,592400
20130321,102.57,103.22,101.47,101.94,587400
20130322,101.94,102.18,99.35,99.83,1680800
20130325,100.36,100.56,98.58,100.26,945000
20130326,100.41,102.35,99.07,101.48,584000
20130327,101.73,102.53,100.83,102.06,328000
20130328,102.07,103.29,101.18,103.23,510100
20130401,102.7,103.22,101.91,102.06,214200
20130402,102.08,104.38,102.08,103.73,454700
20130403,103.72,104.59,102.85,104.59,336900
20130404,104.31,105.09,102.94,103.02,359300
20130405,102.93,103.74,100.75,102.93,513100
20130408,102.57,104.76,102.57,104.38,344300
20130409,102.43,104.75,101.67,103.78,10212800
20130410,104.38,105.34,103.83,103.89,532100
20130411,104.08,105.25,103.17,103.85,1298900
20130412,103.41,104.95,102.27,102.78,729900
20130415,102.08,103.08,99.54,99.54,901400
20130416,101.28,103,100.92,102.15,691500
20130417,100.51,102.7,100.13,101.48,755900
20130418,102,105.72,101.51,104.8,923300
20130419,104.07,107.19,104.06,106.93,772300
20130422,106.64,109.67,106.6,109.36,723100
20130423,108.82,111.37,108.44,110.82,582100
20130424,110.35,110.86,106.33,106.69,1542100
20130425,106.98,108.02,105.97,106.78,395000
20130426,106.51,107.06,104.11,105.1,535400
20130429,105.04,107.46,105.04,107.46,404900
20130430,107.46,107.76,103.09,107.76,836500
20130502,107.95,107.95,105.53,106,662900
20130503,106.74,108.92,106.22,108.44,1127100
20130506,108.44,108.71,106.81,108.55,765200
20130507,107.57,109.51,107.44,109.05,428800
20130508,108.38,110.19,108.08,108.66,556200
20130509,108.52,110.01,108.21,108.37,441800
20130510,108.2,108.71,106.86,106.86,879700
20130513,106.72,107.74,106.15,106.23,681800
20130514,106.14,109.42,104.97,109.05,750800
20130515,109.04,110.68,108.27,110.41,396200
20130516,110.31,110.61,107.49,107.69,515500
20130517,107.92,109.58,107.71,109.06,423400
20130520,108.97,112.55,108.72,111.68,590400
20130521,111.69,111.97,110.53,111.44,1034300
20130522,111.44,111.62,109.01,109.38,597800
20130523,108.94,108.94,106.05,107.2,958600
20130524,106.13,107.92,104.78,107.1,743300
20130527,107.88,107.88,105.2,105.77,180100
20130528,106.13,108.39,106.13,107.1,664700
20130529,106.03,107.02,104.57,104.57,1144500
20130531,103.58,104.29,100.38,101.06,836300
20130603,101.26,101.6,99.8,100.68,876600
20130604,100.29,101.26,99.59,100.33,620700
20130605,99.4,100.56,99.31,99.97,668800
20130606,100.28,102.95,99.31,102.72,1553400
20130607,102.67,104.77,102.23,102.23,815200
20130610,101.43,103.2,100.9,101.26,570600
20130611,100.81,100.81,97.47,99.8,720500
20130612,100,100.65,97.17,98.51,1011200
20130613,98.5,98.98,96.03,96.05,758100
20130614,96.78,97.74,96.07,96.75,704000
20130617,97,97.76,96.29,96.79,523700
20130618,97.07,97.16,95.13,96.22,527800
20130619,95.49,97.7,94.54,95.95,1056200
20130620,95.4,95.81,92.48,94.58,1252800
20130621,92.61,94.65,91.92,93.15,715200
20130624,91.91,92.36,89.92,90.58,902000
20130625,90.55,92.78,89.66,91.52,522000
20130626,92.2,96.06,91.63,94.27,887400
20130627,93.87,97.25,93.87,96.34,709700
20130628,95.22,98.72,94.69,96.98,1547600
20130701,96.59,98.1,95.1,96.12,879900
20130702,95.37,96.51,92.51,92.51,978500
20130703,92.59,95.54,91.15,92.24,762900
20130704,93.19,94.76,93.19,93.96,485400
20130705,93.23,94.17,91.07,91.96,489700
20130708,91.77,95.03,91.77,93.53,459400
20130710,94.11,96.74,94.09,95.61,474200
20130711,97.36,97.85,95.47,97.02,683600
20130712,97.02,97.45,96.39,96.88,895700
20130715,96.87,98.83,96.21,98.53,524700
20130716,99.11,99.96,98.18,99.42,568700
20130717,99.6,101.27,99.41,99.41,772400
20130718,99.12,100.28,98.34,98.34,632700
20130719,98.06,99.22,97.46,98.05,439100
20130722,98.39,100.47,97.26,99.37,427800
20130723,100.37,101.19,99.84,99.84,773800
20130724,100.79,102.71,100.18,100.29,2089700
20130725,99.49,100.72,99.31,99.8,1593900
20130726,99.98,100.44,98.03,99.8,564900
20130729,99.8,100.14,98.34,99.32,730800
20130730,99.15,99.8,98.48,98.91,618000
20130731,98.24,99.26,98.1,98.52,474600
20130801,98.78,99.87,97.58,99.14,754200
20130802,99.34,99.42,97.13,97.49,549900
20130805,97.29,97.83,96.77,97.25,548200
20130806,96.54,97.38,95.2,95.89,804200
20130807,95.83,96.16,94.57,95.54,445100
20130808,95.67,96.21,93.96,95.12,731600
20130809,95.74,98.47,95.43,97.49,645800
20130812,98.18,99.04,96.22,96.9,617700
20130813,96.22,98.5,96.22,98.47,505700
20130814,97.56,99.36,96.2,96.2,862400
20130815,95.74,95.76,94.27,94.71,661500
20130816,94.68,95.64,94.42,95.05,902600
20130819,94.29,94.73,92.72,92.85,630600
20130820,93.07,93.73,91.32,91.65,636600
20130821,90.89,93.39,90.43,92.64,600300
20130822,94.05,94.05,91.05,91.64,538200
20130823,91.63,93.18,91.17,93.18,538800
20130826,92.82,93.48,90.49,90.49,347200
20130827,90.13,91.6,89.89,90.47,787200
20130828,90.11,92.13,89.25,92.13,626900
20130829,91.79,93.79,91.41,93.51,517800
20130830,93.25,95.27,93.25,95.27,624100
20130902,96.06,97.37,95.3,95.86,358800
20130903,96.55,96.59,93.2,93.2,680100
20130904,92.62,93.81,92.45,93.2,343100
20130905,92.98,95.54,92.65,95.54,438900
20130906,95.13,96.99,95.04,96.14,468100
20130909,95.12,95.84,94.49,95.12,1095800
20130910,95.13,97.39,95.13,96.52,707100
20130911,96.04,97.21,94.98,94.98,500100
20130912,95.74,96.52,94.87,95.92,612600
20130913,95.47,97.38,95.47,97.13,339800
20130916,96.84,99.62,96.84,99.15,554900
20130917,99.73,100.28,97.93,98.34,476200
20130918,98.47,102.77,98.06,102.47,796600
20130919,103.29,103.29,100.42,102.2,392200
20130920,102.41,102.99,100.42,101.05,467100
20130923,102.06,102.4,99.04,100.7,513400
20130924,101,102.49,100.04,102.32,651300
20130925,102.37,102.95,100.91,102.36,731200
20130926,102.94,102.94,100.74,101.39,479400
20130927,101.28,102.54,100.83,102.37,435300
20130930,102.31,102.31,98.47,98.47,705300
20131001,99.54,100.32,98.04,99.84,321700
20131002,99.12,99.93,97.73,99.34,390600
20131003,99.26,100.42,98.94,98.94,528000
20131004,98.96,101.33,98.95,101.25,454000
20131007,101.25,101.69,100.08,100.44,343100
20131008,101.35,102.22,100.51,102.07,545500
20131009,102.37,102.56,101.26,102.56,422800
20131010,104.17,107.23,103.69,107.23,1517800
20131011,106.18,107.63,105.45,106.47,638200
20131014,106.27,107.99,105.58,106.72,691700
20131015,106.72,107.54,105.37,106.04,689100
20131016,106.8,107.04,105.17,105.82,656400
20131017,107.1,107.69,104.96,105,803400
20131018,105.13,107.39,104.9,105.81,488200
20131021,105.86,106.83,105.02,106.83,299400
20131022,106.3,109.38,104.97,107.28,849700
20131023,107.29,107.43,104.84,106.45,569900
20131024,105.81,106.31,104.01,105.29,631900
20131025,106.02,106.02,103.94,105,197100
20131028,105.4,106.13,104.42,106,398500
20131029,105.59,105.9,105.04,105.42,226400
20131030,105.91,107.76,105.37,106.39,672200
20131031,106.54,109.08,105.73,108.44,917300
20131101,108.6,109.01,106.85,108,845100
20131104,108.28,108.43,106.89,107.32,318400
20131105,107.42,108.32,106.25,107.56,543100
20131106,107.21,107.99,106.79,107.72,969900
20131107,107.73,108.73,105.66,106.33,1031300
20131108,106.18,107.84,104.85,106.64,906000
20131111,106.75,107.86,105.71,105.91,368400
20131112,105.87,106.55,104.44,104.73,755700
20131113,104.52,106.39,104.31,105.66,639200
20131114,105.83,108.65,105.83,107.95,443800
20131118,108.3,109.81,107.72,108.2,750500
20131119,107.59,108.56,105.44,105.91,554600
20131121,104.98,107.01,104.96,105.4,494400
20131122,105.17,105.68,104.8,104.84,514100
20131125,105.41,106.12,104.25,105.37,439900
20131126,105.01,107.12,104.83,105.99,1344100
20131127,106.39,107.15,105.63,106.39,717900
20131128,107.17,107.26,105.42,105.91,244800
20131129,106.2,107.06,105.81,106,550300
20131202,105.1,107.02,103.47,103.47,635500
20131203,102.92,103.47,101.46,101.46,522100
20131204,101.81,102.58,100.44,100.54,886500
20131205,101.01,102.69,99.73,100.68,494400
20131206,101.15,101.75,100.16,100.18,431500
20131209,100.75,101.02,98.6,99.28,393700
20131210,99.31,100.19,99.15,99.79,706300
20131211,99.79,101.39,99.08,100.55,1048800
20131212,101.12,101.32,97.3,97.9,1237900
20131213,98.24,100.71,98.15,98.15,1072900
20131216,98.61,100.53,98.44,100.53,846800
20131217,100.14,100.48,98.98,99.07,672600
20131218,99.64,100.18,98.53,99.17,1011300
20131219,99.71,101,99.44,99.99,431100
20131220,100.05,101.26,100.05,100.37,467700
20131223,100.89,102.39,100.69,101.51,535000
20131226,101.49,102.64,101.31,101.61,1095600
20131227,102.12,102.37,101.46,101.77,541300
20131230,102.19,104.15,102.17,102.4,360200
20140102,102.12,102.89,100.62,101.17,1102200
20140103,100.57,101.82,99.07,99.07,1327000
20140106,99.38,100.27,97.65,97.78,610500
20140107,97.72,99.73,97.33,97.53,562100
20140108,98.1,98.1,97.13,97.13,698700
20140109,96.54,97.66,94.25,94.25,737900
20140110,94.21,95.66,93.84,93.84,470900
20140113,94.95,96.05,94.4,94.79,614600
20140114,94.79,96.68,94.47,95.87,516000
20140115,96.03,97.59,95.47,96.63,371700
20140116,96.86,97.31,95.66,95.66,357900
20140117,95.43,96.14,93.13,93.13,545000
20140120,93.21,93.56,92.24,92.24,457800
20140121,91.41,92.91,91.4,91.65,745400
20140122,92.14,95.04,91.96,94.78,810100
20140123,96.03,97.56,94.48,94.48,944000
20140124,93.87,94.97,92.88,93.53,774000
20140127,93.52,94.74,92.68,93.7,472400
20140128,94.96,95.65,93.28,93.31,936400
20140129,92.85,93.44,91.12,91.12,870400
20140130,91.11,93.56,90.55,92.47,653800
20140131,92.59,92.6,91.17,91.17,915200
20140203,91.55,91.55,90.29,90.29,726300
20140204,90.3,91.35,90.3,91.07,591700
20140205,91.45,91.51,89.33,90.09,644000
20140206,90.76,91.89,90.31,91.46,1050600
20140207,91.44,92.06,90.25,91.51,871800
20140210,91.69,92.36,90.78,91.65,611200
20140211,91.6,93.26,90.98,92.87,510000
20140212,92.73,94.07,92.64,93.22,501000
20140213,92.52,93.55,91.64,93.22,554000
20140214,94.68,95.95,94.68,95.36,705600
20140217,95.49,95.72,93.12,93.22,226900
20140218,93.22,95.33,92.24,92.24,643100
20140219,91.95,93.85,90.99,93.34,500700
20140220,93.38,94.88,92.55,94.19,648000
20140221,94.19,95.65,93.41,95.07,649800
20140224,94.97,95.66,94.21,94.21,446700
20140225,93.41,95.07,93.11,94.19,478700
20140226,94.49,95.65,94,94.86,406900
20140227,95.46,96.75,94.41,96.39,547400
20140228,96.63,96.96,95.38,96.52,690400
20140305,95.95,96.44,94.68,94.77,448200
20140306,94.82,96.31,94.77,95.45,502200
20140307,95.46,96.92,94.36,95.41,933200
20140310,94.87,95.37,93.46,93.56,511800
20140311,93.99,94.42,93.18,93.31,396000
20140312,92.83,93.36,91.4,91.4,670600
20140313,91.41,92.44,91.28,92.43,816200
20140314,92.28,92.31,90.75,91.14,656000
20140317,90.97,93.15,90.97,92.57,540700
20140318,92.26,95.34,91.94,94.83,627400
20140319,94.25,95.3,93.96,94.09,737000
20140320,94.1,95.73,93.67,94.79,464000
20140321,95.07,96,94.1,94.25,772500
20140324,95.03,95.69,94.24,95.09,567300
20140325,95.66,95.96,94.19,94.48,539800
20140326,95.23,95.63,93.34,93.34,533400
20140327,93.02,96.48,93.02,95.61,1054700
20140328,96.13,99.66,95.68,96.34,1150900
20140331,96.92,97.77,96.86,97.36,503900
20140401,98.04,98.11,96.4,97.56,635400
20140402,97.56,99.32,96.97,99.08,824800
20140403,98.57,100.09,98.34,99.79,918100
20140404,100.54,103.45,100.44,102.49,1741000
20140407,103.47,105.76,102.79,105.42,1050400
20140408,106.37,107.24,104.08,104.93,1570000
20140409,104.93,104.93,101.29,102.76,1334100
20140410,102.97,103.74,101.42,101.96,794600
20140411,101.92,103.95,100.62,103.25,583700
20140414,103.48,104.1,102.37,103.09,392900
20140415,102.13,103.68,101.31,102.38,775500
20140416,103.44,104.44,102.47,103.95,566600
20140417,104.01,105.59,103.89,104.96,427100
20140422,104.91,106.62,103.8,104.91,602400
20140423,104.43,105.51,103.49,103.57,491300
20140424,103.58,104.39,102.79,103.81,359500
20140425,103.1,103.75,102.55,102.76,540400
20140428,102.57,104.04,102.34,103.22,357200
20140429,104.04,105.54,103.26,103.26,372600
20140430,103.94,104.74,102.36,103.55,611600
20140502,103.92,106.26,103.88,104.04,1089000
20140505,105.02,106,104.44,105.68,692600
20140506,102.24,103.34,102.24,102.8,9290300
20140507,103.25,103.43,102.39,102.88,857800
20140508,102.92,103.49,102.32,102.75,743400
20140509,102.7,102.82,101.86,102.44,695500
20140512,102.9,103.54,102.38,103.19,790000
20140513,103.26,103.27,102.56,102.9,588100
20140514,102.7,102.96,101.19,102.26,878800
20140515,101.69,102.52,101.36,101.82,349100
20140516,102.23,102.6,100.73,100.98,706100
20140519,100.83,100.91,98.89,100.22,951300
20140520,100.25,101.16,99.06,99.41,733500
20140521,99.41,100.03,98.98,99.44,502900
20140522,99.77,100.42,99.45,99.75,518900
20140523,99.76,101.28,99.58,101.24,735900
20140526,101.75,101.9,100.88,101.23,129100
20140527,101.09,101.81,99.89,100.15,493200
20140528,100.11,101.53,99.78,101.09,603500
20140529,101.52,101.66,100.36,100.85,313700
20140530,100.05,100.82,99.4,100.05,544700
20140602,100.54,100.71,99.65,100.24,468500
20140603,100.33,100.68,99.67,100.64,284100
20140604,100.28,100.45,98.95,99.36,906000
20140605,100.05,102.28,99.87,101.98,2104100
20140606,103.19,104.77,103.08,104.21,2664400
20140609,104.21,104.84,103.14,104.84,745000
20140610,104.44,107.3,103.98,107.21,862800
20140611,107.66,108.16,106.34,106.94,1076000
20140613,106.43,106.43,104.92,105.08,632500
20140616,104.5,105.8,104.48,105.8,361900
20140617,105.4,105.69,104.78,105.28,432300
20140618,105.14,105.14,102.67,104.33,951900
20140620,103.88,104.57,102.51,103.08,549300
20140623,103.02,103.46,101.94,102.3,369500
20140624,102.32,103.16,102.09,102.69,435100
20140625,101.98,103.55,101.59,102.12,761700
20140626,102.15,102.54,100.93,101.18,435100
20140627,100.75,102.08,100.74,101.6,943600
20140630,101.72,102.07,100.69,101.22,454400
20140701,101.61,102.82,100.56,100.63,276400
20140702,100.83,102.37,100.52,102.36,535100
20140703,101.65,104.42,101.32,104.36,690500
20140704,104.2,104.52,103.31,104.16,111700
20140707,103.08,103.71,102.04,103.45,561100
20140708,103.37,103.59,102.23,102.95,417900
20140710,103.7,104.63,102.6,104.62,789100
20140711,104.52,104.79,103.93,104.28,749100
20140714,101.8,102.55,101.8,102.11,12408600
20140715,102.1,103.02,101.72,102.75,631000
20140716,102.71,103.45,101.72,102.46,1189500
20140717,101.77,102.87,101.77,102.7,718900
20140718,103.86,105.16,103.11,105.01,1214200
20140721,105.16,106.93,104.63,106.63,666500
20140722,106.44,107.29,105.91,107.12,788600
20140723,106.24,106.44,105.12,106.14,893800
20140724,106.3,108.6,105.92,108.6,1184200
20140725,108.11,110.26,107.58,109.82,1251900
20140728,109.82,110,108.25,109.83,970900
20140729,109.2,110.47,108.67,109.34,516600
20140730,109.1,109.46,108.57,109.09,710900
20140731,108.36,108.97,107.01,107.62,851100
20140801,107.13,108.57,105.65,108.1,622200
20140804,108.24,110.1,107.85,109.73,936300
20140805,109.73,110.1,108.48,108.66,689200
20140806,108.45,109.92,107.83,109.48,419700
20140807,110.21,110.66,107.26,108.69,465600
20140808,107.65,108.39,106.43,107.56,423300
20140811,107.59,108.63,107.23,107.9,404600
20140812,107.37,108.31,107.06,107.85,380700
20140813,108.48,109.12,106.33,108.51,900700
20140814,107.42,108.75,107.42,108.39,516400
20140815,109.25,109.92,107.73,108.24,843700
20140818,109.13,110.06,108.38,109.46,404600
20140819,109.57,111.66,109.52,111.3,658400
20140820,111.31,112.36,110.37,111.13,680300
20140821,110.82,111.59,108.22,108.98,1443000
20140822,108.68,109.36,107.55,108.73,906300
20140825,109.62,110.75,108.74,110.75,472300
20140826,110.99,111.61,110.72,111.3,789900
20140827,112.36,112.72,110.52,111.5,920900
20140828,110.74,113.17,110.71,112.4,643700
20140829,113.07,113.07,111.4,112.1,600100
20140901,113.07,113.07,111.49,111.8,432800
20140902,111.82,113.06,110.82,112.35,618400
20140903,111.89,113.28,111.79,113.17,619200
20140904,113.17,113.32,111.37,112.28,577000
20140905,112.6,112.95,110.62,112.03,470300
20140908,112.82,113.62,111.2,111.62,1094900
20140909,110.26,111.1,108.49,109.13,1164000
20140910,108.45,109.7,107.87,108.92,781600
20140911,109.22,110.16,108.57,109.44,390000
20140912,108.14,109.41,107.55,108.74,982300
20140915,107.96,109.15,107.95,108.66,677100
20140916,108.66,111.76,108.35,110.29,664300
20140917,110.47,111.44,109.59,110.23,819800
20140918,109.72,110.31,106.97,108.64,877700
20140919,108.74,109.92,107.8,109.41,1019400
20140922,108.18,109.01,106.82,107.7,601100
20140923,106.82,107.26,105.49,106.17,974400
20140924,105.57,108.05,105.55,107.07,862700
20140925,106.18,107.7,105.95,106.08,712800
20140926,106.08,108.92,105.7,108.5,702800
20140929,105.3,105.92,104.31,105.68,718200
20140930,104.78,105.63,104.32,105.15,654600
20141001,104.15,104.85,102.76,103.19,928800
20141002,103.21,105.29,101.5,104.95,755500
20141003,104.95,106.42,103.45,106.38,554600
20141006,110.21,112.42,107.54,110.21,884900
20141007,111.94,112.13,106.01,106.28,5651100
20141008,107.45,107.46,105.36,106.47,917200
20141009,107.75,108.13,105.98,106.3,611600
20141010,105.36,105.36,102.14,102.4,1910400
20141013,104.65,106.38,103.34,104.31,552600
20141014,104.31,106.08,103.26,104.31,563700
20141015,102.62,103.44,101.22,103.14,850100
20141016,100.67,103.25,100.63,101.6,1039800
20141017,102.64,104.02,101.57,103.91,895300
20141020,103.26,103.44,100.88,101.85,977700
20141021,98.9,101.96,98.44,99.39,1049700
20141022,99.06,99.88,98.16,98.16,978700
20141023,97.43,97.92,94.47,95.4,996200
20141024,94.96,100.29,94.14,98.17,1078900
20141027,92.5,95.87,92.11,94.27,2380400
20141028,94.77,99.5,94.77,98.39,1130900
20141029,97.44,99.14,96.93,97.12,737900
20141030,96.93,99.9,96.49,99.53,695800
20141031,99.6,102.34,99.12,102.24,749500
20141103,102.83,103.51,99.94,101.44,671600
20141104,101.45,102.76,100.16,102.32,594100
20141105,101.75,102.87,100.96,102.49,371200
20141106,101.36,103.18,100.28,102.04,615600
20141107,101.03,102.41,101.03,102,547400
20141110,102,104.31,101.67,103.52,818200
20141111,103.34,104.18,102.39,103.08,396200
20141112,102.29,105.89,102.19,105.32,578000
20141113,104.82,105.58,102.1,103.46,410500
20141114,102.48,102.77,100.55,102.23,948700
20141117,102.67,103.16,101.05,102.43,702600
20141118,102.77,104.77,102.24,103.86,607200
20141119,103.86,104.2,101.48,102.26,1511100
20141121,102.67,106.42,101.89,105.33,1178400
20141124,107.39,107.55,103.22,104.39,845900
20141125,105.93,106.57,105.28,106.01,928500
20141126,107.21,107.21,105.11,106.14,593800
20141127,106.61,107.7,105.43,105.55,280800
20141128,105.48,107.4,105.48,106.91,302500
20141201,105.18,107.19,102.28,102.58,797400
20141202,103.07,104.06,101.83,102.08,450600
20141203,102.48,103.95,102.03,103.92,531200
20141204,104.15,104.15,101.8,102.77,346900
20141205,102.97,103.07,101.51,102.37,412200
20141208,101.79,102.6,99.89,99.99,635600
20141209,98.69,101.39,98.69,101.02,356000
20141210,100.31,100.41,98.98,98.98,481700
20141211,98.98,100.89,98.04,99.72,505900
20141212,98.9,99.61,95.35,96.56,688400
20141215,97.8,97.9,94.89,97.31,584100
20141216,95.24,97.04,93.26,96.07,1209500
20141217,96.54,98.29,94.59,96.07,1111000
20141218,95.38,96.37,94.59,95.09,599100
20141219,94.67,96.49,94.67,96.49,570400
20141222,96.49,97.74,95.37,97.74,380200
20141223,97.11,98.02,96.07,96.96,572200
20141226,97.05,97.72,95.12,96.07,328900
20141229,95.59,98.31,95.15,98.21,427500
20141230,98.03,98.27,96.63,97.19,786600
20150102,96.15,97.35,92.29,92.44,706800
20150105,92.13,92.96,90.41,91.63,563900
20150106,91.85,94.12,91.3,94.1,507300
20150107,94.59,97.26,94.18,95.5,532600
20150108,95.58,96.71,93.36,96.35,418100
20150109,95.8,96.38,93.49,93.9,313200
20150112,93.9,94.02,91.64,92.04,417900
20150113,92.2,92.59,90.65,91.83,611600
20150114,91.48,92.13,88.29,88.62,848300
20150115,89.14,89.79,88.79,89.27,1155700
20150116,89.08,89.37,86.77,87.48,746700
20150119,87.31,89.06,86.71,87.28,297800
20150120,88.57,89.33,87.15,87.17,504600
20150121,87.7,94.59,87.66,92.28,889300
20150122,93.56,95.86,92.24,93.6,889600
20150123,92.62,94.16,91.92,92.7,366300
20150126,91.31,92.5,89.97,92.19,516600
20150127,90.66,91.57,88.79,90.3,782500
20150128,89.45,90.01,87.96,88.71,584400
20150129,88.59,89.89,87,89.47,937600
20150130,87.97,89.2,86.71,87.79,769600
20150202,87.7,88.67,86.91,88.19,718700
20150203,88.43,89.38,87.7,88.48,569700
20150204,88.58,89.55,86.91,88.09,638200
20150205,88.41,90.53,88.41,89.97,717300
20150206,89.08,90.4,88.61,89.77,964200
20150209,89.37,90.53,88.66,89.62,410900
20150210,89.24,90.11,88.66,88.97,638600
20150211,88.75,89.79,87.94,88.58,632700
20150212,89.17,89.94,88,89.81,814200
20150213,90.4,90.63,88.69,88.97,603500
20150218,88.88,90.36,88.8,90.06,876400
20150219,89.47,91.53,89.21,91.13,1142600
20150220,91.24,91.42,89.82,90.65,1434000
20150223,90.41,92.92,90.12,91.8,1746200
20150224,92.37,93.01,91.55,92.72,789500
20150225,91.7,93,91.65,92.62,814400
20150226,93.02,93.98,92.1,93.81,540600
20150227,94.11,96.84,93.21,95.73,1944700
20150302,94.59,95.75,94.59,95.58,1425200
20150303,95.76,96.54,95.12,95.87,891100
20150304,95.12,95.84,94.79,94.89,1500400
20150305,95.36,95.88,94.59,95.18,1019000
20150306,95.12,95.62,95.07,95.23,672000
20150309,95.58,96.07,94.76,95.34,1870800
20150310,95.09,96.16,95.09,95.18,3113500
20150311,95.23,96.21,94.81,95.63,1292500
20150312,95.39,97.29,95.39,95.87,1472000
20150313,93.48,95.05,92.62,93.61,1672500
20150316,94.49,94.54,92.53,92.72,498000
20150317,92.44,94.92,92.44,94.04,2018800
20150318,93.67,95.41,93.14,95.23,704300
20150319,95.52,95.52,94.01,94.01,542100
20150320,95.04,97.74,94.99,97.45,913800
20150323,97.95,98.08,96.06,96.47,558700
20150324,96.48,97.4,94.87,96.55,663000
20150325,97.03,97.94,96.1,96.1,724900
20150326,95.14,96.16,92.87,92.87,1061300
20150327,92.72,93.81,90.76,93.51,713800
20150330,93.22,95.02,93.22,94.99,556300
20150331,94.76,95,92.92,94.35,702800
20150401,95.08,95.36,94.16,95.09,1107500
20150402,94.84,97.05,94.84,96.37,1792000
20150406,97.19,98.86,96.53,97.89,1128500
20150407,98.04,99.32,97.9,98.35,1347200
20150408,99.48,99.9,98.28,98.53,1235300
20150409,97.18,100.1,97.18,99.32,1221900
20150410,98.78,100.64,98.78,99.72,1286900
20150413,100.46,100.87,99.6,100.51,763300
20150414,101,101.29,98.17,98.3,1688900
20150415,98.3,98.42,96.13,97.5,1607500
20150416,97.55,97.93,96.17,96.56,1076500
20150417,95.58,97.35,95.08,96.57,1497300
20150420,96.1,96.83,94.97,95.55,932400
20150422,96.02,96.71,94.65,95.83,1094900
20150423,95.67,97,95.67,96.07,1262700
20150424,97.18,97.45,95.72,97.35,1523800
20150427,97.64,99.66,97.08,99,1463000
20150428,99.89,99.99,97.99,99.3,850900
20150429,98.2,100.58,98.2,99.68,1063300
20150430,99.19,101.28,99.19,101.28,1644200
20150504,101.25,101.38,100.04,101.28,818900
20150505,100.42,102.47,100.42,101.97,1019700
20150506,101.49,101.88,99.68,101.03,1409400
20150507,100.09,101.23,100.09,100.59,506000
20150508,100.4,101.07,95.82,97.18,1084400
20150511,96.91,97.15,93.45,94.17,1521800
20150512,93.52,93.71,90.37,91.46,2887400
20150513,91.15,92.49,89.99,91.07,1428500
20150514,91.7,91.7,89.87,90.51,1061200
20150515,90.95,91.53,90.04,91.43,823100
20150518,92.74,92.77,89.37,89.84,742500
20150519,89.87,90.39,88.07,88.87,774800
20150520,88.86,89.67,88.15,88.37,1067100
20150521,88.28,89.7,87.83,89.43,1616400
20150522,89.73,90.78,88.02,88.2,2168200
20150525,88.52,89.67,87.82,89.56,549200
20150526,88.92,89.16,86.34,86.92,1905000
20150527,86.85,86.94,85.34,86.71,835400
20150528,86.54,86.54,85.4,85.55,755500
20150529,85.34,86.87,83.95,85.19,1858900
20150601,84.9,85.15,84.15,84.44,702800
20150602,84.2,85.09,84.05,84.12,847700
20150603,84.43,84.43,82.2,82.85,874600
20150605,82.35,83.87,81.56,82.44,1908700
20150608,82.74,83.81,82.53,83.18,1121300
20150609,83.05,83.4,82.91,83.25,1466100
20150610,83.54,85.34,83.3,84.85,875000
20150611,84.9,85.29,82.5,82.94,798700
20150612,82.45,82.57,80.42,80.85,1954000
20150615,80.56,81.61,80.06,81.56,1412900
20150616,81.83,82.13,80.46,80.73,1167500
20150617,80.73,81.45,79.59,80.77,776300
20150618,81.17,81.17,80.07,80.22,979900
20150619,80.22,80.45,78.32,79.07,1207800
20150622,79.5,79.54,77.74,77.93,896700
20150623,78.47,78.86,77.85,78.27,779500
20150624,78.23,79.04,77.98,78.46,920800
20150625,78.37,78.63,77.17,77.58,801400
20150626,77.58,77.87,76.58,76.72,771700
20150629,76.68,76.85,74.75,75.46,775400
20150630,75.59,76.47,72.76,72.9,1859900
20150701,73.37,74.16,73.03,74.16,1076400
20150702,74.05,74.27,72.39,72.73,1110200
20150703,72.44,72.76,70.72,71.27,423600
20150706,70.72,72.71,70.42,70.75,855200
20150707,70.41,70.81,68.57,68.94,1215300
20150708,68.94,68.94,66.04,66.44,1996400
20150710,66.76,69.58,66.76,69.1,1776300
20150713,69.62,74.2,69.62,73.65,2131700
20150714,73.6,74.59,70.54,72.91,1221700
20150715,73.1,73.87,72.45,72.61,725500
20150716,73.11,75.25,73.11,74.89,1006500
20150717,74.89,76.03,73.71,74.48,634300
20150720,74.45,74.48,72.71,72.8,447500
20150721,72.45,73.27,71.68,72.76,557000
20150722,72.16,72.56,70.47,71.72,1131500
20150723,71,71.57,70.12,70.54,1082300
20150724,70.19,71.37,68.49,69.11,888600
20150727,68.58,71.11,68.35,70.57,1284200
20150728,71.06,72.44,70.77,71.67,983900
20150729,70.98,73.85,70.35,72.94,1128700
20150730,72.83,75.54,72.33,75.05,1370600
20150731,73.75,74.75,73.06,74.75,1825600
20150803,74.22,75.4,71.93,72.26,1273800
20150804,72.68,72.76,71,71.46,865700
20150805,71.61,73.86,71.61,72.41,646700
20150806,71.9,72.58,70.13,70.62,901600
20150807,70.56,70.7,67.77,67.77,1087700
20150810,68.25,69.68,68.1,69.68,561000
20150811,69.65,69.74,67.67,69.28,813900
20150812,68.09,68.55,66.38,66.78,1610100
20150813,66.69,67.22,65.35,65.58,521600
20150814,65.1,66.12,63.95,63.95,1141100
20150817,63.99,64.42,63.43,63.81,1088200
20150818,63.49,64.3,63.18,63.57,606300
20150819,63.32,64.24,60.96,64.19,1175300
20150820,62.9,64.71,62.58,63.59,764300
20150821,62.68,63.33,61.4,61.81,1141900
20150824,58.7,61.48,57.48,60.35,1482300
20150825,61.61,62.59,61,61.27,812000
20150826,61.7,62.73,61.32,62.73,1046500
20150827,63.24,65.08,62.39,63.94,909100
20150828,62.54,64.63,61.91,64.01,692200
20150831,62.79,63.29,61.43,63.29,1556000
20150901,62.04,62.33,60.51,61.16,1305800
20150902,61.57,63.61,61,63.61,1226000
20150903,63.79,64.89,62.99,64.19,1261700
20150904,63.2,64.62,61.96,61.96,901500
20150908,63.8,63.8,61.03,61.05,931200
20150909,61.47,62.63,60.93,61.03,1574200
20150910,59.5,61.26,59.11,60.8,1178300
20150911,60.94,61.62,60.25,60.5,754500
20150914,60.55,62.82,60.55,62.69,1119400
20150915,62.69,63.51,61.71,62.44,1004200
20150916,62.52,63.29,62.52,62.71,2179400
20150917,62.28,62.29,60.08,60.08,1758400
20150918,59.78,59.78,55.35,55.89,2994600
20150921,55.72,56.79,54.74,54.8,1176300
20150922,54.62,54.62,51.79,52.57,2212900
20150923,52.69,53.89,50.18,50.28,2431400
20150924,49.39,51.82,48.15,51.82,1850300
20150925,52.41,52.41,49.42,49.42,1552800
20150928,48.89,49.72,48,48.6,1147500
20150929,48.64,49.7,48.53,48.97,1435100
20150930,49.83,50.28,49.14,50.14,1651200
20151001,50.77,51.13,50.01,50.5,957600
20151002,50.63,51.12,49.83,50.59,1353200
20151005,51.51,54.47,51.49,53.34,1207700
20151006,53.61,53.81,52.82,53.67,1689800
20151007,54.32,54.78,52.67,53.57,1248700
20151008,53.81,56.41,53.43,55.94,1851200
20151009,56.91,58.81,56.61,58.6,2463700
20151013,57.01,57.01,53.3,54.29,2700000
20151014,53.68,54.12,51.47,52.32,2595200
20151015,52.52,53.46,51.52,52.64,1053900
20151016,52.61,52.61,49.15,50.12,2144400
20151019,50.25,50.5,49.15,50.23,780200
20151020,50.23,51.03,50.05,50.93,1521800
20151021,51.26,52.32,50.83,51.93,764900
20151022,52.04,53.29,51.27,52.67,1050900
20151023,53.3,53.3,50.55,50.65,1016700
20151026,50.83,50.83,49.29,49.8,829600
20151027,49.58,50.8,49.58,50.11,974800
20151028,49.88,51.66,49.88,51,1200300
20151029,50.2,50.9,49.53,49.59,940000
20151030,49.85,51.04,49.29,50.57,1426200
20151103,51.48,54.48,50.88,54.06,1885400
20151104,54.58,56.29,53.38,54.04,1625400
20151105,54.08,54.9,53.6,54.26,853700
20151106,53.92,54.31,51.94,51.94,871200
20151109,52.09,53.33,51.39,52.25,757000
20151110,51.98,52.14,50.5,51.63,926700
20151111,51.96,54.35,51.96,53.86,1234800
20151112,53.99,54.59,53.58,53.94,653100
20151113,53.62,53.87,52.29,53.64,1060300
20151116,53.64,54.48,53.18,53.95,806700
20151117,53.98,54.97,53.63,54.09,654600
20151118,54.33,54.42,52.92,52.97,753000
20151119,52.97,54.83,52.97,54.5,1144000
20151123,55.18,55.9,54.05,54.48,4056200
20151124,54.49,54.49,51.73,52.73,1225200
20151125,51.97,52.48,51.46,51.88,919800
20151126,52.38,52.43,50.93,51.78,372200
20151127,51.37,51.4,49.68,49.73,789600
20151130,49.58,49.58,48.5,48.98,2370100
20151201,48.99,49.37,48.3,48.3,938400
20151202,48.18,48.52,47.48,47.66,1149300
20151203,49.23,49.23,47.47,48.18,2221900
20151204,47.84,47.99,46.22,46.82,1328300
20151207,46.98,47.12,45.97,46.2,2162000
20151208,46.31,46.78,44.6,45.72,2260600
20151209,46.45,49.3,46.06,48.36,1540600
20151210,48.48,48.69,47.21,48.3,1252600
20151211,47.78,48.97,47.18,47.47,2119200
20151214,47.58,47.58,45.89,45.98,1233800
20151215,46.13,46.79,44.49,45.48,1214400
20151216,44.92,47.29,44.74,45.68,2025000
20151217,46.73,46.97,44.04,44.48,1419900
20151218,42.99,43.82,42.57,43.11,1313000
20151221,43.12,43.16,40.99,41.31,925600
20151222,41.51,42,41.1,41.98,888200
20151223,42.57,42.65,40.88,41.17,1022800
20151228,41.37,43.1,41.28,42.73,456800
20151229,42.49,43.27,41.94,42.18,849700
20151230,42.18,42.5,41.79,41.84,668700
20160104,41.36,41.51,39.9,39.9,755200
20160105,39.93,41.04,39.9,40.65,724300
20160106,40.13,40.45,38.65,39.02,1328100
20160107,38.13,38.4,37.12,38.03,1992400
20160108,38.08,38.57,37.68,37.7,811700
20160111,37.64,38.14,36.75,36.75,1050700
20160112,36.68,36.68,34.83,34.93,893500
20160113,35.13,35.34,32.64,32.89,1464800
20160114,32.89,34.65,31.99,34.55,1461000
20160115,34.08,35.63,33.48,35.48,1466700
20160118,35.65,36.06,33.99,34.6,503400
20160119,34.98,35.57,34.4,34.98,699600
20160120,34.46,37.38,33.08,35.2,1851600
20160121,35.17,35.17,33.38,33.48,1570400
20160122,34.13,34.73,33.5,33.98,1203100
20160126,33.94,33.96,32.62,33.27,743100
20160127,33.23,36.18,32.92,35.47,991900
20160128,35.05,36.38,34.36,35.58,632000
20160129,35.99,38.21,35.82,38.21,1473500
20160201,38.25,39.58,37.45,38.89,1170200
20160202,38.48,39.97,36.9,37.98,1366900
20160203,38.77,40.1,37.48,39.52,1182900
20160204,40.36,41.03,39.68,40.78,1211800
20160205,40.39,42.14,40.39,41.46,1040800
20160210,40.98,41.23,39.71,40.08,746900
20160211,39.27,39.71,38.38,39.22,842400
20160212,39.41,41.38,39.09,40.97,815200
20160215,42.48,42.48,41.33,41.33,426900
20160216,41.51,43.45,41.51,42.62,1344500
20160217,42.98,44.39,42.79,43.6,1022000
20160218,43.6,43.6,41.78,42.58,1105800
20160219,42.58,42.87,42.12,42.18,570000
20160222,43.44,43.83,42.95,43.6,948800
20160223,43.48,43.97,42.33,42.38,744700
20160224,41.98,41.98,40.25,41.27,1004500
20160225,40.18,41.62,39.98,39.98,1218800
20160226,40.38,41.97,40.38,40.98,1565400
20160229,41.79,42.45,41.18,41.56,1808800
20160301,42.24,42.68,41.46,41.88,2463700
20160302,42.05,42.31,41.27,42.1,2251000
20160303,42.49,44.93,42.23,43.98,3527800
20160304,45.58,48.12,45,45.95,3019900
20160307,45.98,46.98,45.96,46.78,2232900
20160308,46.78,47.48,45.99,46.33,2218100
20160309,46.78,47.33,46.4,47.33,1812000
20160310,47.44,47.97,45.86,47.24,1952400
20160311,47.44,47.77,46.79,47.52,896900
20160314,47.97,48.45,47.11,47.99,1221100
20160315,46.98,47.3,45.36,46.85,1083300
20160316,46.52,47.32,46.06,46.81,1736200
20160317,47.97,48.91,47.21,47.38,3496900
20160318,47.78,49.24,47.34,49.24,2081700
20160321,49.47,51.08,49.47,49.82,1076900
20160322,50.18,51.18,49.93,50.9,1207100
20160323,50.76,50.78,49.18,49.45,726100
20160324,49.18,50.38,48.48,50.18,824000
20160328,51.28,51.84,50.33,50.96,728800
20160329,51.49,52.08,51.1,51.78,1255100
20160330,52.06,52.58,51.4,51.4,933600
20160331,51.18,51.18,49.63,49.83,1302300
20160401,49.62,51.09,48.64,50.6,1166000
20160404,50.17,50.43,48.83,49.3,461400
20160405,49.3,49.94,48.11,49.76,709900
20160406,49.29,49.54,47.09,47.57,976100
20160407,48.33,48.57,47.2,47.32,1086000
20160408,48.26,49.19,47.35,47.35,2559800
20160411,47.86,48.63,47.02,47.38,2948600
20160412,47.98,48.1,46.61,47.62,2702400
20160413,48.08,52.7,47.99,51.05,1861800
20160414,51.96,52.39,51.2,52.34,1147800
20160415,52.58,53.13,51.39,51.88,868000
20160418,51.94,51.95,50.74,51.01,528900
20160419,51.47,52.18,51.19,51.26,706800
20160420,51.28,51.79,50.61,50.78,847400
20160422,50.63,51.5,49.54,49.96,790000
20160425,50.13,50.13,48.86,48.88,1222500
20160426,48.98,50.13,48.64,50.13,648600
20160427,50.29,50.87,49.98,50.03,686700
20160428,50.04,51,49.9,50.35,841600
20160429,50.42,50.7,49.47,50.61,1032100
20160502,50.62,51.82,50.3,51.76,708000
20160503,51.69,51.7,50.75,51.5,1071100
20160504,51.58,51.58,50.03,50.74,1267000
20160505,51,51,48.92,49.82,700400
20160506,49.97,50.19,48.21,49.21,627500
20160509,49.18,49.18,47.7,47.84,1095200
20160510,48.17,49.45,47.94,49.45,629900
20160511,48.9,48.9,45.53,47,2533900
20160512,47.59,47.72,45.22,45.24,2147900
20160513,45.2,45.51,43.9,44.19,2173800
20160516,43.98,44.64,42.41,42.5,822600
20160517,42.51,43.31,42.05,42.68,692800
20160518,42.7,42.71,41.82,41.98,672300
20160519,41.7,41.95,41.17,41.7,890400
20160520,42.3,42.44,40.86,41,513700
20160523,40.74,40.88,39.98,40.88,663900
20160524,41.15,42.51,40.79,41.71,707700
20160525,41.7,42.19,40.91,40.95,518800
20160527,41.3,41.52,40.59,40.76,465500
20160530,40.9,40.97,40.45,40.71,153100
20160531,40.77,40.77,39.95,40.45,1368200
20160601,40.76,41.04,40.2,40.93,513300
20160602,41.15,41.66,40.69,41.44,498800
20160603,41.77,42.35,41.51,42.22,458800
20160606,42.6,42.94,41.7,41.94,493800
20160607,41.91,43,41.45,42.62,616000
20160608,42.73,43.9,42.03,43,992100
20160609,43,43.88,42.65,43.53,329400
20160610,43.15,43.84,42.92,43.35,557200
20160613,43.02,43.24,41.92,43.24,684600
20160614,43.23,43.23,42.17,42.74,1095200
20160615,42.64,44.03,42.54,43,1267800
20160616,43.06,43.16,41.6,42.63,671500
20160617,42.97,44.57,42.91,43.84,1026300
20160620,44.95,47.23,44.87,45.28,1372500
20160621,45.39,45.9,44.11,45.66,831200
20160622,45.7,46.02,44.45,44.6,820300
20160623,44.4,46.07,44.4,45.87,561200
20160624,43.5,45.22,43.5,45.22,570600
20160627,45.03,45.31,43.5,43.87,558800
20160628,44.35,45.07,43.18,43.8,518000
20160629,44.28,45.69,43.91,45.41,556900
20160630,45.27,47.3,45.01,46.71,790900
20160701,46.85,47.64,46.54,47.35,544700
20160704,47.83,47.83,46.66,46.87,348700
20160705,46.63,46.92,45.96,46.73,400200
20160706,46.49,46.72,45.61,46.65,929300
20160707,47.01,47.99,47,47.65,981900
20160708,47.81,48.36,47.17,48.06,549700
20160711,48.22,49.58,48.22,49.58,951000
20160712,50.75,52.11,50.65,51.32,1788900
20160713,51.76,51.89,50.91,51.75,952900
20160714,52,55.1,51.87,54.71,1581300
20160715,54.6,55.28,53.29,55.28,993700
20160718,55.44,56.77,55.17,56.73,773500
20160719,56.7,57.43,56.03,57.25,1104100
20160720,57.25,57.28,55.85,56.06,1067500
20160721,55.86,56.37,54.94,55.25,625500
20160722,55.2,55.45,54.5,54.89,876900
20160725,55.05,55.35,54.6,55.2,657100
20160726,55.42,55.95,54.6,54.6,2047100
20160727,54.6,54.84,52.84,53.8,1039900
20160728,52,52,48.16,48.2,3294100
20160729,48.01,49.35,46.7,49.07,1587700
20160801,49,49.05,47.64,47.85,659500
20160802,48,48.32,46.76,47.78,814500
20160803,47.5,47.99,47.07,47.67,649800
20160804,47.7,48.81,47.66,48.66,840700
20160805,48.93,49.83,48.65,49.4,1105900
20160808,49.49,50.5,48.51,49.55,1039000
20160809,50.2,50.26,49,49.56,845700
20160810,49.52,50.45,49.05,49.34,618700
20160811,49.35,51.24,49.25,51.09,542700
20160812,50.99,53.44,50.5,53.02,1035500
20160815,53.06,54.14,53.06,53.89,686400
20160816,53.9,54.06,52.57,52.62,540000
20160817,52.94,52.94,51.15,52.48,712900
20160818,52.7,53.2,52.09,52.78,401400
20160819,52.49,53.14,52.12,52.53,394800
20160822,52.49,52.49,51.71,51.81,608400
20160823,51.99,53.51,51.71,52.67,784200
20160824,52.6,53.67,51.36,53.05,975100
20160825,53.1,54.28,52.65,53.09,485000
20160826,53.39,53.4,51.79,52.08,2017600
20160829,52.09,52.46,51.62,51.72,948200
20160830,51.84,52.79,50.67,51.31,927900
20160831,51.69,51.95,50.36,50.36,721800
20160901,50.95,51.19,50.08,51,651200
20160902,51.02,52.8,51.01,52.52,441800
20160905,52.88,52.88,52.13,52.25,162000
20160906,52.75,52.76,51.76,52.4,320100
20160908,52.23,52.4,51.65,52.07,741800
20160909,51.17,51.49,49.65,50.05,1064200
20160912,49.85,51.05,48.7,51.05,815300
20160913,50.37,51.09,49.96,50.99,680500
20160914,50.99,51.3,50.13,50.72,489400
20160915,50.45,50.89,50.15,50.88,468200
20160916,50.25,50.42,49.62,50.21,626600
20160919,50.21,50.87,50.06,50.7,483200
20160920,50.47,51.65,50.4,51.5,460000
20160921,51.44,52.97,50,52.49,1374500
20160922,52.81,54.88,52.81,54,1283000
20160923,54,56.56,54,56,1041800
20160926,55.7,56.22,55.32,55.88,993600
20160927,55.69,55.9,53.89,54.94,942700
20160928,55.29,55.94,54.2,54.47,624300
20160929,54.5,55.12,52.91,52.94,756300
20160930,53.15,53.96,52.63,53.1,573900
20161003,52.61,53.66,52.61,53.38,374200
20161004,53.2,53.3,51.76,52.23,631100
20161005,52.79,53.96,52.63,53.71,853000
20161006,53.79,54.29,53.21,53.71,1788700
20161007,53.72,53.9,51.65,53.03,1374600
20161010,53.24,54.98,53.13,54.73,2268400
20161011,54.23,54.64,52.75,53.24,1408900
20161013,52.6,53.95,52.15,53.23,1236000
20161014,53.45,55.06,53.44,54.85,891900
20161017,54.58,55.25,54.03,55.25,454200
20161018,55.6,56.93,55.04,56.65,879300
20161019,56.65,57.79,56.53,56.69,442400
20161020,56.62,58.48,55.77,57.84,759800
20161021,58.24,59.52,57.36,58.86,740700
20161024,58.92,60.63,58.92,59.21,909300
20161025,59,59.28,57.68,58,499300
20161026,57.62,58.29,56.84,57.07,627500
20161027,57.32,58.28,57.13,57.88,765300
20161028,57.75,61.15,57.64,59.9,1278500
20161031,59.66,61.06,59.32,61,944600
20161101,60.75,62.74,58.64,58.87,1104200
20161103,58.87,60.22,57.88,57.88,753300
20161104,58.9,61.8,58.8,59.88,1324300
20161107,60.71,62.4,60.71,61.86,735400
20161108,61.9,62.74,61.05,61.5,986900
20161109,59.11,61.9,58.8,61.42,1311300
20161110,61.64,62.13,56.02,57.82,1337500
20161111,56.96,57.42,53.7,54,1531200
20161114,52.86,55.36,52.41,53.24,1295800
20161116,54.23,56.48,52.84,55.62,1032300
20161117,56.02,56.02,53.31,53.35,541900
20161118,53.38,54.99,52.79,53.38,699000
20161121,53.65,54.64,52.62,53.15,864600
20161122,53.87,55,53.71,53.92,805600
20161123,53.92,54.87,53.5,54.42,852900
20161124,55.05,57.79,55.05,57.7,553200
20161125,57.5,57.5,55.76,56.46,517900
20161128,56.5,56.78,55.06,56.65,636600
20161129,55.95,56.58,54.15,54.5,718700
20161130,54.96,55.99,53.9,54.6,857500
20161201,54.25,54.48,50.39,50.65,1503300
20161202,50.14,50.5,48.8,49.3,1455800
20161205,49.51,49.91,48.85,49.01,707700
20161206,48.85,50.64,47.56,50.39,1021600
20161207,50.95,51.54,50.34,50.82,664600
20161208,51.12,51.5,50.01,50.05,1013200
20161209,50.58,53.37,50.3,52.56,2096600
20161212,51.6,53.49,50.7,51,1014900
20161213,50.56,52.82,50.2,52.51,890500
20161214,52.5,53.25,50.71,50.71,1032800
20161215,50.65,52.45,50,52.33,672200
20161216,52.48,55.53,52.4,53.94,1128400
20161219,53.99,55,52.71,53.09,760100
20161220,53.31,53.84,51.01,51.66,715300
20161221,51.97,52.87,51.66,52.22,476700
20161222,52.2,53.37,51.69,52.6,601600
20161223,52.85,53.45,52.85,53.08,445300
20161226,53.5,53.83,53.23,53.32,150500
20161227,53.6,53.75,52.5,53,493500
20161228,53.02,54.99,53.02,54.14,572500
20161229,54.15,54.97,53.92,54.75,677100
20170102,54.9,55.05,54.1,54.52,160300
20170103,54.97,57.78,54.68,56.72,1215900
20170104,56.19,56.91,55.27,56.13,1024100
