<DTYYYYMMDD>,<OPEN>,<HIGH>,<LOW>,<CLOSE>,<VOL>
20110629,10.62,12.24,10.51,12.16,10092400
20110630,12.26,12.26,11.79,12.03,807400
20110701,11.71,12.28,11.65,12.11,351100
20110704,11.96,12.03,11.79,11.91,358600
20110705,11.75,12.11,11.75,12.03,206200
20110706,12.13,12.13,11.75,11.79,473300
20110707,11.75,12.03,11.71,11.99,4600
20110708,11.8,11.91,11.63,11.91,72500
20110711,11.78,11.79,11.51,11.7,967900
20110712,11.39,11.57,11.15,11.15,491600
20110713,11.31,11.4,11.24,11.25,57300
20110714,11.23,11.27,11.15,11.27,607800
20110715,11.23,11.39,11.12,11.39,63400
20110718,11.31,11.31,11.04,11.29,49200
20110719,10.91,11.3,10.91,11.27,125100
20110720,11.06,11.29,10.89,11.1,638700
20110721,11.1,11.63,11.1,11.63,17100
20110722,11.63,11.91,11.63,11.91,313600
20110725,11.9,11.9,11.62,11.87,471100
20110726,11.79,11.91,11.46,11.91,11900
20110727,11.9,11.99,11.85,11.95,1200500
20110728,11.78,11.91,11.48,11.87,997800
20110729,12.07,12.11,11.71,11.71,326000
20110801,11.72,11.73,11.36,11.71,14900
20110802,11.37,12.08,11.31,11.9,985800
20110803,11.63,11.63,11.31,11.63,22100
20110804,11.71,11.74,11.3,11.31,737500
20110805,11.31,11.31,10.51,10.51,977200
20110808,10.34,10.5,9.53,9.69,365100
20110809,9.69,11.23,9.53,11.23,870700
20110810,11.46,11.46,10.26,10.78,2200
20110811,11.3,11.3,11.02,11.02,36600
20110812,10.9,11.02,10.62,11.02,44200
20110815,11.06,11.23,10.91,10.91,50900
20110816,11.24,11.26,11.06,11.06,960900
20110817,11.06,11.23,10.9,10.9,85300
20110818,10.53,10.62,10.42,10.43,5600
20110819,10.49,10.49,9.98,9.98,209300
20110822,9.99,10.18,9.94,10.09,94900
20110823,10.09,10.18,10.09,10.09,34200
20110824,10.09,10.15,10.09,10.15,127300
20110825,10.18,10.18,9.85,10.18,9500
20110826,10.09,10.3,10.09,10.3,24600
20110829,10.37,10.74,10.37,10.74,55300
20110830,11,11.31,10.98,11.31,23100
20110831,11.63,11.86,11.31,11.63,185100
20110901,11.79,12.11,11.71,12.11,223200
20110902,12.03,12.03,11.95,11.95,13700
20110905,12.11,12.11,11.31,11.71,117100
20110906,11.71,11.71,11.55,11.55,278600
20110908,11.46,12.24,11.46,12.2,203700
20110909,12.11,12.92,12.01,12.11,231200
20110912,12.09,12.2,11.79,12.11,161700
20110913,12.27,12.75,12.2,12.75,125500
20110914,12.71,12.75,12.4,12.64,580100
20110915,12.91,12.91,12.44,12.76,187400
20110916,13.12,13.73,12.78,13.73,1101200
20110919,13.37,13.57,12.96,13.08,418100
20110920,13.12,13.12,12.78,12.92,126500
20110921,12.92,13.12,12.68,12.68,86100
20110922,12.6,12.76,11.47,11.79,141700
20110923,11.78,12.38,11.42,12.11,210900
20110926,12.11,12.52,11.9,12.11,88500
20110927,12.92,12.92,11.73,11.79,213800
20110928,12.11,12.11,11.6,11.86,13300
20110929,11.94,11.94,11.3,11.31,372100
20110930,11.63,11.67,11.31,11.31,25900
20111003,11.32,11.87,11.31,11.31,159300
20111004,11.31,11.63,11.31,11.63,134300
20111005,11.59,11.71,11.31,11.31,217200
20111006,11.44,11.51,10.9,10.9,151600
20111007,10.9,11.31,10.75,11.31,43500
20111010,11.07,11.57,11.07,11.38,7500
20111011,11.39,11.69,11.15,11.15,53100
20111013,11.06,11.27,10.98,10.98,32300
20111014,11.1,11.1,10.91,10.91,49800
20111017,10.63,11.06,10.63,10.98,100700
20111018,11.07,11.14,10.9,11.06,60000
20111019,11.06,11.39,11.03,11.3,143100
20111020,11.31,11.51,11.23,11.27,76100
20111021,11.48,12.11,11.31,12.11,189700
20111024,11.8,11.91,11.63,11.63,60300
20111025,11.86,11.86,11.48,11.71,21900
20111026,11.86,11.86,11.31,11.53,24500
20111027,11.75,11.87,11.4,11.87,206500
20111028,11.94,12.76,11.83,12.76,118800
20111031,12.12,12.69,12.12,12.68,163300
20111101,12.68,12.68,12.37,12.4,180800
20111103,12.68,12.73,12.33,12.33,223500
20111104,12.43,12.49,11.77,11.87,158100
20111107,11.69,11.91,11.51,11.54,55200
20111108,11.87,11.9,11.65,11.9,34900
20111109,12.03,12.03,11.87,11.99,2400
20111110,12.29,12.29,11.95,12.06,1100
20111111,12.4,12.48,11.95,12.32,10900
20111114,12.51,12.51,11.87,11.87,16200
20111116,12.66,12.66,11.87,11.87,91200
20111117,12.2,12.2,11.87,11.87,37900
20111118,11.95,12.27,11.95,12.27,69700
20111121,12.08,12.11,11.88,12.03,11000
20111122,12.04,12.04,12.04,12.04,100
20111123,12.03,12.21,12.03,12.16,4500
20111124,11.88,12.49,11.88,12.49,14400
20111125,12.48,12.52,12.11,12.11,38700
20111128,11.95,12.29,11.95,12.07,50300
20111129,11.96,12.25,11.86,11.86,27200
20111130,12.21,12.32,12.16,12.32,31900
20111201,12.52,12.52,12.32,12.52,73000
20111202,12.65,12.65,12.31,12.32,121300
20111205,12.51,12.51,12.03,12.11,44800
20111206,12.41,12.41,11.87,12.05,39800
20111207,11.73,11.99,11.73,11.99,45900
20111208,12.11,12.36,12.04,12.36,545500
20111209,12.11,12.36,12.07,12.07,31600
20111212,12.2,12.2,12.03,12.07,401700
20111213,11.99,12.2,11.95,12.2,241600
20111214,12.11,12.12,12.03,12.11,504400
20111215,12.91,12.91,12.48,12.52,159500
20111216,12.45,12.47,11.87,11.87,32600
20111219,12.2,12.25,11.94,12.21,1433600
20111220,12.49,12.49,12.11,12.24,460800
20111221,12.51,12.51,12.24,12.35,108400
20111222,12.46,12.46,12.14,12.28,232100
20111223,12.28,12.92,12.28,12.92,328400
20111226,13,13.34,13,13.06,13300
20111227,12.93,13,12.92,13,13400
20111228,13.08,13.09,12.92,13.03,42600
20111229,13,13.53,13,13.53,129600
20120102,13.93,14.05,13.8,13.89,108300
20120103,13.74,14.13,13.74,13.93,936800
20120104,13.74,14.02,13.74,13.85,87200
20120105,13.81,13.95,13.81,13.88,1682700
20120106,13.89,13.96,13.81,13.93,1423300
20120109,13.92,14,13.73,13.73,81200
20120110,13.93,13.93,13.72,13.77,520000
20120111,13.59,13.73,13.54,13.57,1185300
20120112,13.72,13.72,13.33,13.55,17300
20120113,13.61,13.89,13.12,13.12,53100
20120116,13.12,13.65,12.97,13.65,19900
20120117,14.04,14.04,13.8,13.84,4100
20120118,14.09,14.09,13.78,13.97,116100
20120119,13.97,13.97,13.77,13.81,501300
20120120,14.13,14.13,13.81,13.95,15600
20120123,14.12,14.22,13.73,13.73,40000
20120124,13.89,13.89,13.81,13.81,92500
20120126,13.81,14.13,13.81,13.86,73600
20120127,14.12,14.12,13.81,13.97,32000
20120130,13.97,14.01,13.81,13.96,67500
20120131,13.96,13.96,13.81,13.96,38000
20120201,13.93,13.97,13.81,13.81,23500
20120202,13.96,13.96,13.34,13.34,70100
20120203,13.65,13.81,13.45,13.81,184000
20120206,14.03,14.05,13.57,14.05,538600
20120207,14.12,14.13,13.67,13.67,879000
20120208,13.96,13.97,13.72,13.72,177000
20120209,13.96,13.96,13.67,13.8,380300
20120210,14.12,14.12,13.7,13.73,308300
20120213,14.09,14.09,13.75,13.81,207900
20120214,14.05,14.09,13.59,13.59,187100
20120215,13.97,14.13,13.27,13.69,479600
20120216,13.73,13.81,13.53,13.81,76200
20120217,14.04,14.04,13.75,13.75,189100
20120222,13.6,13.76,13.5,13.58,59200
20120223,13.33,13.41,12.75,12.92,749700
20120224,13.04,13.04,12.79,12.88,330500
20120227,12.92,12.92,12.74,12.92,107100
20120228,12.85,12.87,12.36,12.76,581700
20120229,12.58,12.58,12.11,12.11,317800
20120301,12.2,12.51,12.03,12.51,151200
20120302,12.57,12.6,12.22,12.24,92100
20120305,12.12,12.39,12.07,12.39,241600
20120306,12.34,12.34,11.56,11.63,319600
20120307,11.78,12.08,11.57,11.83,340700
20120308,11.91,11.91,11.71,11.71,221500
20120309,11.87,11.87,11.56,11.82,248800
20120312,11.82,12.28,11.71,12.11,273500
20120313,12.34,12.84,12.2,12.84,2063000
20120314,13.02,13.12,12.84,12.88,335200
20120315,12.76,12.93,12.76,12.93,371500
20120316,13,13.48,12.77,12.84,1345600
20120319,12.92,13.04,12.83,12.85,28300
20120320,12.84,12.86,12.7,12.72,440400
20120321,12.76,12.76,12.68,12.68,107100
20120322,12.67,12.72,12.44,12.72,482600
20120323,12.83,12.83,12.38,12.51,516600
20120326,12.51,12.76,12.37,12.62,116400
20120327,12.67,12.67,12.28,12.64,547800
20120328,12.63,12.64,12.38,12.38,27100
20120329,12.36,12.54,12.24,12.52,496200
20120330,12.67,12.67,12.45,12.64,215300
20120402,12.63,12.63,12.37,12.6,136400
20120403,12.64,12.64,12.32,12.56,250800
20120404,12.55,12.55,12.18,12.36,308100
20120405,12.54,13.17,12.5,13,1044400
20120409,12.84,13.39,12.76,13.33,1292200
20120410,13.33,13.45,13.1,13.33,296600
20120411,13.4,13.4,13.08,13.08,285600
20120412,13.08,13.33,12.95,13.17,113300
20120413,13.31,13.33,13.02,13.32,400300
20120416,13.4,13.88,13.25,13.42,589500
20120417,13.33,13.57,13.33,13.5,348900
20120418,13.33,13.74,13.33,13.73,7251500
20120419,13.64,13.81,13.63,13.73,3405800
20120420,13.73,13.96,13.73,13.85,236000
20120423,13.88,13.88,13.58,13.69,223800
20120424,13.92,13.92,13.61,13.69,892600
20120425,13.73,13.84,13.4,13.64,677700
20120426,13.72,13.72,13.41,13.49,1288000
20120427,13.73,13.73,13.33,13.39,1022600
20120430,13.63,13.63,13.33,13.41,1044900
20120502,13.41,13.73,13.39,13.61,1093800
20120503,13.8,14.13,13.67,14.13,825500
20120504,14.13,14.38,13.93,14.38,1308300
20120507,14.45,14.91,14.27,14.82,499300
20120508,14.85,14.85,14.44,14.7,1293700
20120509,14.64,14.74,14.54,14.74,662800
20120510,14.65,15.06,14.65,14.93,1349900
20120511,15.06,15.43,14.98,15.43,672600
20120514,15.43,15.43,14.62,14.86,602100
20120515,15.08,15.08,14.66,14.85,482400
20120516,14.92,14.92,14.26,14.26,1058400
20120517,14.37,14.37,13.51,13.62,2284900
20120518,13.57,14.2,13.33,13.97,1264700
20120521,14.05,14.05,13.86,13.93,168400
20120522,13.95,14.4,13.77,14.18,529600
20120523,14.5,14.66,13.82,14.18,428900
20120524,14.37,14.38,13.93,14.22,694000
20120525,14.09,14.34,13.95,13.99,1015900
20120528,14.02,14.18,14.02,14.09,501800
20120529,14.09,14.18,13.75,13.89,1159300
20120530,14.26,14.26,13.75,13.97,676400
20120531,13.96,14.13,13.84,13.89,578900
20120601,13.79,13.82,13.17,13.73,203400
20120604,13.73,13.73,13.22,13.41,289500
20120605,13.49,13.57,13.41,13.49,251700
20120606,13.37,13.73,13.21,13.44,442500
20120608,13.33,13.46,13.08,13.44,84500
20120611,13.39,13.7,13.38,13.56,302400
20120612,13.49,13.56,13.26,13.49,350600
20120613,13.65,13.98,13.36,13.92,187500
20120614,13.74,14.05,13.54,13.91,311700
20120615,13.73,14.3,13.73,14.3,567400
20120618,14.22,14.36,14.06,14.13,119600
20120619,14.13,14.2,13.88,14.2,515200
20120620,14.18,14.3,13.99,14.3,461100
20120621,14.24,14.24,14.07,14.13,360800
20120622,14.18,14.3,13.85,14.3,461200
20120625,14.13,14.34,14.09,14.09,179300
20120626,14.08,14.3,14.08,14.3,129400
20120627,14.36,14.36,13.91,14.13,202600
20120628,14.13,14.13,13.99,14.13,83900
20120629,14.29,14.29,13.81,14.18,517200
20120702,14.17,14.18,13.82,13.85,311600
20120703,13.82,13.93,13.67,13.72,283000
20120704,13.89,13.89,13.33,13.73,250300
20120705,14,14,13.42,13.73,511900
20120706,13.72,13.77,13.55,13.65,190300
20120710,13.72,13.72,13.47,13.57,126000
20120711,13.59,13.63,13.36,13.41,177400
20120712,13.54,13.54,13.25,13.41,441300
20120713,13.52,13.57,13.12,13.25,397700
20120716,13.25,13.44,13.07,13.25,278500
20120717,13.25,13.27,12.68,12.88,642500
20120718,12.64,13.07,12.53,13.07,477000
20120719,13.12,13.5,13.12,13.36,265900
20120720,13.38,13.39,12.92,13.38,244000
20120723,13.12,13.39,12.92,13.39,95800
20120724,13.3,13.48,13.1,13.48,385300
20120725,13.72,13.72,13.17,13.5,973900
20120726,13.41,13.61,13.33,13.49,307300
20120727,13.6,14.3,13.49,14.3,723700
20120730,14.3,14.34,14.15,14.3,163400
20120731,14.3,14.74,14.3,14.74,515100
20120801,14.85,14.9,14.53,14.54,467900
20120802,14.69,14.69,14.28,14.38,185800
20120803,14.78,14.78,14.12,14.42,707700
20120806,14.45,14.54,14.22,14.35,271600
20120807,14.35,14.54,14.33,14.5,695000
20120808,14.49,14.54,13.75,13.95,376400
20120809,13.96,14.54,13.84,14.54,570800
20120810,14.05,14.46,13.97,14.46,673300
20120813,14.39,14.55,14.38,14.42,811400
20120814,14.54,15.35,14.54,15.35,972300
20120815,15.35,15.86,15.07,15.86,334000
20120816,15.75,16.56,15.73,16.15,705000
20120817,16.03,16.46,15.72,16.24,521500
20120820,16.1,16.22,15.83,15.83,1097000
20120821,15.97,15.97,15.43,15.51,905400
20120822,15.46,15.96,15.39,15.75,428700
20120823,15.74,15.75,15.45,15.47,543100
20120824,15.53,15.61,15.28,15.43,387900
20120827,15.42,15.57,15.27,15.57,838000
20120828,15.57,15.65,15.42,15.44,659600
20120829,15.49,15.71,15.39,15.63,1319700
20120830,15.59,15.81,15.47,15.63,164200
20120831,15.54,16.11,15.52,16.11,473800
20120903,16,16,15.67,15.67,233000
20120904,15.76,15.79,15.41,15.41,135900
20120905,15.56,15.56,15.12,15.43,276700
20120906,15.54,16.36,15.47,16.36,677800
20120910,16.32,16.68,16.21,16.55,869100
20120911,16.56,16.96,16.43,16.96,404700
20120912,16.85,17.22,15.87,15.99,440900
20120913,16.12,16.56,15.52,16.56,560400
20120914,16.48,16.48,15.69,15.83,194900
20120917,15.94,16.1,15.45,15.68,436900
20120918,15.87,15.87,15.04,15.2,943000
20120919,15.09,15.55,14.96,15.54,1380000
20120920,15.35,15.65,15.24,15.6,309500
20120921,15.63,16.4,15.63,16.15,838600
20120924,16.19,16.28,15.9,15.99,160300
20120925,16.05,16.18,15.84,15.94,222500
20120926,15.91,16.19,15.87,16.07,97200
20120927,16.05,16.05,15.68,15.91,387400
20120928,15.96,16.07,15.7,15.99,421800
20121001,16.04,16.4,15.78,15.95,717400
20121002,15.96,16.04,15.78,15.83,212800
20121003,15.82,15.84,15.56,15.67,292900
20121004,15.75,16,15.31,15.75,545000
20121005,15.73,15.87,15.41,15.71,475800
20121008,15.75,16.36,15.67,16.15,1786200
20121009,16.15,16.34,15.65,15.75,1117100
20121010,15.9,16.09,15.79,15.87,588100
20121011,16.06,16.07,15.86,15.91,1020100
20121015,15.89,16.66,15.87,16.05,970900
20121016,16.15,16.16,15.53,15.63,720000
20121017,15.73,15.73,15.11,15.14,1710100
20121018,15.22,15.35,15.22,15.24,2998400
20121019,15.25,15.42,15.22,15.35,1997300
20121022,15.34,15.78,14.54,15.51,2087600
20121023,15.42,15.77,15.39,15.47,1998700
20121024,15.51,16.15,15.48,16.15,3251700
20121025,16.15,16.5,16.06,16.07,1266400
20121026,16.07,16.16,15.77,16,2273500
20121029,15.91,16.15,15.65,16.15,320200
20121030,16.16,16.43,16.15,16.39,438500
20121031,16.28,16.86,16.28,16.83,1379000
20121101,16.82,16.99,16.63,16.88,1120500
20121105,16.99,16.99,16.63,16.87,716500
20121106,16.95,17.16,16.75,17.16,813600
20121107,17.16,17.37,16.76,17.37,1858600
20121108,17.42,18.01,17.14,17.5,1566500
20121109,17.46,17.69,17.3,17.61,1151100
20121112,17.75,18.09,17.49,18.09,702600
20121113,18.11,18.22,17.25,17.37,879800
20121114,17.46,17.61,16.97,17.33,1665900
20121116,17.58,17.87,16.81,17.2,1049100
20121119,17.4,17.52,17.12,17.45,536400
20121121,17.27,17.97,17.16,17.97,555400
20121122,17.93,18.5,17.7,18.5,409400
20121123,18.5,18.5,17.4,17.72,629000
20121126,17.81,17.89,17.25,17.65,777900
20121127,17.65,17.75,17.44,17.49,1117500
20121128,17.54,17.54,16.9,17.1,1104200
20121129,17.19,17.58,15.87,16.15,50181500
20121130,16.24,16.96,16.1,16.76,23601800
20121203,17.04,17.14,16.74,17,1713900
20121204,16.97,16.97,16.28,16.73,17699200
20121205,16.97,17.1,16.64,16.77,1910800
20121206,16.78,16.92,16.57,16.8,1185300
20121207,16.95,16.96,16.78,16.9,1847900
20121210,16.91,16.96,16.62,16.94,1215300
20121211,16.92,16.94,16.45,16.87,1103500
20121212,16.9,16.95,16.56,16.86,677900
20121213,16.87,16.87,16.45,16.6,2417700
20121214,16.57,16.72,16.37,16.64,766600
20121217,16.56,16.78,16.44,16.68,641900
20121218,16.59,16.73,16.57,16.72,657200
20121219,16.66,17.12,16.61,16.88,1595200
20121220,16.77,17.26,16.77,17.26,951500
20121221,17.2,17.33,16.79,17.2,993100
20121226,17.11,17.37,17.01,17.32,846400
20121227,17.21,17.53,16.87,17.01,953400
20121228,17.09,17.52,17.05,17.13,961000
20130102,17.29,17.5,17.12,17.37,602600
20130103,17.22,17.51,17.13,17.45,1160400
20130104,17.37,17.77,17.12,17.71,1401900
20130107,17.65,17.77,17.3,17.77,743500
20130108,17.72,18.16,17.4,18.15,2523200
20130109,18.09,18.25,17.83,18.09,1135800
20130110,18.17,18.21,17.79,17.85,2212300
20130111,17.87,17.88,17.59,17.77,5881800
20130114,17.77,18.33,17.72,18.01,1138600
20130115,17.93,18.07,17.63,17.82,1424400
20130116,17.75,17.77,17.42,17.52,995200
20130117,17.5,17.84,17.29,17.82,1435200
20130118,17.82,18.01,17.64,18.01,1081700
20130121,17.94,18.47,17.79,18.05,641500
20130122,18.05,18.22,17.88,18.09,1022000
20130123,18.05,18.2,17.55,17.77,2164000
20130124,17.79,18.09,17.2,17.23,967200
20130128,17.29,17.39,16.62,16.96,3746400
20130129,16.95,16.95,16.19,16.4,4843300
20130130,16.49,16.6,15.77,16.14,2744000
20130131,16.19,16.8,15.86,16.64,1818900
20130201,16.61,16.83,16.19,16.64,2856500
20130204,16.54,17.2,16.44,17.12,3544500
20130205,17.07,17.54,17.07,17.32,1428300
20130206,17.29,17.46,17.08,17.37,2181500
20130207,17.3,17.48,16.64,17.12,1566300
20130208,17.16,17.29,16.35,16.84,2148700
20130213,16.84,16.84,15.2,15.75,3738100
20130214,15.75,16.33,15.62,16.15,5551500
20130215,16.03,16.56,16.03,16.24,2192300
20130218,16.19,16.52,16.15,16.24,545400
20130219,16.26,16.79,16.26,16.6,2702300
20130220,16.76,17.65,16.74,17.37,4184700
20130221,17.29,17.92,17.29,17.85,1989000
20130222,17.85,18.03,17.54,17.77,1717400
20130225,17.77,17.85,17.26,17.52,2215100
20130226,17.46,17.59,17.15,17.55,1792600
20130227,17.51,17.54,16.96,17.41,1127600
20130228,17.44,17.88,17.25,17.88,4081700
20130301,17.92,18.01,17.55,17.96,1171100
20130304,18,18.05,17.71,17.98,865800
20130305,17.92,18.64,17.81,18.31,1257600
20130306,18.36,18.73,18.34,18.66,2639000
20130307,18.62,18.74,18.17,18.34,1108400
20130308,18.37,18.48,17.93,17.93,1334100
20130311,17.98,17.98,17.25,17.45,1489700
20130312,17.58,17.66,17.31,17.37,670200
20130313,17.37,17.52,17.01,17.12,905600
20130314,17.18,17.56,16.98,17.27,4950800
20130315,17.27,17.49,16.7,16.96,2595200
20130318,16.94,17.22,16.86,17,932100
20130319,16.87,17.26,16.87,17.12,634600
20130320,16.99,17.17,16.78,16.96,1462500
20130321,16.93,16.95,16.55,16.64,962900
20130322,16.65,16.95,16.24,16.36,2341800
20130325,16.39,16.68,16.2,16.52,703600
20130326,16.52,16.57,16.03,16.03,5946700
20130327,16.24,16.24,15.81,15.83,1754800
20130328,15.83,16.46,15.66,16.41,1595600
20130401,16.56,17.12,16.56,16.77,942500
20130402,16.77,17.29,16.57,16.96,827200
20130403,17.2,17.2,16.41,16.56,1728200
20130404,16.77,16.77,15.95,15.95,1327500
20130405,15.99,16,15.69,15.91,1222000
20130408,15.87,16.15,15.8,15.87,710800
20130409,15.91,15.99,15.39,15.58,1496900
20130410,15.66,15.78,15.35,15.65,1344300
20130411,15.44,15.67,15.44,15.61,979900
20130412,15.56,15.68,15.13,15.14,2281500
20130415,15.02,15.09,14.46,14.47,2369200
20130416,14.91,15.27,14.51,14.94,1139100
20130417,14.81,14.92,14.64,14.72,1178900
20130418,14.81,14.98,14.71,14.98,3962100
20130419,14.99,15.11,14.82,15.08,1325200
20130422,14.87,15.27,14.87,15.12,1113900
20130423,15.05,15.5,15.04,15.49,1918100
20130424,15.4,16.03,15.36,16,1697900
20130425,15.94,16,15.56,15.77,2956400
20130426,15.82,16.21,15.69,15.87,2015100
20130429,15.87,16.11,15.44,15.55,802300
20130430,15.63,15.76,15.26,15.75,2953000
20130502,15.9,16.05,15.34,15.44,1945000
20130503,15.55,15.7,15.41,15.63,2547900
20130506,15.61,15.94,15.45,15.59,1866900
20130507,15.59,15.73,15.5,15.62,1272300
20130508,15.59,15.74,15.52,15.63,2106700
20130509,15.62,15.65,15.53,15.59,2643000
20130510,15.58,15.59,15.24,15.43,464700
20130513,15.38,15.54,15.02,15.27,4955700
20130514,15.35,15.4,14.94,14.97,7388800
20130515,15.02,15.37,14.94,15.27,7569000
20130516,15.31,15.81,15.26,15.46,3604000
20130517,15.46,15.58,15.11,15.23,1323600
20130520,15.26,15.51,15.14,15.33,2246000
20130521,15.39,15.5,15.23,15.44,1998100
20130522,15.52,15.74,15.47,15.69,2109600
20130523,15.45,15.56,15.28,15.39,515900
20130524,15.38,15.56,15.22,15.44,1235400
20130527,15.44,15.73,15.36,15.55,520300
20130528,15.65,15.66,15.34,15.5,374200
20130529,15.48,15.58,15.26,15.46,2188600
20130531,15.52,15.52,15.19,15.35,1396500
20130603,15.25,15.33,14.97,15.1,1618700
20130604,15.19,15.19,14.95,15.11,485600
20130605,15.14,15.14,14.85,15.02,1029300
20130606,14.94,15.46,14.74,15.46,1466200
20130607,15.48,15.48,14.93,15.06,2908300
20130610,15,15.15,14.7,14.82,1919800
20130611,14.86,14.86,14.42,14.54,3982500
20130612,14.6,14.76,14.44,14.46,1399500
20130613,14.54,14.59,14.41,14.5,765200
20130614,14.62,14.62,14.14,14.2,1312800
20130617,14.39,14.51,14.09,14.09,912400
20130618,14.3,14.3,13.82,13.86,1107500
20130619,13.95,13.97,13.39,13.5,2819700
20130620,13.29,13.32,12.53,13.23,4024200
20130621,13.24,13.35,12.91,13.35,975400
20130624,13.27,13.33,13.01,13.12,1360300
20130625,13.33,13.33,12.97,13.12,2617300
20130626,13.18,13.24,12.93,12.95,1546400
20130627,12.92,13.64,12.92,13.64,2786800
20130628,13.72,13.81,13.12,13.65,2940900
20130701,13.6,13.93,13.39,13.68,1413200
20130702,13.49,13.73,12.74,12.84,2048600
20130703,12.92,13.15,12.49,12.61,2370200
20130704,12.8,13.02,12.36,12.44,1143100
20130705,12.4,12.57,12.11,12.32,3586800
20130708,12.14,12.43,12.14,12.36,1427700
20130710,12.58,12.58,12.06,12.11,1419800
20130711,12.22,12.41,12.03,12.14,1240500
20130712,12.12,12.17,11.86,12.11,1269900
20130715,12.19,12.37,12,12.24,2177000
20130716,12.27,12.6,12.22,12.6,1029000
20130717,12.73,12.76,12.45,12.53,1246600
20130718,12.49,12.73,12.35,12.66,1165000
20130719,12.67,12.78,12.53,12.62,356700
20130722,12.68,12.83,12.47,12.72,865500
20130723,12.83,12.87,12.27,12.6,2177900
20130724,12.72,12.9,12.51,12.9,1854000
20130725,12.84,13.31,12.79,13.26,1455800
20130726,13.17,13.42,13,13.33,542000
20130729,13.33,13.56,13.22,13.49,858900
20130730,13.5,13.69,13.23,13.41,1224500
20130731,13.29,13.49,13.25,13.49,946500
20130801,13.63,13.63,13.18,13.27,2462100
20130802,13.32,13.32,12.51,12.91,2335700
20130805,12.85,13.17,12.7,12.84,1095700
20130806,12.83,12.99,12.61,12.97,884600
20130807,12.96,13.08,12.6,12.6,945000
20130808,12.6,12.99,12.48,12.99,485300
20130809,12.96,13.2,12.76,13.12,612200
20130812,13.19,13.24,12.77,13.12,1096600
20130813,13.73,13.96,13.62,13.89,2034700
20130814,13.76,14.09,13.74,14.09,1043500
20130815,14.08,14.26,13.61,14.19,1486500
20130816,14.05,14.58,14.01,14.58,1607300
20130819,14.46,14.68,13.93,14.22,1518300
20130820,14.01,14.43,13.8,14.03,1149700
20130821,13.9,14.08,13.77,14.05,3416900
20130822,14.22,14.52,14.19,14.42,1093900
20130823,14.34,14.54,14.32,14.39,392200
20130826,14.35,14.41,14.18,14.26,574800
20130827,14.07,14.38,14.01,14.09,1167000
20130828,14.04,14.18,13.88,14.13,1730900
20130829,14.12,14.74,14.09,14.6,1194700
20130830,14.69,15.35,14.54,15.06,2431900
20130902,15.07,15.34,14.93,15.06,777800
20130903,14.96,15.43,14.96,15.24,1523400
20130904,15.18,15.49,15.1,15.39,888700
20130905,15.36,15.75,15.36,15.63,1025100
20130906,15.63,15.9,15.57,15.79,824400
20130909,15.81,16.25,15.75,16.06,3528400
20130910,15.79,16.12,15.55,15.67,1427400
20130911,15.66,15.94,15.63,15.82,916700
20130912,15.82,16.16,15.76,15.98,898400
20130913,15.9,16.19,15.9,16.15,604200
20130916,16.14,16.24,15.92,16.13,432700
20130917,16.12,16.15,15.9,16.07,1570000
20130918,16.01,16.41,16.01,16.41,1344600
20130919,16.39,16.7,16.32,16.48,508400
20130920,16.47,16.66,16.21,16.37,1037100
20130923,16.48,16.6,16.36,16.57,425300
20130924,16.57,16.6,16.45,16.56,694600
20130925,16.53,16.6,16.47,16.52,533100
20130926,16.49,16.56,16.04,16.36,597400
20130927,16.34,16.57,16.26,16.33,474300
20130930,16.38,16.54,16.1,16.36,1286000
20131001,16.23,16.64,16.23,16.56,593500
20131002,16.65,16.88,16.59,16.64,609700
20131003,16.6,16.76,16.44,16.67,335800
20131004,16.66,16.94,16.65,16.76,649800
20131007,16.74,16.93,16.74,16.83,808300
20131008,16.82,16.91,16.58,16.8,1035400
20131009,16.8,17.02,16.66,16.78,1497700
20131010,16.72,16.96,16.72,16.88,542300
20131011,16.87,17.13,16.87,16.92,799600
20131014,16.91,17.09,16.78,16.9,814700
20131015,16.83,17.16,16.7,16.91,670800
20131016,16.96,17.04,16.82,16.88,886300
20131017,16.76,17.07,16.76,16.96,358400
20131018,16.9,17.04,16.81,16.92,901200
20131021,16.97,17.04,16.85,16.91,384600
20131022,16.99,17.04,16.82,16.83,836600
20131023,16.83,16.88,16.56,16.71,450500
20131024,16.62,16.87,16.49,16.63,670400
20131025,16.59,16.95,16.45,16.92,1049800
20131028,17.05,17.05,16.63,16.64,975200
20131029,16.75,16.76,16.44,16.56,1168700
20131030,16.57,16.76,16.55,16.76,1089500
20131031,16.8,16.95,16.53,16.95,1149200
20131101,17.07,17.29,16.9,17.08,1353000
20131104,17.08,17.29,16.97,17.12,3805900
20131105,17.12,17.36,17.03,17.25,1276400
20131106,17.32,17.32,16.8,16.92,1155000
20131107,16.92,17.18,16.64,16.88,1084300
20131108,16.91,16.94,16.51,16.76,3148200
20131111,16.77,17.08,16.7,16.8,930000
20131112,16.8,16.99,16.41,16.8,915100
20131113,16.79,17.08,16.59,16.89,669200
20131114,16.89,17.77,16.89,17.77,3376700
20131118,17.88,17.98,17.7,17.87,804400
20131119,17.77,18.05,17.45,17.45,1050000
20131121,17.37,17.58,17.33,17.45,3791400
20131122,17.45,17.49,17.34,17.37,1679200
20131125,17.45,17.47,17.06,17.17,413600
20131126,17.07,17.55,17.01,17.55,2753000
20131127,17.58,17.64,17.26,17.45,687900
20131128,17.51,17.56,17.22,17.37,511800
20131129,17.38,17.71,17.22,17.6,1130300
20131202,17.53,17.75,17.27,17.44,1462400
20131203,17.42,17.53,17.16,17.51,2333500
20131204,17.53,17.53,17.26,17.29,1261200
20131205,17.33,17.33,17.09,17.17,649400
20131206,17.25,17.25,16.91,16.96,1053600
20131209,17,17.24,16.76,16.98,602200
20131210,16.99,17.06,16.75,16.88,1680900
20131211,16.84,16.96,16.78,16.86,1180900
20131212,16.86,17.03,16.69,16.8,1427900
20131213,16.89,17.04,16.83,17.04,2263400
20131216,17,17.23,16.92,17.12,2153700
20131217,17.11,17.16,16.97,17.13,1491900
20131218,17.13,17.33,17.05,17.16,657100
20131219,17.16,17.26,17.06,17.26,592200
20131220,17.24,17.46,17.22,17.46,948900
20131223,17.53,18.05,17.42,17.73,668600
20131226,17.73,17.85,17.59,17.77,2193000
20131227,17.77,17.96,17.67,17.96,869000
20131230,17.96,18.21,17.92,18.17,1014200
20140102,18.32,18.53,18.09,18.41,2148000
20140103,18.27,18.34,17.63,17.63,4420200
20140106,17.79,18.13,17.65,17.86,1587400
20140107,17.98,17.98,17.61,17.75,1981400
20140108,17.74,17.86,17.52,17.67,988100
20140109,17.57,17.57,16.88,17.12,3525000
20140110,17.09,17.09,16.68,16.84,1937400
20140113,16.86,16.86,16.25,16.32,2495900
20140114,16.4,17.01,16.08,16.88,2156500
20140115,16.95,17.36,16.87,17,1433600
20140116,17.02,17.16,16.54,16.59,1085100
20140117,16.49,16.95,16.33,16.6,687900
20140120,16.49,16.87,16.38,16.64,664000
20140121,16.72,17.15,16.66,16.97,2310400
20140122,17.12,17.23,16.74,16.9,1128700
20140123,16.7,17.25,16.66,16.92,908200
20140124,16.8,17.12,16.72,16.9,968100
20140127,16.9,17.2,16.58,16.84,768600
20140128,17.01,17.12,16.54,16.69,846700
20140129,16.56,16.99,16.47,16.86,1107400
20140130,16.71,17.07,16.48,16.53,1623500
20140131,16.4,16.64,16.32,16.55,1839800
20140203,16.39,16.81,16.07,16.36,1956400
20140204,16.24,17.04,16.12,16.96,1717300
20140205,16.74,17.03,16.47,16.77,1176100
20140206,16.72,16.92,16.46,16.59,1345200
20140207,16.51,17.23,16.51,16.99,2529500
20140210,16.9,17.09,16.42,16.56,1222700
20140211,16.65,16.91,16.36,16.77,1571100
20140212,16.91,17.04,16.57,16.84,2385200
20140213,16.95,16.95,16.33,16.74,1450100
20140214,16.89,16.9,16.28,16.45,2235000
20140217,16.48,16.49,15.99,15.99,1076100
20140218,15.93,15.97,15.68,15.83,1609600
20140219,15.99,16,15.49,15.97,2857900
20140220,15.85,16.31,15.69,16.13,1150800
20140221,16.13,16.24,15.77,16.18,3953900
20140224,16.05,16.76,16.02,16.53,1729600
20140225,16.4,16.91,16.29,16.86,2149600
20140226,16.86,17.01,16.68,16.75,2004700
20140227,16.88,17.37,16.57,17.26,1061900
20140228,17.4,17.41,16.8,17.16,2030700
20140305,17.27,17.32,16.65,16.71,965900
20140306,16.68,17.24,16.61,17.2,1256100
20140307,17.12,17.35,16.73,16.84,2017900
20140310,16.74,16.84,16.56,16.6,1080400
20140311,16.71,16.79,16.48,16.5,1306400
20140312,16.44,16.63,16.16,16.16,957300
20140313,16.26,16.74,16.23,16.43,1515000
20140314,16.38,16.4,16.03,16.36,1732100
20140317,16.25,16.46,16.1,16.15,1708400
20140318,16.38,16.49,16.2,16.45,1718300
20140319,16.45,17.29,16.45,17.12,3426000
20140320,16.95,17.85,16.9,17.77,4272100
20140321,17.65,18.08,17.45,17.81,2080000
20140324,18.07,18.38,17.76,18.24,1487700
20140325,18.4,18.45,17.92,18.3,1689500
20140326,18.44,18.58,18.05,18.17,2549000
20140327,18.17,18.63,17.96,18.38,2572700
20140328,18.56,18.83,18.11,18.34,2002600
20140331,18.38,18.54,18.22,18.54,2046000
20140401,18.5,18.88,18.25,18.55,2729200
20140402,18.65,19.24,18.37,18.98,1810600
20140403,18.9,19.01,18.75,18.89,2477600
20140404,18.9,19.31,18.52,18.58,2593600
20140407,18.6,18.98,18.37,18.45,2298900
20140408,18.9,19.03,18.2,18.52,2498200
20140409,18.42,18.59,17.98,18.34,5072200
20140410,18.34,18.74,18.02,18.7,2137900
20140411,18.58,19,18.41,18.86,1482200
20140414,18.86,18.95,18.52,18.79,1196700
20140415,18.66,18.66,17.89,18.21,2768500
20140416,18.34,18.64,18.09,18.3,2762900
20140417,18.29,18.6,18.12,18.56,3340800
20140422,18.58,18.71,18.01,18.15,2437500
20140423,18.07,18.42,18.05,18.13,4444000
20140424,18.08,18.23,17.66,17.82,3077300
20140425,17.7,18.3,17.2,17.37,2029400
20140428,17.33,17.54,16.89,17.18,2436700
20140429,17.19,17.54,17.16,17.53,2013800
20140430,17.6,17.93,17.37,17.5,2353300
20140502,17.5,18.16,17.39,17.8,4107800
20140505,17.89,17.89,17,17.37,3377500
20140506,17.36,17.64,17.28,17.64,2311100
20140507,17.56,17.56,17.16,17.46,2059000
20140508,17.41,17.67,17.35,17.67,1739200
20140509,17.67,17.67,17.26,17.53,1332100
20140512,17.65,18.04,17.54,17.95,1089800
20140513,18,18.26,17.76,18.26,1454900
20140514,18.23,19.01,18.19,18.92,5774300
20140515,18.91,18.92,18.36,18.44,1346500
20140516,18.47,18.73,18.47,18.58,17450700
20140519,18.62,18.69,18.34,18.6,2373500
20140520,18.52,18.89,18.31,18.5,2761100
20140521,18.49,18.57,18.34,18.57,2603900
20140522,18.56,18.82,18.4,18.76,1044600
20140523,18.75,19.06,18.64,19.06,2215900
20140526,19.06,19.22,19.02,19.22,784200
20140527,19.28,19.57,19.05,19.23,5244000
20140528,19.32,19.46,19.06,19.18,1823400
20140529,19.22,19.28,19,19.22,1547100
20140530,19.08,19.16,18.85,19.06,2201800
20140602,19.2,19.2,18.55,18.89,1342500
20140603,18.8,18.88,18.43,18.51,1042800
20140604,18.46,18.75,18.42,18.58,1937600
20140605,18.58,18.79,18.39,18.5,1299100
20140606,18.82,18.89,18.5,18.74,4640100
20140609,18.73,19.04,18.64,18.98,5349000
20140610,19.04,19.47,18.77,19.47,1733300
20140611,19.82,19.85,19.27,19.58,1166200
20140613,19.58,19.68,19.26,19.55,541700
20140616,19.68,20.11,19.6,20.04,2158800
20140617,19.99,20.26,19.9,20.1,568900
20140618,20.14,20.36,19.73,20.32,1649500
20140620,20.23,20.39,20.05,20.27,1182400
20140623,20.23,20.71,19.95,20.6,917300
20140624,20.68,21.04,20.56,20.84,1379300
20140625,20.68,21.03,20.35,20.44,3059900
20140626,20.43,21.02,20.23,20.95,1740800
20140627,20.95,20.95,20.3,20.84,1361600
20140630,20.83,21.1,20.68,21.08,1635300
20140701,21.03,21.03,20.43,20.8,2125000
20140702,20.79,21.11,20.53,20.6,1004400
20140703,20.51,21.24,20.41,21.04,1916500
20140704,21.16,21.77,20.94,21.66,611700
20140707,21.62,21.81,21.32,21.71,2734500
20140708,21.67,21.79,21.16,21.16,1445500
20140710,21.29,21.71,20.84,21.65,1910200
20140711,21.66,22.21,21.49,21.65,1274800
20140714,21.73,22.08,21.59,21.91,1589100
20140715,21.96,22.35,21.7,21.71,1979400
20140716,21.84,22.51,21.61,22.33,2964200
20140717,22.34,22.8,21.77,21.81,5026600
20140718,22.13,22.43,21.6,21.87,2855100
20140721,21.93,22,21.77,21.79,7960600
20140722,21.88,22.21,21.88,22.05,1914000
20140723,22.02,22.13,21.71,21.88,3101600
20140724,21.9,21.91,21.44,21.57,1190200
20140725,21.61,21.85,21.29,21.85,1773800
20140728,21.88,22.19,21.83,22.07,1781600
20140729,22.08,22.17,21.87,22.17,1224800
20140730,22.21,22.21,21.81,21.84,6388000
20140731,21.69,21.69,21.1,21.2,1268200
20140801,21.2,21.49,20.72,21.49,1447200
20140804,21.57,22.06,21.43,22.06,2407600
20140805,21.98,21.98,21.65,21.83,1138900
20140806,21.79,21.8,21.18,21.47,924600
20140807,21.47,21.6,21.27,21.53,570400
20140808,21.41,21.5,21.16,21.37,1381000
20140811,21.36,21.65,21.24,21.58,1679200
20140812,21.59,21.71,21.37,21.64,988900
20140813,21.72,21.79,21.29,21.65,1643800
20140814,21.56,21.92,21.38,21.81,1955400
20140815,21.96,22.84,21.92,22.74,1834800
20140818,22.89,23.01,22.38,22.47,1466600
20140819,22.38,22.63,22.19,22.4,4213700
20140820,22.5,22.9,22.39,22.7,1206700
20140821,22.6,22.76,22.17,22.38,1255500
20140822,22.32,22.42,22,22.13,873700
20140825,22.24,22.45,21.96,22.45,1344800
20140826,22.49,22.68,22.26,22.46,2404500
20140827,22.55,22.72,22.3,22.61,5502800
20140828,22.52,22.62,22.34,22.54,1447200
20140829,22.54,22.62,22.38,22.62,2530300
20140901,22.72,22.82,22.39,22.55,1367900
20140902,22.51,22.58,21.81,21.81,2590800
20140903,21.8,21.96,21.22,21.48,2497000
20140904,21.48,21.61,21.03,21.12,2696600
20140905,21.01,21.79,20.89,21.79,2241800
20140908,21.86,22.07,21.08,21.08,2283400
20140909,20.87,21.58,20.74,21.5,2781400
20140910,21.41,21.45,20.91,21.36,893200
20140911,21.36,21.66,21.2,21.45,1379800
20140912,21.2,21.41,20.33,20.52,3584500
20140915,20.64,20.78,20.28,20.44,1544700
20140916,20.44,20.99,20.44,20.99,2081700
20140917,20.97,21,20.28,20.44,2354500
20140918,20.43,20.57,20.01,20.06,2036300
20140919,20.14,20.52,20.06,20.32,7323600
20140922,20.17,20.23,19.57,19.68,2243700
20140923,19.6,19.98,19.44,19.65,3643800
20140924,19.56,19.77,19.27,19.77,3115100
20140925,19.65,20.02,19.18,19.39,2935300
20140926,19.35,19.77,19.34,19.34,1523100
20140929,18.58,19.74,18.58,19.55,2473200
20140930,19.31,19.77,19.31,19.56,2270600
20141001,19.16,19.49,18.74,19.14,2297700
20141002,18.97,19.56,18.88,19.54,2543600
20141003,19.54,19.79,19.23,19.7,2580300
20141006,20.99,21,19.78,20.47,3465100
20141007,20.6,21.12,20.32,20.87,3972900
20141008,21.02,21.1,20.32,20.79,1473500
20141009,21.01,21.08,20.49,20.91,1238200
20141010,20.81,20.82,19.81,19.83,1705100
20141013,20.33,20.36,19.53,20.03,2845700
20141014,20.11,20.11,19.39,19.61,2828000
20141015,19.46,19.55,19.21,19.31,2258100
20141016,18.93,19.5,18.62,19.22,1810700
20141017,19.31,19.54,19.15,19.39,2431900
20141020,19.31,19.43,18.97,19.27,1525500
20141021,18.9,18.99,18.5,18.66,2155800
20141022,18.6,19.18,18.19,18.76,2754500
20141023,18.61,18.77,18.13,18.3,2165000
20141024,18.27,19.12,18.19,18.58,1507900
20141027,18.01,19.47,17.5,19.34,3726500
20141028,19.34,20.14,19.13,20.07,2369600
20141029,20.09,20.33,19.58,19.95,2547900
20141030,19.87,20.4,19.87,19.97,3055100
20141031,20.11,20.42,19.92,20.36,2412400
20141103,20.36,21.05,20.32,20.82,3348100
20141104,20.82,21.21,20.36,20.71,2132700
20141105,20.62,21.09,20.36,20.6,1605700
20141106,20.52,20.69,20.03,20.03,1661400
20141107,19.79,20.23,19.6,19.98,2426400
20141110,20.06,20.35,19.92,20.03,1548300
20141111,19.94,20.24,19.6,19.83,1782900
20141112,19.83,20.07,19.6,19.86,1390400
20141113,19.9,20.11,19.4,19.95,1710800
20141114,19.82,19.99,19.47,19.83,3228700
20141117,19.86,20.17,19.63,20.15,2414600
20141118,20.14,20.77,20.06,20.52,1724900
20141119,20.6,20.78,20.39,20.6,1882900
20141121,20.51,21.55,20.51,21.48,4169300
20141124,21.49,21.79,21.26,21.41,1269300
20141125,21.5,22.16,21.41,21.92,1734100
20141126,22.01,22.21,21.5,22.06,1700100
20141127,22.05,22.57,21.96,22.22,1275100
20141128,22.22,22.5,22.08,22.46,1419100
20141201,22.14,22.26,21.44,21.88,1804500
20141202,21.78,22.62,21.74,22.21,1556600
20141203,22.35,22.62,22.27,22.62,1428500
20141204,22.61,22.62,22.1,22.13,2577200
20141205,22.06,22.54,21.98,22.54,1497300
20141208,22.53,22.8,22.34,22.61,1716500
20141209,22.45,22.66,21.98,22.62,2600000
20141210,22.46,22.61,22.09,22.34,1195800
20141211,22.35,22.76,21.88,22.74,1688900
20141212,22.64,22.77,21.92,21.93,1930500
20141215,22.02,22.3,21.36,21.65,1656000
20141216,21.45,21.74,21.05,21.37,3941400
20141217,21.81,22.18,21.24,21.96,3854100
20141218,21.96,22.03,21.54,21.69,1169300
20141219,21.62,22.12,21.46,21.87,1102700
20141222,21.81,21.87,21.24,21.82,1025200
20141223,21.76,22.09,21.61,22.09,833700
20141226,22,22.29,21.9,22.29,688500
20141229,22.19,22.29,21.95,21.99,906200
20141230,22.08,22.46,21.91,22.46,2137600
20150102,22.13,22.2,21.17,21.61,1375800
20150105,21.22,21.71,21.06,21.71,1468200
20150106,21.75,22.21,21.35,22.21,2408100
20150107,22.21,22.28,21.41,21.81,1810700
20150108,22.05,22.05,21.24,21.51,1508700
20150109,21.64,21.64,20.94,21.58,2705800
20150112,21.44,21.81,21.17,21.81,2376000
20150113,21.88,21.88,21.25,21.25,2980600
20150114,21.08,21.89,21.08,21.89,1845400
20150115,21.79,21.97,21.37,21.37,1511900
20150116,21.45,22.41,21.33,22.02,1525300
20150119,21.79,22.21,21.71,21.89,787000
20150120,22.21,22.21,21.32,21.66,1544600
20150121,21.79,22.25,21.41,21.82,5424400
20150122,21.97,22.04,21.33,21.45,1940700
20150123,21.37,21.79,21.26,21.78,2234600
20150126,21.57,21.6,21.21,21.33,1075200
20150127,21.27,21.86,21.1,21.86,1087700
20150128,21.68,21.78,21.39,21.63,1911800
20150129,21.61,21.84,21.23,21.41,1634900
20150130,21.23,21.5,21.13,21.45,2034900
20150202,21.42,21.79,21.41,21.65,1478600
20150203,21.81,22.07,21.53,21.8,2185800
20150204,21.79,21.89,21.21,21.33,2162000
20150205,21.29,21.45,19.17,20.32,17136100
20150206,20.14,20.44,18.65,18.84,9279100
20150209,18.91,19.37,17.2,17.97,9462300
20150210,17.93,19.06,17.86,18.81,3598900
20150211,18.66,19.07,18.36,19.07,1898400
20150212,19.59,19.59,18.58,18.74,2698200
20150213,18.7,19,18.42,18.89,1756300
20150218,18.99,20.33,18.77,20.23,2665800
20150219,20.23,20.23,19.31,19.32,1821000
20150220,19.26,19.63,19.26,19.46,939000
20150223,19.38,19.9,19.27,19.6,1363700
20150224,19.78,19.94,19.39,19.87,1668400
20150225,19.71,20.51,19.45,20.51,2157200
20150226,20.49,21.04,20.37,20.6,3863600
20150227,20.67,21.16,20.27,21,3004500
20150302,20.83,21.07,20.47,20.68,2578000
20150303,20.63,20.87,20.61,20.72,2308700
20150304,20.29,20.66,20.19,20.48,1776700
20150305,20.58,20.99,20.23,20.67,1155900
20150306,20.65,20.65,19.74,20.19,1754000
20150309,20.19,20.19,19.24,19.48,1865900
20150310,18.91,19.61,18.91,19.35,2161700
20150311,19.02,19.65,18.89,19.1,2870000
20150312,19.39,19.45,18.91,19.25,1980000
20150313,18.76,19.18,18.76,18.85,1433200
20150316,18.82,19.22,18.82,19.22,1640400
20150317,19.22,20.01,19.13,19.87,2473900
20150318,19.79,20.11,19.72,20.11,1274600
20150319,20.17,20.29,19.48,19.79,1139200
20150320,20.03,20.49,19.8,20.28,2033500
20150323,20.23,20.75,20.15,20.65,1473700
20150324,20.74,20.75,19.87,20.07,2019800
20150325,20.21,20.48,19.58,19.95,1322500
20150326,19.94,19.94,19.04,19.55,2543700
20150327,19.31,19.41,18.51,18.98,3041100
20150330,18.99,19.1,18.33,18.54,3014500
20150331,18.42,18.66,18.42,18.42,2764900
20150401,18.5,19.31,18.42,18.58,2714200
20150402,18.83,19.13,18.67,18.98,1791000
20150406,19.04,19.58,19.04,19.33,1143000
20150407,19.34,19.34,18.7,18.75,2467900
20150408,19.01,19.06,18.26,18.55,3339800
20150409,18.42,18.97,18.37,18.6,3868500
20150410,18.56,18.84,18.34,18.46,3406500
20150413,18.45,18.85,18.3,18.42,3134300
20150414,18.57,18.77,18.21,18.57,5299100
20150415,18.57,19.46,18.52,19.24,2114900
20150416,19.14,19.6,18.97,19.31,1769200
20150417,19.15,19.38,18.85,19.1,1289000
20150420,19.1,19.31,18.9,19.08,1940000
20150422,19.18,19.99,19.18,19.58,2840800
20150423,19.59,19.67,19.14,19.67,1430000
20150424,19.77,19.82,19.4,19.75,2993000
20150427,19.75,20.36,19.74,20.31,2119200
20150428,20.32,20.41,19.5,20,2381500
20150429,19.84,19.87,19.39,19.72,1753200
20150430,19.7,20.03,19.35,20.03,2573200
20150504,20.17,20.17,19.69,19.97,2827300
20150505,19.98,20.12,19.72,20.09,1297200
20150506,19.99,20.05,18.99,19.56,2751600
20150507,19.56,19.56,19.03,19.31,1157300
20150508,19.45,20.48,19.41,20.33,2557300
20150511,20.46,20.48,19.72,19.84,2095700
20150512,19.84,20.52,19.44,20.3,2714800
20150513,20.22,20.61,20,20.55,2303700
20150514,20.46,20.96,20.46,20.96,2775800
20150515,20.55,20.88,19.89,20.52,3806000
20150518,20.59,20.59,19.59,19.8,2005700
20150519,19.81,20.11,19.55,19.86,1593200
20150520,19.73,20.24,19.63,19.93,3428900
20150521,19.77,20.09,19.48,19.71,1069300
20150522,19.75,20.09,19.23,19.47,1599000
20150525,19.4,19.69,19.24,19.31,9218300
20150526,19.31,19.4,18.75,18.82,1606200
20150527,18.92,19.12,18.72,18.94,2129400
20150528,18.85,19.44,18.62,19.44,1015900
20150529,19.31,19.67,14.38,15.61,11347200
20150601,17.51,18.27,17.31,17.67,6398000
20150602,17.88,17.93,17.51,17.87,3856700
20150603,17.93,17.93,17.42,17.59,2179700
20150605,17.34,17.81,17,17.81,1514400
20150608,17.93,17.93,17.54,17.69,1911000
20150609,17.75,17.75,17.33,17.33,1152200
20150610,17.46,17.51,17.18,17.26,1708700
20150611,17.35,17.52,17.01,17.05,2940300
20150612,17.01,17.47,16.86,17.3,1811200
20150615,17.22,17.51,17.15,17.33,1298400
20150616,17.35,17.48,17.04,17.09,2262700
20150617,17.04,17.15,16.33,16.39,3322600
20150618,16.44,16.58,15.94,16.03,4674300
20150619,16.02,16.4,16.02,16.23,1345400
20150622,16.35,16.55,16.15,16.39,1858100
20150623,16.5,16.54,15.92,16.12,1525200
20150624,16.12,16.31,16,16.11,2240900
20150625,16.07,16.1,15.66,15.78,3155300
20150626,15.86,16.05,15.78,15.98,2489500
20150629,15.89,15.91,15.72,15.86,1437300
20150630,15.86,16.2,15.82,16.2,3121800
20150701,16.2,16.95,15.94,16.86,3045000
20150702,16.97,17.57,16.73,17.46,3346700
20150703,17.28,17.83,17.28,17.67,1533700
20150706,17.71,18.42,17.66,18.29,3134600
20150707,18.19,18.22,17.86,17.96,2420600
20150708,17.83,18.05,17.61,17.74,1868300
20150710,17.84,18.2,17.66,18.08,2232400
20150713,17.94,18.19,17.77,17.88,1352700
20150714,17.88,18.34,17.88,18.34,667500
20150715,18.43,18.49,17.91,18.33,1970200
20150716,18.42,18.49,18.04,18.4,1043700
20150717,18.44,18.49,17.53,17.53,1554000
20150720,17.4,18.15,17.22,17.96,1194600
20150721,18.14,18.25,17.87,18.08,1374600
20150722,17.96,18.13,17.83,17.88,2840100
20150723,17.76,17.78,16.56,17.02,2541100
20150724,17.01,17.07,16.34,16.4,2094000
20150727,16.35,16.52,15.78,15.94,3569700
20150728,16.11,16.44,15.78,16.25,2670500
20150729,16.12,16.55,15.86,16.55,1693200
20150730,16.67,16.67,16.03,16.46,1342400
20150731,16.47,16.92,16.33,16.72,1593400
20150803,16.67,17.05,16.56,16.96,1500600
20150804,17.06,17.08,16.63,16.77,1325400
20150805,16.95,16.95,16.35,16.47,1098100
20150806,16.35,16.35,15.65,15.86,2106700
20150807,15.75,15.75,15.37,15.42,2234100
20150810,15.42,15.98,15.36,15.67,2716300
20150811,15.52,15.85,15.38,15.53,1587300
20150812,15.55,15.81,15.42,15.42,2347500
20150813,15.64,16.5,15.64,16.44,1554800
20150814,16.6,17.09,15.91,16.03,2408900
20150817,15.79,16.47,15.78,16.35,707800
20150818,16.25,16.47,15.72,15.82,3191800
20150819,15.71,15.8,15.2,15.55,2671000
20150820,15.26,16.04,15.08,15.79,2018000
20150821,15.68,15.72,15.22,15.42,1510500
20150824,14.54,14.82,14.09,14.38,3945400
20150825,14.83,15.09,14.63,14.87,2508700
20150826,14.74,14.87,14.46,14.72,1788700
20150827,14.83,14.93,14.53,14.78,2484800
20150828,14.71,14.77,14.23,14.42,5673300
20150831,14.39,14.41,13.89,14.03,2892200
20150901,13.76,14.09,13.58,13.88,2890600
20150902,13.86,14.12,13.38,13.38,2996000
20150903,13.38,13.79,13.35,13.65,4649200
20150904,13.44,14.18,13.44,14,1959300
20150908,14.27,14.36,13.21,13.49,2300400
20150909,13.58,14.04,13.44,13.93,1765600
20150910,13.52,14.06,13.3,14.06,3842400
20150911,13.98,14.02,13.58,13.74,1144700
20150914,13.81,14.63,13.74,14.62,1090800
20150915,14.52,14.55,13.28,13.64,2422300
20150916,13.64,14.27,13.64,14.18,1800200
20150917,14.04,14.71,13.8,14.48,1274900
20150918,14.39,14.5,13.64,13.79,1451200
20150921,13.69,14.05,13.63,13.89,841000
20150922,13.75,13.76,12.99,13.27,1873800
20150923,13.2,13.4,12.7,12.71,1774500
20150924,12.58,12.92,12.42,12.66,2763600
20150925,12.68,12.8,12.42,12.54,1321200
20150928,12.45,12.46,12.08,12.08,1814000
20150929,12.08,12.24,12,12,1495200
20150930,12.19,12.35,12,12.19,2852100
20151001,12.28,12.29,11.93,12.16,1114400
20151002,12.24,12.87,12.06,12.72,2086700
20151005,12.93,13.32,12.84,13.16,1470600
20151006,13.07,14,13.07,13.72,1474500
20151007,13.72,14.09,13.31,13.63,1867800
20151008,13.67,14.07,13.49,13.87,1482800
20151009,14.09,14.37,13.74,14.25,1356800
20151013,14.35,14.47,13.36,13.6,1658400
20151014,13.5,14.23,13.48,13.76,3114800
20151015,13.76,14.03,13.51,13.69,1906100
20151016,13.69,13.93,13.53,13.76,1851000
20151019,13.81,14.78,13.72,14.01,2034400
20151020,14.15,14.69,13.65,14.16,1699200
20151021,14.15,14.53,13.81,14.32,5514800
20151022,14.33,14.78,13.53,13.76,2014300
20151023,13.88,14.41,13.86,14.21,2143800
20151026,14.27,14.7,14.08,14.21,1938900
20151027,14.21,14.81,14.2,14.23,1520000
20151028,14.22,14.43,14.17,14.32,2114900
20151029,14.21,14.64,14.08,14.33,2270600
20151030,14.32,14.64,14.25,14.57,1515500
20151103,14.57,14.72,14.23,14.3,4257300
20151104,14.4,14.79,14.37,14.43,5099100
20151105,14.44,15.2,14.44,15.2,3843900
20151106,15.2,15.45,14.75,14.75,1963900
20151109,14.76,14.9,14.3,14.73,2253500
20151110,14.72,14.86,13.82,13.98,1525600
20151111,13.98,14.66,13.98,14.63,1444200
20151112,14.73,15.14,14.4,14.82,1335900
20151113,14.75,15.18,14.55,15.02,2606900
20151116,14.84,15.23,14.84,14.97,1634600
20151117,15.13,15.28,14.81,15.15,1289100
20151118,15.15,15.95,15.03,15.36,1343900
20151119,15.73,15.96,15.46,15.52,1605800
20151123,15.87,16.19,15.4,15.68,2411400
20151124,15.53,15.77,15.33,15.33,1669100
20151125,14.57,14.75,14.39,14.39,3508900
20151126,14.44,14.58,14.15,14.39,1456900
20151127,14.33,14.53,14.05,14.16,1157800
20151130,14.02,14.12,13.28,13.28,3333100
20151201,13.28,13.5,13.01,13.04,2082400
20151202,12.98,13.65,12.98,13.25,1591200
20151203,13.49,13.71,13.46,13.58,4139900
20151204,13.5,13.61,13.27,13.49,1753600
20151207,13.59,14.2,13.44,13.51,1821700
20151208,13.51,13.7,13.17,13.44,1070300
20151209,13.58,14.13,13.49,13.78,1789700
20151210,13.85,13.85,13.31,13.61,1167200
20151211,13.52,13.97,13.15,13.25,1940900
20151214,13.19,13.57,13.03,13.52,1192400
20151215,13.53,13.71,13.19,13.49,1830200
20151216,13.04,13.1,11.87,12.76,7884400
20151217,12.9,13.05,12.45,12.68,3387800
20151218,12.44,12.66,12.16,12.5,2705600
20151221,12.45,12.71,12.3,12.6,1847300
20151222,12.65,12.73,12.43,12.59,1046200
20151223,12.86,12.9,12.51,12.62,1093300
20151228,12.63,12.73,12.56,12.59,3310100
20151229,12.54,12.77,12.54,12.63,1153900
20151230,12.59,12.71,12.55,12.71,1365900
20160104,12.64,12.68,12.15,12.36,1806200
20160105,12.46,12.72,12.3,12.7,1577900
20160106,12.55,12.99,12.55,12.63,1782600
20160107,12.54,12.54,12.28,12.36,2203800
20160108,12.48,12.48,12.24,12.29,2047600
20160111,12.26,12.81,12.26,12.72,1813600
20160112,12.72,13.14,12.59,12.76,2573900
20160113,12.84,13.04,12.59,12.63,1894400
20160114,12.63,12.77,12.47,12.58,3019900
20160115,12.55,12.74,12.29,12.49,2197000
20160118,12.54,12.54,11.69,11.69,1866800
20160119,11.87,11.87,11.11,11.32,1695000
20160120,11.15,11.33,10.99,11.23,4012800
20160121,11.23,11.46,11.07,11.41,2602100
20160122,11.51,11.58,11.37,11.46,1544800
20160126,11.38,11.45,11.09,11.26,978800
20160127,11.33,11.39,11.07,11.1,1730200
20160128,11.14,11.45,10.98,11.3,1987100
20160129,11.37,12.28,11.33,12.13,2484700
20160201,11.82,12.66,11.73,12.59,1340700
20160202,12.45,12.72,12,12,1695600
20160203,12.07,12.1,11.46,11.69,2016200
20160204,11.85,12.06,11.57,11.69,1778100
20160205,11.54,12.12,11.49,11.51,1352700
20160210,11.49,11.83,11.21,11.35,1289400
20160211,11.15,11.47,10.92,11.02,2621900
20160212,11.24,11.37,10.73,11.06,1562100
20160215,11.22,11.53,11.12,11.31,651200
20160216,11.33,11.59,11.06,11.4,1731000
20160217,11.78,11.95,11.33,11.69,3177500
20160218,11.64,11.87,11.38,11.64,1700000
20160219,11.42,11.91,11.39,11.69,1410500
20160222,11.87,12.1,11.55,11.59,2536300
20160223,11.46,11.71,11.43,11.6,2908500
20160224,11.25,11.65,11.09,11.59,1115800
20160225,11.47,11.68,11.1,11.38,1188600
20160226,11.48,11.63,11.17,11.44,1170800
20160229,11.69,11.69,11.45,11.58,2549200
20160301,11.66,12,11.55,11.79,2579400
20160302,11.76,11.94,11.64,11.86,1788900
20160303,11.94,12.32,11.89,12.06,3071600
20160304,12.58,13.82,12.41,12.99,5879000
20160307,13.19,13.5,12.7,13.36,2537400
20160308,13.36,13.43,12.72,13.02,3732100
20160309,13.13,13.44,13.02,13.14,2772000
20160310,13.36,13.52,11.83,12.05,5271400
20160311,12.13,12.63,11.76,12.45,3231700
20160314,12.39,12.45,11.74,11.74,2015600
20160315,11.56,11.73,11.16,11.36,2787300
20160316,11.28,11.96,11.13,11.96,2219400
20160317,12.02,12.6,11.75,12.34,2847500
20160318,12.4,12.54,12.05,12.43,2697900
20160321,12.52,12.84,12.05,12.18,1969900
20160322,12.05,12.43,11.92,12.24,1344500
20160323,12.15,12.45,11.82,12.25,1289000
20160324,12.15,12.39,11.84,12.01,1141000
20160328,12.09,12.56,12.01,12.45,921900
20160329,12.49,12.77,12.28,12.56,1070900
20160330,12.8,13.29,12.57,13.11,2856600
20160331,13.03,13.4,12.79,13.37,2582400
20160401,13.13,13.97,13.13,13.85,2238800
20160404,13.75,14.06,13.41,13.54,1989500
20160405,13.33,14.25,13.33,14.03,2161500
20160406,13.89,14.48,13.89,14.02,4866000
20160407,14.26,14.31,14,14.1,2570700
20160408,14.33,14.76,14.32,14.55,3399000
20160411,14.66,14.96,14.55,14.6,3049500
20160412,14.71,14.84,13.49,14.01,2581100
20160413,14.15,14.39,14.01,14.28,2867700
20160414,14.3,14.42,13.92,14.07,2034000
20160415,14.23,14.39,13.92,13.94,1538700
20160418,13.92,14.05,13.37,13.49,1551700
20160419,13.58,14.11,13.58,13.81,1710300
20160420,13.72,13.92,13.52,13.85,1423200
20160422,13.43,13.94,13.39,13.41,1148100
20160425,13.4,13.67,13.16,13.26,680400
20160426,13.49,13.54,13.28,13.47,1022500
20160427,13.67,13.75,13.37,13.56,1577500
20160428,13.65,13.65,13.39,13.43,1041100
20160429,13.51,13.53,13.09,13.4,2009000
20160502,13.55,13.55,13.1,13.3,768300
20160503,13.13,13.25,12.74,13.01,1402400
20160504,13.01,13.27,12.57,13.2,1412600
20160505,13.3,13.68,12.78,12.92,998600
20160506,12.87,13.1,12.74,12.97,664600
20160509,12.93,13.63,12.78,13.54,1222200
20160510,13.68,14.87,13.68,14.77,2546100
20160511,15.09,15.09,14.19,14.25,3042800
20160512,14.28,15.27,14.28,15.06,1175600
20160513,15.12,15.12,14.57,14.77,1326500
20160516,14.61,15,14.31,14.41,1223700
20160517,14.6,14.65,14.2,14.51,1448800
20160518,14.32,15.41,14.3,15.11,2125800
20160519,15.09,15.98,14.81,15.92,2627200
20160520,15.75,15.91,15.5,15.59,2346200
20160523,15.32,15.96,15.05,15.08,1237700
20160524,15.16,15.68,15.16,15.31,757400
20160525,15.44,16.12,15.44,15.49,6380000
20160527,15.49,15.71,13.95,14.39,2524100
20160530,14.39,15.12,14.27,14.96,1053000
20160531,14.92,15.21,14.49,14.49,2571200
20160601,14.42,15.54,14.39,15.52,1921500
20160602,15.52,15.85,15.17,15.6,1445600
20160603,15.58,16.13,15.49,15.67,1704400
20160606,15.88,16.15,15.45,16,651000
20160607,15.96,16.59,15.77,16.52,2121800
20160608,16.58,17.21,16.52,17.02,1986400
20160609,17.02,17.04,16.46,16.82,862700
20160610,16.79,16.79,16.05,16.15,1103800
20160613,15.91,16.4,15.77,16.39,1065500
20160614,16.39,16.53,15.26,15.67,2175300
20160615,15.8,16.65,15.69,16.49,1976900
20160616,16.46,17.28,16.18,17.22,2100100
20160617,17.24,17.83,16.83,16.93,1466000
20160620,17.09,17.9,17.09,17.28,2890300
20160621,17.29,17.84,16.77,16.77,2273000
20160622,16.77,17.82,16.77,17.48,1899300
20160623,17.66,17.9,17.26,17.9,1362000
20160624,17.1,17.5,16.77,17.43,1041200
20160627,17.32,17.83,17.17,17.67,1348800
20160628,17.96,17.96,16.95,17.22,2122500
20160629,17.34,17.57,17.17,17.17,2041100
20160630,17.17,17.88,17.1,17.68,2268000
20160701,17.57,17.76,16.97,16.97,2416000
20160704,17.02,17.29,16.98,17.22,882500
20160705,17.28,17.54,16.72,16.83,2497500
20160706,16.84,17.19,16.6,17.1,2336300
20160707,17.1,17.71,16.88,17.45,2630200
20160708,17.65,18.5,17.58,18.38,4566500
20160711,18.5,18.89,18.5,18.77,2374900
20160712,18.95,19.33,18.81,19.06,2884000
20160713,19.12,19.73,18.79,19.58,1940200
20160714,19.86,20.07,19.31,19.37,2529200
20160715,19.21,19.61,18.75,19.61,2081400
20160718,19.73,21.04,18.94,20.29,3858200
20160719,20.48,21.64,20.48,20.81,2904100
20160720,20.81,20.81,20.01,20.27,2285000
20160721,20.24,21.23,20.14,20.55,4490200
20160722,20,20.43,19.35,20.35,2604700
20160725,20.08,20.77,19.91,20.65,1412400
20160726,20.51,20.91,20.51,20.81,2989400
20160727,20.85,20.89,20.11,20.24,2656200
20160728,20.14,20.22,19.71,19.95,2007300
20160729,19.7,20.45,19.7,20.43,2118900
20160801,20.59,20.72,20.26,20.62,1341100
20160802,20.35,20.81,19.72,20.28,2045900
20160803,19.88,20.33,19.74,20.1,1846500
20160804,20.38,20.38,19.7,19.79,1183000
20160805,19.79,20.28,19.7,19.81,2142600
20160808,19.75,19.75,19.15,19.15,1703000
20160809,19.14,19.84,19.1,19.78,2437700
20160810,19.98,20.33,19.98,20.3,1181700
20160811,20.29,20.54,19.75,20.41,1987600
20160812,20.41,20.51,20.12,20.51,846400
20160815,20.52,20.89,20.35,20.71,1105500
20160816,20.51,21.43,20.51,21.38,1794200
20160817,21.36,22.41,21.08,22.31,2087100
20160818,22.04,22.1,21.54,21.66,2344700
20160819,21.62,22.01,21.5,21.76,977100
20160822,21.66,21.88,21.56,21.78,909800
20160823,21.76,22,21.06,21.09,621400
20160824,20.92,21.98,20.74,21.52,983800
20160825,21.65,21.66,20.48,20.86,933300
20160826,20.75,21.64,20.71,20.84,921200
20160829,21.02,21.85,20.71,21.5,930500
20160830,21.62,21.63,21.21,21.5,804900
20160831,21.7,21.7,21.05,21.55,1264800
20160901,21.3,21.48,21.22,21.24,969500
20160902,21.38,21.68,20.93,21.44,1049000
20160905,21.66,21.9,21.49,21.52,530300
20160906,21.62,21.78,21.1,21.29,1067800
20160908,21.19,21.38,20.86,21.09,2025600
20160909,20.62,21.16,20.55,20.74,1531200
20160912,20.7,20.96,20.43,20.9,1542900
20160913,20.44,20.76,19.5,19.86,2515500
20160914,19.95,19.95,18.77,19.35,2275500
20160915,19.36,19.44,19.17,19.17,3304000
20160916,19,19.19,18.51,18.65,1985900
20160919,18.56,19.22,18.56,18.89,7349500
20160920,19.03,19.47,18.97,19.27,1465400
20160921,19.12,19.35,18.42,18.76,1830800
20160922,18.91,19.33,18.75,18.75,4263400
20160923,18.91,18.93,17.79,17.79,1638200
20160926,17.8,18.21,17.72,17.97,10154500
20160927,18.06,18.18,17.48,17.54,5499800
20160928,17.54,18.41,17.48,18.38,2671300
20160929,18.42,18.42,17.49,17.71,2597900
20160930,17.8,18.37,17.6,18.22,3552800
20161003,18.09,18.98,18.01,18.98,2810800
20161004,18.81,18.95,18.36,18.69,2224500
20161005,18.84,19.8,18.71,19.49,2525800
20161006,19.31,19.52,19.09,19.41,1433100
20161007,19.53,19.95,19.28,19.95,2046000
20161010,20.2,20.24,19.44,19.5,2282700
20161011,19.52,19.86,19.22,19.36,1295800
20161013,19.48,19.61,19.16,19.31,2029600
20161014,19.38,19.9,19.22,19.67,1692200
20161017,19.65,19.78,18.81,18.86,3538800
20161018,19.02,19.02,18.29,18.81,2360300
20161019,18.93,19.3,18.83,19,1856900
20161020,19,19.99,18.7,19.82,2573100
20161021,19.65,20.23,19.36,19.95,3210400
20161024,20.24,20.24,19.52,19.66,1389300
20161025,19.54,19.79,19.08,19.28,1355200
20161026,19.13,19.5,18.91,19.3,1123000
20161027,19.4,19.79,19.12,19.36,1048400
20161028,19.39,19.57,18.97,19.51,1049600
20161031,19.57,19.62,19.26,19.52,1425200
20161101,19.4,19.59,18.16,18.67,2546400
20161103,18.67,18.92,18.11,18.28,1733000
20161104,18.28,19.17,18.17,18.71,1439500
20161107,18.72,19.9,18.72,19.73,1839200
20161108,20.05,20.14,18.56,19.18,3017100
20161109,18.54,19.18,18.31,18.61,1663900
20161110,18.62,18.74,16.96,17.1,3230600
20161111,16.95,17.28,16.68,17.17,4114600
20161114,16.92,17.46,16.82,17.26,1276300
20161116,17.48,18.23,17.27,18.19,2331100
20161117,18.34,18.44,18,18.27,1239600
20161118,18.12,18.55,18.05,18.2,1650500
20161121,18.3,18.47,17.85,18.14,1401400
20161122,18.41,18.45,17.8,18.42,1787300
20161123,18.27,18.45,17.24,17.29,2184000
20161124,17.53,17.9,17.43,17.72,879200
20161125,17.4,17.73,17.31,17.4,610200
20161128,17.49,18.09,17.43,18.05,1093900
20161129,17.8,17.99,17.32,17.39,1786500
20161130,17.65,18.35,17.54,18.35,1751200
20161201,18.07,18.41,17.67,18.24,2498900
20161202,17.94,18.29,17.52,18.05,1688600
20161205,17.94,18.35,17.39,17.49,1053300
20161206,17.37,17.7,17.1,17.59,1396700
20161207,17.83,18.27,17.26,17.59,5225700
20161208,17.61,18.58,17.61,18.46,1908900
20161209,18.64,18.72,17.95,18.04,1395800
20161212,17.77,18.34,17.5,18.03,1123200
20161213,17.95,18.21,17.36,17.94,4914600
20161214,18.02,18.02,17.01,17.01,1321500
20161215,17.11,17.89,16.76,17.85,1274100
20161216,17.9,18.06,17.33,17.45,1355200
20161219,17.66,18.05,17.36,17.71,1163100
20161220,17.75,17.99,17.35,17.58,1418700
20161221,17.77,18.1,17.52,18,1166300
20161222,18.07,18.44,17.63,18.44,1669700
20161223,18.45,19.13,18.08,18.51,1481300
20161226,18.43,18.88,18.43,18.88,178600
20161227,18.89,18.94,18.21,18.59,907200
20161228,18.74,18.84,18.39,18.66,687800
20161229,18.51,19.25,18.51,19.25,1506900
20170102,19.13,19.18,18.72,18.82,512100
20170103,18.96,19.85,18.86,19.64,2708200
20170104,19.4,20.11,19.4,19.81,880500
