<DTYYYYMMDD>,<OPEN>,<HIGH>,<LOW>,<CLOSE>,<VOL>
20100601,9.26,9.26,9.18,9.2,81300
20100602,9.31,9.31,9.23,9.26,571200
20100604,9.29,9.64,9.29,9.35,126000
20100607,9.35,9.51,9.35,9.51,549900
20100608,9.39,9.49,9.39,9.49,4200
20100609,9.49,9.49,9.35,9.35,97800
20100610,9.4,9.51,9.32,9.32,788400
20100611,9.49,9.64,9.49,9.64,134400
20100614,9.74,9.88,9.67,9.82,612600
20100615,9.82,10.22,9.67,10.22,173700
20100616,10.13,10.6,10.04,10.6,503100
20100617,10.57,10.81,10.14,10.14,111900
20100618,10.13,10.25,10.13,10.21,976200
20100621,10.26,10.4,10.13,10.4,105900
20100622,10.61,10.61,10.17,10.47,118200
20100623,10.48,10.56,10.17,10.32,107700
20100624,10.41,10.63,10.32,10.63,444000
20100625,10.54,10.79,10.54,10.63,1555200
20100628,10.7,10.91,10.63,10.91,759000
20100629,10.95,10.95,10.7,10.95,496800
20100630,10.95,11.1,10.73,10.79,252000
20100701,10.7,10.71,10.54,10.63,668100
20100702,10.63,10.85,10.57,10.85,182100
20100705,10.79,10.79,10.67,10.67,34800
20100706,10.88,10.88,10.76,10.77,158100
20100707,10.77,10.95,10.77,10.95,1270200
20100708,10.95,11,10.64,10.95,132900
20100712,10.95,10.95,10.74,10.87,103800
20100713,10.9,10.92,10.76,10.87,590400
20100714,10.87,10.87,10.86,10.86,1140300
20100715,10.79,10.95,10.77,10.95,61200
20100716,10.79,10.79,10.48,10.76,44400
20100719,10.87,10.88,10.66,10.79,175800
20100720,10.76,10.79,10.73,10.76,30900
20100721,10.79,10.88,10.68,10.88,323700
20100722,10.95,11.07,10.88,10.91,151200
20100723,10.88,10.89,10.67,10.7,254400
20100726,10.76,10.76,10.64,10.68,43500
20100727,10.77,10.85,10.75,10.85,30000
20100728,10.82,10.95,10.62,10.95,94800
20100729,10.79,10.95,10.76,10.95,107400
20100730,10.94,11.46,10.79,11.45,154200
20100802,11.44,11.45,11.27,11.42,220800
20100803,11.4,11.4,10.98,11.26,188400
20100804,11.17,11.4,11.13,11.24,42300
20100805,11.27,11.34,11.26,11.34,188100
20100806,11.34,11.45,11.26,11.37,395100
20100809,11.42,11.42,11.36,11.42,330900
20100810,11.57,11.6,11.34,11.42,195600
20100811,11.26,11.41,11.04,11.26,995700
20100812,11.1,11.31,11.1,11.2,1045800
20100813,11.2,11.88,11.2,11.88,939900
20100816,11.73,11.73,11.64,11.73,365700
20100817,11.6,11.6,11.5,11.5,248400
20100818,11.48,11.51,11.48,11.51,47400
20100819,11.47,11.54,11.42,11.54,9600
20100820,11.51,11.53,11.51,11.51,22500
20100823,11.54,11.67,11.54,11.67,15600
20100824,11.67,11.67,11.59,11.67,67800
20100825,11.35,11.63,11.35,11.57,30600
20100826,11.42,11.54,11.34,11.4,95400
20100827,11.57,11.59,11.53,11.53,170400
20100830,11.57,11.66,11.48,11.49,187200
20100831,11.47,11.57,11.43,11.57,419400
20100901,11.57,11.67,11.57,11.6,591300
20100902,11.6,11.73,11.6,11.65,852900
20100903,11.6,11.79,11.6,11.79,1499700
20100906,11.88,11.96,11.6,11.6,26400
20100908,11.73,11.82,11.64,11.74,213000
20100909,11.65,11.74,11.65,11.74,152400
20100910,11.71,12.51,11.71,12.2,209400
20100913,12.2,12.93,12.05,12.67,87300
20100914,12.62,12.68,12.51,12.64,358800
20100915,12.57,13.08,12.57,13.06,966600
20100916,13.07,13.07,12.51,12.59,452100
20100917,12.64,13.17,12.47,12.86,757500
20100920,12.86,13.05,12.71,12.86,985200
20100921,12.85,13.07,12.85,12.86,746700
20100922,12.73,13,12.73,12.89,238800
20100923,12.89,12.92,12.74,12.86,531600
20100924,13.01,13.1,12.78,12.86,1369800
20100927,12.86,12.92,12.33,12.7,622500
20100928,12.54,12.94,12.43,12.94,10826100
20100929,12.98,13.55,12.86,13.45,444900
20100930,13.58,13.67,13.28,13.55,509100
20101001,13.67,13.78,13.42,13.75,468900
20101004,13.87,14.46,13.5,13.91,409800
20101005,13.95,14.66,13.95,14.43,185700
20101006,14.52,14.52,14.11,14.24,374700
20101007,14.25,14.25,13.71,13.8,385500
20101008,14.19,14.31,13.95,14.18,19200
20101011,14.6,14.74,14.33,14.74,787500
20101013,14.82,15.85,14.74,15.49,635400
20101014,15.26,15.67,14.77,15.52,400500
20101015,15.47,15.88,15.07,15.52,319800
20101018,15.69,15.69,14.86,15.14,346800
20101019,15.14,15.14,14.45,14.61,1542600
20101020,14.55,14.63,14.33,14.43,462900
20101021,14.3,14.43,14.22,14.25,201300
20101022,14.11,14.44,13.97,14.11,872100
20101025,13.97,14.05,13.68,13.75,454200
20101026,13.68,13.73,13.36,13.39,902100
20101027,13.39,13.39,12.82,12.82,1780800
20101028,13.2,13.48,12.92,13.37,74700
20101029,13.48,13.79,13.48,13.49,248700
20101101,13.79,13.79,13.23,13.76,155400
20101103,13.76,14.27,13.61,14.27,257700
20101104,14.22,14.42,13.41,13.49,4451700
20101105,13.57,13.75,13.55,13.67,650100
20101108,13.7,14.11,13.64,14.03,947100
20101109,14.11,14.15,13.69,13.95,291900
20101110,13.78,13.86,13.51,13.54,189300
20101111,13.6,13.6,12.99,13.48,501000
20101112,13.39,13.48,13.08,13.11,247500
20101116,13.42,13.47,12.7,13.01,118800
20101117,12.73,13.13,12.73,13.12,231900
20101118,13.26,13.55,13.26,13.48,499500
20101119,13.52,13.64,13.47,13.64,276000
20101122,13.79,13.79,13.35,13.64,165300
20101123,13.33,13.72,13.33,13.55,89400
20101124,13.5,13.65,13.21,13.33,184800
20101125,13.26,13.48,13.16,13.48,60900
20101126,13.17,13.48,13.13,13.48,181200
20101129,13.33,13.37,13.21,13.29,219000
20101130,13.12,13.32,13.12,13.16,498300
20101201,13.36,13.55,13.26,13.44,389400
20101202,13.48,13.55,13.38,13.42,76800
20101203,13.48,13.79,13.48,13.79,1061100
20101206,13.76,13.8,13.36,13.64,271200
20101207,13.64,14.03,13.49,13.49,715800
20101208,13.76,13.76,13.27,13.56,238800
20101209,13.73,13.8,13.28,13.59,404100
20101210,13.76,13.76,13.54,13.64,242100
20101213,13.76,13.76,13.37,13.7,319800
20101214,13.7,14.11,13.54,14.11,917100
20101215,14.04,14.78,14.04,14.28,999600
20101216,14.55,14.57,13.98,14.07,365100
20101217,14.15,14.37,13.71,13.74,1056000
20101220,13.85,13.96,13.49,13.78,527300
20101221,13.8,13.83,13.37,13.5,835000
20101222,13.81,13.96,13.44,13.63,667600
20101223,13.88,13.96,13.44,13.59,422200
20101227,13.68,14.13,13.4,13.6,235300
20101228,13.78,13.81,13.22,13.41,235200
20101229,13.44,13.44,12.99,13.11,337500
20101230,13.21,13.21,12.74,12.74,441300
20110103,12.82,13.49,12.81,13.27,356300
20110104,13.26,13.49,13.24,13.3,200800
20110105,13.3,13.3,12.98,13.19,184000
20110106,13.22,13.3,12.96,13.3,123200
20110107,13.21,13.21,12.94,12.98,109300
20110110,13.13,13.49,13,13.49,52700
20110111,13.48,13.49,13.14,13.18,650900
20110112,13.19,13.34,12.97,13.15,102000
20110113,13.16,13.3,13.06,13.21,86300
20110114,13.05,13.21,12.89,12.98,87000
20110117,13.16,13.21,12.97,13.16,19500
20110118,13.32,13.35,12.79,13.11,1164400
20110119,13.2,13.21,12.77,12.89,112500
20110120,12.88,12.88,12.46,12.5,204200
20110121,12.74,12.74,12.49,12.5,1234900
20110124,12.64,12.88,12.27,12.36,196700
20110126,12.36,12.72,12.17,12.31,1037200
20110127,12.32,12.36,11.84,12.08,3708200
20110128,12.03,12.34,11.33,11.49,422600
20110131,11.5,11.69,11.18,11.32,863900
20110201,11.32,11.62,11.26,11.44,429700
20110202,11.62,11.63,11.18,11.25,1007500
20110203,11.27,11.75,11.02,11.13,269100
20110204,11.18,11.47,10.86,10.94,845200
20110207,11.13,11.56,10.85,11.09,456400
20110208,11.23,11.23,10.75,10.89,2331100
20110209,11.13,11.13,10.58,10.66,569900
20110210,10.75,11.09,10.38,10.95,2116100
20110211,10.96,11.42,10.96,11.34,457200
20110214,11.49,11.74,11.37,11.46,452800
20110215,11.51,11.59,11.42,11.46,287600
20110216,11.51,11.65,11.37,11.55,414800
20110217,11.56,11.69,11.38,11.42,469100
20110218,11.42,11.89,11.15,11.89,309900
20110221,11.89,12.15,11.52,11.6,184100
20110222,11.56,11.89,11.52,11.89,202400
20110223,11.79,11.88,11.42,11.42,903400
20110224,11.51,11.51,11.42,11.46,310600
20110225,11.6,11.7,11.39,11.51,308600
20110228,11.6,12.11,11.46,11.98,485500
20110301,11.98,12.25,11.79,12.17,374800
20110302,12.16,12.2,11.71,11.79,333400
20110303,12.04,12.12,11.85,12.05,248800
20110304,12.05,12.05,11.72,11.79,113000
20110309,11.79,11.91,11.41,11.41,408100
20110310,11.42,11.56,11.04,11.09,601400
20110311,11.09,11.42,11.09,11.37,292100
20110314,11.42,11.55,11.19,11.42,606200
20110315,11.42,11.6,11.18,11.27,639500
20110316,11.34,11.55,11.34,11.42,216800
20110317,11.46,11.79,11.42,11.79,175200
20110318,11.79,11.79,11.49,11.75,273400
20110321,11.79,11.79,11.65,11.7,144400
20110322,11.77,12.16,11.65,12.02,279100
20110323,12.16,12.16,11.78,12.02,355100
20110324,12.02,12.4,11.74,12.12,416000
20110325,12.17,12.36,11.88,12.31,120200
20110328,12.26,12.26,11.95,12.23,104400
20110329,12.29,12.29,11.91,11.99,226000
20110330,11.99,12.18,11.99,12.12,221600
20110331,12.13,12.54,12.04,12.08,377600
20110401,12.2,12.62,12.2,12.62,308700
20110404,12.59,12.88,12.45,12.78,351700
20110405,12.78,12.9,12.21,12.21,394000
20110406,12.22,12.38,11.93,11.93,8398400
20110407,11.93,12.1,11.83,11.93,656600
20110408,12.04,12.04,11.75,11.83,222000
20110411,11.8,11.97,11.57,11.85,502700
20110412,11.79,11.9,11.55,11.9,311800
20110413,11.74,11.86,11.6,11.76,629300
20110414,11.76,11.94,11.66,11.8,2426900
20110415,11.92,11.92,11.62,11.85,268400
20110418,11.71,11.73,11.35,11.44,789800
20110419,11.4,11.43,11.01,11.01,410300
20110420,11.09,11.09,10.59,10.9,625400
20110425,11.09,11.09,10.9,11,265900
20110426,11,11.16,11,11.11,485300
20110427,11.17,11.17,10.69,10.79,262300
20110428,10.88,10.88,10.43,10.43,243000
20110429,10.52,10.78,10.34,10.71,478400
20110502,10.89,11.1,10.71,10.86,3064200
20110503,10.81,10.9,10.5,10.9,497300
20110504,10.9,11.07,10.71,11.07,412100
20110505,11.05,11.07,10.73,11,373500
20110506,11.05,11.17,10.93,11,294500
20110509,11.09,11.09,10.62,10.71,663200
20110510,10.75,10.76,10.62,10.62,332100
20110511,10.62,11.01,10.58,10.63,525100
20110512,10.71,11.05,10.65,11.05,1559400
20110513,11.05,11.25,11.05,11.19,392700
20110516,11.25,11.31,10.67,10.67,906200
20110517,10.67,10.81,10.45,10.6,633400
20110518,10.57,10.63,10.45,10.45,973700
20110519,10.54,10.57,10.24,10.34,221700
20110520,10.33,10.54,10.1,10.1,381600
20110523,9.99,10.29,9.94,10.13,1021300
20110524,10.19,10.27,10.14,10.2,331800
20110525,10.27,10.49,10.08,10.41,224400
20110526,10.43,10.54,10.31,10.48,1770300
20110527,10.56,10.56,10.32,10.38,179300
20110530,10.36,10.65,10.33,10.65,68900
20110531,10.66,10.67,10.5,10.62,255200
20110601,10.66,10.67,10.26,10.43,309500
20110602,10.6,10.62,10.15,10.29,1124400
20110603,10.33,10.33,9.93,9.95,772300
20110606,10.06,10.06,9.91,9.98,397300
20110607,10.03,10.14,9.92,10.05,1467400
20110608,10.05,10.11,9.94,9.96,1489900
20110609,10.11,10.39,9.96,10.38,678400
20110610,10.52,10.53,10.26,10.43,628800
20110613,10.5,10.59,10.05,10.14,158400
20110614,10.19,10.38,10.19,10.32,311900
20110615,10.38,10.39,10.13,10.29,215300
20110616,10.32,10.32,9.95,9.95,322600
20110617,10.05,10.08,9.76,9.95,723000
20110620,10.11,10.14,9.76,10.11,461900
20110621,10.17,10.23,9.91,9.91,300300
20110622,10.18,10.18,9.95,9.95,142400
20110624,10,10,9.74,9.81,239400
20110627,9.9,9.9,9.64,9.65,758900
20110628,9.64,10,9.62,9.81,1158300
20110629,9.81,10.24,9.78,10.14,428600
20110630,10.07,10.44,10.06,10.14,543200
20110701,10.33,10.42,10.01,10.01,680200
20110704,10.09,10.43,9.88,10.43,380200
20110705,10.33,10.43,10.21,10.38,250700
20110706,10.45,10.63,10.3,10.47,399300
20110707,10.4,10.48,10.15,10.21,335300
20110708,10.19,10.28,10.03,10.03,325200
20110711,10.04,10.06,9.81,9.96,101400
20110712,9.87,10.07,9.81,9.95,110700
20110713,9.94,10.23,9.88,10.14,1207100
20110714,10.11,10.24,10.04,10.09,1677900
20110715,9.99,10.38,9.99,10.38,417500
20110718,10.32,10.32,9.9,9.9,440300
20110719,9.92,10.03,9.63,9.63,328100
20110720,9.66,9.79,9.52,9.66,627900
20110721,9.64,10.1,9.64,10,361400
20110722,9.96,10.07,9.95,10.04,198600
20110725,10.04,10.37,9.97,10.24,1873900
20110726,10.24,11.6,10.24,11.28,2823100
20110727,11.71,13.14,11.39,11.66,7136100
20110728,11.76,12.09,11.09,12.08,1291400
20110729,11.99,12.14,11.71,11.9,547000
20110801,11.78,12.47,11.76,12.35,1302000
20110802,12.07,12.32,11.7,11.71,1221100
20110803,12.32,12.47,11.63,12,2578900
20110804,12,12.04,11.65,11.85,1579700
20110805,11.76,12.03,11.33,11.75,1601600
20110808,11.41,11.63,9.93,10.47,1665600
20110809,11.22,11.22,10.49,10.85,1576000
20110810,11.09,11.09,10.21,10.57,1562500
20110811,10.44,11.43,10.28,11.42,1753500
20110812,11.42,11.42,10.66,10.66,1215500
20110815,11.28,11.45,11.14,11.19,637200
20110816,11.14,11.75,10.95,11.71,962600
20110817,11.71,12.16,11.71,12.09,1298600
20110818,11.82,12.33,11.62,11.81,1325300
20110819,11.63,11.9,11.35,11.62,699300
20110822,12.09,12.09,11.57,11.69,494200
20110823,11.9,12.09,11.61,11.61,133800
20110824,11.81,12.08,11.67,11.9,115700
20110825,11.9,12.08,11.77,11.9,89900
20110826,11.66,12.09,11.65,12.02,213200
20110829,11.82,12.18,11.76,11.76,328800
20110830,11.88,12.24,11.71,11.77,129700
20110831,11.79,12.14,11.79,11.9,142600
20110901,11.93,12.14,11.43,11.43,905200
20110902,11.5,11.83,11.44,11.83,699100
20110905,11.83,11.83,11.28,11.66,112200
20110906,11.81,11.85,11.42,11.63,347200
20110908,11.79,11.95,11.63,11.81,484100
20110909,11.64,11.75,11.58,11.75,108500
20110912,11.52,11.69,11.47,11.58,699500
20110913,11.58,11.7,11.06,11.06,226000
20110914,11.57,11.57,11.09,11.09,474100
20110915,11.08,11.43,11.08,11.28,140900
20110916,11.43,11.53,11.25,11.47,144800
20110919,11.27,11.45,11.26,11.28,136900
20110920,11.31,11.45,11.28,11.28,182200
20110921,11.43,11.61,11.24,11.25,136700
20110922,11.07,11.23,10.78,10.78,218600
20110923,10.87,11.12,10.53,10.65,223700
20110926,10.81,11.77,10.58,10.75,383700
20110927,10.95,11.14,10.68,10.76,185300
20110928,10.95,11.05,10.44,10.69,655200
20110929,10.76,10.87,10.54,10.67,316100
20110930,10.48,10.82,10.47,10.71,424900
20111003,10.61,10.88,10.27,10.28,312600
20111004,10.04,10.47,9.9,9.9,667300
20111005,10.14,10.43,10.14,10.38,388000
20111006,10.59,10.65,10.38,10.47,678700
20111007,10.56,10.56,10.38,10.42,792000
20111010,10.52,10.76,10.46,10.65,712400
20111011,10.59,10.83,10.5,10.71,839900
20111013,10.58,10.85,10.57,10.74,342300
20111014,11.05,11.23,10.63,11.23,581600
20111017,11.22,11.28,10.84,10.85,123200
20111018,10.86,11.12,10.77,11.06,72600
20111019,11.06,11.3,10.98,11.16,159200
20111020,11.05,11.24,10.87,11.24,294100
20111021,11.14,11.32,11.06,11.2,166500
20111024,11.37,11.43,11.23,11.26,190300
20111025,11.3,11.33,11.1,11.26,119200
20111026,11.01,11.37,11.01,11.27,125800
20111027,11.37,11.46,10.88,11.11,728500
20111028,11.1,11.1,10.71,10.9,245100
20111031,10.9,10.9,10.28,10.28,502400
20111101,10.18,10.28,9.97,10.28,500100
20111103,10.39,10.56,10.31,10.5,531700
20111104,10.33,10.33,9.96,9.96,587900
20111107,10.09,10.26,9.99,10.23,232900
20111108,10.24,10.35,10.07,10.24,192800
20111109,10.21,10.33,10.16,10.26,115800
20111110,10.3,10.8,10.3,10.48,650200
20111111,10.71,10.85,10.52,10.74,239700
20111114,10.63,11.19,10.63,11.01,375900
20111116,10.95,11.24,10.71,10.83,409600
20111117,10.92,11,10.52,10.72,386100
20111118,10.82,11.22,10.72,10.95,556900
20111121,11.16,11.16,10.84,10.97,405400
20111122,10.85,10.88,10.66,10.81,293600
20111123,10.73,11.14,10.65,11.14,461500
20111124,11.11,11.14,10.83,10.95,275700
20111125,10.95,11.16,10.85,11.16,187800
20111128,11.17,11.29,11.04,11.17,325000
20111129,11.12,11.23,10.82,11.22,190900
20111130,11.23,12.04,10.86,12,1589600
20111201,11.89,11.89,11.52,11.52,617800
20111202,11.65,11.94,11.59,11.86,449300
20111205,11.84,12.13,11.65,12.13,404200
20111206,11.98,11.99,11.62,11.62,441100
20111207,11.66,11.76,11.63,11.66,394400
20111208,11.75,11.88,11.66,11.71,440100
20111209,11.59,11.95,11.59,11.95,123000
20111212,11.7,11.85,11.52,11.76,876600
20111213,11.73,11.73,11.35,11.35,320700
20111214,11.52,11.52,11.06,11.43,600400
20111215,11.48,12,11.37,12,659700
20111216,13.33,13.35,12.66,12.71,14805800
20111219,12.7,13.01,12.09,12.38,2201900
20111220,12.33,12.57,11.95,12.38,1109100
20111221,12.37,12.38,12.17,12.32,2413400
20111222,12.32,12.38,11.49,11.49,986700
20111223,11.76,12.33,11.76,12.04,1190700
20111226,12.14,12.41,11.85,12.41,92100
20111227,12.41,12.49,11.99,12.42,561500
20111228,12.1,12.42,12,12.32,172000
20111229,12.29,12.42,12.14,12.4,656200
20120102,12.52,12.78,12.43,12.62,167400
20120103,12.62,13.27,12.62,12.81,682300
20120104,12.71,12.81,12.42,12.81,772700
20120105,12.9,13.29,12.62,12.71,456500
20120106,12.75,12.75,12.44,12.66,150600
20120109,12.81,12.89,12.47,12.71,237700
20120110,12.81,12.81,12.58,12.62,1300300
20120111,12.58,12.71,12.53,12.62,542300
20120112,12.91,12.99,12.43,12.52,1716700
20120113,12.5,12.98,12.5,12.71,2448000
20120116,12.71,13.19,12.71,12.9,241800
20120117,12.93,13,12.73,12.76,921300
20120118,12.81,13.14,12.72,12.98,768100
20120119,13,13,12.81,12.9,2485700
20120120,13.04,13.47,12.91,13.33,1103200
20120123,13.29,13.48,13.24,13.33,661500
20120124,13.25,13.57,13.25,13.38,731200
20120126,13.38,13.76,13.38,13.62,1133500
20120127,13.72,13.99,13.58,13.86,1257500
20120130,13.75,13.89,13.56,13.76,1011800
20120131,13.76,14,13.58,13.86,1886700
20120201,13.95,14.24,13.86,14.12,2031500
20120202,14.29,14.29,13.92,14.23,894300
20120203,14.21,14.53,14.15,14.53,641300
20120206,14.41,14.92,14.1,14.29,970600
20120207,14.22,14.53,14.16,14.19,327600
20120208,14.19,14.38,14.1,14.24,716400
20120209,14.33,14.51,14.24,14.45,1153500
20120210,14.07,14.58,14.07,14.34,555600
20120213,14.44,14.6,14.34,14.38,321400
20120214,14.42,14.52,14.34,14.34,262300
20120215,14.42,14.7,14.42,14.5,724100
20120216,14.49,15.03,14.49,14.85,1122500
20120217,14.91,15.08,14.84,14.96,930000
20120222,15.25,15.27,14.91,15.05,822500
20120223,14.99,15.47,14.91,15.35,703800
20120224,15.41,15.61,15.34,15.46,845700
20120227,15.52,15.83,15.25,15.53,629700
20120228,15.62,16.4,15.6,15.96,933200
20120229,15.9,16.02,15.58,15.98,2878400
20120301,15.98,16.03,15.54,15.91,926200
20120302,15.91,16.11,15.87,16.11,1403000
20120305,16.1,16.1,15.77,16.05,1288800
20120306,15.79,15.93,15.37,15.58,1647100
20120307,15.72,15.91,15.6,15.75,969900
20120308,15.79,16.12,15.79,15.9,515500
20120309,16.04,16.22,15.97,16.11,934700
20120312,15.99,16.42,15.99,16.33,1074300
20120313,16.44,16.62,16.17,16.53,741100
20120314,16.4,16.57,16.04,16.24,903200
20120315,16.08,16.34,15.77,16.22,595000
20120316,16.28,16.34,15.77,15.77,1268800
20120319,16.06,16.34,15.82,16.25,662600
20120320,16.24,16.34,16.07,16.25,375200
20120321,16.24,16.76,16.17,16.54,834000
20120322,16.54,16.86,16.17,16.22,1131400
20120323,16.36,16.54,16.08,16.13,478900
20120326,16.27,16.9,16.08,16.84,1336300
20120327,16.81,17.13,16.81,16.99,1304200
20120328,17.01,17.04,16.75,16.89,1003500
20120329,16.88,16.88,16.5,16.65,911100
20120330,16.8,17.05,16.65,16.99,938200
20120402,17.03,17.54,16.98,17.42,1097800
20120403,17.54,17.58,17.1,17.29,721600
20120404,17.23,17.42,16.99,17.13,1039100
20120405,17.22,17.32,17.08,17.23,543400
20120409,17.22,17.22,16.84,16.84,272200
20120410,16.86,17.04,16.8,16.8,597600
20120411,17,17,16.75,16.75,571900
20120412,16.89,17.7,16.78,17.42,2750600
20120413,17.55,17.8,17.3,17.8,1739700
20120416,17.75,18.16,17.71,18.09,1654000
20120417,18.12,18.56,17.71,17.71,1937500
20120418,17.6,18.63,17.56,18.63,1931300
20120419,18.63,19.14,18.32,19.14,3043900
20120420,19.19,19.43,18.69,19.43,963100
20120423,19.31,19.43,18.77,19.38,2913900
20120424,19.25,19.33,18.9,19.14,1380400
20120425,19.05,19.28,18.98,19.24,901800
20120426,19.18,19.33,19.05,19.33,1600000
20120427,19.19,19.92,19.05,19.72,683400
20120430,19.79,20.07,19.42,19.66,676400
20120502,19.72,20.71,19.69,19.95,1879600
20120503,20.02,20.32,19.81,20.1,1531600
20120504,20.29,20.29,19.52,19.52,760600
20120507,19.52,19.67,19.14,19.14,1311400
20120508,19.5,19.5,18.94,19.2,3587000
20120509,19.27,20.5,19.14,20,978100
20120510,20.38,20.38,20.09,20.27,525000
20120511,20.27,20.33,19.63,19.63,1036100
20120514,19.54,19.54,18.71,19.03,4044400
20120515,19.04,19.05,18.68,18.81,3831000
20120516,18.82,19.05,18.21,18.57,2843500
20120517,18.56,18.85,17.71,17.71,1330100
20120518,17.71,18.18,17.71,17.99,1841500
20120521,18.07,18.47,17.99,18.28,2666600
20120522,18.37,18.38,17.69,18.2,1291600
20120523,18.37,18.37,17.19,17.48,1428200
20120524,17.5,17.56,17.37,17.5,1575600
20120525,17.49,17.71,17.23,17.56,1617300
20120528,17.61,18.06,17.6,17.84,218500
20120529,17.85,17.85,17.57,17.65,1741100
20120530,17.65,17.7,17.33,17.56,3362600
20120531,17.56,17.85,17.38,17.85,6203700
20120601,17.67,17.85,17.35,17.35,1880900
20120604,17.26,18.04,17.26,17.94,1166600
20120605,17.91,18.26,17.69,18.26,1365800
20120606,18.31,18.51,17.95,18.42,1317300
20120608,18.48,18.85,18.2,18.66,1497300
20120611,18.83,18.97,18.38,18.66,1191500
20120612,18.57,19.04,18.12,18.66,1786800
20120613,18.39,18.81,18.38,18.66,613700
20120614,18.9,19.09,18.18,18.18,1083900
20120615,18.18,18.61,17.8,18.61,5461100
20120618,18.61,18.88,18.24,18.81,1474600
20120619,18.94,19.14,18.78,18.95,1140900
20120620,18.95,19.38,18.76,19.37,1016500
20120621,19.37,19.6,19.07,19.14,822700
20120622,19.08,19.43,19.06,19.34,392600
20120625,19.19,19.32,18.84,18.96,476500
20120626,18.95,19.39,18.95,19.19,1259000
20120627,19.38,19.56,19.24,19.31,749300
20120628,19.29,19.47,18.82,19.05,675100
20120629,19.37,19.48,19.09,19.43,1420100
20120702,19.4,19.55,18.95,19.16,781100
20120703,19.2,20.03,18.89,19.86,1539700
20120704,19.82,20.35,19.65,20.2,775800
20120705,20.2,21.48,20.15,21.11,2294000
20120706,21.08,21.25,20.27,20.92,742200
20120710,20.85,21.03,20.36,20.83,1182200
20120711,20.83,21.79,20.83,21.47,943000
20120712,21.08,21.29,20.62,20.86,1003700
20120713,20.86,21.3,20.86,20.96,455700
20120716,20.96,21.88,20.86,21.69,1827600
20120717,21.88,22.55,21.59,22.55,957500
20120718,22.34,22.34,21.67,21.74,964500
20120719,21.74,21.88,21.21,21.35,845000
20120720,21.35,21.64,20.97,21.38,490700
20120723,21.35,21.37,20.87,21.11,550500
20120724,21.11,21.38,20.95,21.38,1068500
20120725,21.59,22.39,21.55,22.15,1039200
20120726,22.21,22.54,22.07,22.41,493600
20120727,22.55,22.77,22.36,22.55,529400
20120730,22.55,22.9,22.49,22.82,714500
20120731,22.82,23.03,21.42,22.46,1556300
20120801,22.18,22.46,21.79,21.79,577500
20120802,21.79,22.11,21.48,22.07,784200
20120803,22.11,22.55,22.11,22.41,497500
20120806,22.15,22.55,22.15,22.46,448800
20120807,22.67,22.75,21.78,21.83,463400
20120808,22.07,22.15,21.76,22.07,594900
20120809,22.26,22.4,21.89,22.16,425700
20120810,21.79,22.15,21.51,21.51,1192800
20120813,21.49,21.69,21.22,21.29,1266500
20120814,21.12,21.28,20.63,20.63,1559400
20120815,20.9,20.9,20.06,20.25,1224800
20120816,20.45,20.47,19.59,19.85,1400600
20120817,19.91,20,19.72,19.87,1059700
20120820,20,20.32,19.82,19.87,795500
20120821,19.87,20.06,19.22,19.39,1548900
20120822,19.39,20.06,19.35,19.87,1945700
20120823,19.91,19.91,19.31,19.76,719500
20120824,19.94,19.94,19.39,19.39,1608200
20120827,19.5,19.59,19.29,19.59,837100
20120828,19.67,20.63,19.63,20.25,1499800
20120829,20.4,20.81,20.4,20.75,1322900
20120830,20.76,21.11,20.63,21.02,1875400
20120831,21.05,21.25,20.61,20.61,2150400
20120903,20.37,21.07,20.37,21.07,786500
20120904,20.87,21.22,20.87,21.21,590800
20120905,21.26,21.3,21.02,21.11,603400
20120906,21.24,22.03,21.07,21.69,1333800
20120910,21.93,22.07,21.21,21.21,807600
20120911,21.45,21.77,21.21,21.64,872300
20120912,21.64,21.83,21.1,21.11,724800
20120913,21.53,21.55,20.87,21.02,1382200
20120914,20.97,21.49,20.97,21.4,683900
20120917,21.4,21.71,21.17,21.59,1406000
20120918,21.5,22.48,21.5,22.27,1508300
20120919,22.41,22.53,21.88,22.07,783300
20120920,22.39,22.39,21.88,22.16,1116100
20120921,22.44,22.44,21.56,21.64,1298300
20120924,21.57,22.46,21.17,22.46,521700
20120925,22.24,22.55,22.12,22.12,859900
20120926,21.73,22.19,21.67,22.12,351400
20120927,21.97,22.29,21.97,22.12,474200
20120928,22.18,22.4,22,22.4,767300
20121001,22.31,22.7,22.31,22.62,569600
20121002,22.7,22.98,22.45,22.65,746600
20121003,22.7,23.03,22.65,22.84,977200
20121004,22.84,23.28,22.73,23.26,770000
20121005,23.28,23.34,22.99,23.18,494200
20121008,23.18,23.52,23.05,23.32,393500
20121009,23.27,23.51,23.22,23.27,426500
20121010,23.22,23.42,22.83,23.28,1093700
20121011,22.88,23.09,22.2,22.7,2151600
20121015,22.45,22.78,21.88,21.94,2656200
20121016,21.79,22.44,21.73,22.21,896200
20121017,22.09,22.99,22.09,22.89,903800
20121018,22.7,22.99,22.38,22.6,624200
20121019,22.21,22.7,21.84,22.12,494800
20121022,22.12,22.44,22.02,22.19,1079000
20121023,22.31,22.31,21.93,22.04,415800
20121024,22.07,22.29,21.93,21.97,395700
20121025,22.27,22.27,21.31,21.54,840300
20121026,21.54,21.76,21.26,21.64,439600
20121029,21.92,22.11,21.4,22.11,332400
20121030,21.86,22.12,21.6,21.73,278300
20121031,21.73,21.9,21.35,21.49,394600
20121101,21.73,22.35,21.5,22.35,491900
20121105,22.27,22.27,21.64,21.93,546200
20121106,21.96,21.96,21.2,21.33,914800
20121107,21.4,21.57,21.1,21.25,1292700
20121108,21.14,21.58,21.1,21.58,725100
20121109,21.64,21.64,21.06,21.4,562800
20121112,21.4,21.51,21.15,21.16,265000
20121113,21.11,21.4,20.43,20.48,498500
20121114,20.48,21.2,19.52,21.11,1425400
20121116,20.93,22.02,20.78,21.88,1060300
20121119,21.55,21.84,21.44,21.72,258600
20121121,21.98,22.07,21.3,21.88,775500
20121122,21.56,21.8,21.23,21.35,552000
20121123,21.59,21.63,21.06,21.17,589600
20121126,21.31,21.31,20.64,20.81,1509100
20121127,20.83,21.19,20.72,20.94,482900
20121128,20.8,20.96,20.29,20.54,1360900
20121129,20.86,20.86,20.36,20.48,1226700
20121130,20.86,20.87,20.11,20.19,1569300
20121203,20.24,20.46,19.97,20.15,1183100
20121204,20.15,20.87,20.08,20.53,2846100
20121205,20.68,21.3,20.43,21.2,3444400
20121206,21.2,21.55,21.2,21.44,1571500
20121207,21.44,21.44,21.16,21.27,933900
20121210,21.4,22.06,21.22,21.83,1841600
20121211,21.83,22.18,21.83,22.16,1421200
20121212,22.16,22.32,21.95,22.02,937500
20121213,22.12,22.47,21.97,22.47,717500
20121214,22.29,22.42,22.06,22.12,655900
20121217,21.94,22.6,21.94,22.12,600800
20121218,22.21,22.37,21.94,22.21,407100
20121219,22.45,22.45,22.1,22.36,430400
20121220,22.36,22.58,22.12,22.21,733100
20121221,22.02,22.42,21.99,22.17,619300
20121226,22.36,22.44,22.04,22.12,341900
20121227,22.02,22.65,22.02,22.31,591100
20121228,22.3,22.58,22.12,22.19,398400
20130102,22.69,23.08,22.12,22.6,684100
20130103,22.55,22.85,22.19,22.5,738300
20130104,22.5,22.7,22.02,22.21,1024600
20130107,22.21,22.23,22.03,22.12,2219600
20130108,22.12,22.22,21.83,22.12,3220600
20130109,22.07,22.38,22,22.26,1088300
20130110,22.37,22.38,22.12,22.12,523900
20130111,22.1,22.31,22.1,22.31,426400
20130114,22.22,22.6,22.2,22.54,759500
20130115,22.54,22.84,22.44,22.84,826300
20130116,22.74,22.84,22.5,22.79,893800
20130117,22.62,22.8,22.12,22.18,3199400
20130118,22.18,22.38,22.13,22.31,1503100
20130121,22.23,22.31,22.11,22.23,577300
20130122,22.29,22.31,22.11,22.31,1146500
20130123,22.17,22.41,22.15,22.3,1747200
20130124,22.39,22.41,21.91,22.02,2171500
20130128,22.26,22.26,21.86,21.93,1167900
20130129,21.9,21.92,21.1,21.1,860300
20130130,21.24,21.46,21.06,21.3,1637300
20130131,21.44,21.54,21.19,21.4,760200
20130201,21.25,22.13,21.11,21.84,1294600
20130204,21.82,21.99,21.37,21.64,812200
20130205,21.7,21.97,21.53,21.69,1006800
20130206,21.81,21.94,20.63,21.54,2029400
20130207,21.58,22.19,21.29,21.54,2218300
20130208,21.64,21.9,21.4,21.43,883700
20130213,21.65,21.65,20.96,21.01,844900
20130214,21,21.28,21,21.16,979600
20130215,21.16,21.56,21.16,21.56,559300
20130218,21.38,21.54,21,21,418000
20130219,21.31,21.31,20.59,20.68,610500
20130220,20.93,21.08,20.63,20.69,865300
20130221,20.45,20.76,20.2,20.68,762800
20130222,20.93,21.35,20.69,21.35,655300
20130225,21.48,21.91,21.16,21.69,900600
20130226,21.45,22.25,21.31,22.12,1962200
20130227,22.01,22.12,21.69,21.88,671500
20130228,21.69,22.12,21.65,21.94,1556600
20130301,21.94,22.12,21.54,22.12,914200
20130304,21.89,22.16,21.3,21.37,1540000
20130305,21.63,21.93,21.38,21.44,1011100
20130306,21.5,22.02,21.4,21.64,987500
20130307,21.97,21.98,21.54,21.75,660900
20130308,21.64,22.17,21.64,22.12,2075900
20130311,21.92,22.76,21.92,22.55,984800
20130312,22.7,22.89,22.31,22.35,690800
20130313,22.41,23.04,22.4,22.65,853200
20130314,22.46,23.18,22.46,22.81,878400
20130315,22.81,23.03,22.35,22.45,1895200
20130318,22.48,22.51,21.84,21.88,442000
20130319,22.25,22.42,21.93,22.12,1068600
20130320,21.89,22.25,21.73,21.73,1093100
20130321,21.92,21.98,20.83,20.83,782100
20130322,20.96,20.96,20.17,20.19,1404600
20130325,20.2,20.76,19.95,20.4,1357000
20130326,20.58,20.67,20.2,20.2,457600
20130327,20.38,20.88,20.25,20.49,866600
20130328,20.2,20.84,19.97,20.73,1360600
20130401,20.87,21.96,20.73,21.4,1496900
20130402,21.31,21.61,20.95,21.17,1005500
20130403,21.08,21.84,20.98,21.12,988200
20130404,21.36,21.36,20.9,21.07,649800
20130405,20.94,21.31,20.69,21.03,721400
20130408,21.17,21.41,20.93,21.17,1318900
20130409,21.02,22.1,21.02,22.08,829800
20130410,22.1,22.42,21.74,21.74,1615800
20130411,22.03,22.19,21.32,21.35,1355300
20130412,21.64,21.64,21.17,21.17,507600
20130415,21.15,21.47,21.12,21.17,728600
20130416,20.93,21.35,20.2,20.98,689500
20130417,21.12,21.12,20.44,20.77,952100
20130418,20.79,20.95,20.52,20.54,626700
20130419,20.71,20.86,20.44,20.47,600400
20130422,20.77,21.05,20.51,20.92,797200
20130423,20.7,21.57,20.7,21.31,700300
20130424,21.14,21.63,20.98,21.26,949500
20130425,21.41,21.59,21.26,21.33,925800
20130426,21.31,21.69,21,21.26,555000
20130429,21.52,21.52,20.77,20.77,824800
20130430,20.91,21.04,20.66,20.73,2319200
20130502,20.54,21.13,20.54,20.93,771000
20130503,20.93,21.58,20.93,21.12,887000
20130506,20.97,21.6,20.97,21.21,673100
20130507,21.45,21.74,21.27,21.41,437200
20130508,21.45,22,21.37,21.84,567300
20130509,21.69,22.02,21.6,21.65,450700
20130510,21.69,22.33,21.26,21.46,1331400
20130513,21.77,22.22,21.59,21.89,729800
20130514,21.74,22.18,21.7,21.7,1292700
20130515,21.89,22.43,21.74,22.14,628300
20130516,22.19,23.04,22.19,22.61,1020300
20130517,22.67,23.04,22.26,22.61,664800
20130520,22.95,22.95,22.53,22.66,406200
20130521,22.55,23.21,22.54,22.91,1247900
20130522,22.99,23.42,22.91,23.34,1785000
20130523,23.08,23.66,22.99,23.06,1005400
20130524,23.16,23.16,22.37,22.61,997100
20130527,22.75,22.75,22.22,22.22,470500
20130528,22.48,22.82,22.41,22.5,708000
20130529,22.51,22.81,22.29,22.29,709300
20130531,22.19,22.44,21.42,22.11,2130600
20130603,21.84,22.84,21.48,22.39,1545000
20130604,22.04,23.38,22.04,22.83,1245400
20130605,22.87,23.16,22.22,22.25,743800
20130606,22.27,22.76,22.19,22.3,645900
20130607,22.42,23.17,22.2,22.32,1072300
20130610,22.42,22.65,22.08,22.26,728000
20130611,22.22,22.6,21.98,21.98,1548500
20130612,21.96,22.36,21.26,21.26,1271400
20130613,21.02,21.47,20.42,20.61,2442300
20130614,20.78,20.82,20.25,20.28,744900
20130617,20.61,21.16,20.31,20.31,1151000
20130618,20.27,21.06,20.27,20.73,1244100
20130619,20.97,21.14,20.02,20.02,738100
20130620,19.87,20,19.25,19.63,1169600
20130621,19.64,19.87,19.17,19.31,1029100
20130624,18.99,19.62,18.89,19.48,886300
20130625,19.76,21.07,19.49,20.38,1295200
20130626,20.93,21.16,20.71,20.88,1007300
20130627,20.88,21.41,20.79,21.03,668400
20130628,20.98,21.29,20.59,20.88,1508700
20130701,20.88,21,20.39,20.54,1435800
20130702,21,21,19.67,19.92,957300
20130703,19.83,20.24,19.73,19.77,666400
20130704,19.96,20.42,19.94,20.25,1493100
20130705,19.88,20.25,19.87,19.91,686300
20130708,20.01,20.13,19.48,19.48,554300
20130710,19.56,20.2,19.56,19.67,476000
20130711,19.87,20.44,19.5,19.63,2615300
20130712,19.6,19.93,19.34,19.5,921700
20130715,19.51,20.06,19.51,19.96,689000
20130716,19.96,20.15,19.61,19.96,524300
20130717,19.86,20.02,19.48,19.53,614800
20130718,19.44,19.79,18.9,18.9,1436000
20130719,18.98,18.98,17.85,18.03,3257700
20130722,18.17,18.75,18.11,18.35,2109600
20130723,18.37,18.89,18.16,18.42,1053000
20130724,18.37,18.6,18.18,18.34,615500
20130725,18.29,18.83,18.17,18.58,1597400
20130726,18.58,19.14,18.41,18.62,784600
20130729,18.65,19,18.4,18.6,689400
20130730,18.6,18.78,18.35,18.56,1353100
20130731,18.45,19.05,18.45,18.61,980000
20130801,18.62,18.89,18.27,18.71,1259900
20130802,18.7,18.86,18.52,18.61,685500
20130805,18.61,19.13,18.59,18.71,912100
20130806,18.81,19.11,18.53,19.05,754300
20130807,18.81,19.29,18.81,18.85,1659900
20130808,19.19,19.24,18.81,18.85,820700
20130809,18.84,18.84,18.13,18.13,2605200
20130812,18.27,18.49,17.99,18.08,1876200
20130813,18.27,18.44,17.99,18.13,1081400
20130814,18.01,18.32,17.79,17.84,1555700
20130815,17.76,17.76,17.4,17.4,2530100
20130816,17.47,17.52,17.18,17.26,1389700
20130819,17.23,17.39,16.96,17.09,1625200
20130820,16.9,17.26,16.88,16.97,1212200
20130821,16.78,17.06,16.65,16.68,1199400
20130822,16.81,16.99,16.39,16.59,1042300
20130823,16.65,16.82,16.37,16.59,2459700
20130826,16.62,16.75,16.33,16.45,1202600
20130827,16.37,16.39,15.53,15.66,3135100
20130828,15.76,15.96,15.52,15.82,4614500
20130829,15.77,16.34,15.77,16.25,1517900
20130830,16.15,16.38,15.9,16.28,1310100
20130902,16.31,16.59,16.2,16.37,1331900
20130903,16.59,16.65,16.13,16.35,1254200
20130904,16.59,17.12,16.43,17.07,4252900
20130905,16.88,17.17,16.64,17.17,1504200
20130906,17.22,17.33,17.02,17.1,1336900
20130909,17.25,17.65,17.05,17.46,1779900
20130910,17.17,17.17,16.49,16.73,3601300
20130911,16.72,16.75,16.35,16.5,1653200
20130912,16.51,16.9,16.4,16.4,816400
20130913,16.43,16.75,16.4,16.4,1037300
20130916,16.45,16.7,16.37,16.68,972800
20130917,16.77,16.83,16.39,16.39,1823400
20130918,16.51,17.24,16.39,17.12,976000
20130919,17.03,17.41,16.71,16.83,1903700
20130920,16.87,17.25,16.87,16.97,1247100
20130923,17.13,17.33,17.03,17.17,907800
20130924,17.16,17.36,16.85,17.31,1340000
20130925,17.31,17.59,17.29,17.38,1176900
20130926,17.38,17.86,17.38,17.7,1066700
20130927,17.76,18.12,17.59,18.12,1650900
20130930,17.95,18.01,17.38,17.69,1140800
20131001,17.59,17.62,16.93,17.38,904800
20131002,17.53,17.53,17.1,17.14,685300
20131003,17.22,17.23,16.81,16.99,824200
20131004,17.07,17.25,16.86,17.23,2326700
20131007,17.35,17.38,16.96,17.09,447600
20131008,17.17,17.2,16.6,16.89,470200
20131009,16.99,17.08,16.65,16.69,632300
20131010,16.8,17.23,16.61,17.23,946300
20131011,17.22,17.33,17.04,17.33,371700
20131014,17.33,17.37,17.05,17.09,273200
20131015,17.14,17.14,16.42,16.55,1708800
20131016,16.7,16.8,16.44,16.46,1526200
20131017,16.54,16.7,16.46,16.51,488900
20131018,16.47,16.82,16.45,16.59,631700
20131021,16.61,16.95,16.6,16.82,491000
20131022,16.71,17.13,16.71,16.82,585900
20131023,16.93,16.93,16.12,16.12,1786000
20131024,16.19,16.41,15.82,16.41,812300
20131025,16.29,16.5,16.13,16.27,260100
20131028,16.26,16.6,16.26,16.6,506100
20131029,16.61,16.69,16.32,16.36,550200
20131030,16.4,16.41,16.07,16.17,1799500
20131031,16.23,16.23,15.79,15.81,863700
20131101,15.93,16.02,15.8,15.99,1259000
20131104,16.02,16.82,15.94,16.54,1062500
20131105,16.45,16.55,16.17,16.41,1157000
20131106,16.42,16.53,16.14,16.31,584200
20131107,16.26,16.56,15.79,15.83,748800
20131108,15.83,15.99,15.4,15.78,1325300
20131111,15.78,15.88,15.5,15.63,639500
20131112,15.64,15.84,15.44,15.44,3978000
20131113,15.42,15.67,15.42,15.49,1523700
20131114,15.58,15.59,15.35,15.44,2478300
20131118,15.51,16.11,15.48,15.98,1749200
20131119,15.89,16.38,15.74,16.08,1509700
20131121,15.95,16.01,15.45,15.65,1134300
20131122,15.7,16.14,15.56,15.94,688700
20131125,15.86,16.13,15.78,15.85,791400
20131126,15.91,16.09,15.74,16.09,1463100
20131127,16.2,16.51,16,16.51,948800
20131128,16.6,16.65,16.32,16.32,500800
20131129,16.41,16.5,16.17,16.31,446200
20131202,16.27,16.4,15.74,15.93,825500
20131203,15.98,15.98,15.7,15.7,754800
20131204,15.84,15.92,15.61,15.73,844400
20131205,15.8,16.19,15.62,16.02,950400
20131206,15.98,16,15.74,15.82,326600
20131209,15.83,15.86,15.45,15.54,1330000
20131210,15.53,15.81,15.53,15.75,536600
20131211,15.63,15.94,15.59,15.76,759800
20131212,15.95,15.95,14.94,15.06,2248900
20131213,15.2,15.3,14.71,14.71,682200
20131216,14.72,14.88,14.57,14.57,420900
20131217,14.65,15.1,14.14,14.2,1265500
20131218,14.28,14.38,14.1,14.12,1212700
20131219,14.13,14.59,14.13,14.59,624000
20131220,14.58,15.14,14.28,15,1283200
20131223,14.92,15.3,14.75,14.91,865300
20131226,14.9,14.98,14.36,14.36,449000
20131227,14.36,14.69,14.36,14.5,695000
20131230,14.52,14.61,14.21,14.3,1114600
20140102,14.3,14.7,14.2,14.66,739200
20140103,14.71,14.78,14.45,14.45,469800
20140106,14.47,14.68,14.29,14.68,288900
20140107,14.58,15.04,14.58,14.76,815400
20140108,14.81,14.92,14.58,14.76,1091600
20140109,14.73,14.84,14.13,14.23,489000
20140110,14.27,14.81,14.14,14.36,489100
20140113,14.39,14.59,13.84,13.84,749200
20140114,14.01,14.5,14.01,14.28,1166000
20140115,14.41,14.56,14.19,14.24,668800
20140116,14.26,14.45,13.91,13.91,997900
20140117,13.97,14.06,13.74,13.8,629600
20140120,13.91,14.26,13.86,14,207400
20140121,14.16,14.21,13.61,13.65,782700
20140122,13.69,14.15,13.58,13.8,1185500
20140123,13.87,13.94,13.27,13.27,1274800
20140124,13.29,13.64,13.27,13.6,3297600
20140127,13.6,14.02,13.6,13.92,2014300
20140128,14.03,14.5,13.81,14.31,1334000
20140129,14.28,14.38,13.84,13.93,1338200
20140130,13.87,14.52,13.73,14.23,1562400
20140131,14,14.44,14,14.06,2217100
20140203,14.04,14.05,13.56,13.6,3132900
20140204,13.63,14.1,13.61,13.89,1613300
20140205,14.01,14.09,13.59,13.74,861000
20140206,13.84,14.09,13.79,14.03,3001500
20140207,14.26,14.26,13.79,13.94,1345000
20140210,13.95,14.04,13.7,13.79,899800
20140211,13.72,13.92,13.65,13.76,3308800
20140212,13.91,13.91,13.68,13.79,857500
20140213,13.9,13.92,13.66,13.73,1513600
20140214,13.69,13.95,13.58,13.61,397300
20140217,13.68,13.82,13.61,13.75,177400
20140218,13.75,13.86,13.61,13.61,591800
20140219,13.6,13.92,13.56,13.89,2775300
20140220,13.7,13.9,13.65,13.84,6422800
20140221,13.89,14.56,13.89,14.47,5746400
20140224,14.45,15.57,14.45,15.33,2811100
20140225,15.39,15.6,15.25,15.45,1569100
20140226,15.45,16.13,15.45,15.83,2398800
20140227,15.76,16.2,15.76,16.15,1324100
20140228,16.07,16.26,15.97,16,1234900
20140305,15.99,16.15,15.82,15.97,810100
20140306,15.94,16.09,15.85,15.97,1008800
20140307,15.86,16.13,15.83,16.06,2234300
20140310,16.12,16.18,15.89,16,1330000
20140311,16.13,16.26,15.85,16.26,1052000
20140312,16.15,16.15,15.6,15.68,2211400
20140313,15.77,15.86,15.34,15.44,1380800
20140314,15.49,15.81,15.35,15.49,1086700
20140317,15.72,15.97,15.54,15.87,723000
20140318,15.92,16.43,15.88,16.43,2391700
20140319,16.43,17.25,16.38,16.92,3407500
20140320,16.93,17.51,16.63,17.42,2789300
20140321,17.24,17.42,17.15,17.35,1410400
20140324,17.53,17.63,17.37,17.56,1244000
20140325,17.53,17.64,17.37,17.59,642800
20140326,17.45,17.88,17.44,17.74,2148000
20140327,17.74,18.18,17.74,18.03,1387400
20140328,17.88,18.49,17.84,18.44,1943600
20140331,18.41,19.17,18.41,19.03,2116200
20140401,18.99,18.99,18.7,18.76,4469500
20140402,18.58,18.94,18.44,18.56,1580300
20140403,18.56,18.99,18.46,18.9,1228400
20140404,18.92,19.5,18.92,19.29,2128800
20140407,19.38,19.54,19.12,19.16,1514500
20140408,19.17,19.32,18.79,18.9,1280500
20140409,19,19.06,18.61,18.88,1509500
20140410,18.89,18.95,18.37,18.64,1148700
20140411,18.33,18.75,18.33,18.41,1273300
20140414,18.27,18.47,18.02,18.03,1158900
20140415,18.09,18.15,17.45,17.63,1008000
20140416,17.37,18.09,17.37,17.79,879000
20140417,17.59,17.98,17.53,17.8,568800
20140422,17.8,18.78,17.8,18.34,1520400
20140423,18.41,18.58,17.57,17.95,824000
20140424,18.12,18.12,17.49,17.59,517700
20140425,17.56,18.16,17.31,17.77,739000
20140428,17.94,18.08,17.64,17.71,695700
20140429,17.91,18.44,17.74,18.41,1592900
20140430,18.15,18.53,18.15,18.41,1326000
20140502,18.5,18.97,18.24,18.24,1535000
20140505,18.23,18.79,18.23,18.62,408900
20140506,18.51,18.59,18.35,18.41,752200
20140507,18.41,18.7,18.16,18.27,611300
20140508,18.27,18.69,18.27,18.45,488900
20140509,19.09,19.09,17.76,17.83,726200
20140512,17.8,18.41,17.68,18.23,426000
20140513,18.22,18.6,18.07,18.16,693600
20140514,18.23,18.75,18.19,18.75,1450000
20140515,18.72,18.77,18.46,18.7,578500
20140516,18.54,18.89,18.54,18.79,546500
20140519,18.89,18.89,18.54,18.73,635300
20140520,18.59,18.88,18.16,18.31,932600
20140521,18.41,18.51,18.16,18.45,521500
20140522,18.27,18.63,18.22,18.32,685100
20140523,18.32,18.59,18.16,18.45,569000
20140526,18.49,18.8,18.34,18.51,226200
20140527,18.69,18.69,18.23,18.37,343600
20140528,18.48,18.6,18.41,18.41,639000
20140529,18.47,18.54,18.22,18.41,705200
20140530,18.41,18.73,18.35,18.41,1269100
20140602,18.68,18.68,17.87,17.87,2600300
20140603,17.85,18.05,17.61,17.78,1554500
20140604,17.84,17.92,17.4,17.51,991100
20140605,17.49,17.96,17.49,17.74,1004500
20140606,18.07,18.64,17.99,18.1,836000
20140609,18.09,18.56,18.07,18.29,390300
20140610,18.32,18.61,18.13,18.56,820900
20140611,18.56,18.6,17.96,18.05,683400
20140613,17.83,18.79,17.83,18.42,811400
20140616,18.22,18.8,18.21,18.8,756200
20140617,18.66,19.07,18.52,18.78,2330400
20140618,18.78,18.82,18.43,18.61,806600
20140620,18.61,18.76,18.16,18.3,912400
20140623,18.3,18.33,17.8,17.87,269600
20140624,17.93,18.48,17.81,18.38,371400
20140625,18.46,18.46,17.96,18.08,401600
20140626,18.24,18.38,17.85,17.92,594800
20140627,17.92,18.04,17.72,17.72,302400
20140630,17.79,18.09,17.69,17.74,539800
20140701,17.86,18.18,17.78,18.18,359700
20140702,17.97,18.24,17.8,17.99,464300
20140703,17.99,18.6,17.86,18.48,755500
20140704,18.61,18.61,18.29,18.48,92800
20140707,18.47,18.47,18.01,18.15,329700
20140708,18.22,18.48,18.16,18.48,282900
20140710,18.48,18.48,18.04,18.14,545900
20140711,18.14,18.4,18,18,335000
20140714,18.02,18.48,18.02,18.31,738000
20140715,18.42,18.42,18.06,18.09,372600
20140716,18.15,18.32,17.8,17.94,694700
20140717,18.01,18.01,17.58,17.58,644900
20140718,17.71,18.06,17.71,18.06,879400
20140721,18.04,18.58,17.95,18.48,797900
20140722,18.51,19.05,18.39,18.94,761900
20140723,18.87,19.23,18.74,18.98,1192600
20140724,18.92,19.27,18.89,18.89,740200
20140725,18.95,19.21,18.77,18.92,216200
20140728,19.04,19.2,18.52,18.7,283200
20140729,18.7,18.84,18.45,18.77,246300
20140730,18.68,18.83,18.52,18.65,560800
20140731,18.69,18.8,18.33,18.45,421700
20140801,18.57,18.83,18.35,18.58,262800
20140804,18.72,19.43,18.63,19.37,518600
20140805,19.37,20.55,19.37,19.9,1793600
20140806,19.75,19.94,19.41,19.41,531900
20140807,19.45,19.66,19.06,19.6,674000
20140808,19.6,19.94,19.35,19.56,751400
20140811,19.82,20.25,19.72,20.11,1062000
20140812,20.09,20.74,19.92,20.74,754100
20140813,20.58,21.25,20.53,21.25,5496800
20140814,21.19,21.19,20.67,20.8,938700
20140815,20.82,20.96,20.53,20.73,641700
20140818,20.73,21.1,20.64,21.01,4122300
20140819,21.01,21.19,20.94,21.06,955700
20140820,21.11,21.87,20.94,21.4,950000
20140821,21.4,21.8,21.31,21.41,836000
20140822,21.85,21.87,21.34,21.54,448800
20140825,21.77,21.97,21.49,21.59,830200
20140826,21.77,22.12,21.58,21.79,724000
20140827,21.95,22.42,21.88,22.42,1932400
20140828,22.27,22.59,21.82,21.87,944500
20140829,21.93,21.98,21.2,21.2,1478100
20140901,21.29,21.31,20.34,20.41,1149000
20140902,20.27,20.92,20.13,20.34,1157600
20140903,20.28,21.04,20.06,20.53,778200
20140904,20.53,21.23,20.47,20.71,843700
20140905,20.71,21.25,20.61,20.69,595000
20140908,20.99,21.37,20.74,20.89,1000000
20140909,20.83,21.1,20.39,20.47,674600
20140910,20.24,20.88,20.24,20.76,681700
20140911,20.71,21.01,20.51,20.68,274700
20140912,20.77,20.8,20.03,20.03,1116100
20140915,19.88,20.58,19.86,20.07,501500
20140916,19.99,20.6,19.9,19.9,696400
20140917,19.85,20.46,19.85,20.19,318600
20140918,20.14,20.42,20.11,20.13,432200
20140919,20.13,20.22,19.93,19.93,576000
20140922,20.03,20.21,19.77,19.91,551100
20140923,19.91,20.39,19.86,20.25,1055500
20140924,20.24,21.2,20.02,21.15,1000800
20140925,21.15,21.46,20.85,21.31,1243700
20140926,21.4,21.6,21.08,21.34,743800
20140929,21.03,21.34,20.61,21.12,1142800
20140930,21.07,21.28,20.42,20.42,1299700
20141001,20.5,20.63,20.27,20.38,1615800
20141002,20.4,20.49,19.88,20.09,590300
20141003,20,20.67,20,20.61,920400
20141006,21.02,21.84,20.77,20.87,1620300
20141007,21.02,21.17,20.68,20.86,459800
20141008,21.01,21.3,20.77,21.07,479600
20141009,21.27,21.67,20.98,21.26,618500
20141010,20.99,21.26,20.7,20.7,854600
20141013,20.93,21.45,20.91,20.97,677800
20141014,20.84,21.48,20.84,21.21,453900
20141015,21.21,21.67,21.09,21.56,1057900
20141016,21.21,22.22,21.21,21.95,1968000
20141017,22.09,22.43,21.92,21.95,1033800
20141020,21.95,22.35,21.95,22.09,902400
20141021,21.94,22.33,21.46,21.99,1281300
20141022,22.05,22.32,21.36,21.51,1114600
20141023,21.38,21.63,20.74,20.74,1891000
20141024,20.63,21.89,20.63,21.17,831100
20141027,20.46,22.04,19.53,21.46,1839700
20141028,21.46,22.03,21.21,21.21,1291300
20141029,21.09,21.68,21.08,21.25,755800
20141030,21.5,22.09,21.33,21.75,943700
20141031,21.75,22.47,21.71,21.94,1215900
20141103,21.95,22.32,21.85,22.23,998700
20141104,22.37,22.53,21.72,22.09,885900
20141105,22.09,22.67,21.92,22.6,1239600
20141106,22.72,23.12,22.44,22.44,1429000
20141107,22.95,24.63,22.94,24.43,1701600
20141110,23.94,24.76,23.91,24.38,1617200
20141111,24.21,24.64,24.04,24.09,1928800
20141112,24.48,24.48,24,24.12,4341200
20141113,24.26,24.58,24.05,24.3,853700
20141114,24.12,24.24,22.75,23.12,1804100
20141117,23.17,23.57,22.94,23.12,627500
20141118,23.12,23.6,23.07,23.6,697400
20141119,23.66,24.14,23.35,23.45,982600
20141121,23.89,24.15,22.88,23.9,1565700
20141124,23.73,24.34,23.73,24.15,868000
20141125,24.24,24.61,23.47,23.76,996900
20141126,23.86,24.15,23.7,23.9,590100
20141127,23.87,24.48,23.7,23.7,371100
20141128,23.89,24.69,23.8,23.8,605800
20141201,23.97,24.23,23.45,23.65,1035500
20141202,23.41,24.96,23.41,24.11,918500
20141203,24.16,24.52,24.1,24.38,409300
20141204,24.56,24.58,23.96,24.2,465600
20141205,24.35,24.49,23.7,23.97,292600
20141208,23.71,24.23,23.55,23.56,648400
20141209,23.53,23.59,22.77,23.29,722000
20141210,23.43,23.43,22.41,22.84,1211200
20141211,22.86,23.66,22.86,23.15,695100
20141212,23.26,23.98,23.12,23.44,1467800
20141215,23.51,23.88,23.38,23.47,1186500
20141216,23.31,23.51,22.68,22.74,1881800
20141217,22.86,23.25,22.6,22.61,1255000
20141218,22.65,23.43,22.49,22.51,930800
20141219,22.67,23.42,22.59,23.38,733000
20141222,23.25,23.7,23.23,23.62,778400
20141223,23.73,24.06,23.3,23.3,687300
20141226,23.44,24.1,23.43,24.02,487600
20141229,24.04,24.93,23.36,24.79,756300
20141230,24.94,25.31,24.79,24.79,1022700
20150102,24.54,24.81,23.65,24.45,1077900
20150105,24.46,24.78,24.02,24.17,918400
20150106,24.17,25.3,24.17,24.58,1075000
20150107,24.76,25.52,24.74,25.23,829300
20150108,25.31,25.56,25.15,25.43,444100
20150109,25.43,25.57,24.94,25.08,386900
20150112,25.06,25.77,24.87,25.72,699200
20150113,25.86,26.15,25.44,25.7,1627600
20150114,25.7,26.64,25.5,25.57,763800
20150115,25.57,25.91,25.4,25.43,755600
20150116,25.53,26.34,25.4,26.09,703700
20150119,26.08,26.4,25.52,25.53,1010800
20150120,25.72,26.11,25.6,25.94,388000
20150121,26.03,26.31,25.53,25.67,1046000
20150122,25.82,25.95,25.08,25.13,1075800
20150123,25.26,25.41,24.87,25.41,602700
20150126,25.04,25.72,25.04,25.44,414100
20150127,25.29,25.41,24.54,25.13,713600
20150128,25.13,25.57,24.89,25.33,455700
20150129,25.3,25.51,25.13,25.38,721300
20150130,25.41,25.52,24.83,25.28,1233600
20150202,25.25,25.42,25.03,25.33,650100
20150203,25.33,25.91,25.23,25.8,1337700
20150204,25.67,26.08,24.69,24.84,1208400
20150205,24.83,25.43,24.78,24.94,614700
20150206,24.95,25.42,24.74,25.2,444700
20150209,25.33,25.65,24.97,25.65,954600
20150210,25.62,26.23,25.36,25.43,810600
20150211,25.44,25.97,25.22,25.25,678700
20150212,25.58,25.58,25.23,25.43,1181600
20150213,25.71,26.01,25.35,25.61,877600
20150218,25.97,26.8,25.65,26.55,1599400
20150219,26.67,27.25,26.56,27,720100
20150220,27.32,27.36,26.76,27.02,394500
20150223,27.11,27.54,26.82,26.9,564300
20150224,27.03,27.3,26.7,26.99,1074200
20150225,27,27.63,26.87,27.43,544800
20150226,27.56,28.02,27.34,27.67,804400
20150227,27.85,28.64,27.75,27.94,881400
20150302,27.94,28.05,27.03,27.45,1362100
20150303,27.59,27.72,27.28,27.28,603100
20150304,27.41,27.53,26.83,27.31,420500
20150305,27.41,27.71,27.21,27.45,382400
20150306,27.46,27.48,26.7,26.77,439100
20150309,26.76,27.02,26.32,26.68,593900
20150310,26.69,26.81,26.22,26.23,616000
20150311,26.28,26.56,26.14,26.47,505200
20150312,26.87,27.31,26.46,26.47,775700
20150313,26.47,26.73,25.75,26.02,546300
20150316,26.02,26.12,25.37,25.49,1622300
20150317,25.49,25.62,24.98,25.29,1658800
20150318,25.31,25.47,25.18,25.41,3940800
20150319,25.47,25.87,25.36,25.87,1770800
20150320,26.03,26.45,25.93,26.04,1108600
20150323,26.04,26.14,25.55,25.61,743800
20150324,25.71,26.45,25.63,26.36,1423800
20150325,26.3,27.35,26.23,27.1,1003500
20150326,26.99,27.44,26.69,27.3,1391500
20150327,27.51,27.54,26.56,27.15,813100
20150330,26.95,27.87,26.85,27.59,692800
20150331,27.72,28.42,27.6,28.17,1160700
20150401,28.35,28.62,28.04,28.12,657800
20150402,28.13,29.88,28.11,29.61,866100
20150406,29.99,30.15,29.43,29.9,758200
20150407,29.75,30.2,29.44,30.15,1369500
20150408,29.86,31.44,29.8,30.63,1591000
20150409,30.66,31,30.11,30.4,636700
20150410,30.49,30.73,30.06,30.19,862900
20150413,30.49,30.71,29.94,30.53,1226300
20150414,30.49,32.04,30.29,31.87,1574200
20150415,31.82,32.21,31.12,31.38,1095200
20150416,31.45,31.86,30.9,31.28,832500
20150417,31.34,31.34,30.16,30.65,1204300
20150420,30.6,30.94,29.59,30.94,914700
20150422,30.94,31.25,30.64,30.9,1058100
20150423,31.01,31.72,30.89,31.38,770100
20150424,31.48,32.03,30.92,32.03,1133800
20150427,32.09,32.68,31.42,32.25,1061800
20150428,32.41,32.41,31.2,31.58,945000
20150429,31.66,31.87,31.32,31.82,1644300
20150430,32.95,34.51,32.81,33.64,3220600
20150504,33.65,34.16,33.02,33.69,1626100
20150505,33.94,34.36,33.93,34.04,1372100
20150506,34.23,34.97,34.16,34.77,4533200
20150507,34.91,35.39,34.71,35.39,865500
20150508,35.48,36.18,35.18,35.84,1406500
20150511,35.69,37.1,35.52,36.67,955700
20150512,36.67,36.67,35.7,35.81,1082400
20150513,35.64,36.21,35.64,36,856900
20150514,36.13,36.54,35.52,36.4,1523400
20150515,36.54,37.63,36.44,37.38,1541800
20150518,37.77,37.97,37.08,37.38,1730400
20150519,37.66,37.66,35.86,36.26,1859900
20150520,36.26,36.79,35.52,36.59,1586400
20150521,36.59,37.67,36.4,37.24,1855800
20150522,37.28,37.81,36.51,37.02,979400
20150525,36.7,37.57,36.7,37.4,204400
20150526,37.04,37.43,36.87,37.04,766200
20150527,36.8,37.17,35.61,36.16,1207000
20150528,36.37,36.37,35.54,35.92,1172500
20150529,35.92,36.15,35.04,35.04,1779700
20150601,35.57,35.95,35.13,35.7,1763200
20150602,35.9,35.9,35.24,35.4,1219900
20150603,35.85,36.43,35.42,35.72,1893900
20150605,35.28,36.19,35.28,35.9,824500
20150608,35.8,36.59,35.53,35.9,1024000
20150609,36.11,36.79,35.96,36.07,1438400
20150610,36.09,36.5,35.41,35.42,864300
20150611,35.41,35.81,34.83,35.56,876400
20150612,35.02,36.49,35.02,36.4,906600
20150615,36.39,36.98,36.38,36.79,923300
20150616,36.78,37.1,36.32,36.89,972100
20150617,36.75,37.01,36.55,36.85,661500
20150618,36.82,37.07,36.49,37.07,1028900
20150619,37.05,37.05,36.22,36.93,1656900
20150622,36.93,38.84,36.93,38.25,1991300
20150623,38.45,38.76,38.12,38.47,885400
20150624,38.47,38.82,38.27,38.27,700300
20150625,38.31,38.39,37.56,38,1637400
20150626,37.9,39.16,37.9,39.1,2117800
20150629,38.85,38.85,37.07,37.47,1269000
20150630,37.48,39.98,37.43,39.52,2420800
20150701,39.55,40.75,39.55,40.21,2498500
20150702,40.41,41.33,40.07,41.17,1806300
20150703,41.39,42.37,40.92,42.3,489800
20150706,42.3,42.3,41.05,41.96,1336000
20150707,41.49,43.58,41.28,43.58,1715700
20150708,43.59,43.63,41.44,41.49,2130100
20150710,41.75,41.96,40.48,40.86,1472000
20150713,40.72,41.41,40.72,41.27,1355800
20150714,41.46,41.49,41.03,41.31,554800
20150715,41.37,42.7,41.31,42.4,1924800
20150716,42.4,43.27,41.74,42.18,1106700
20150717,42.25,42.79,41.16,41.27,989500
20150720,41.36,41.39,40.91,41.02,606100
20150721,41.02,42.82,40.97,42.78,1801900
20150722,42.58,43.57,42.35,43.14,1299000
20150723,42.89,43.82,40.74,41.07,1339800
20150724,41.38,41.65,40.26,41.31,1618600
20150727,40.8,41.34,39.78,40.65,996100
20150728,40.62,41.35,40.14,40.39,1212600
20150729,39.95,41.38,39.27,41.38,1721800
20150730,40.95,42.08,40.49,42.08,1708800
20150731,42.27,42.93,41.43,42.9,2340500
20150803,42.72,42.72,40.95,41.41,1297100
20150804,41.39,42.39,40.62,41.26,1567300
20150805,41.16,42.2,41.16,41.46,1905500
20150806,41.59,41.69,40.15,40.66,1101200
20150807,40.66,40.86,39.8,40.62,1014200
20150810,40.89,41.79,40.67,41.77,1030900
20150811,41.81,41.81,40.43,40.84,1063100
20150812,40.92,41.11,39.88,40.18,1356500
20150813,40.23,40.67,39.62,40.18,1294000
20150814,39.98,40.64,39.49,39.86,764400
20150817,40.19,40.49,39.53,40.26,595800
20150818,40.24,40.35,39.8,40.17,767000
20150819,39.99,39.99,38.05,38.36,1407900
20150820,38.52,38.61,37.6,38.36,1368200
20150821,38.17,38.62,37.61,38.09,1565400
20150824,36.64,37.92,36.09,37.26,2414900
20150825,38.31,38.31,36.11,36.57,1584000
20150826,36.48,39.41,36.48,39.13,1523200
20150827,39.13,39.54,37.35,38.67,2204300
20150828,38.72,39.42,38.15,39.34,1349200
20150831,39.24,39.24,37.86,39.15,1998500
20150901,38.53,39.03,37.98,38.54,1106000
20150902,38.54,39.34,37.39,37.7,1880700
20150903,37.96,38.55,36.88,38.44,2176900
20150904,38.06,38.44,37.68,37.77,7507000
20150908,39.15,39.43,37.73,38.34,1891600
20150909,38.6,39.33,38,38.37,1372900
20150910,37.67,39.34,37.46,39.34,1255500
20150911,39.11,39.67,38.61,39.34,938300
20150914,39.43,39.95,38.71,39.79,1388100
20150915,40.01,41.49,39.21,40.7,1430000
20150916,41.08,41.82,40.55,41.82,1766700
20150917,41.22,42.07,40.85,41,1531600
20150918,40.67,40.86,39.5,39.96,1252200
20150921,39.82,40.6,39.15,39.15,663200
20150922,38.47,40.26,38.24,39.85,1035300
20150923,39.75,40.22,38.63,38.86,1376600
20150924,38.18,39.36,37.67,39.22,1303500
20150925,39.74,39.74,38.55,38.55,931200
20150928,38.09,38.77,37.63,38.11,653700
20150929,37.88,38.38,37.66,37.88,881100
20150930,39.09,39.13,37.64,38.65,1550800
20151001,38.66,39.5,37.88,39.22,3134000
20151002,39.21,40.31,38.95,40.17,1275000
20151005,40.53,40.86,38.59,38.9,1390900
20151006,38.9,40.14,38.78,39.77,901700
20151007,40.48,41.21,39.79,41.21,1215700
20151008,40.93,41.79,40.59,41.76,1374900
20151009,42,42,40.68,40.86,923900
20151013,40.74,41.5,39.98,40.28,892200
20151014,40.33,40.56,39.45,39.5,1720500
20151015,39.51,40.47,39.31,39.89,918200
20151016,40.23,40.52,39.54,40.18,848000
20151019,40.17,40.69,39.65,40.21,2225900
20151020,40.2,41.95,40.14,41.22,1624600
20151021,41.24,41.58,40.65,41.02,943500
20151022,41.22,43,40.88,43,1696400
20151023,43.36,43.67,41.58,41.95,1012000
20151026,41.61,42.76,41.44,41.52,759200
20151027,41.53,42.21,41.26,41.32,1346400
20151028,41.31,42.58,40.15,40.42,2116100
20151029,40.09,40.74,38.98,39.05,1590000
20151030,39.26,39.78,38.79,39.53,2038900
20151103,40.22,41.06,39.8,40.73,1941300
20151104,41.42,42.16,41.22,41.62,2325500
20151105,41.61,42.26,41.28,41.77,1472100
20151106,41.52,41.97,39.93,41.36,1367700
20151109,41.32,41.99,40.15,40.52,1227200
20151110,40.51,40.51,38.87,39.76,1020900
20151111,39.77,41.48,39.7,41.03,952600
20151112,41.02,41.7,40.73,41.05,1378500
20151113,40.77,41.92,40.18,41.69,1069400
20151116,41.4,42.28,41.29,41.7,1481700
20151117,42.11,42.98,41.83,42.58,1288600
20151118,42.97,43.2,42.39,42.5,972300
20151119,42.9,43.02,42.15,42.34,690300
20151123,42.62,43.25,41.65,42.42,856900
20151124,42.15,43.01,41.38,42.85,1056800
20151125,42.52,42.84,41.76,42.52,1643900
20151126,42.61,42.69,41.68,42.27,754100
20151127,41.97,41.98,40.02,40.02,1036300
20151130,39.7,41.01,39.2,39.2,3369000
20151201,39.25,40.13,38.25,40.13,1464000
20151202,39.86,40.82,38.85,39.05,1997800
20151203,39.6,40.83,38.78,38.85,1953500
20151204,39.12,39.5,38.38,38.55,2143100
20151207,38.57,39.39,38.56,39.08,1087600
20151208,39.15,39.64,38.17,38.52,1114100
20151209,38.82,40.83,38.62,40.78,1201200
20151210,40.53,40.53,39.18,39.18,1372300
20151211,39.38,39.57,38.16,39.01,1233700
20151214,38.72,39.36,38.11,38.46,1123500
20151215,38.67,38.94,37.29,37.37,1086900
20151216,37.25,37.4,36.11,36.68,1550100
20151217,37.19,38.37,37.12,38.14,1642700
20151218,37.22,37.27,35.69,35.69,2250500
20151221,35.8,36.76,34.56,35.16,1586400
20151222,35.18,35.66,34.36,34.7,3295500
20151223,34.69,36.18,34.53,35.83,1421400
20151228,35.69,36.45,35.24,36.38,583800
20151229,36.19,36.33,35.79,35.93,735600
20151230,36.08,36.23,33.95,35.17,2467000
20160104,34.7,35.44,34.49,34.85,1660500
20160105,35.1,36.57,34.6,36.48,1522900
20160106,36.22,37.17,35.9,36.82,2232600
20160107,36.56,37.78,35.8,37.29,2627100
20160108,37.22,37.61,36.7,37,3069600
20160111,36.92,37.1,35.47,36.95,2126100
20160112,36.95,37.55,36.35,37.52,2445200
20160113,37.63,37.7,37.23,37.49,3026300
20160114,37.73,37.92,36.96,37.77,1761600
20160115,37.35,37.82,37.04,37.82,2387200
20160118,38.14,38.14,36.47,36.73,894700
20160119,37.43,37.54,36.6,37.33,2855800
20160120,37.17,37.17,35.33,36.24,2828800
20160121,36.24,37.54,35.69,37.48,1223100
20160122,37.53,38.52,37.23,38.52,1208200
20160126,38.45,38.45,37.25,38.31,1666600
20160127,38.07,39.06,37.26,38.61,1655400
20160128,38.65,39.53,38.27,39.36,1609500
20160129,39.55,41.7,39.1,41.12,3907800
20160201,41.75,41.99,40.52,41.98,2509600
20160202,41.52,42.4,41.44,41.88,3720700
20160203,42.18,43.07,41.64,43.02,1472000
20160204,43.07,43.82,42.05,43.27,2047000
20160205,43.09,43.54,42.28,42.44,1433600
20160210,42.43,43.81,42.27,43.52,1083700
20160211,43.24,43.41,42.23,42.53,1768900
20160212,42.93,43.08,42.09,42.23,1555700
20160215,43.1,43.11,42.11,42.28,648400
20160216,42.49,44.14,42.32,43.44,1442800
20160217,43.32,44.61,42.93,43.38,1777900
20160218,43.35,44.31,42.39,44.12,1199000
20160219,44.14,45.26,43.54,45.26,942000
20160222,45.58,46.08,44.67,45.45,1505900
20160223,45.38,45.71,44.2,44.89,1336100
20160224,44.13,45.07,43.86,44.81,1266500
20160225,44.49,44.59,43.42,43.97,1609100
20160226,44.27,44.87,43.62,44.41,1237400
20160229,45.09,45.94,44.47,45.61,1550000
20160301,45.93,46.66,45.37,46.11,1508000
20160302,45.76,46.8,45.67,46.56,1749400
20160303,46.87,47.09,45.78,46.07,2198200
20160304,46.57,46.57,44.13,46.15,2655400
20160307,46.27,47.59,45.54,46.32,2012200
20160308,46.42,47.08,45.98,46.94,2217500
20160309,47.07,47.22,46.25,46.72,1133200
20160310,47.09,47.93,45.59,47.93,2315500
20160311,47.84,47.92,47.24,47.62,1060600
20160314,47.49,47.9,46.62,47.22,982900
20160315,46.89,47.59,46,46.35,1420000
20160316,46.03,46.6,45.42,46.25,1351200
20160317,46.89,48.67,46.19,48.3,1670200
20160318,48.64,50.4,48.59,50.09,2150000
20160321,50.06,51.48,49.57,51.35,1388600
20160322,51.35,52.01,50.86,51.23,1559800
20160323,50.68,51.92,50.44,51.92,1180000
20160324,51.19,51.84,50.68,51.62,1403700
20160328,51.97,52.57,51.43,52.57,830000
20160329,52.57,53.2,51.69,51.69,1045900
20160330,52.22,53.43,51.88,52.1,1613300
20160331,52.08,52.59,51.58,51.87,1692400
20160401,52.08,52.67,51.73,52.62,1025300
20160404,52.29,52.37,50.58,50.88,971800
20160405,51.09,51.31,49.91,49.94,2507900
20160406,49.81,50.28,49.7,49.7,1909000
20160407,50.44,53.02,50.09,52.34,2296200
20160408,53.51,54.02,53.19,53.68,1908200
20160411,53.9,54.25,52.77,52.77,873400
20160412,52.87,54.22,52.17,53.1,998200
20160413,54.26,54.64,52.8,52.8,1089700
20160414,52.94,53.86,52.33,53.09,1325200
20160415,53.18,55.69,53.17,55.69,1415900
20160418,55.94,55.94,53.75,54.17,834300
20160419,54.17,55.38,53.88,54.86,618900
20160420,54.97,54.97,53.23,53.74,1137900
20160422,53.32,54.1,52.55,53.14,896900
20160425,53.35,53.61,52.61,52.93,859300
20160426,53.43,54.28,52.97,52.97,493200
20160427,53.64,55.02,53.34,54.64,653800
20160428,54.29,55.1,53.81,54.66,671500
20160429,55.29,56.13,54.7,54.7,1113300
20160502,55.04,55.2,54.11,54.5,711900
20160503,54.15,54.67,53.26,53.66,514000
20160504,53.94,54.67,52.48,53.76,563900
20160505,53.95,54.39,53.24,53.36,445400
20160506,53.27,53.9,53.05,53.61,449500
20160509,53.62,54.43,53.04,54.08,596400
20160510,54.54,55.1,52.93,54.66,877600
20160511,55.47,55.8,54.88,55.25,1211700
20160512,55.71,58.09,55.29,57.19,947800
20160513,57.36,57.89,56.83,57.39,979100
20160516,57.77,58.03,57.06,57.74,539100
20160517,58.02,58.2,56.69,56.93,994500
20160518,56.25,56.92,55.42,55.75,824800
20160519,55.14,55.3,53.76,53.8,1481000
20160520,54.56,56.42,54.39,55.7,1466700
20160523,54.66,57.26,54.66,56.83,1186600
20160524,56.86,58.01,56.53,56.53,624600
20160525,57.16,57.4,55.63,55.67,574200
20160527,55.5,56.95,55.41,55.53,954600
20160530,55.6,56.53,55.45,56.36,313500
20160531,56.45,57.77,56.01,57.38,2871400
20160601,57.47,59.74,57.35,59.44,1485000
20160602,59.71,59.97,58.72,59.52,757500
20160603,59.6,60.82,59.18,60.27,842300
20160606,60.27,61.11,60.23,60.56,706400
20160607,60.37,60.91,59.58,60.06,852200
20160608,60.36,61.54,60.02,60.62,1201400
20160609,60.91,61.28,60.52,60.68,460300
20160610,59.92,60.89,59.66,60.08,460600
20160613,60.06,60.71,59.23,60.42,659600
20160614,60.42,60.58,58.35,58.48,1104200
20160615,58.5,59.96,58.24,59.62,1464000
20160616,59.07,60.05,58.44,60.02,885000
20160617,60.58,60.58,59.07,59.26,982800
20160620,60.15,61.28,59.89,60.82,563800
20160621,60.86,61.92,60.46,61.92,659100
20160622,61.56,61.93,59.75,60.62,894000
20160623,60.65,60.88,60.02,60.22,865500
20160624,60.17,60.17,58.49,59.33,1352000
20160627,59.25,61.14,59.24,60.54,846400
20160628,60.61,61.51,60.36,60.76,783000
20160629,61.71,62.08,61.24,61.93,1049900
20160630,62.08,63.21,61.31,62.88,1503100
20160701,62.85,63.11,61.54,62.15,1639900
20160704,62.52,62.52,61.6,62,334400
20160705,61.45,63.05,61.4,62.24,638400
20160706,61.94,62.18,61.24,61.44,729900
20160707,61.74,61.74,60.2,60.4,858400
20160708,61.06,62.13,60.85,61.73,635200
20160711,62,63.18,61.81,62.68,721800
20160712,63.16,63.67,62.71,63.18,751500
20160713,63.18,63.63,62.19,63.09,895400
20160714,63.53,63.61,62.34,62.82,680600
20160715,62.83,63.4,61.64,62.44,708700
20160718,62.34,63.18,62.01,62.98,694000
20160719,62.89,64.38,62.46,63.75,2294400
20160720,64.28,65.6,63.29,63.54,1386100
20160721,64.15,64.47,62.94,63.63,570800
20160722,63.74,64.31,63.17,63.83,536600
20160725,63.66,63.95,62.99,63.71,499400
20160726,63.72,63.82,62.06,62.06,910900
20160727,62.63,62.78,61.84,61.9,841000
20160728,62.24,63.93,62.11,63.93,927100
20160729,65.03,66.72,64.9,66,1338700
20160801,66.04,66.2,65.56,65.98,1056700
20160802,65.73,65.99,64.83,65.14,751900
20160803,65.14,65.31,63.97,65.28,1124100
20160804,65.28,66.22,64.93,65.18,877200
20160805,65.42,66.7,65.13,65.68,568900
20160808,65.68,66.12,64.84,65.35,383900
20160809,65.72,65.73,63.56,64.15,913500
20160810,64.3,64.67,62.43,62.88,765500
20160811,63.05,63.48,62.56,63.08,721700
20160812,63.33,63.39,62.36,62.44,681200
20160815,62.45,63.09,61.74,61.75,904800
20160816,61.46,61.46,59.38,59.45,1935400
20160817,59.55,61.1,58.1,61.1,3023000
20160818,61.16,61.37,60.16,60.76,1521100
20160819,60.7,61.8,59.42,61.22,907200
20160822,61.32,61.43,59.28,59.73,796200
20160823,59.88,60.08,58.95,58.97,861900
20160824,57.98,58.67,57.48,58.34,1262200
20160825,58.6,60.58,58.31,59.95,1519500
20160826,60.27,60.78,58.75,59.41,1086200
20160829,59.45,59.6,58.16,59.3,772000
20160830,59.59,59.59,58.16,58.94,792900
20160831,58.9,59.43,57.66,59.43,1366400
20160901,59.35,59.67,58.2,59.3,1331600
20160902,59.46,61.57,58.98,61.24,1743900
20160905,61.54,62.24,61.09,61.84,734200
20160906,62.13,62.91,61.56,62.91,1035800
20160908,62.84,63.37,62.09,62.89,1489200
20160909,61.91,62.91,61.72,61.99,1160400
20160912,61.98,63.77,61.71,63.77,1044600
20160913,63.49,63.57,62.38,62.77,964700
20160914,62.65,63.62,62.54,63.44,596500
20160915,63.73,64.73,63.73,64.33,1203800
20160916,64.17,64.94,63.43,64.94,1170600
20160919,64.98,66.32,64.98,66.32,1288500
20160920,66.61,68.42,66.26,68.16,1745000
20160921,67.59,69.31,67.21,68.91,1145600
20160922,69.43,69.44,67.01,67.3,1095700
20160923,66.92,68.22,66.92,67.74,717700
20160926,67.69,67.94,66.52,66.52,972500
20160927,66.63,67.7,66.1,66.46,812400
20160928,66.5,67.13,65.74,66.45,788100
20160929,66.45,67.53,66.1,66.11,924700
20160930,66.09,67.26,65.05,66.13,1292600
20161003,65.58,67.68,65.36,66.52,1073300
20161004,66.51,67.32,65.83,67.32,876800
20161005,67.59,69.14,67.36,68.59,763500
20161006,68.52,68.94,67.47,67.49,726700
20161007,67.82,68.33,66.78,68.19,883600
20161010,68.21,68.4,67.28,67.35,729700
20161011,67.35,67.64,66.95,66.95,690500
20161013,66.85,68.74,66.67,68.5,2161600
20161014,68.49,70.32,68.06,68.79,847900
20161017,69.58,70.81,68.68,69.84,1089800
20161018,69.84,70.15,69.05,69.74,791200
20161019,69.74,70.38,68.21,68.59,715200
20161020,68.21,69.32,67.55,68.84,746100
20161021,68.86,69.53,68.56,68.81,394600
20161024,69.23,70.13,68.74,69.84,788900
20161025,70.14,70.26,69.09,69.64,924100
20161026,69.54,69.6,68.44,68.81,907700
20161027,69.08,70,68.38,68.58,1044600
20161028,69.94,70.54,69.14,69.84,1379400
20161031,69.94,70.98,69.2,70.7,1103000
20161101,71.06,71.08,68.8,69.23,939600
20161103,69.22,69.22,66.45,66.85,1343700
20161104,66.86,67.72,66.23,66.89,1086600
20161107,67.4,68.44,66.4,68.18,758100
20161108,68.19,68.53,66.45,66.85,652200
20161109,65.5,67.51,64.53,66.93,1186500
20161110,67.1,68.03,64.36,65.31,1309600
20161111,64.45,66.05,63.35,63.81,1576500
20161114,63.34,65.94,62.99,64.6,1667800
20161116,64.05,65.98,63.86,65.04,1049200
20161117,65.11,65.64,63.53,63.8,9927600
20161118,63.35,66.23,63.31,65.03,1216700
20161121,65.55,66.11,64.75,65.75,747400
20161122,66.55,66.83,65.62,65.85,741500
20161123,65.71,65.95,63.94,64.79,984500
20161124,64.83,65.1,64.44,64.71,211100
20161125,64.5,64.54,63.49,64.15,405200
20161128,64.15,65.43,63.52,65.02,914600
20161129,64.56,65.03,64.03,64.03,776500
20161130,64.85,65.19,63.51,64.34,1141100
20161201,63.53,64.43,61.29,62.46,1801000
20161202,61.54,61.96,60.36,61.44,1343800
20161205,61.62,61.63,60.47,60.97,905700
20161206,60.45,62.72,59.74,61.97,1085900
20161207,62.9,63.35,61.16,62.66,887700
20161208,63.46,63.46,60.73,61.86,801600
20161209,62.18,62.36,60.66,61.31,740000
20161212,60.67,60.82,59.9,60.56,1033100
20161213,60.12,60.97,58.89,59.41,1352000
20161214,59.41,60.4,58.69,58.86,1093000
20161215,58.86,59.13,58.06,58.08,1351300
20161216,58.39,59,58.06,58.06,919100
20161219,58.06,58.48,57.7,58.11,707400
20161220,58.96,58.96,57.92,58.04,1048600
20161221,58.33,59.84,58,59.46,1241300
20161222,59.25,60.34,58.91,58.91,922000
20161223,58.89,59.55,58.24,58.4,630500
20161226,58.79,59.42,58.63,59.34,155900
20161227,59.49,59.85,58.51,59.52,367600
20161228,59.52,60.02,58.72,60.02,389900
20161229,59.93,61.37,59.6,61.19,615200
20170102,60.62,61.08,59.81,60.63,309900
20170103,60.74,63.27,60.74,62.95,1015900
20170104,62.83,62.93,61.59,62.06,701000
