<DTYYYYMMDD>,<OPEN>,<HIGH>,<LOW>,<CLOSE>,<VOL>
20100601,12.39,12.52,12.25,12.29,1669100
20100602,12.37,12.56,12,12.48,773000
20100604,12.33,12.47,12.2,12.34,1003200
20100607,12.27,12.49,12.13,12.2,676400
20100608,12.33,12.42,12.06,12.27,873200
20100609,12.41,12.67,12.33,12.42,1031900
20100610,12.64,12.82,12.52,12.78,1072900
20100611,12.78,13.44,12.69,13.21,2547000
20100614,13.18,13.44,12.92,12.92,801000
20100615,12.92,13.11,12.92,12.96,508800
20100616,12.92,13.08,12.85,13.01,1328300
20100617,12.98,13.33,12.98,13.28,1304600
20100618,13.16,13.69,13.16,13.63,3328100
20100621,13.67,13.82,13.26,13.37,1533000
20100622,13.43,13.57,13.16,13.24,1398500
20100623,13.22,13.31,13.05,13.24,867600
20100624,13.17,13.24,12.92,13.09,1641100
20100625,13.08,13.31,13.01,13.22,854500
20100628,13.19,13.42,13.05,13.05,268700
20100629,12.85,12.97,12.35,12.54,1357600
20100630,12.71,12.73,12.15,12.15,2093700
20100701,12.37,12.49,11.91,12.41,3243000
20100702,12.46,12.72,12.35,12.64,1229600
20100705,12.74,12.78,12.46,12.62,813400
20100706,12.85,13.16,12.76,13.16,2097300
20100707,13.06,13.49,13.06,13.47,1296500
20100708,13.51,13.91,13.51,13.82,1548200
20100712,13.85,14.28,13.85,14.21,1922100
20100713,14.2,14.52,14.17,14.5,1209900
20100714,14.41,14.61,14.21,14.29,1976500
20100715,14.21,14.35,13.99,14.11,1561800
20100716,14.11,14.18,13.6,13.6,1236100
20100719,13.65,14.13,13.65,14.1,605100
20100720,13.99,14.31,13.75,14.28,1062600
20100721,14.41,14.88,14.35,14.71,3153500
20100722,14.82,15.04,14.77,14.78,4573400
20100723,14.8,15.01,14.68,14.88,2975000
20100726,14.91,14.99,14.7,14.7,1625300
20100727,14.94,15.12,14.87,14.95,1988200
20100728,14.88,15.27,14.87,15.27,1430500
20100729,15.34,15.58,15.16,15.18,3181000
20100730,14.94,15.68,14.92,15.43,2596000
20100802,15.54,15.65,15.36,15.41,1640800
20100803,15.33,15.4,15.09,15.24,1402400
20100804,15.34,15.34,15.04,15.1,1048600
20100805,15.27,15.34,15.02,15.16,1047800
20100806,15.11,15.32,14.96,15.16,1129100
20100809,15.22,15.39,15.16,15.24,997400
20100810,15.11,15.33,15.04,15.22,1057300
20100811,15.21,15.21,14.68,14.81,1734900
20100812,14.68,15.08,14.52,14.96,1447800
20100813,14.95,15.08,14.78,14.88,4516900
20100816,14.85,15.17,14.85,15.17,1190900
20100817,15.24,15.48,15.05,15.36,1545300
20100818,15.28,15.43,15.12,15.33,1396100
20100819,15.37,15.37,15.04,15.13,1196300
20100820,15.14,15.2,15.02,15.08,1256300
20100823,15.01,15.22,15.01,15.14,1652600
20100824,14.87,15.09,14.85,14.98,2253100
20100825,14.92,14.94,14.59,14.81,2980700
20100826,14.89,14.91,14.28,14.33,2542000
20100827,14.56,14.58,14.13,14.43,2961900
20100830,14.28,14.57,14.27,14.42,2153300
20100831,14.18,14.81,14.16,14.81,8305900
20100901,14.94,14.94,14.81,14.94,5512300
20100902,14.88,14.94,14.51,14.61,3671100
20100903,14.8,14.8,14.5,14.64,1603600
20100906,14.56,14.68,14.5,14.61,210300
20100908,14.35,14.76,14.25,14.56,2620100
20100909,14.61,14.61,14.44,14.48,999400
20100910,14.59,14.59,14.29,14.37,915100
20100913,14.56,14.81,14.48,14.69,1692000
20100914,14.61,14.8,14.43,14.43,1547600
20100915,14.19,14.28,13.89,14.28,4410800
20100916,14.25,14.59,14.02,14.52,2166100
20100917,14.37,14.64,14.37,14.54,1017200
20100920,14.64,14.9,14.45,14.9,1341200
20100921,14.89,14.91,14.54,14.63,1572300
20100922,14.52,14.76,14.42,14.51,1644800
20100923,14.57,14.68,14.5,14.51,3095400
20100924,14.56,14.77,14.46,14.64,2121800
20100927,14.57,14.85,14.52,14.64,1251100
20100928,14.57,14.77,14.5,14.67,1063900
20100929,14.64,14.82,14.56,14.67,2711400
20100930,14.67,15.39,14.67,15.24,2220700
20101001,15.43,15.69,15.29,15.64,2979500
20101004,15.51,15.77,15.47,15.77,1251400
20101005,15.82,16.16,15.73,16.16,2828000
20101006,16.04,16.26,15.97,16.12,3240400
20101007,16.38,16.38,16.15,16.34,2988000
20101008,16.2,16.74,16.05,16.68,2893600
20101011,16.51,16.64,16.44,16.46,1295800
20101013,16.7,17.05,16.59,16.88,2345200
20101014,16.88,16.9,16.54,16.72,2309900
20101015,16.77,16.78,16.49,16.63,1167700
20101018,16.38,16.66,16.18,16.4,2012600
20101019,16.14,16.78,16.14,16.28,1965100
20101020,16.42,16.62,16.18,16.22,1489100
20101021,16.24,16.57,16.05,16.14,1674700
20101022,16.21,16.36,16.14,16.19,1323600
20101025,16.41,16.64,16.15,16.61,1146900
20101026,16.33,16.83,16.3,16.66,1502400
20101027,16.6,16.76,16.42,16.63,1041400
20101028,16.71,16.71,16.22,16.38,2797200
20101029,16.38,16.5,16.02,16.12,2246100
20101101,16.19,16.54,16,16.11,1559000
20101103,16.3,16.84,16.12,16.71,3556500
20101104,16.8,17.37,16.6,17.17,2140600
20101105,17.04,17.11,16.88,16.95,1228800
20101108,16.94,17.41,16.8,17.35,1765500
20101109,17.18,17.21,16.37,16.38,6975700
20101110,16.54,16.71,16.32,16.55,2457600
20101111,16.55,16.55,16.2,16.22,2553500
20101112,16.2,16.33,15.91,16.24,1066700
20101116,15.98,16.38,15.64,15.9,1740300
20101117,15.82,16.15,15.69,15.77,1170200
20101118,15.98,16.24,15.92,16.15,1679800
20101119,16.15,16.29,15.88,15.94,1931500
20101122,15.82,15.97,15.45,15.71,1197300
20101123,15.4,15.65,15.21,15.31,1526500
20101124,15.38,15.84,15.38,15.71,1348500
20101125,15.74,15.99,15.66,15.69,364400
20101126,15.55,15.55,15.14,15.21,2301300
20101129,14.94,15.14,14.84,14.94,2085800
20101130,14.91,14.97,14.76,14.81,7249800
20101201,15.11,15.53,15.03,15.47,3022000
20101202,15.45,15.85,15.39,15.61,2457600
20101203,15.52,15.53,15.03,15.09,1587200
20101206,15.07,15.11,14.73,14.77,1388700
20101207,15.04,15.11,14.74,14.74,2040200
20101208,14.75,14.86,14.61,14.63,1195800
20101209,14.71,15.26,14.67,15.08,3337300
20101210,15.11,15.33,14.91,15.17,2696700
20101213,15.06,15.3,14.88,15.08,3453800
20101214,15.05,15.19,14.85,14.93,1472700
20101215,14.77,14.9,14.66,14.74,2010900
20101216,14.77,14.84,14.47,14.66,1183100
20101217,14.58,14.87,14.52,14.73,1247200
20101220,14.77,14.79,14.5,14.5,1997500
20101221,14.59,14.71,14.44,14.5,1418400
20101222,14.5,14.83,14.47,14.83,1907200
20101223,14.87,15.13,14.74,15,1920300
20101227,14.88,15.11,14.85,14.95,726400
20101228,15.13,15.17,14.98,15.08,908500
20101229,15.02,15.35,15.02,15.26,537300
20101230,15.33,15.42,15.13,15.39,1805100
20110103,15.49,15.66,15.15,15.28,1733900
20110104,15.28,15.46,15.1,15.28,1726900
20110105,15.24,15.43,15.15,15.39,3035500
20110106,15.37,15.42,15.12,15.12,3040800
20110107,15.08,15.21,14.7,14.92,1902400
20110110,14.7,14.91,14.57,14.89,1418100
20110111,14.91,15.13,14.91,15.04,1024700
20110112,15.15,15.4,15.15,15.34,1452000
20110113,15.42,15.57,15.1,15.11,1107100
20110114,15.18,15.38,15.01,15.35,927600
20110117,15.23,15.23,15.11,15.14,345700
20110118,15.22,15.38,15.11,15.14,1826200
20110119,15.12,15.19,14.54,14.54,3171100
20110120,14.47,14.51,14.01,14.1,3382200
20110121,14.19,14.44,14.13,14.31,2888000
20110124,14.31,14.42,14.16,14.23,1819900
20110126,14.1,14.1,13.8,13.84,3769000
20110127,13.88,14.06,13.74,13.78,2449900
20110128,13.8,13.84,13.16,13.37,3174300
20110131,13.44,13.5,13.11,13.19,1300700
20110201,13.3,13.6,13.24,13.45,2135100
20110202,13.44,13.52,13.02,13.02,2191300
20110203,13.02,13.02,12.63,12.76,3350400
20110204,12.83,12.83,12.31,12.5,6060500
20110207,12.72,12.84,12.31,12.76,2650700
20110208,12.66,13,12.66,12.78,2905000
20110209,12.81,12.82,12.44,12.49,2715600
20110210,12.55,13.09,12.55,12.9,3649400
20110211,12.99,13.41,12.78,13.19,1513100
20110214,13.09,13.41,12.91,13.25,1195700
20110215,13.27,13.64,12.98,13.53,1887500
20110216,13.58,14.16,13.56,13.99,4174200
20110217,13.92,14.12,13.75,13.84,2588000
20110218,13.61,14.12,13.5,14.08,2291600
20110221,13.85,13.98,13.66,13.68,587300
20110222,13.6,13.84,13.32,13.41,2470600
20110223,13.43,13.62,13.19,13.51,1913200
20110224,13.58,13.76,13.34,13.44,1177700
20110225,13.45,13.58,13.17,13.45,1722600
20110228,13.69,13.82,13.43,13.71,1291000
20110301,13.71,13.86,13.32,13.32,1721400
20110302,13.33,13.59,13.3,13.42,1107000
20110303,13.41,13.7,13.41,13.58,1225600
20110304,13.51,13.78,13.37,13.47,1758000
20110309,13.4,13.57,13.34,13.39,1652100
20110310,13.3,13.37,12.91,12.91,1778500
20110311,12.96,13.31,12.89,13.13,2640700
20110314,13.1,13.31,13.05,13.23,1172500
20110315,12.89,13.38,12.84,13.37,1586600
20110316,13.43,13.54,13.06,13.14,3471800
20110317,13.32,13.56,12.91,13.06,1598100
20110318,13.17,13.26,13.04,13.04,2539600
20110321,13.23,13.32,13.11,13.24,1299700
20110322,13.18,13.58,13.15,13.45,2087700
20110323,13.35,13.64,13.31,13.55,2193300
20110324,13.64,13.67,13.48,13.5,823900
20110325,13.6,13.62,13.34,13.38,1477800
20110328,13.31,13.46,13.27,13.27,782800
20110329,13.26,13.58,13.14,13.14,1197900
20110330,13.25,13.55,13.23,13.55,1508100
20110331,13.48,13.75,13.48,13.62,2648400
20110401,13.75,13.99,13.56,13.56,3108200
20110404,13.69,13.75,13.31,13.36,3248100
20110405,13.32,13.38,13.2,13.26,2566100
20110406,13.31,13.38,13.25,13.27,2176100
20110407,13.36,13.38,13.24,13.31,1466200
20110408,13.24,13.3,12.82,12.89,2890900
20110411,12.93,12.96,12.61,12.65,2933400
20110412,12.61,12.7,12.4,12.65,2223600
20110413,12.76,12.77,12.6,12.71,2083900
20110414,12.68,12.73,12.41,12.44,2310100
20110415,12.52,12.72,12.34,12.63,2704800
20110418,12.4,12.76,12.19,12.72,2108200
20110419,12.82,12.93,12.52,12.56,2187200
20110420,12.78,12.79,12.46,12.5,2344200
20110425,12.45,12.56,12.41,12.43,1047600
20110426,12.43,12.5,12.28,12.34,3503600
20110427,12.36,12.93,12.35,12.93,5718600
20110428,12.74,12.85,12.34,12.34,3921500
20110429,12.35,12.57,12.32,12.45,3023800
20110502,12.48,12.64,12.34,12.34,1677200
20110503,12.31,12.43,12.05,12.08,2724400
20110504,12.22,12.31,12.05,12.12,4060900
20110505,12.03,12.38,12,12.27,2969800
20110506,12.52,12.7,12.39,12.65,3089100
20110509,12.72,12.75,12.48,12.71,1969400
20110510,12.71,12.85,12.63,12.69,3282600
20110511,12.62,12.72,12.54,12.65,1793900
20110512,12.62,12.7,12.52,12.63,1585100
20110513,12.62,12.63,12.43,12.43,1480400
20110516,12.41,12.62,12.25,12.25,1449100
20110517,12.32,12.36,12.17,12.34,1113300
20110518,12.37,12.42,11.97,11.97,1680600
20110519,12.02,12.2,11.88,11.89,1535300
20110520,12.03,12.03,11.86,11.97,1666800
20110523,11.77,12.1,11.77,12.1,3631900
20110524,12.18,12.21,12.01,12.19,1679600
20110525,12.17,12.17,12.01,12.03,1123500
20110526,12.03,12.3,11.95,12.3,1756300
20110527,12.38,12.48,12.21,12.29,1686500
20110530,12.29,12.41,12.15,12.17,435700
20110531,12.38,12.38,12.1,12.28,1983000
20110601,12.36,12.36,12.02,12.07,1749400
20110602,12.09,12.28,11.95,12.28,1917100
20110603,12.16,12.42,12.07,12.25,1184600
20110606,12.2,12.26,11.88,11.97,2526900
20110607,12,12.31,12,12.16,2325000
20110608,12.11,12.2,11.87,11.96,2580100
20110609,11.97,12.07,11.86,11.96,1572700
20110610,12.05,12.05,11.75,11.79,1331100
20110613,11.82,12.09,11.8,12,1528100
20110614,12.05,12.15,11.97,12.13,2359900
20110615,12.01,12.26,11.93,12.1,3562900
20110616,12.07,12.32,12.03,12.25,3037600
20110617,12.42,12.52,12.16,12.52,7150200
20110620,12.34,12.55,12.34,12.48,1312500
20110621,12.51,12.55,12.26,12.27,2155300
20110622,12.31,12.49,12.26,12.3,2611200
20110624,12.19,12.42,12.12,12.12,1496900
20110627,12.16,12.27,12.04,12.11,1594700
20110628,12.11,12.46,12.11,12.46,1979800
20110629,12.5,12.68,12.5,12.65,2901800
20110630,12.68,12.85,12.53,12.85,2338400
20110701,12.83,12.86,12.59,12.73,1849700
20110704,12.75,12.82,12.64,12.78,600300
20110705,12.75,12.77,12.58,12.68,1577300
20110706,12.56,12.64,12.42,12.46,1436700
20110707,12.64,12.64,12.28,12.28,2075400
20110708,12.22,12.27,11.98,11.99,1434700
20110711,11.81,12.01,11.62,11.66,1990000
20110712,11.59,11.9,11.4,11.4,3306700
20110713,11.52,11.67,11.33,11.45,4852900
20110714,11.44,11.44,11.02,11.09,2460500
20110715,11.09,11.27,11.02,11.02,2739800
20110718,10.99,10.99,10.6,10.71,3074200
20110719,10.78,10.91,10.66,10.72,4212300
20110720,10.81,10.98,10.69,10.74,3284700
20110721,10.74,11.14,10.74,10.99,1889300
20110722,11,11.21,10.79,11.2,6187200
20110725,11.02,11.14,10.97,11.12,4031800
20110726,11.11,11.16,11,11.1,10299100
20110727,10.92,10.96,10.35,10.39,10455100
20110728,10.53,10.56,10.08,10.18,7309500
20110729,10.09,10.27,9.88,10.23,7597300
20110801,10.28,10.39,10.15,10.26,4016800
20110802,10.22,10.31,10.12,10.13,4213400
20110803,10.08,10.24,9.84,9.98,3527600
20110804,9.89,9.91,9.66,9.76,8893100
20110805,9.87,10.07,9.73,9.91,5941800
20110808,9.65,9.72,9.09,9.09,4395700
20110809,9.24,9.75,9.23,9.65,5878100
20110810,9.41,9.51,9.23,9.36,3932100
20110811,9.4,9.83,9.32,9.69,3676300
20110812,9.82,10.12,9.6,10.04,3410700
20110815,10.27,10.36,10.11,10.22,1714200
20110816,10.13,10.39,9.95,10.36,4376500
20110817,10.37,10.74,10.22,10.67,3551400
20110818,10.29,10.39,9.97,10.15,3574700
20110819,10.08,10.22,9.79,9.79,2900100
20110822,10.07,10.24,9.67,10.02,3838700
20110823,10.06,10.06,9.56,9.77,3683300
20110824,9.76,9.88,9.6,9.76,2243500
20110825,10.15,10.36,9.84,10.01,5508800
20110826,10.01,10.07,9.76,10.01,3348300
20110829,10.1,10.32,10.04,10.29,2051500
20110830,10.16,10.71,10.16,10.69,3255100
20110831,10.79,10.87,10.6,10.75,3774200
20110901,11,11.57,10.91,11.23,4568300
20110902,11.02,11.2,10.92,11.06,3129000
20110905,10.88,10.88,10.5,10.6,1248100
20110906,10.38,10.71,10.28,10.68,3780000
20110908,10.88,11.2,10.75,11.12,2814200
20110909,10.95,11.11,10.43,10.53,2469100
20110912,10.34,10.5,10.15,10.5,1941200
20110913,10.48,10.55,10.23,10.41,1404400
20110914,10.39,10.8,10.34,10.67,3238900
20110915,10.8,10.88,10.61,10.77,1917600
20110916,10.66,11.02,10.66,11.02,1862300
20110919,10.74,10.8,10.58,10.67,2491100
20110920,10.77,10.81,10.46,10.46,2594300
20110921,10.64,10.84,10.48,10.5,2584500
20110922,10.1,10.27,9.9,10.15,3445600
20110923,10.21,10.23,9.86,9.91,2049900
20110926,9.99,10.2,9.77,10.05,1828900
20110927,10.16,10.61,10.14,10.24,3020400
20110928,10.19,10.53,10.05,10.07,1898900
20110929,10.11,10.27,9.99,10.22,3503000
20110930,10.13,10.14,9.67,9.7,3325200
20111003,9.55,9.8,9.47,9.47,3352000
20111004,9.47,9.47,9,9.23,3477000
20111005,9.22,9.43,9.02,9.19,3256100
20111006,9.34,9.41,9.19,9.35,3427500
20111007,9.52,9.58,9.15,9.19,3442100
20111010,9.34,9.55,9.3,9.48,2624600
20111011,9.46,9.69,9.41,9.59,3460800
20111013,9.73,10.05,9.67,9.9,4312100
20111014,9.92,10.04,9.85,10.04,1986500
20111017,9.82,9.93,9.76,9.91,2157000
20111018,9.83,10.25,9.7,10.25,2124800
20111019,10.26,10.33,9.91,10.31,2367900
20111020,10.2,10.37,9.99,10.26,2879000
20111021,10.5,10.67,10.25,10.56,3225400
20111024,10.68,11.08,10.57,10.91,2926600
20111025,10.84,11,10.36,10.43,4406500
20111026,10.55,10.68,10.38,10.61,1655900
20111027,11.03,11.42,10.98,11.21,5184700
20111028,11.18,11.32,10.94,11.32,2614200
20111031,11.04,11.07,10.88,10.93,2776200
20111101,10.27,10.71,10.27,10.61,3484600
20111103,10.81,10.86,10.57,10.75,1710900
20111104,10.61,10.76,10.43,10.76,1807200
20111107,10.85,10.89,10.61,10.65,939000
20111108,10.72,10.77,10.48,10.65,1323200
20111109,10.61,10.61,10.24,10.4,2179800
20111110,10.58,10.59,10.29,10.31,1682200
20111111,10.6,10.69,10.43,10.52,1880700
20111114,10.46,10.69,10.4,10.4,2492100
20111116,10.28,10.61,10.01,10.08,4720100
20111117,9.9,10.03,9.44,9.62,5848900
20111118,9.61,9.71,9.27,9.31,5045300
20111121,9.2,9.67,9.15,9.67,3078900
20111122,9.62,9.75,8.93,9.08,12530200
20111123,8.9,9.25,8.85,9.1,4305600
20111124,9.19,9.28,8.99,9.1,1485100
20111125,8.91,9.26,8.91,9.1,3075900
20111128,9.39,9.39,9.24,9.28,2830000
20111129,9.4,9.5,9.25,9.34,2624700
20111130,9.56,9.95,9.49,9.84,5206400
20111201,10.11,10.29,9.97,10.25,3468000
20111202,10.4,10.66,10.16,10.33,4254700
20111205,10.55,10.57,10.21,10.45,2589900
20111206,10.45,10.46,10.28,10.46,2259200
20111207,10.4,10.65,10.26,10.55,2253400
20111208,10.61,10.67,10.32,10.34,1793200
20111209,10.35,10.63,10.32,10.48,2110300
20111212,10.48,10.56,10.36,10.55,1613800
20111213,10.65,10.65,10.34,10.4,2877600
20111214,10.4,10.5,10.33,10.35,3044200
20111215,10.47,10.5,10.16,10.16,2207300
20111216,10.26,10.26,10.11,10.15,1322400
20111219,10.11,10.26,9.97,9.97,2700600
20111220,10.11,10.31,9.98,10.29,2461700
20111221,10.29,10.5,10.21,10.5,1999500
20111222,10.52,10.84,10.41,10.81,2550800
20111223,10.89,10.94,10.74,10.85,1232200
20111226,10.85,10.92,10.76,10.76,302600
20111227,10.75,11.12,10.64,11.02,1392100
20111228,11.07,11.07,10.55,10.61,1438100
20111229,10.69,10.84,10.64,10.73,1632900
20120102,10.94,11.07,10.73,11.06,779400
20120103,11.09,11.38,11.01,11.34,1708400
20120104,11.26,11.29,11.05,11.2,1347900
20120105,11.05,11.18,10.82,10.85,1701600
20120106,10.97,11.07,10.76,10.83,1140300
20120109,10.97,11.22,10.94,11,2245900
20120110,11.25,11.36,11.07,11.23,2862300
20120111,11.1,11.29,11.1,11.21,1199200
20120112,11.33,11.38,11.1,11.33,1750200
20120113,11.25,11.33,11.1,11.19,3000500
20120116,11.1,11.45,11.1,11.44,698000
20120117,11.51,11.63,11.31,11.35,1759300
20120118,11.31,11.54,11.31,11.5,3398200
20120119,11.55,11.85,11.44,11.71,3443200
20120120,11.77,11.98,11.67,11.79,3003800
20120123,11.79,11.87,11.61,11.83,2215200
20120124,11.81,11.81,11.6,11.66,2565900
20120126,11.96,12.19,11.77,11.97,2902800
20120127,11.97,12.23,11.93,12.06,3214100
20120130,11.98,12.11,11.71,11.78,2822100
20120131,11.54,11.74,11.4,11.62,3260100
20120201,11.62,12.01,11.55,11.91,2587800
20120202,11.88,12.21,11.76,12.17,2049500
20120203,11.97,12.62,11.97,12.53,3854200
20120206,12.47,12.58,12.25,12.34,4202600
20120207,12.21,12.37,12.13,12.29,2180600
20120208,12.29,12.6,12.29,12.59,2468300
20120209,12.47,12.76,12.47,12.67,2940500
20120210,12.45,12.7,12.3,12.54,2599500
20120213,12.62,13.03,12.62,12.98,1968800
20120214,12.98,13.13,12.78,12.87,2499400
20120215,13.12,13.42,12.99,13.18,4584400
20120216,12.99,13.38,12.99,13.26,3246000
20120217,13.26,13.44,12.93,13.24,1626200
20120222,13.15,13.32,13.07,13.3,2651200
20120223,13.14,13.26,12.89,12.99,3060200
20120224,13.14,13.14,12.78,12.82,1864700
20120227,12.82,12.99,12.69,12.98,1774300
20120228,13.13,13.35,13.02,13.35,3177600
20120229,13.21,13.43,13.1,13.23,13875400
20120301,13.43,13.58,13.23,13.52,3172000
20120302,13.59,14.13,13.56,13.95,8211300
20120305,13.9,14.02,13.38,13.43,2927000
20120306,13.23,13.28,12.95,12.98,2274700
20120307,13.24,13.33,13.08,13.22,1994500
20120308,13.44,13.56,13.4,13.49,2928100
20120309,13.56,13.62,13.42,13.42,2177800
20120312,13.33,13.47,13.03,13.29,2793900
20120313,13.48,13.66,13.38,13.52,1984300
20120314,13.56,13.7,13.41,13.55,1896600
20120315,13.33,13.46,13.31,13.33,1870100
20120316,13.54,13.54,13.29,13.53,2097600
20120319,13.48,13.51,13.2,13.2,1388700
20120320,13.08,13.16,12.99,13.13,1105700
20120321,13.12,13.19,12.77,12.8,1987300
20120322,12.66,12.71,12.48,12.49,2770100
20120323,12.52,12.57,12.37,12.41,3653000
20120326,12.57,12.65,12.47,12.62,1430700
20120327,12.62,12.73,12.48,12.62,1413700
20120328,12.52,12.6,12.22,12.4,1597000
20120329,12.28,12.34,12.07,12.28,2885700
20120330,12.4,12.43,12.09,12.12,3763200
20120402,12.12,12.38,11.98,12.25,1482200
20120403,12.16,12.31,11.94,12.09,1241200
20120404,11.98,12.03,11.84,11.87,2629200
20120405,11.8,11.89,11.43,11.45,4705700
20120409,11.24,11.44,11.23,11.29,2236700
20120410,11.24,11.47,11.11,11.29,2962900
20120411,11.46,11.57,11.24,11.38,3029100
20120412,11.38,11.96,11.34,11.92,2753900
20120413,11.84,11.9,11.33,11.33,3702500
20120416,11.39,11.6,11.07,11.16,3226900
20120417,11.27,11.65,11.08,11.4,4351100
20120418,11.19,11.64,11.18,11.53,2902000
20120419,11.44,11.63,11.37,11.55,1785500
20120420,11.62,11.77,11.48,11.48,1903900
20120423,11.18,11.39,11.12,11.26,1944200
20120424,11.15,11.5,11.15,11.42,2993600
20120425,11.52,11.52,11.04,11.33,5084700
20120426,11,11.32,10.93,11.26,5280600
20120427,11.28,11.41,11.11,11.26,1511700
20120430,11.29,11.51,11.07,11.21,2150600
20120502,11.24,11.43,11.12,11.19,3040200
20120503,11.32,11.36,11.16,11.23,2381600
20120504,11.04,11.39,11,11.13,3479400
20120507,11.29,11.47,11.13,11.44,2508500
20120508,11.27,11.6,11.26,11.55,3061600
20120509,11.33,11.76,11.23,11.6,3388800
20120510,11.84,12.15,11.8,12.02,4579400
20120511,11.84,12.1,11.68,11.69,4372100
20120514,11.53,11.89,11.32,11.52,4041700
20120515,11.52,11.87,11.3,11.73,3759400
20120516,11.88,12.04,11.51,11.55,3290200
20120517,11.73,11.73,11.09,11.13,3520200
20120518,11.26,11.48,10.9,11.26,3733900
20120521,11.22,11.91,11.22,11.84,2915500
20120522,11.82,12.2,11.68,11.91,2722000
20120523,11.98,12.3,11.5,11.99,5353900
20120524,12.05,12.05,11.11,11.4,6771900
20120525,11.2,11.62,11.2,11.4,3142000
20120528,11.7,12.15,11.44,11.91,1943800
20120529,12.11,12.11,11.58,11.58,3743800
20120530,11.39,11.8,11.23,11.45,3159500
20120531,11.37,11.76,11.37,11.76,2990400
20120601,11.43,11.79,11.32,11.55,2520100
20120604,11.65,11.73,11.27,11.34,2081500
20120605,11.37,11.45,11.2,11.22,2209900
20120606,11.26,11.73,11.07,11.54,3255700
20120608,11.46,11.74,11.24,11.28,2784000
20120611,11.49,11.65,11.38,11.51,2985400
20120612,11.65,11.89,11.62,11.86,2771000
20120613,11.83,12.12,11.7,11.86,3945800
20120614,11.96,11.96,11.66,11.67,2714500
20120615,11.86,11.86,11.26,11.48,8279100
20120618,11.33,11.61,11.27,11.44,1831300
20120619,11.61,11.81,11.49,11.52,2941400
20120620,11.44,11.65,11.37,11.65,1595700
20120621,11.62,11.68,11.17,11.17,1841800
20120622,11.28,11.45,11.13,11.32,1930900
20120625,11.32,11.37,11.09,11.23,2128900
20120626,11.19,11.23,10.88,11.11,3052900
20120627,11.06,11.26,10.85,11.11,1766400
20120628,11.07,11.14,10.86,11.06,1725900
20120629,11.69,11.69,11.23,11.32,3072700
20120702,11.2,11.4,11.15,11.4,1785800
20120703,11.46,11.62,11.31,11.51,2488500
20120704,11.5,11.62,11.37,11.51,491300
20120705,11.59,11.68,11.48,11.5,2142200
20120706,11.37,11.48,11.3,11.43,2238800
20120710,11.25,11.31,10.31,10.31,8360000
20120711,10.37,10.54,10.23,10.36,3530400
20120712,10.14,10.48,10.14,10.33,1526500
20120713,10.37,10.55,10.31,10.48,1518200
20120716,10.5,10.51,10.26,10.28,1632800
20120717,10.39,10.51,10.26,10.39,1615200
20120718,10.33,10.76,10.28,10.7,1718800
20120719,10.77,10.81,10.44,10.67,2696800
20120720,10.56,10.65,10.35,10.4,1912200
20120723,10.06,10.47,10.01,10.43,2117500
20120724,10.37,10.47,10.22,10.37,1784300
20120725,10.51,10.64,10.34,10.41,1192800
20120726,10,10.7,10,10.66,5575000
20120727,10.6,11.68,10.6,11.41,5320600
20120730,11.48,11.67,11.21,11.67,1817300
20120731,11.68,11.72,11.34,11.4,2519800
20120801,11.46,11.62,11.29,11.51,1348300
20120802,11.36,11.49,11.06,11.08,2075500
20120803,11.41,11.72,11.26,11.72,2418500
20120806,11.75,12.06,11.63,11.86,1767500
20120807,11.87,12.18,11.69,11.69,1772600
20120808,11.59,11.95,11.59,11.87,1732200
20120809,11.82,11.97,11.64,11.77,2522400
20120810,11.54,11.77,11.37,11.54,3951700
20120813,11.48,11.61,11.37,11.49,1115400
20120814,11.43,11.66,11.34,11.41,1724900
20120815,11.48,11.76,11.4,11.76,3534100
20120816,11.98,12.06,11.77,11.9,1939600
20120817,11.9,12.13,11.84,12.12,1690100
20120820,12.12,12.23,11.95,12.09,1252700
20120821,12.16,12.42,12.06,12.23,3734700
20120822,12.26,12.34,11.95,12.09,2035800
20120823,11.9,12.13,11.85,12.01,1182400
20120824,12,12.04,11.78,11.79,1308000
20120827,12,12.13,11.81,11.85,2214500
20120828,11.69,11.81,11.59,11.66,1317900
20120829,11.73,11.77,11.33,11.41,1671200
20120830,11.29,11.43,11.09,11.17,1236600
20120831,11.45,11.56,11.13,11.47,4304200
20120903,11.62,11.62,11.17,11.4,1178300
20120904,11.25,11.39,11.04,11.08,1800400
20120905,11.29,11.3,10.92,11.13,2878300
20120906,11.21,11.7,11.1,11.64,2662400
20120910,11.59,11.74,11.51,11.51,2040700
20120911,11.5,11.9,11.43,11.83,2625400
20120912,11.9,12.15,11.9,12.06,2720800
20120913,12,12.37,11.77,12.13,4755200
20120914,12.27,12.62,12.14,12.45,4751400
20120917,12.48,12.73,12.46,12.55,3321900
20120918,12.48,12.54,12.22,12.22,2116300
20120919,12.29,12.53,12.26,12.4,3122900
20120920,12.15,12.5,12.09,12.17,2268000
20120921,12.28,12.31,12.08,12.18,2404800
20120924,12.04,12.18,11.91,12.04,3002500
20120925,11.79,11.89,11.38,11.43,4640400
20120926,11.49,11.61,11.13,11.4,1989600
20120927,11.49,11.62,11.25,11.32,2904200
20120928,10.97,11.25,10.95,10.99,3239300
20121001,11.21,11.35,11.06,11.25,2779700
20121002,11.18,11.48,11.14,11.17,3445800
20121003,11.23,11.31,11.12,11.12,2078500
20121004,11.12,11.16,10.91,11.08,2681700
20121005,11.14,11.35,11.08,11.14,2377800
20121008,11.08,11.31,10.84,11.2,4466000
20121009,11.14,11.32,10.87,10.93,1747300
20121010,10.93,11.12,10.76,10.9,1269400
20121011,11.06,11.25,10.87,11.14,2277000
20121015,11.27,11.4,11.09,11.16,2251800
20121016,11.17,11.29,10.91,11.12,2071300
20121017,11.19,11.2,10.91,11.12,2206900
20121018,11.06,11.21,11.02,11.04,1748000
20121019,10.98,11.14,10.78,10.85,1466600
20121022,10.85,10.94,10.6,10.66,1789700
20121023,10.6,10.66,10.35,10.53,2334200
20121024,10.58,10.84,10.46,10.47,2269800
20121025,10.53,10.74,10.31,10.57,2346500
20121026,10.51,10.51,10.17,10.27,2663300
20121029,10.32,10.37,10.16,10.25,833300
20121030,10.31,10.39,10.14,10.25,471600
20121031,10.27,10.36,10.14,10.34,1384300
20121101,10.29,10.77,10.28,10.77,2605200
20121105,10.66,10.66,10.43,10.58,2463200
20121106,10.6,10.78,10.46,10.68,2545700
20121107,10.68,10.68,10.31,10.45,2139900
20121108,10.51,10.63,10.33,10.33,1953100
20121109,10.39,10.51,10.08,10.38,1745900
20121112,10.43,10.48,10.28,10.42,908500
20121113,10.41,10.65,10.38,10.6,2507900
20121114,10.69,10.83,10.17,10.33,2708300
20121116,10.27,10.45,10.2,10.2,2430100
20121119,10.29,10.56,10.28,10.43,1301300
20121121,10.48,10.68,10.4,10.68,1352800
20121122,10.72,10.79,10.61,10.75,302500
20121123,10.75,10.98,10.61,10.95,1324200
20121126,10.91,10.98,10.6,10.68,1927100
20121127,10.83,10.88,10.44,10.44,1524400
20121128,10.48,10.68,10.31,10.66,2067600
20121129,10.58,10.81,10.54,10.81,1319500
20121130,10.83,10.89,10.54,10.75,3644400
20121203,10.75,10.86,10.43,10.55,2118000
20121204,10.53,10.71,10.45,10.54,1155900
20121205,10.54,10.71,10.45,10.64,1629200
20121206,10.6,10.83,10.33,10.72,10945300
20121207,10.66,10.86,10.63,10.79,2017000
20121210,10.75,10.84,10.63,10.79,1395000
20121211,10.86,10.91,10.71,10.79,2246600
20121212,10.68,10.96,10.68,10.74,2469800
20121213,10.71,11.15,10.71,10.91,3514700
20121214,11.05,11.05,10.86,10.89,2270800
20121217,10.87,11.09,10.87,10.94,1354800
20121218,11.09,11.09,10.83,10.95,1697200
20121219,11,11.07,10.88,11.01,2154900
20121220,11.18,11.25,11.01,11.23,8452200
20121221,11.11,11.32,11.11,11.26,3443100
20121226,11.27,11.33,11.15,11.15,1456700
20121227,11.21,11.26,11,11,4859200
20121228,11.05,11.31,11.02,11.24,5526900
20130102,11.44,11.54,11.04,11.04,5156900
20130103,11.05,11.34,11.02,11.32,4801300
20130104,11.38,11.49,11.16,11.17,3515700
20130107,11.18,11.35,11.05,11.11,2083800
20130108,11.17,11.47,11.17,11.32,3925100
20130109,11.36,11.45,11.27,11.42,4496400
20130110,11.6,12.07,11.53,12,12490600
20130111,12.01,12.02,11.56,11.65,5071800
20130114,11.77,11.89,11.65,11.78,2998600
20130115,11.72,11.82,11.59,11.65,2605500
20130116,11.64,11.8,11.57,11.72,2052200
20130117,11.71,11.83,11.64,11.64,1760000
20130118,11.73,11.74,11.43,11.66,4117500
20130121,11.64,11.77,11.57,11.59,1143000
20130122,11.64,11.74,11.18,11.22,9590900
20130123,11.11,11.44,11.06,11.06,3016100
20130124,11.02,11.28,10.95,10.99,2556200
20130128,11.14,11.26,10.86,10.92,3668600
20130129,10.98,11.22,10.86,10.9,2871700
20130130,10.9,11.02,10.81,10.91,3451900
20130131,10.56,11.24,10.56,11,8461100
20130201,11.14,11.23,10.98,11.14,3928000
20130204,11.05,11.26,10.94,11.08,2982900
20130205,11.08,11.3,10.95,10.96,2928200
20130206,10.97,11.05,10.88,10.93,3472400
20130207,10.93,11.1,10.7,10.71,4325200
20130208,10.71,11.05,10.65,10.8,4186400
20130213,10.73,10.84,10.62,10.62,2303800
20130214,10.62,10.68,10.57,10.64,1601800
20130215,10.68,11.08,10.68,11.01,2959800
20130218,10.95,11.11,10.81,10.95,1163500
20130219,11.04,11.16,10.83,10.83,1700700
20130220,10.86,10.95,10.63,10.77,2775700
20130221,10.61,10.87,10.51,10.53,4827900
20130222,10.7,10.88,10.51,10.75,3894700
20130225,10.74,10.96,10.73,10.74,2210500
20130226,10.59,10.77,10.49,10.71,3022900
20130227,10.71,10.86,10.63,10.74,2250200
20130228,10.62,11.02,10.62,10.8,1955600
20130301,10.71,11,10.71,10.87,2310100
20130304,10.74,10.94,10.74,10.83,2760400
20130305,10.79,11.08,10.79,10.85,2322500
20130306,11.07,11.54,11.06,11.41,8334100
20130307,11.5,11.63,11.16,11.44,5924400
20130308,11.34,12.07,11.34,11.92,6033700
20130311,11.6,11.75,11.37,11.61,3671400
20130312,11.5,11.66,11.31,11.32,4037100
20130313,11.26,11.51,11.21,11.32,4155400
20130314,11.47,11.59,11.19,11.3,3124800
20130315,11.41,11.56,11.29,11.56,6153000
20130318,11.49,11.53,11.36,11.39,3809600
20130319,11.24,11.49,11.23,11.24,3824000
20130320,11.23,11.41,11.12,11.3,3081900
20130321,11.26,11.37,11.17,11.21,2417400
20130322,11.31,11.37,11.04,11.05,4100200
20130325,11.04,11.15,10.75,10.75,3751400
20130326,10.82,10.94,10.74,10.85,3282100
20130327,10.7,10.97,10.7,10.8,1943600
20130328,10.87,11.11,10.77,11.03,2441200
20130401,11.05,11.11,10.93,10.95,2014600
20130402,10.99,11.1,10.73,10.74,2857800
20130403,10.76,10.87,10.68,10.86,1765400
20130404,10.82,10.86,10.65,10.65,2256600
20130405,10.65,10.73,10.37,10.65,2864100
20130408,10.57,10.75,10.45,10.62,1817100
20130409,10.65,10.96,10.59,10.74,2732600
20130410,10.8,11.08,10.8,10.96,3174800
20130411,10.92,11.04,10.85,10.99,2734200
20130412,10.88,11.06,10.76,10.91,2287300
20130415,10.7,11.08,10.68,10.86,2645200
20130416,10.93,11.16,10.79,11.02,2026900
20130417,10.8,10.94,10.74,10.8,5031700
20130418,10.81,10.94,10.54,10.79,3034200
20130419,10.87,11.05,10.63,11.01,2252800
20130422,10.92,11.1,10.88,10.94,1632600
20130423,10.91,11.14,10.85,10.99,3613500
20130424,11.04,11.23,10.93,10.99,3807400
20130425,10.83,10.87,10.62,10.67,6994600
20130426,10.77,10.86,10.58,10.62,4069000
20130429,10.79,10.93,10.62,10.72,4677400
20130430,10.74,11.17,10.7,11.08,3932800
20130502,10.96,11.26,10.89,10.91,4132100
20130503,11.02,11.14,10.71,10.76,7869200
20130506,10.83,10.86,10.64,10.68,4306900
20130507,10.68,11.13,10.68,11.09,2151700
20130508,11.03,11.2,10.96,11.02,2075100
20130509,11.08,11.11,10.8,10.98,3129100
20130510,10.84,11.02,10.84,10.87,1926800
20130513,10.83,10.89,10.75,10.75,1446500
20130514,10.92,10.92,10.69,10.69,2637600
20130515,10.72,10.95,10.66,10.83,1927800
20130516,10.91,11.29,10.89,11.17,6395000
20130517,11.26,11.27,11.08,11.2,2591200
20130520,11.11,11.37,11.07,11.36,2052500
20130521,11.38,11.44,11.17,11.33,2048400
20130522,11.42,11.57,11.28,11.55,4004100
20130523,11.32,11.48,11.22,11.36,3493200
20130524,11.26,11.54,11.26,11.48,2544600
20130527,11.39,11.68,11.39,11.61,977300
20130528,11.7,11.86,11.57,11.59,2168800
20130529,11.4,11.68,11.4,11.59,3062900
20130531,11.4,11.57,11.21,11.5,17995100
20130603,11.42,11.58,11.33,11.37,2711800
20130604,11.39,11.48,11.35,11.37,2091300
20130605,11.44,11.49,11.07,11.08,2928500
20130606,11.17,11.3,11.03,11.24,3011900
20130607,11.11,11.3,10.92,10.99,2374400
20130610,11.01,11.21,10.92,11.09,2172900
20130611,10.99,11.03,10.73,10.73,2880300
20130612,10.84,10.9,10.71,10.79,4386000
20130613,10.8,11,10.74,10.89,2821200
20130614,11.06,11.08,10.81,10.87,2828000
20130617,10.92,11.23,10.86,11.02,1969800
20130618,10.95,11.15,10.81,10.83,3103800
20130619,10.92,11.02,10.67,10.76,3281000
20130620,10.67,10.77,10.43,10.53,7981100
20130621,10.46,10.65,10.4,10.53,7754000
20130624,10.37,10.49,10.21,10.42,5032300
20130625,10.5,10.52,10.12,10.12,6576700
20130626,10.28,10.44,10.21,10.27,2915500
20130627,10.34,10.5,10.19,10.21,4352700
20130628,10.17,10.44,10.07,10.36,5621000
20130701,10.36,10.48,10.23,10.37,1681500
20130702,10.18,10.39,10.06,10.06,4648400
20130703,9.94,10.17,9.88,9.93,3181900
20130704,10.06,10.32,9.93,9.93,1784000
20130705,9.93,10.03,9.67,9.93,4185900
20130708,9.85,10.07,9.72,9.95,3248700
20130710,9.95,10.06,9.8,9.87,3830100
20130711,9.96,10.16,9.96,10.09,1945600
20130712,10.02,10.13,9.86,9.9,2668400
20130715,9.93,10.16,9.92,10.1,2035000
20130716,10.23,10.31,10,10.1,3950900
20130717,10.09,10.26,10.09,10.09,2109500
20130718,10.03,10.22,9.96,9.98,2838300
20130719,9.87,10.13,9.87,10,1720400
20130722,10.02,10.38,10.02,10.32,2590600
20130723,10.32,10.9,10.32,10.71,6997800
20130724,10.64,10.91,10.64,10.84,5667400
20130725,10.78,10.98,10.52,10.52,5287300
20130726,10.52,10.6,10.36,10.45,2401800
20130729,10.4,10.53,10.35,10.48,2316700
20130730,10.63,10.94,10.6,10.61,5518200
20130731,10.55,10.66,10.41,10.41,4093600
20130801,10.46,10.7,10.42,10.67,3427600
20130802,10.62,10.75,10.4,10.4,2582900
20130805,10.39,10.56,10.33,10.4,1802000
20130806,10.48,10.48,10.17,10.22,2807600
20130807,10.17,10.29,10.09,10.24,1577800
20130808,10.24,10.52,10.22,10.52,2276900
20130809,10.58,10.65,10.29,10.59,2754600
20130812,10.73,11.01,10.64,10.83,2650200
20130813,10.75,10.99,10.62,10.71,5014200
20130814,10.62,10.77,10.53,10.55,6004400
20130815,10.45,10.58,10.33,10.37,4846900
20130816,10.39,10.62,10.39,10.59,3629500
20130819,10.56,10.68,10.46,10.57,1993900
20130820,10.58,10.66,10.45,10.48,2203300
20130821,10.42,10.55,10.29,10.39,3772100
20130822,10.44,10.66,10.39,10.59,5447700
20130823,10.54,10.76,10.49,10.63,2835400
20130826,10.65,10.71,10.48,10.48,3141700
20130827,10.42,10.47,10.08,10.09,3052900
20130828,10.16,10.28,10.02,10.07,1736600
20130829,10.07,10.32,10.07,10.16,1449600
20130830,10.19,10.43,10.15,10.43,2302600
20130902,10.54,10.78,10.48,10.71,1876300
20130903,10.75,10.77,10.32,10.32,2570800
20130904,10.33,10.48,10.22,10.37,2517700
20130905,10.36,10.58,10.23,10.53,2843900
20130906,10.63,10.71,10.45,10.65,5150800
20130909,10.68,10.95,10.6,10.94,5668700
20130910,10.89,11.1,10.81,10.86,3592900
20130911,10.82,11.06,10.79,10.93,2477800
20130912,10.85,10.98,10.7,10.86,2297800
20130913,10.81,11.01,10.75,11.01,1514700
20130916,11.03,11.24,10.88,10.9,1844000
20130917,10.96,11.04,10.9,11.01,3389700
20130918,11,11.26,10.84,11.21,9985700
20130919,11.23,11.23,11.01,11.22,4044800
20130920,11.14,11.21,10.89,10.89,4008700
20130923,11.01,11.23,10.96,11.21,2602100
20130924,11.24,11.24,10.99,11.15,2527100
20130925,11.06,11.27,11.05,11.09,3131300
20130926,11.09,11.2,11.06,11.1,2002200
20130927,11.91,12.35,11.83,11.95,8773500
20130930,11.8,11.82,11.52,11.52,3692400
20131001,11.68,11.7,11.51,11.64,4301200
20131002,11.61,11.87,11.51,11.83,2945300
20131003,11.82,11.93,11.62,11.68,2735700
20131004,11.71,11.8,11.62,11.68,2666700
20131007,11.69,11.81,11.57,11.78,1453900
20131008,11.78,11.81,11.68,11.68,1504100
20131009,11.76,11.95,11.7,11.91,2697700
20131010,11.95,12.01,11.67,11.8,3246200
20131011,11.88,11.92,11.65,11.85,2105100
20131014,11.86,12.03,11.75,11.95,1116500
20131015,11.93,12.05,11.86,11.88,2400400
20131016,11.93,12.06,11.81,11.84,2545200
20131017,11.81,11.94,11.77,11.85,1616000
20131018,11.91,12.01,11.85,11.98,2271500
20131021,11.97,12.14,11.94,12.02,2052900
20131022,12.02,12.05,11.91,11.95,2157100
20131023,11.98,11.98,11.81,11.81,1358000
20131024,11.7,11.83,11.46,11.64,3886800
20131025,11.68,11.78,11.47,11.58,1843500
20131028,11.63,11.81,11.62,11.68,1796000
20131029,11.64,11.91,11.64,11.78,1503900
20131030,11.81,11.98,11.78,11.88,3211400
20131031,11.86,11.97,11.67,11.84,2493900
20131101,11.95,12.05,11.71,11.91,3571200
20131104,11.91,12.06,11.87,11.99,1960700
20131105,12.09,12.09,11.84,11.87,2424500
20131106,11.89,11.9,11.61,11.76,2220500
20131107,11.7,12.03,11.68,11.76,3212800
20131108,11.7,11.78,11.57,11.57,3441000
20131111,11.57,11.7,11.56,11.64,1585800
20131112,11.64,11.73,11.34,11.46,2991300
20131113,11.45,11.61,11.36,11.51,1896100
20131114,11.58,11.76,11.54,11.68,1964200
20131118,11.67,11.98,11.64,11.69,2107600
20131119,11.69,11.85,11.34,11.39,2441500
20131121,11.34,11.56,11.2,11.36,2136800
20131122,11.23,11.38,10.94,11.2,5181000
20131125,11.3,11.34,11.03,11.17,1866500
20131126,11.14,11.48,11.1,11.24,3581600
20131127,11.3,11.5,11.24,11.44,2161400
20131128,11.52,11.54,11.27,11.33,871400
20131129,11.33,11.55,11.27,11.49,1905500
20131202,11.37,11.57,11.26,11.26,1431900
20131203,11.12,11.36,10.93,11.1,2353900
20131204,11.18,11.22,10.93,10.93,1817900
20131205,11.02,11.15,10.8,10.88,3099200
20131206,10.97,11.21,10.87,10.97,2530800
20131209,10.97,11.06,10.9,10.95,1455400
20131210,10.89,11.07,10.86,10.89,1527000
20131211,10.87,10.92,10.6,10.6,2531600
20131212,10.69,10.73,10.53,10.69,2432300
20131213,10.72,10.83,10.63,10.68,2597700
20131216,10.76,10.8,10.61,10.76,2468200
20131217,10.7,10.86,10.65,10.75,2074800
20131218,10.86,10.86,10.65,10.76,3310700
20131219,10.76,10.97,10.72,10.95,1290200
20131220,10.94,11.03,10.8,10.97,2271900
20131223,10.97,11.01,10.74,10.74,2161600
20131226,10.83,10.9,10.77,10.8,1068600
20131227,10.8,10.88,10.72,10.72,831800
20131230,10.72,10.98,10.72,10.78,1306200
20140102,10.78,10.89,10.51,10.53,3025400
20140103,10.57,10.64,10.42,10.43,2806700
20140106,10.41,10.63,10.32,10.5,2757800
20140107,10.49,10.83,10.49,10.57,3360900
20140108,10.91,10.92,10.74,10.84,4065400
20140109,10.87,10.93,10.64,10.64,3717800
20140110,10.68,10.84,10.56,10.59,3602000
20140113,10.65,10.89,10.59,10.81,4053700
20140114,10.8,11.14,10.73,11.01,15046100
20140115,11,11.18,10.83,11.17,4706000
20140116,11.1,11.19,10.88,11.04,4568500
20140117,11.04,11.12,10.85,10.85,5045900
20140120,10.76,10.92,10.76,10.8,2045900
20140121,10.87,10.9,10.53,10.53,6764200
20140122,10.62,10.69,10.47,10.58,5070400
20140123,10.55,10.74,10.53,10.66,6711800
20140124,10.6,10.66,10.43,10.49,4335800
20140127,10.49,10.55,10.31,10.35,3663800
20140128,10.49,10.73,10.3,10.3,3088700
20140129,10.3,10.37,10.14,10.17,3875400
20140130,10.24,10.24,9.84,9.9,5198100
20140131,9.85,9.93,9.72,9.77,5329400
20140203,9.78,9.82,9.53,9.54,4372400
20140204,9.55,9.85,9.55,9.8,4365600
20140205,9.72,9.82,9.49,9.52,4464300
20140206,9.57,9.78,9.4,9.69,5166900
20140207,9.76,9.95,9.67,9.89,3411100
20140210,9.89,10.06,9.8,9.95,2185900
20140211,9.97,10.22,9.93,10.08,2779500
20140212,10.14,10.34,10.09,10.22,3339800
20140213,10.2,10.2,9.89,10.03,3222900
20140214,10.11,10.24,10.01,10.15,2065700
20140217,10.15,10.31,9.9,9.9,519700
20140218,9.92,10.18,9.87,9.87,2863400
20140219,9.89,10.05,9.7,9.94,4178800
20140220,9.92,10.09,9.82,9.95,2558600
20140221,9.97,10.17,9.84,10.03,2112800
20140224,9.92,10.25,9.92,10.18,2098500
20140225,10.11,10.18,9.97,10.1,1780000
20140226,10.06,10.18,9.98,10.03,1640300
20140227,10.11,10.29,9.97,10.14,1751800
20140228,10.14,10.31,9.88,9.93,3602000
20140305,9.83,10.03,9.81,9.85,2010600
20140306,9.83,10.11,9.78,10,1847200
20140307,10.01,10.16,9.95,9.97,3311000
20140310,9.91,10.04,9.84,9.99,2617300
20140311,10.06,10.14,9.92,10.03,3124700
20140312,9.98,10.08,9.85,9.92,1900900
20140313,9.97,9.97,9.72,9.78,2002400
20140314,9.8,9.85,9.45,9.52,2770200
20140317,9.57,9.68,9.54,9.65,1639700
20140318,9.63,9.98,9.63,9.92,3493600
20140319,9.98,10.23,9.91,10.14,2857900
20140320,10.08,10.31,10.03,10.1,7331200
20140321,9.97,10.4,9.97,10.18,3973700
20140324,10.33,10.51,10.22,10.46,2496100
20140325,10.67,10.67,10.43,10.5,2513000
20140326,10.61,10.77,10.56,10.73,2396100
20140327,10.87,10.93,10.61,10.81,11704700
20140328,10.9,10.9,10.55,10.56,4457300
20140331,10.67,10.96,10.62,10.96,2647300
20140401,11.03,11.15,10.72,10.91,2748900
20140402,10.91,11.26,10.91,11.21,2840400
20140403,11.11,11.29,10.94,11.07,1607100
20140404,11.2,11.42,10.98,10.98,2453400
20140407,11.18,11.42,11.09,11.38,2793700
20140408,11.64,11.76,10.93,11,5143300
20140409,10.99,11.03,10.69,10.76,5633000
20140410,10.76,10.93,10.59,10.85,4253600
20140411,10.84,11.01,10.64,10.97,2415400
20140414,11.01,11.11,10.89,10.94,2023600
20140415,10.96,11.01,10.65,10.75,3203800
20140416,10.76,11.03,10.73,10.96,3883900
20140417,10.96,11.19,10.91,11.07,1956900
20140422,11.15,11.29,10.96,11.2,3812100
20140423,11.13,11.26,11.08,11.19,2903400
20140424,11.18,11.25,11.1,11.21,2557600
20140425,11.14,11.19,11.06,11.16,2304100
20140428,11.09,11.23,11.07,11.1,2070500
20140429,13.34,13.4,12.73,12.86,23095900
20140430,12.84,13.08,12.75,12.99,8499300
20140502,12.99,13.07,12.89,12.89,7472600
20140505,12.89,13.14,12.77,13.04,3265400
20140506,13.04,13.08,12.89,12.93,2275000
20140507,12.97,13.04,12.87,12.94,4353800
20140508,12.88,13.15,12.82,13.14,4475000
20140509,13.08,13.12,12.92,13.07,3305600
20140512,13.12,13.14,12.96,13.1,1997000
20140513,13.07,13.14,12.99,13.08,1955600
20140514,13.08,13.21,13.03,13.06,2725300
20140515,13.04,13.14,12.94,13.14,3619900
20140516,13.21,13.34,13.03,13.08,1707600
20140519,13.15,13.15,12.93,13.02,1288600
20140520,12.95,13.14,12.9,12.9,2011000
20140521,12.98,13.12,12.94,12.96,2026100
20140522,12.96,13.1,12.91,13.09,1485600
20140523,13.05,13.14,12.99,13.07,1178100
20140526,13.07,13.29,13.07,13.15,817800
20140527,13.15,13.35,13.14,13.25,3364200
20140528,13.24,13.44,13.22,13.34,2829900
20140529,13.42,13.42,13.06,13.16,1786000
20140530,13.06,13.29,13.06,13.13,3776300
20140602,13.25,13.55,13.21,13.43,1129500
20140603,13.44,13.56,13.35,13.5,1209500
20140604,13.42,13.5,13.36,13.4,1765300
20140605,13.47,13.7,13.45,13.53,2984900
20140606,13.82,13.82,13.65,13.72,2075600
20140609,13.71,14.07,13.59,14.03,4388800
20140610,14.06,14.06,13.81,14.03,2584700
20140611,14.37,14.37,13.64,13.69,3012400
20140613,13.77,13.93,13.68,13.82,1819800
20140616,13.69,13.82,13.59,13.76,1251500
20140617,13.8,13.85,13.64,13.76,705200
20140618,13.82,13.87,13.69,13.69,7072500
20140620,13.61,13.77,13.55,13.55,5143500
20140623,13.55,13.61,13.43,13.55,975000
20140624,13.51,13.68,13.46,13.54,2069900
20140625,13.48,13.48,13.23,13.23,1328600
20140626,13.23,13.53,13.16,13.21,3436200
20140627,13.2,13.25,13.03,13.08,1882800
20140630,13.07,13.36,13.02,13.27,1678900
20140701,13.36,13.5,13.28,13.42,1275300
20140702,13.36,13.55,13.34,13.44,1692600
20140703,13.34,13.8,13.33,13.77,1343700
20140704,13.69,13.72,13.26,13.45,354800
20140707,13.34,13.42,13.27,13.42,707100
20140708,13.33,13.42,12.92,13,1962800
20140710,12.96,13.15,12.77,13.12,4922200
20140711,13.05,13.12,13,13.06,1222900
20140714,13.2,13.33,13.16,13.25,2605400
20140715,13.24,13.25,13.08,13.25,1298300
20140716,13.33,13.34,13.18,13.23,1297500
20140717,13.16,13.34,13.12,13.29,1542800
20140718,13.34,13.41,13.15,13.21,3197400
20140721,13.22,13.22,13.03,13.14,1521700
20140722,13.16,13.32,13.08,13.22,1000100
20140723,13.12,13.33,13.12,13.29,1027000
20140724,13.36,13.52,13.26,13.52,1708600
20140725,13.43,13.63,13.43,13.54,747000
20140728,13.61,13.68,13.36,13.36,1705700
20140729,13.46,13.57,13.4,13.43,1041000
20140730,13.59,13.87,13.53,13.73,1997100
20140731,13.51,13.61,13.34,13.38,2398600
20140801,13.28,13.51,13.22,13.38,2509500
20140804,13.42,13.59,13.31,13.59,1157100
20140805,13.52,13.53,13.07,13.12,2468900
20140806,13.05,13.29,13.01,13.23,1577900
20140807,13.32,13.32,12.91,13.05,1257900
20140808,13.12,13.33,13.11,13.33,1549900
20140811,13.28,13.33,13.15,13.24,2861800
20140812,13.14,13.31,13.06,13.24,1099700
20140813,13.3,13.39,13.21,13.23,2887900
20140814,13.15,13.31,13.15,13.31,932300
20140815,13.42,13.49,13.21,13.39,1806900
20140818,13.41,13.47,13.25,13.42,1614600
20140819,13.41,13.43,13.24,13.31,1738700
20140820,13.35,13.35,13.16,13.28,2185200
20140821,13.37,13.61,13.34,13.54,1481600
20140822,13.49,13.57,13.33,13.41,1175600
20140825,13.53,13.85,13.52,13.7,1589700
20140826,13.8,13.97,13.65,13.65,1808800
20140827,13.79,13.98,13.65,13.76,1870600
20140828,13.69,13.73,13.54,13.54,1431200
20140829,13.63,13.65,13.45,13.57,2615400
20140901,13.61,13.83,13.48,13.56,892800
20140902,13.66,13.69,13.54,13.64,1476700
20140903,13.61,13.77,13.58,13.77,1829100
20140904,13.74,13.96,13.73,13.86,1638100
20140905,13.96,14.05,13.77,13.92,2319200
20140908,13.96,13.97,13.76,13.77,2482300
20140909,13.71,13.99,13.71,13.87,2788800
20140910,13.77,13.87,13.7,13.85,1675200
20140911,13.83,13.83,13.6,13.63,999300
20140912,13.69,14.11,13.69,13.95,2783000
20140915,14.09,14.09,13.92,14.09,1231200
20140916,14.05,14.05,13.85,13.87,2208500
20140917,13.87,14.19,13.87,14.05,1938500
20140918,14.21,14.45,14.19,14.35,3080500
20140919,14.26,14.39,14.19,14.19,2832200
20140922,14.14,14.4,14.14,14.29,2290100
20140923,14.19,14.32,14.12,14.13,2345400
20140924,14.05,14.28,14.01,14.09,1854600
20140925,13.97,14.27,13.97,14.15,2753800
20140926,14.25,14.38,14.17,14.25,2142300
20140929,13.81,14.23,13.81,13.96,3357700
20140930,13.96,14.17,13.92,13.95,3640900
20141001,13.93,14.14,13.93,14.09,3874900
20141002,13.97,14.04,13.67,13.83,3205500
20141003,13.81,13.98,13.72,13.8,2629200
20141006,13.9,13.92,13.59,13.83,5394600
20141007,13.95,13.95,13.33,13.4,4255200
20141008,13.48,13.5,13.36,13.48,4237700
20141009,13.35,13.39,12.99,12.99,3219500
20141010,13.21,13.29,12.94,12.94,2762100
20141013,13.19,13.21,13.02,13.04,2976200
20141014,13.11,13.25,13.04,13.14,3528200
20141015,12.82,13.07,12.66,12.91,5040800
20141016,12.46,12.9,12.35,12.69,4248800
20141017,13.08,13.29,13.04,13.13,7891800
20141020,13.01,13.36,12.89,13.2,5260200
20141021,13.48,13.61,13.35,13.52,8481200
20141022,13.44,13.53,13.27,13.42,7868600
20141023,13.38,13.79,13.38,13.66,9820000
20141024,13.61,13.85,13.52,13.63,4863800
20141027,13.07,13.73,12.55,13.3,10406900
20141028,13.44,13.52,12.77,13.26,6618100
20141029,13.07,13.1,11.66,12.34,8575900
20141030,12.34,12.63,12.25,12.57,5582800
20141031,12.54,12.54,10.92,11.76,15006900
20141103,11.19,11.42,10.83,10.83,11712100
20141104,11.11,12.38,10.91,12.38,27382200
20141105,11.98,12.33,11.73,12.11,8768100
20141106,11.75,13.04,11.75,12.42,7656700
20141107,12.61,12.67,12.26,12.55,3486300
20141110,12.33,12.55,12.23,12.38,1656600
20141111,12.2,12.43,12.19,12.37,1856900
20141112,12.33,12.77,12.24,12.51,868400
20141113,12.47,12.66,12.32,12.5,1546300
20141114,12.36,12.48,12.13,12.31,1166000
20141117,12.37,12.55,12.25,12.32,1060800
20141118,12.29,12.68,12.29,12.47,953900
20141119,12.51,12.99,12.44,12.99,1831200
20141121,12.78,13.4,12.76,13.28,2380800
20141124,13.5,13.56,13.18,13.18,1499900
20141125,13.17,13.92,13.17,13.59,4536800
20141126,13.57,13.57,13.11,13.21,1740800
20141127,13.29,13.35,12.32,13.11,1006600
20141128,12.99,13.33,12.99,13.04,618000
20141201,12.82,12.91,12.38,12.68,2052500
20141202,12.69,12.9,12.43,12.69,1055800
20141203,12.65,12.89,12.47,12.77,686500
20141204,12.77,12.83,12.25,12.45,752200
20141205,12.58,12.77,12.13,12.57,633000
20141208,12.49,12.57,12.21,12.21,895600
20141209,12.11,12.33,11.99,12.22,542400
20141210,12.1,12.32,11.93,11.98,608700
20141211,12.03,12.09,11.49,11.83,1101100
20141212,11.7,11.93,11.58,11.66,1022300
20141215,11.72,11.76,11.08,11.25,1132300
20141216,11.02,11.34,10.84,11.02,1327000
20141217,11.17,11.6,10.88,11.6,2285700
20141218,11.46,11.63,11.33,11.53,652100
20141219,11.34,11.73,11.25,11.73,765700
20141222,11.73,11.78,11.48,11.78,623800
20141223,11.62,11.81,11.55,11.62,586000
20141226,11.8,12.55,11.64,11.85,382300
20141229,11.86,12.01,11.39,11.89,623400
20141230,11.97,12.16,11.59,11.86,1103000
20150102,11.81,11.92,11.01,11.34,2671500
20150105,11.31,11.38,10.96,11.32,1591000
20150106,11.26,11.35,10.88,11.32,1064800
20150107,11.39,12.09,11.32,11.95,1013100
20150108,11.97,12,11.45,11.76,706000
20150109,11.51,11.66,11.24,11.41,542400
20150112,11.41,11.44,11.14,11.28,744000
20150113,11.28,11.43,11.09,11.1,1358900
20150114,10.96,11.42,10.9,11.27,773100
20150115,11.44,11.82,11.41,11.66,1547300
20150116,11.69,12,11.62,11.72,1085900
20150119,11.6,11.73,11.32,11.39,480200
20150120,11.51,11.81,11.4,11.57,893700
20150121,11.72,11.93,11.48,11.72,818200
20150122,12,12.27,11.65,11.72,1050200
20150123,11.98,11.98,11.46,11.6,501000
20150126,11.53,12.09,11.51,12.05,986400
20150127,11.9,11.95,11.43,11.76,1347600
20150128,11.63,12.08,11.47,11.97,1093800
20150129,12.03,12.14,11.7,11.93,1028000
20150130,11.77,11.77,11.1,11.1,1136800
20150202,11.06,11.22,10.92,11.14,943600
20150203,11.27,11.64,11.03,11.59,792800
20150204,11.76,11.95,11.23,11.9,882900
20150205,11.68,12.01,11.68,11.81,605900
20150206,11.76,12.08,11.42,11.85,1568200
20150209,11.8,12.05,11.66,12.05,261000
20150210,11.9,12.05,11.54,11.54,823800
20150211,11.58,11.73,11.36,11.62,774400
20150212,11.76,12.08,11.64,12.08,723700
20150213,12.08,12.75,11.99,12.63,887900
20150218,12.73,12.91,12.55,12.7,1291400
20150219,12.58,12.86,12.57,12.7,285600
20150220,12.66,12.7,12.33,12.49,1037300
20150223,12.48,12.69,12.34,12.5,450400
20150224,12.5,12.87,12.4,12.67,876300
20150225,12.56,12.7,12.45,12.69,470200
20150226,12.73,12.91,12.54,12.79,542000
20150227,12.79,13.1,12.46,12.59,975200
20150302,12.6,12.6,12.12,12.25,549900
20150303,12.32,12.36,12.09,12.29,403400
20150304,12.01,12.55,11.9,12.52,835900
20150305,12.48,12.87,12.3,12.73,520800
20150306,12.62,12.71,12.33,12.45,1000200
20150309,12.39,12.5,12.19,12.36,845900
20150310,12.21,12.43,11.9,12.03,919200
20150311,12.03,12.21,11.9,12.08,1162900
20150312,12.3,12.34,11.78,11.97,1126600
20150313,11.63,12.11,11.48,11.99,1056200
20150316,12.2,12.26,11.79,12.1,670900
20150317,12.11,12.62,12.04,12.43,800000
20150318,12.31,12.98,12.22,12.82,875400
20150319,12.85,12.87,12.58,12.81,467200
20150320,12.92,13.14,12.71,12.89,1326400
20150323,12.93,13.05,12.73,12.82,436500
20150324,12.84,12.94,12.66,12.83,428800
20150325,12.93,13.21,12.75,12.75,685900
20150326,12.6,12.74,12.25,12.47,1055700
20150327,12.32,12.61,12.16,12.25,647800
20150330,12.17,12.76,12.16,12.71,499800
20150331,12.55,12.79,12.47,12.58,723100
20150401,12.76,13.11,12.63,13.11,1045700
20150402,13.32,13.57,13.22,13.25,1034700
20150406,13.41,13.77,13.29,13.57,735800
20150407,13.52,13.7,13.25,13.33,390700
20150408,13.48,13.74,13.4,13.66,732600
20150409,13.68,13.69,13.26,13.33,731900
20150410,13.21,13.87,13.16,13.72,594700
20150413,13.54,13.79,13.41,13.5,637900
20150414,13.53,13.64,13.35,13.52,470900
20150415,13.67,13.87,13.61,13.65,824700
20150416,13.54,13.8,13.54,13.63,554900
20150417,13.45,13.56,13.2,13.26,618000
20150420,13.34,13.37,12.92,13.09,398700
20150422,13.15,13.6,13.15,13.51,659700
20150423,13.47,13.72,13.35,13.64,461700
20150424,13.74,13.83,13.54,13.69,550400
20150427,13.74,13.85,13.55,13.57,843300
20150428,13.8,14.43,13.8,14.3,1442100
20150429,14.31,14.57,13.98,14.43,1046400
20150430,14.23,14.57,14.17,14.54,821900
20150504,14.75,14.93,14.64,14.64,557800
20150505,14.66,15.32,14.54,15.24,636300
20150506,15.24,15.45,15.09,15.3,571400
20150507,14.94,15.38,14.94,15.38,501700
20150508,15.63,15.66,15.14,15.44,374200
20150511,15.29,15.47,15.25,15.31,666900
20150512,15.39,15.47,15.15,15.15,921600
20150513,15.07,15.56,15.02,15.42,665700
20150514,15.2,15.8,15.2,15.62,956900
20150515,15.68,15.89,15.56,15.83,362500
20150518,16.08,16.08,15.27,15.38,1055600
20150519,15.37,15.54,15.06,15.18,393500
20150520,15.04,15.48,15.02,15.12,350800
20150521,14.96,15.19,14.84,14.96,371500
20150522,15.04,15.08,14.44,14.8,1146500
20150525,14.84,15.26,14.59,15.12,261400
20150526,14.97,15.11,14.46,14.61,858200
20150527,14.58,14.74,14.46,14.6,661900
20150528,14.53,14.53,14.11,14.46,710700
20150529,14.41,14.54,13.94,14.18,2099100
20150601,14.18,14.18,13.86,14.03,739600
20150602,14.12,14.62,13.93,14.45,694400
20150603,14.33,14.47,14.02,14.18,803200
20150605,14.57,14.71,14.3,14.31,1142500
20150608,14.48,14.48,13.94,13.99,778700
20150609,13.9,13.95,13.69,13.9,1652200
20150610,14.08,14.37,13.93,14.35,632300
20150611,14.32,14.67,14.17,14.39,990400
20150612,14.17,14.79,14.17,14.62,1570800
20150615,14.62,14.62,14.15,14.46,630300
20150616,14.54,15.06,14.42,14.89,1069100
20150617,14.84,14.87,14.38,14.62,981700
20150618,14.77,14.9,14.39,14.71,798300
20150619,14.68,14.86,14.53,14.6,894600
20150622,14.81,14.96,14.59,14.76,430500
20150623,14.91,15.02,14.72,14.95,832100
20150624,15.03,15.28,14.86,15.08,500300
20150625,15,15.03,14.61,14.87,1315700
20150626,14.94,15.45,14.94,15.21,760000
20150629,14.97,15.18,14.65,14.82,787100
20150630,14.96,15.13,14.69,15.13,1174700
20150701,14.99,15.3,14.72,14.9,995200
20150702,15.05,15.16,14.88,14.9,572400
20150703,14.9,15.03,14.75,14.87,313400
20150706,14.68,15.14,14.64,14.84,627500
20150707,14.84,14.96,14.63,14.88,912400
20150708,14.84,15.01,14.64,14.64,1038000
20150710,15.06,15.25,14.78,15.06,860300
20150713,15.06,15.46,15.06,15.26,369800
20150714,15.21,15.64,15.2,15.55,651400
20150715,15.64,15.76,15.44,15.56,523100
20150716,15.71,15.81,15.34,15.37,353700
20150717,15.43,15.64,15.22,15.28,546300
20150720,15.21,15.43,15.19,15.27,461900
20150721,15.36,15.45,15,15,395100
20150722,14.76,15.05,14.69,14.73,459700
20150723,14.59,14.74,14.11,14.17,910100
20150724,14.08,14.28,13.78,14.2,585700
20150727,14.08,14.52,13.94,14.12,884800
20150728,14.21,14.62,14.12,14.51,1151000
20150729,14.34,14.58,14.18,14.39,621900
20150730,14.66,14.71,13.95,14.04,641100
20150731,14.04,14.33,13.9,14.3,675700
20150803,14.2,14.62,14.04,14.56,713200
20150804,14.57,14.72,14.25,14.28,718200
20150805,14.48,14.78,14.34,14.44,503800
20150806,14.34,14.74,14.29,14.62,1708500
20150807,14.62,14.62,13.7,13.77,1254000
20150810,13.78,14.03,13.76,13.89,640600
20150811,13.77,13.93,13.29,13.78,1064600
20150812,13.63,13.78,13.34,13.59,1070800
20150813,13.65,13.65,13.14,13.23,677600
20150814,13.15,13.38,12.93,12.93,398400
20150817,12.85,13.13,12.67,12.8,469200
20150818,12.71,13.35,12.51,13.1,865500
20150819,13,13,12.5,12.85,911700
20150820,12.63,12.87,12.45,12.78,818600
20150821,12.69,12.84,12.48,12.64,920200
20150824,11.75,12.72,11.49,12.51,2702600
20150825,12.82,12.94,12.41,12.53,1337100
20150826,12.56,13.25,12.52,13.23,1243800
20150827,13.44,13.8,13.21,13.54,1109100
20150828,13.26,13.52,12.96,13.1,1319900
20150831,13.01,13.21,12.78,12.9,1802900
20150901,12.68,12.82,12.48,12.73,1268000
20150902,12.82,13.59,12.76,13.59,2514700
20150903,13.68,14.1,13.61,13.92,2633700
20150904,13.41,13.53,12.88,13.14,4089100
20150908,13.28,13.39,12.79,12.82,1201700
20150909,12.91,13.21,12.79,12.83,958600
20150910,12.32,13.3,12.32,13.16,1391200
20150911,13.04,13.11,12.61,12.82,598600
20150914,12.7,13.33,12.63,13.33,892000
20150915,13.41,13.54,13.12,13.46,874700
20150916,13.56,13.84,13.48,13.83,1241900
20150917,13.7,14.05,13.39,13.8,862600
20150918,13.63,13.7,12.98,13.08,1016100
20150921,12.99,13.21,12.77,12.84,326800
20150922,12.6,13.12,12.51,12.9,560900
20150923,12.96,13.05,12.36,12.43,607800
20150924,11.95,12.74,11.86,12.59,617900
20150925,12.65,12.8,11.99,12.38,687800
20150928,12.27,12.27,11.66,12.12,1369800
20150929,12.08,12.26,11.93,12.02,1058500
20150930,12.46,12.46,11.95,11.95,1245900
20151001,12.03,12.38,11.96,12.23,760000
20151002,12.51,12.85,12.18,12.74,1025600
20151005,13.01,13.28,12.88,13.1,873100
20151006,13.1,13.39,13.01,13.21,911800
20151007,13.56,14.63,13.42,14.37,1618400
20151008,14.45,14.76,14.32,14.38,1371300
20151009,14.68,14.68,14.07,14.68,1076500
20151013,14.41,14.41,13.26,13.38,1399600
20151014,13.29,13.44,12.99,13.18,3746000
20151015,13.27,13.45,13.09,13.31,826300
20151016,13.36,13.85,12.99,13.64,4977600
20151019,13.63,14.02,13.32,13.64,744200
20151020,13.64,13.89,13.11,13.35,629600
20151021,13.36,13.96,13.19,13.41,1149200
20151022,13.57,13.9,13.28,13.48,913000
20151023,13.82,14.16,13.75,13.75,935300
20151026,13.53,14,13.44,13.6,661200
20151027,13.6,13.6,13.2,13.38,911400
20151028,13.31,13.88,13.13,13.36,1428200
20151029,13.1,13.5,12.78,12.95,747600
20151030,13.08,13.22,12.79,13.1,843800
20151103,12.98,14.01,12.98,13.97,1247400
20151104,14.33,14.69,13.99,14.49,1646600
20151105,14.48,14.71,14.18,14.68,1152800
20151106,14.67,14.74,13.61,13.99,626400
20151109,14.02,14.21,13.57,13.74,389200
20151110,13.73,13.88,13.46,13.88,495800
20151111,13.96,14.72,13.93,14.43,1272700
20151112,14.22,14.72,13.93,14.28,1116200
20151113,14.02,14.18,13.64,13.93,701700
20151116,13.94,14.14,13.66,14.08,838100
20151117,14.14,14.87,14.13,14.35,1094800
20151118,14.38,14.86,14.33,14.35,842800
20151119,14.62,15.13,14.57,15.05,1045800
20151123,15.15,15.35,14.74,14.92,922900
20151124,14.9,14.97,14.42,14.87,623900
20151125,14.59,14.79,14.23,14.43,1405300
20151126,14.5,14.71,14.37,14.69,716800
20151127,14.62,14.62,13.77,13.86,965200
20151130,13.82,14.21,13.62,14.02,1929500
20151201,13.98,14.14,13.69,13.93,1163700
20151202,13.84,14.2,13.68,14.09,1171000
20151203,14.4,15.11,14.4,14.68,1570100
20151204,14.58,15.14,14.41,14.57,3000800
20151207,14.68,15.54,14.65,14.88,1620800
20151208,14.88,14.88,14.32,14.63,1808500
20151209,14.77,15.33,14.73,14.97,2349300
20151210,15.06,15.11,14.5,14.69,1487100
20151211,14.49,15.24,14.49,14.82,2018900
20151214,14.71,15.03,14.53,15,2000900
20151215,15,15.33,14.84,15.1,1245000
20151216,14.94,15.32,14.58,15.11,1897900
20151217,15.23,15.96,15.16,15.53,1998500
20151218,15.2,15.25,14.66,14.77,1821300
20151221,14.79,15.05,14.44,14.6,1967300
20151222,14.7,14.78,14.45,14.68,1567800
20151223,14.85,15.16,14.72,15.06,1410200
20151228,15.14,15.37,15.04,15.34,1277600
20151229,15.34,15.6,15.1,15.23,2293800
20151230,15.05,15.43,14.94,15.2,3139300
20160104,15.17,15.33,14.38,14.55,1567000
20160105,14.65,14.72,14.08,14.33,1017500
20160106,14.02,14.32,13.8,14.01,1325200
20160107,13.84,13.88,13.46,13.62,1010300
20160108,13.72,13.99,13.56,13.62,986100
20160111,13.66,14.12,13.58,13.65,1480500
20160112,13.91,13.92,13.47,13.82,865800
20160113,13.89,13.99,13.6,13.69,962100
20160114,13.76,13.79,13.24,13.39,1505800
20160115,13.21,13.46,12.96,12.96,1690100
20160118,12.97,13.45,12.91,12.91,747400
20160119,13.6,13.71,12.82,13.2,1101100
20160120,12.98,13.09,12.69,13.03,1103200
20160121,12.92,13.32,12.68,13.02,1381300
20160122,13.08,13.42,12.97,12.97,668200
20160126,12.62,12.96,12.4,12.55,1153300
20160127,12.57,12.75,12.25,12.62,1313500
20160128,12.74,12.82,12.42,12.68,1393800
20160129,12.96,13.17,12.69,12.96,2225100
20160201,12.79,13.17,12.64,13.16,989100
20160202,12.97,13,12.4,12.4,1079200
20160203,12.53,12.81,12.33,12.64,860400
20160204,12.89,13.65,12.59,13.28,1457800
20160205,13.28,13.79,13.28,13.45,1435600
20160210,13.41,13.71,13.33,13.51,550800
20160211,13.24,13.43,13.01,13.13,1626200
20160212,13.48,13.69,13.16,13.31,1005300
20160215,13.69,13.94,13.45,13.5,523400
20160216,13.5,14,13.47,13.78,560500
20160217,13.74,14.65,13.71,13.96,1476200
20160218,14.18,14.18,13.45,13.9,794000
20160219,13.57,13.81,13.14,13.81,2280100
20160222,14,14.45,13.82,14.4,1409800
20160223,14.39,14.39,13.88,14.1,1088900
20160224,13.74,14.28,13.74,14.01,1549000
20160225,13.92,14.44,13.86,14.14,2258400
20160226,14.11,14.4,13.99,14.06,1182200
20160229,14.03,14.97,14.02,14.85,2092500
20160301,15.09,15.54,14.8,15.54,1596300
20160302,15.6,16.17,15.38,16.17,2563700
20160303,16.19,17.61,16.18,17.53,4750100
20160304,17.87,18.51,17.28,17.41,4520400
20160307,17.67,17.91,17.13,17.29,1872800
20160308,17.15,17.68,16.95,17.12,4107600
20160309,17.5,17.52,16.78,16.84,2633000
20160310,17.19,17.42,16.3,16.69,4853400
20160311,16.68,16.96,16.49,16.49,3908600
20160314,16.59,16.97,16.43,16.51,2415800
20160315,16.1,16.34,15.8,15.81,2930900
20160316,15.64,16.41,15.64,16.27,2394500
20160317,16.91,17.69,16.91,17.69,3345200
20160318,17.64,17.73,16.81,16.99,8143000
20160321,17.22,17.38,17.02,17.24,1017500
20160322,17.25,17.4,17.05,17.39,747600
20160323,17.16,17.38,16.93,16.99,1238800
20160324,16.59,17.04,16.59,16.85,663900
20160328,17.36,17.57,17.08,17.3,838900
20160329,17.38,17.8,17.04,17.39,1303100
20160330,17.39,17.86,17.39,17.58,1355300
20160331,17.36,17.41,16.75,16.84,1830000
20160401,16.64,17.26,16.42,17.11,1205600
20160404,16.81,17,16.45,16.71,933400
20160405,16.48,17.09,16.42,16.89,966500
20160406,16.63,16.94,16.52,16.59,1494700
20160407,16.88,16.88,16.44,16.64,799100
20160408,17.09,17.49,16.69,16.76,1930600
20160411,16.89,17,16.47,16.54,4035300
20160412,16.89,17.21,16.69,16.95,1759500
20160413,17.44,17.54,16.87,16.98,1353300
20160414,17.02,17.1,16.56,16.62,2285500
20160415,16.77,16.89,16.55,16.89,1234000
20160418,16.85,17.34,16.73,17.24,1275400
20160419,17.39,17.52,17.08,17.32,1454400
20160420,17.14,17.43,17.07,17.31,1203300
20160422,17.04,17.41,16.95,17.17,1188100
20160425,17.27,17.27,16.78,17.1,2256000
20160426,17.16,17.5,17.12,17.29,2040300
20160427,17.57,18.04,17.57,17.69,2569700
20160428,17.67,17.98,17.52,17.98,1829000
20160429,18.04,18.53,17.77,18.44,2297400
20160502,18.59,18.66,17.71,18.14,1218500
20160503,17.96,18.12,17.58,17.88,1829000
20160504,17.96,18.31,17.71,18.31,1110900
20160505,18.43,18.56,17.94,18.05,1165100
20160506,17.95,18.43,17.83,18.14,881800
20160509,18.01,18.39,17.82,18.3,2539600
20160510,18.56,18.87,18.16,18.87,1247500
20160511,19.16,19.33,18.63,18.88,1144200
20160512,18.91,19.1,18.43,18.98,2031400
20160513,18.98,18.98,17.89,18.07,1577500
20160516,17.89,18.28,17.89,18.03,978900
20160517,17.68,18.14,17.47,17.74,1456800
20160518,17.39,18.11,17.37,17.81,1338300
20160519,17.5,18.04,17.46,17.73,969700
20160520,17.74,18.28,17.55,17.55,592300
20160523,17.09,18.06,17.08,17.91,1263900
20160524,17.86,18.08,17.63,17.84,770500
20160525,17.78,18.01,17.59,17.78,974600
20160527,17.55,17.98,17.5,17.68,784900
20160530,17.51,17.74,17.49,17.61,371400
20160531,17.52,17.76,17.09,17.27,2284500
20160601,17.12,17.6,17.01,17.55,787800
20160602,17.61,17.89,17.31,17.87,1018800
20160603,17.96,18.17,17.84,18.08,1178400
20160606,18.29,18.48,17.76,17.88,875000
20160607,17.68,17.94,17.61,17.85,850700
20160608,17.79,18.5,17.77,18.29,1196900
20160609,18.21,18.4,18.07,18.27,484600
20160610,18.18,18.18,17.53,17.54,861000
20160613,17.22,17.89,17.22,17.82,1087600
20160614,17.84,18.28,17.03,17.1,1460000
20160615,17.13,17.35,16.76,17.02,1965400
20160616,16.83,17.34,16.66,17.34,742300
20160617,17.49,17.79,17.33,17.48,1635000
20160620,17.98,17.98,17.65,17.75,552300
20160621,17.6,17.9,17.45,17.81,716900
20160622,17.91,18.03,17.51,17.57,707200
20160623,17.78,18.3,17.65,18.24,713100
20160624,17.58,17.58,17.15,17.47,1868600
20160627,17.41,17.53,16.87,17.06,986300
20160628,17.39,17.44,17.06,17.25,676900
20160629,17.72,17.91,17.29,17.75,998900
20160630,17.57,18.24,17.49,18.06,868400
20160701,18.19,18.26,17.9,18.21,725200
20160704,18.33,18.69,18.2,18.47,568800
20160705,18.27,18.43,17.83,17.89,870300
20160706,17.85,18.06,17.62,17.95,528700
20160707,18,18.54,17.91,18.23,899500
20160708,18.54,18.77,18.49,18.74,593000
20160711,18.74,19.24,18.59,19.15,902100
20160712,19.22,19.45,18.65,18.65,883100
20160713,18.47,19.07,18.39,18.92,941400
20160714,19.21,19.55,19.01,19.29,1189200
20160715,19.21,19.41,19.07,19.2,758300
20160718,19.09,19.61,19.04,19.55,932400
20160719,19.43,19.62,19.32,19.44,784100
20160720,19.6,19.7,19.3,19.6,1218000
20160721,19.6,19.68,19.2,19.46,775500
20160722,19.2,19.96,19.07,19.9,1709700
20160725,19.9,20.14,19.61,19.96,904100
20160726,19.86,20.39,19.86,20.19,1221000
20160727,20.35,20.65,20.12,20.12,1375000
20160728,20.09,20.25,19.67,19.87,1446500
20160729,19.79,20.65,19.79,20.38,1223800
20160801,20.38,20.56,19.98,20.33,1054600
20160802,20.1,20.37,19.83,20.1,1131600
20160803,19.86,20.39,19.77,20.39,1324000
20160804,20.34,20.91,20.27,20.82,1781900
20160805,20.8,20.89,20.26,20.77,1488700
20160808,20.66,20.98,20.55,20.89,890200
20160809,20.99,21.34,20.82,21.25,1343500
20160810,21.21,21.32,20.98,21.17,663100
20160811,21.1,21.99,20.98,21.99,1141800
20160812,21.99,22.21,21.78,22,908000
20160815,21.89,22.61,21.89,22.43,672400
20160816,22.17,22.4,22.05,22.17,585900
20160817,22.06,22.7,21.96,22.61,1043500
20160818,22.49,22.83,22.42,22.67,867900
20160819,22.58,23,22.38,22.87,775200
20160822,22.86,22.86,22.27,22.4,829900
20160823,22.4,22.66,22.25,22.25,967300
20160824,22.01,22.85,22,22.45,803300
20160825,22.46,22.69,22.39,22.49,572600
20160826,22.39,22.81,22.29,22.55,1409100
20160829,22.68,23.41,22.57,23.06,692200
20160830,23.2,23.36,22.64,22.88,878600
20160831,22.82,23.28,22.62,22.68,1538800
20160901,22.56,22.9,22.49,22.7,1384800
20160902,22.81,23.02,22.75,23.02,1825600
20160905,22.96,23.41,22.96,23.4,402900
20160906,23.32,23.45,22.97,23.13,1233800
20160908,22.83,23.17,22.68,23.03,1347700
20160909,22.79,23.03,22.09,22.22,1237100
20160912,22.02,22.55,21.86,22.55,828500
20160913,22.28,22.29,21.65,21.8,1455400
20160914,21.73,21.99,21.5,21.88,926500
20160915,21.86,22.16,21.79,21.99,557200
20160916,21.88,21.88,21.45,21.58,1451700
20160919,21.69,22.04,21.47,21.65,610300
20160920,21.67,21.97,21.65,21.66,766300
20160921,21.77,22.06,21.56,21.82,1103300
20160922,22.08,22.53,21.84,21.91,1994400
20160923,21.88,22.04,21.65,21.74,1960500
20160926,21.6,21.71,21.39,21.52,868700
20160927,21.71,22.05,21.41,21.89,986200
20160928,21.97,22.58,21.97,22.58,1331300
20160929,22.55,22.68,21.7,21.97,771400
20160930,21.95,22.16,21.82,22,1148600
20161003,21.82,22.29,21.8,22.11,687600
20161004,21.93,22.32,21.82,21.98,1064400
20161005,22.22,22.57,22.1,22.35,660900
20161006,22.22,22.47,22.11,22.3,864000
20161007,22.42,22.97,22.2,22.8,949800
20161010,22.81,23.05,22.62,22.73,679700
20161011,22.74,22.74,22.25,22.42,1030800
20161013,22.21,23.34,22.21,23.33,3006500
20161014,23.45,23.87,23.27,23.74,1906400
20161017,23.83,24.42,23.78,24.25,1673100
20161018,24.25,25.44,24.25,25.31,1745700
20161019,25.32,25.35,24.85,24.86,781900
20161020,24.84,25.19,24.54,24.97,586300
20161021,24.9,25.01,24.59,24.59,2010600
20161024,24.65,24.88,24.5,24.86,771200
20161025,24.71,25,24.44,24.93,918000
20161026,25.06,25.55,25.03,25.05,1376700
20161027,25.04,25.53,24.91,25.39,1170300
20161028,25.21,25.63,25.08,25.56,1470000
20161031,25.7,26.35,25.56,26.3,2401000
20161101,26.4,26.44,25.44,25.56,1407100
20161103,25.59,26.2,25.39,25.41,1384600
20161104,25.41,26.2,25.23,25.66,877800
20161107,25.8,26.8,25.8,26.59,1204900
20161108,26.05,27.23,26.05,26.94,1046100
20161109,25.85,27.03,25.54,26.32,2529300
20161110,26.16,26.5,25.08,25.12,2367600
20161111,25.09,25.3,24.33,24.87,2551200
20161114,24.43,25.4,24.39,25.3,1669600
20161116,26,26.95,25.67,26.66,2365400
20161117,26.7,27.05,26.2,26.29,1998800
20161118,26.19,27.8,26.19,27.73,2109600
20161121,28,29.25,27.79,28.39,2079900
20161122,28.64,29.47,28.6,28.91,1327200
20161123,28.84,28.84,28.07,28.39,1168000
20161124,28.28,28.48,27.81,27.81,363800
20161125,27.65,28.45,27,28.36,988500
20161128,28.18,28.78,27.91,28.77,835100
20161129,28.61,28.65,27.72,27.72,2203200
20161130,28.14,28.64,27.94,28.16,1386200
20161201,27.42,27.69,25.74,25.91,2530000
20161202,25.7,26.71,25.2,26.55,1427700
20161205,26.71,27,25.92,26.26,640400
20161206,25.91,26.9,25.79,26.68,1025300
20161207,26.9,27.2,26.39,26.84,1189900
20161208,27.24,27.25,26.71,26.88,1108700
20161209,27.19,27.22,26.55,26.85,1360900
20161212,26.5,26.54,25.87,26.02,892600
20161213,25.7,26.36,25.6,25.88,1361700
20161214,25.91,26.29,25.6,25.76,1844400
20161215,25.55,26.07,25.15,26.07,1550400
20161216,26.08,27.26,25.8,26.9,2532100
20161219,26.87,27.18,26.39,26.47,1143000
20161220,26.53,26.86,26.33,26.8,1051500
20161221,26.65,27.15,26.45,26.76,766000
20161222,26.53,26.91,26.53,26.64,916900
20161223,26.64,27.4,26.64,27.15,856600
20161226,27.36,27.94,27.21,27.59,543800
20161227,27.87,27.9,27.48,27.73,490500
20161228,27.73,29.29,27.72,29.19,1110800
20161229,29.18,29.8,28.69,29.53,1473200
20170102,29.53,29.95,29.24,29.5,525900
20170103,29.9,30.55,29.77,30.55,1437900
20170104,30.15,30.69,30.15,30.69,1131200
