<DTYYYYMMDD>,<OPEN>,<HIGH>,<LOW>,<CLOSE>,<VOL>
20100601,9.59,9.63,9.4,9.42,930600
20100602,9.37,9.79,9.3,9.7,1000800
20100604,9.64,9.9,9.42,9.72,1064100
20100607,9.65,9.88,9.65,9.78,665100
20100608,9.75,9.79,9.6,9.67,1147200
20100609,9.67,9.81,9.65,9.78,434400
20100610,9.72,9.85,9.62,9.85,997200
20100611,9.75,9.89,9.64,9.73,464700
20100614,9.75,9.89,9.63,9.7,519900
20100615,9.78,9.78,9.56,9.64,624000
20100616,9.64,9.67,9.48,9.65,949800
20100617,9.6,9.69,9.51,9.69,1174800
20100618,9.7,9.72,9.55,9.55,952200
20100621,9.7,9.73,9.51,9.65,1087200
20100622,9.69,9.72,9.58,9.71,860400
20100623,9.67,10.35,9.58,10.1,3834300
20100624,10.1,10.1,9.87,10.03,2449200
20100625,10.1,10.15,9.92,10.09,1021800
20100628,9.91,10.31,9.91,10.27,1436400
20100629,10.16,10.8,9.81,10.4,2840400
20100630,10.4,10.64,10.12,10.51,927600
20100701,10.36,10.55,9.89,10.2,2459100
20100702,10.09,10.2,9.93,9.96,618300
20100705,9.96,10.25,9.69,9.88,219900
20100706,10.16,10.16,9.74,9.86,1674900
20100707,9.95,10.09,9.74,9.85,1223700
20100708,9.85,9.93,9.71,9.79,1894800
20100712,9.89,9.9,9.61,9.61,645900
20100713,9.78,9.78,9.62,9.65,625500
20100714,9.56,9.74,9.51,9.7,1306500
20100715,9.6,9.62,9.45,9.57,1208100
20100716,9.57,9.62,9.4,9.4,744300
20100719,9.51,9.51,9.33,9.39,1462200
20100720,9.42,9.62,9.33,9.61,1317600
20100721,9.62,9.73,9.53,9.57,1095300
20100722,9.72,9.79,9.61,9.62,1194000
20100723,9.59,9.8,9.59,9.73,892200
20100726,9.69,9.87,9.69,9.71,549900
20100727,9.88,10,9.75,9.86,795600
20100728,9.86,9.91,9.7,9.91,546900
20100729,9.89,9.98,9.64,9.79,639900
20100730,9.61,9.86,9.61,9.86,1251000
20100802,9.98,9.99,9.87,9.99,470100
20100803,9.98,9.99,9.78,9.88,585000
20100804,9.89,9.99,9.8,9.99,671700
20100805,9.81,9.99,9.81,9.99,381900
20100806,9.98,10.02,9.79,10.02,405900
20100809,10.07,10.07,9.83,9.95,492600
20100810,9.84,9.92,9.66,9.8,609300
20100811,9.55,9.76,9.46,9.5,620700
20100812,9.4,9.78,9.4,9.78,696000
20100813,9.71,9.89,9.56,9.77,525900
20100816,9.87,9.89,9.64,9.89,584400
20100817,9.89,9.97,9.75,9.94,522600
20100818,9.95,10.02,9.8,10.02,663600
20100819,9.95,9.99,9.81,9.96,550200
20100820,9.99,9.99,9.79,9.79,361200
20100823,9.86,9.91,9.76,9.84,2118000
20100824,9.81,9.86,9.56,9.65,648300
20100825,9.58,9.66,9.42,9.58,681300
20100826,9.55,9.64,9.47,9.47,679500
20100827,9.53,9.89,9.49,9.81,778200
20100830,9.59,10.02,9.5,9.5,486300
20100831,9.58,9.64,9.24,9.36,1410600
20100901,9.49,9.72,9.42,9.72,801900
20100902,9.62,9.7,9.53,9.53,552300
20100903,9.61,9.68,9.53,9.62,566400
20100906,9.56,9.79,9.53,9.79,62700
20100908,9.64,9.64,9.41,9.48,613500
20100909,9.53,9.61,9.46,9.5,709500
20100910,9.55,9.95,9.55,9.95,601500
20100913,9.95,10.07,9.9,9.97,484200
20100914,10,10.06,9.91,10.04,523800
20100915,10.04,10.17,9.92,10.17,638700
20100916,10.17,10.18,9.92,9.99,475800
20100917,9.98,10.05,9.75,9.88,802800
20100920,9.94,10.05,9.77,10.05,552000
20100921,10.05,10.05,9.7,9.7,634800
20100922,9.75,10.15,9.67,10.15,766200
20100923,10.08,10.17,9.95,10.06,938100
20100924,10.06,10.21,9.97,10.07,893700
20100927,10.13,10.29,10.03,10.29,426300
20100928,10.16,10.24,10.06,10.11,818400
20100929,10.16,10.48,10.06,10.48,899700
20100930,10.48,10.62,10.26,10.62,948000
20101001,10.63,10.65,10.46,10.62,630900
20101004,10.6,10.62,10.43,10.53,443700
20101005,10.61,10.86,10.41,10.74,1373400
20101006,10.82,11.07,10.6,11.01,834000
20101007,10.88,11.01,10.7,10.87,696300
20101008,10.75,11.15,10.75,11.12,528300
20101011,11.04,11.15,11.01,11.05,411000
20101013,11.1,11.64,11.1,11.42,1629600
20101014,11.41,11.51,11.14,11.38,1262700
20101015,11.43,11.55,11.1,11.55,973800
20101018,11.54,11.8,11.42,11.7,1288200
20101019,11.38,11.55,11.04,11.04,1051200
20101020,11.05,11.12,10.99,11.01,845100
20101021,11.08,11.08,10.65,10.67,776400
20101022,10.75,10.84,10.52,10.65,613800
20101025,10.64,10.86,10.64,10.79,463500
20101026,10.78,11.21,10.66,11.21,1000200
20101027,11.2,11.2,10.91,11.13,358200
20101028,11.03,11.2,11,11.15,371700
20101029,11.21,11.24,10.66,10.69,1509900
20101101,10.79,11.13,10.69,11.1,576300
20101103,10.93,11.22,10.91,11.22,393600
20101104,11.27,11.54,11.25,11.45,456000
20101105,11.52,11.54,11.29,11.52,834000
20101108,11.6,11.6,11.27,11.42,303600
20101109,11.51,11.6,11.34,11.6,411300
20101110,11.59,11.59,11.33,11.51,378000
20101111,11.49,11.49,11.11,11.23,346800
20101112,11.28,11.32,11.07,11.32,256500
20101116,11.34,11.34,10.99,11.21,898200
20101117,11.13,11.38,11.02,11.37,222300
20101118,11.46,11.6,11.28,11.58,819000
20101119,11.43,11.63,11.43,11.63,533100
20101122,11.66,11.66,11.31,11.41,419400
20101123,11.36,11.54,11.27,11.35,596400
20101124,11.36,11.77,11.31,11.77,897300
20101125,11.82,12.05,11.64,11.77,360300
20101126,11.72,11.88,11.44,11.66,1156800
20101129,11.49,11.69,11.13,11.22,1493700
20101130,11.15,11.35,10.62,10.65,2640600
20101201,10.87,11.38,10.82,11.38,1043400
20101202,11.28,11.43,11.21,11.29,608400
20101203,11.34,11.65,11.04,11.65,409800
20101206,11.6,11.72,11.4,11.64,541200
20101207,11.82,11.82,11.45,11.53,279000
20101208,11.58,11.75,11.45,11.63,551100
20101209,11.54,11.8,11.47,11.55,535800
20101210,11.53,11.89,11.53,11.83,1056900
20101213,11.83,12.04,11.77,11.97,547200
20101214,11.87,12.03,11.73,11.95,539400
20101215,11.99,12.23,11.85,12.05,722700
20101216,12.03,12.27,11.89,12.07,502500
20101217,12.11,12.17,11.94,12.17,663600
20101220,12.19,12.44,11.96,12.44,433200
20101221,12.34,12.47,12.26,12.27,644400
20101222,12.35,12.38,12.12,12.32,502800
20101223,12.08,12.43,12.08,12.43,462900
20101227,12.36,12.46,12.2,12.46,919500
20101228,12.62,12.64,12.09,12.64,705300
20101229,12.71,12.77,12.52,12.67,629700
20101230,12.68,12.69,12.5,12.5,1104600
20110103,12.85,13.17,12.62,12.89,1231800
20110104,12.89,13.01,12.59,12.8,1357800
20110105,12.8,13.06,12.62,13.06,1506900
20110106,12.95,13,12.74,12.85,1038000
20110107,12.83,13.03,12.78,12.91,522000
20110110,12.9,13.15,12.86,13.04,517500
20110111,13.15,13.15,13,13.1,1047900
20110112,13.17,13.27,12.99,13.19,2182500
20110113,13.18,13.34,13.18,13.27,693000
20110114,13.3,13.43,13.26,13.31,519300
20110117,13.27,13.38,13.13,13.23,269400
20110118,13.16,13.22,12.88,12.89,1429200
20110119,12.96,12.96,12.75,12.85,717600
20110120,12.82,12.88,12.37,12.41,2301300
20110121,12.43,12.43,11.93,11.93,1624200
20110124,12.03,12.18,11.89,12.03,895200
20110126,12.06,12.35,12.04,12.24,980400
20110127,12.29,12.32,12.22,12.24,524700
20110128,12.32,12.37,11.82,11.82,1451700
20110131,11.9,12.1,11.74,11.97,571500
20110201,11.97,12.35,11.8,12.25,654900
20110202,12.18,12.39,12.01,12.04,808500
20110203,11.95,12.24,11.84,12.02,425100
20110204,11.95,11.97,11.77,11.77,906600
20110207,11.92,12.15,11.66,12.04,689400
20110208,12.04,12.27,12,12.02,645000
20110209,12.02,12.2,11.75,11.83,1054800
20110210,11.81,11.99,11.77,11.82,670200
20110211,11.83,12.09,11.75,11.9,414300
20110214,11.92,12.43,11.78,12.36,660600
20110215,12.27,12.72,12.21,12.53,756600
20110216,12.43,12.64,12.3,12.44,767400
20110217,12.46,12.74,12.28,12.29,734400
20110218,12.42,12.59,12.24,12.33,838500
20110221,12.28,12.41,12.27,12.33,123300
20110222,12.33,12.41,12.19,12.25,696000
20110223,12.27,12.51,12.21,12.39,681000
20110224,12.36,12.46,12.09,12.1,564600
20110225,12.19,12.34,12.11,12.21,527400
20110228,12.12,12.33,11.97,11.97,1034100
20110301,12.07,12.2,11.89,12.07,714000
20110302,12.04,12.19,12.04,12.15,691500
20110303,12.11,12.4,12.11,12.34,970500
20110304,12.34,12.38,12.16,12.3,920700
20110309,12.42,12.61,12.1,12.4,1214400
20110310,12.24,12.39,12.09,12.22,767400
20110311,12.23,12.61,12.15,12.53,537600
20110314,12.42,13.21,12.29,13.05,766800
20110315,12.85,13.1,12.46,12.95,609900
20110316,13.08,13.08,12.54,12.56,601200
20110317,12.59,12.82,12.56,12.62,735300
20110318,12.75,12.95,12.68,12.68,1263300
20110321,12.87,13.13,12.82,12.97,518400
20110322,13.07,13.35,12.94,13.14,669000
20110323,13.06,13.2,13.04,13.04,714600
20110324,13.11,13.15,13.01,13.15,679500
20110325,13.15,13.35,12.97,13.21,755400
20110328,13.24,13.31,12.97,13.06,812400
20110329,12.98,13.4,12.94,13.24,504900
20110330,13.2,13.64,13.2,13.37,579900
20110331,13.37,13.88,13.27,13.79,1487700
20110401,13.8,14.04,13.76,13.89,1451400
20110404,14.03,14.09,13.79,13.85,802800
20110405,13.78,13.98,13.78,13.84,1167000
20110406,13.91,13.91,13.69,13.74,859200
20110407,13.74,13.74,13.49,13.65,1108800
20110408,13.68,13.74,13.46,13.52,404700
20110411,13.52,13.64,13.27,13.48,695400
20110412,13.34,13.53,13.21,13.21,510000
20110413,13.37,13.58,13.35,13.46,616200
20110414,13.49,13.68,13.39,13.49,591900
20110415,13.62,13.77,13.5,13.57,464400
20110418,13.65,13.79,13.5,13.79,708000
20110419,13.81,13.85,13.68,13.68,409500
20110420,13.87,13.94,13.49,13.62,520200
20110425,13.62,13.85,13.57,13.67,297300
20110426,13.59,13.81,13.59,13.68,437400
20110427,13.65,13.75,13.42,13.54,956100
20110428,13.42,13.69,13.24,13.46,809400
20110429,13.42,13.53,13.3,13.37,1908600
20110502,13.48,13.5,13.36,13.5,556200
20110503,13.34,13.59,13.32,13.55,467400
20110504,13.64,13.72,13.37,13.56,425700
20110505,13.45,13.88,13.42,13.88,988800
20110506,13.91,14.09,13.8,13.8,732300
20110509,13.92,13.92,13.72,13.79,569100
20110510,13.79,14.01,13.57,13.57,330000
20110511,13.63,13.88,13.53,13.88,707400
20110512,13.83,13.96,13.72,13.81,630900
20110513,13.77,13.9,13.6,13.63,881100
20110516,13.62,13.68,13.39,13.47,723300
20110517,13.47,13.67,13.4,13.44,429600
20110518,13.45,14.09,13.42,13.9,1516200
20110519,13.84,14.3,13.84,14.23,1281600
20110520,14.23,14.44,14.09,14.09,867000
20110523,14.09,14.36,13.87,14.21,893100
20110524,14.21,14.38,14.16,14.38,966600
20110525,14.44,14.56,14.26,14.53,673500
20110526,14.58,14.59,14.23,14.35,773700
20110527,14.31,14.37,14.14,14.22,833700
20110530,14.22,14.34,14.06,14.23,319500
20110531,14.48,14.48,14.09,14.17,1206600
20110601,14.19,14.26,13.88,13.92,1084500
20110602,13.99,14.23,13.96,14.23,2005200
20110603,14.18,14.55,14.13,14.41,1451100
20110606,14.34,14.44,14.09,14.29,1278900
20110607,14.18,14.4,14.03,14.03,1344300
20110608,14.14,14.26,13.61,13.71,1224900
20110609,13.76,13.93,13.3,13.77,603000
20110610,13.77,13.87,13.56,13.57,455700
20110613,13.59,13.74,13.47,13.68,411900
20110614,13.77,13.83,13.64,13.77,458100
20110615,13.71,13.71,13.21,13.21,1119600
20110616,13.32,13.67,13.11,13.65,856500
20110617,13.59,13.63,13.34,13.44,466200
20110620,13.38,13.59,13.35,13.36,390000
20110621,13.38,13.81,13.32,13.81,592200
20110622,13.77,13.97,13.65,13.65,635700
20110624,13.65,13.82,13.56,13.82,583800
20110627,13.85,14.17,13.81,13.88,634200
20110628,13.92,13.97,13.8,13.94,674700
20110629,13.86,14.06,13.71,13.91,680700
20110630,13.88,13.88,13.56,13.64,972900
20110701,13.6,14,13.56,13.85,762000
20110704,14.03,14.03,13.72,13.94,44700
20110705,13.9,14.23,13.79,14.1,726600
20110706,14.01,14.14,13.8,13.8,407700
20110707,13.89,13.99,13.62,13.99,1022100
20110708,13.8,13.98,13.65,13.65,813300
20110711,13.59,13.82,13.49,13.71,1219500
20110712,13.58,13.75,13.42,13.59,815100
20110713,13.61,13.76,13.52,13.76,775800
20110714,13.76,13.81,13.47,13.47,446400
20110715,13.47,13.69,13.34,13.56,895800
20110718,13.35,13.67,13.35,13.67,593100
20110719,13.69,13.73,13.57,13.65,789000
20110720,13.74,13.84,13.62,13.82,688500
20110721,13.82,14.01,13.79,13.79,446700
20110722,13.8,13.97,13.67,13.91,761400
20110725,13.91,13.94,13.63,13.83,553500
20110726,13.94,13.94,13.69,13.85,613200
20110727,13.72,14.03,13.48,13.5,663300
20110728,13.5,13.73,13.5,13.56,627000
20110729,13.42,13.64,13.3,13.59,1120800
20110801,13.57,13.69,13.37,13.45,712200
20110802,13.47,13.55,13.17,13.27,1396800
20110803,13.18,13.27,12.89,13.02,867000
20110804,12.88,13.2,12.68,12.85,785100
20110805,12.85,12.98,12.22,12.6,1335300
20110808,12.09,12.32,11.45,11.45,1569900
20110809,11.47,12.26,11.47,12.03,938100
20110810,12.03,12.12,11.63,11.98,1051500
20110811,11.74,12.37,11.74,12.32,714600
20110812,12.37,12.44,12.06,12.17,573300
20110815,12.43,12.59,12.21,12.58,389400
20110816,12.53,12.66,12.44,12.62,493800
20110817,12.77,12.85,12.53,12.85,1037700
20110818,12.62,12.62,12,12.33,748200
20110819,12.32,12.32,11.84,12.03,684300
20110822,12.07,12.31,12.03,12.03,327300
20110823,12.04,12.32,11.99,12.32,772200
20110824,12.32,12.54,12.27,12.41,608700
20110825,12.41,12.78,12.35,12.78,594900
20110826,12.75,12.82,12.36,12.46,560100
20110829,12.62,12.91,12.51,12.91,333300
20110830,12.97,13.03,12.83,12.95,344400
20110831,13,13.5,12.91,13.5,712200
20110901,13.53,13.85,13.31,13.32,1055700
20110902,13.32,13.5,13.18,13.21,795900
20110905,12.99,13.17,12.57,12.61,469500
20110906,12.36,13.32,12.36,13.27,1103400
20110908,13.3,13.68,13.13,13.47,608100
20110909,13.29,13.32,12.99,13.12,640800
20110912,13.1,13.15,12.81,13.14,420300
20110913,13.17,13.17,12.96,13,405900
20110914,13,13.33,12.77,13.23,334500
20110915,13.34,13.49,13.18,13.24,420900
20110916,13.21,13.74,13.21,13.74,440400
20110919,13.5,14.07,13.45,13.79,1142700
20110920,13.94,13.94,13.48,13.65,749100
20110921,13.76,13.94,13.5,13.5,1221600
20110922,13.22,13.47,12.92,13.24,1340700
20110923,13.06,13.2,12.71,12.76,795000
20110926,12.78,13.03,12.55,12.8,491400
20110927,12.91,12.97,12.73,12.8,644100
20110928,12.8,13.2,12.79,12.83,729600
20110929,12.78,13.19,12.57,12.57,654000
20110930,12.57,12.9,12.56,12.83,913800
20111003,12.81,13.09,12.58,12.63,1255800
20111004,12.65,13.3,12.63,12.98,1260000
20111005,12.92,13.44,12.92,13.04,1851000
20111006,13.21,13.35,13.08,13.14,1416000
20111007,13,13.39,12.76,12.91,710400
20111010,13.11,13.3,13,13.27,480900
20111011,13.26,13.49,13.18,13.18,586800
20111013,13.3,13.57,13.14,13.57,832800
20111014,13.64,14,13.34,13.44,649200
20111017,13.38,13.4,13.13,13.24,683400
20111018,13.13,13.5,13.05,13.5,683700
20111019,13.46,13.53,13.32,13.5,469200
20111020,13.5,13.62,13.12,13.12,535500
20111021,13.23,13.69,13.23,13.55,505200
20111024,13.65,13.79,13.58,13.59,762900
20111025,13.46,13.77,13.31,13.44,801300
20111026,13.62,13.73,13.44,13.56,579300
20111027,13.91,13.98,13.59,13.79,1040400
20111028,13.79,13.88,13.45,13.45,512400
20111031,13.46,13.82,13.32,13.82,999900
20111101,13.33,13.67,13.32,13.65,638400
20111103,13.93,13.97,13.64,13.87,605100
20111104,13.87,14.07,13.53,14.07,664800
20111107,13.96,14.09,13.85,14.07,480300
20111108,14.06,14.19,13.85,14.09,588600
20111109,13.82,14.48,13.82,14.34,1374000
20111110,14.6,14.61,14.09,14.09,745200
20111111,14.32,14.48,14.09,14.33,914100
20111114,14.17,14.59,14.01,14.3,537300
20111116,14.59,14.93,14.36,14.71,1209300
20111117,14.58,14.58,14.18,14.18,591000
20111118,14.32,14.43,14.17,14.38,437400
20111121,14.12,14.53,14.1,14.44,414300
20111122,14.58,14.6,14.27,14.43,450600
20111123,14.35,14.52,14.28,14.52,553500
20111124,14.51,14.62,14.29,14.62,172200
20111125,14.51,14.62,14.37,14.39,294000
20111128,14.5,14.85,14.46,14.46,597000
20111129,14.57,14.64,14.36,14.4,473700
20111130,14.6,14.97,14.43,14.67,1167600
20111201,14.92,14.94,14.53,14.81,509400
20111202,14.87,14.96,14.4,14.5,799800
20111205,14.57,14.79,14.43,14.57,674100
20111206,14.5,14.72,14.28,14.65,706200
20111207,14.51,14.6,14.24,14.27,884400
20111208,14.27,14.44,14.03,14.38,664500
20111209,14.3,14.48,14.15,14.47,1574100
20111212,14.47,14.5,14.29,14.5,473400
20111213,14.58,14.76,14.41,14.67,693900
20111214,14.67,14.87,14.62,14.69,1076400
20111215,14.8,14.8,14.46,14.49,881700
20111216,14.43,14.62,14.41,14.59,413100
20111219,14.59,14.67,14.44,14.54,241800
20111220,14.67,14.86,14.53,14.85,696300
20111221,14.75,14.84,14.56,14.71,783000
20111222,14.72,15.21,14.58,15.01,998100
20111223,15.12,15.23,14.94,15.16,307200
20111226,15.24,15.26,15.1,15.25,59400
20111227,15.17,15.53,15.17,15.49,523800
20111228,15.44,15.5,15,15.06,580800
20111229,15.09,15.27,15.03,15.27,597000
20120102,15.17,15.44,14.8,14.8,551400
20120103,14.92,15.34,14.92,15.32,1240800
20120104,15.29,16.1,15.29,16.03,1970700
20120105,16.03,16.18,15.59,15.7,1479000
20120106,15.67,15.86,15.48,15.7,588000
20120109,15.7,15.92,15.66,15.88,1231800
20120110,15.88,15.91,15.73,15.75,1096500
20120111,15.71,15.88,15.49,15.73,534600
20120112,15.7,16.04,15.54,15.67,892200
20120113,15.67,15.86,15.33,15.5,784800
20120116,15.55,15.71,15.32,15.64,441600
20120117,15.66,15.66,15.32,15.5,1300200
20120118,15.55,15.68,15.43,15.61,1111800
20120119,15.61,15.85,15.61,15.82,971700
20120120,15.76,15.98,15.62,15.9,1566000
20120123,15.87,16.07,15.85,15.99,931200
20120124,16.08,16.15,15.79,16.03,739500
20120126,16.19,16.61,15.88,16.54,1479000
20120127,16.6,16.89,16.25,16.47,1341000
20120130,16.47,16.76,16.35,16.71,551700
20120131,16.82,17.12,16.59,17.12,880200
20120201,17.2,17.24,16.97,17.03,1158600
20120202,17.08,17.29,16.98,17.02,839100
20120203,16.93,17.5,16.92,17.11,1491600
20120206,17.01,17.24,16.92,17.24,830700
20120207,17.32,17.83,17.11,17.75,1170600
20120208,17.76,17.86,17.51,17.79,862500
20120209,17.93,18.08,17.65,17.8,1065900
20120210,17.77,18.09,17.46,17.49,837900
20120213,17.87,18.25,17.86,17.99,1608000
20120214,18.03,18.59,18,18.55,1805400
20120215,18.67,18.99,18.48,18.84,2274900
20120216,18.73,19,18.73,18.96,4751400
20120217,19.18,19.85,18.67,19.71,2342700
20120222,19.67,19.67,19.2,19.62,1036200
20120223,19.41,19.58,19.27,19.3,2149500
20120224,19.34,19.59,19.34,19.59,876000
20120227,19.67,19.68,19.4,19.48,580200
20120228,19.48,19.81,19.32,19.42,1286100
20120229,19.42,19.81,19.26,19.81,1157100
20120301,19.86,19.95,19.74,19.86,1076400
20120302,19.92,20.4,19.74,20.4,1107000
20120305,20.39,20.42,20,20.3,778200
20120306,20.11,20.31,19.82,19.98,802800
20120307,20.27,20.31,20.01,20.14,559200
20120308,20.7,20.7,20.18,20.29,918000
20120309,20.38,20.38,20.13,20.26,1647900
20120312,19.97,20.41,19.97,20.21,805500
20120313,20.38,20.77,19.96,20.77,517200
20120314,20.71,20.79,20.38,20.79,800700
20120315,20.78,20.92,20.58,20.85,411600
20120316,20.72,20.97,20.4,20.4,928800
20120319,20.5,20.79,20.34,20.72,611700
20120320,20.71,20.71,20.43,20.62,418800
20120321,20.52,20.75,20.47,20.61,312600
20120322,20.43,20.81,20.43,20.81,784800
20120323,20.81,20.84,20.49,20.56,533400
20120326,20.56,21.2,20.46,21.01,1710000
20120327,21.09,21.14,20.68,21.01,865500
20120328,20.86,21.3,20.8,21.21,906000
20120329,21,21.24,20.94,21.24,807000
20120330,21.24,21.35,21.01,21.28,1609200
20120402,21.38,22.54,21.17,22.5,1598400
20120403,22.51,22.76,21.62,21.85,1023900
20120404,21.85,21.85,21.18,21.3,1802400
20120405,21.47,21.88,21.28,21.77,1078500
20120409,21.4,21.88,21.4,21.6,498900
20120410,21.39,21.7,20.77,21.1,1536600
20120411,21.17,21.42,20.8,20.93,1074900
20120412,20.93,21.36,20.72,21.36,768900
20120413,21.1,21.38,21.06,21.13,762900
20120416,21.13,21.54,20.84,21.2,505800
20120417,21.42,21.44,20.87,21.01,809100
20120418,21.07,21.66,21.06,21.39,1403100
20120419,21.33,21.69,21.33,21.57,913800
20120420,21.69,21.9,21.41,21.79,517500
20120423,21.69,21.69,21.13,21.14,521700
20120424,21.13,21.72,21.04,21.72,449400
20120425,22,22,21.55,21.88,368100
20120426,21.84,22.05,21.46,22.05,661500
20120427,22.05,22.61,21.47,22.49,659700
20120430,22.5,22.93,22.38,22.87,616500
20120502,22.62,22.91,22.38,22.61,1553100
20120503,22.85,23.32,22.64,23.01,1043700
20120504,22.81,23.28,22.61,22.61,1152900
20120507,22.31,23.22,22.31,22.72,1322100
20120508,22.76,22.9,22.46,22.9,990000
20120509,22.62,23.28,22.62,22.97,876600
20120510,23.22,23.47,23.01,23.22,830700
20120511,23.45,23.45,22.95,23.22,568200
20120514,23.21,23.22,22.27,22.46,894600
20120515,22.28,22.53,21.72,21.83,1559100
20120516,21.91,22.49,21.66,21.85,1117200
20120517,21.78,22.04,21.02,21.12,1008900
20120518,21.21,21.47,20.97,21.22,1654800
20120521,21.53,21.55,20.97,21.34,1278900
20120522,21.17,21.84,20.99,21.76,1184700
20120523,21.85,21.98,21.12,21.3,951000
20120524,21.12,21.54,21.02,21.54,1230000
20120525,21.39,21.48,21.14,21.17,1146000
20120528,21.39,21.46,21.17,21.39,374100
20120529,21.52,21.63,21.34,21.45,679800
20120530,21.34,21.68,21.08,21.15,655500
20120531,21.18,21.7,21.1,21.7,1721100
20120601,21.65,21.84,21.12,21.72,1093800
20120604,21.74,21.94,21.47,21.47,489300
20120605,21.47,21.69,21.43,21.45,449100
20120606,21.4,21.85,20.95,21.85,1369200
20120608,21.85,22,21.5,21.94,821400
20120611,21.99,22.33,21.9,22.24,1404600
20120612,22.09,22.83,22.07,22.83,821100
20120613,22.82,23.22,22.48,23.22,819900
20120614,22.93,23.33,22.83,22.92,463800
20120615,23.1,23.28,22.55,22.55,1921500
20120618,22.65,22.92,22.65,22.88,679200
20120619,23.08,23.45,22.92,23.29,1086900
20120620,23.43,23.43,22.97,23.22,654000
20120621,23.33,23.41,22.78,23.17,705300
20120622,23.25,23.25,22.73,22.76,945600
20120625,22.62,23.07,22.56,22.92,440400
20120626,23.13,23.32,22.93,23.19,541500
20120627,23.15,23.89,23.13,23.63,1069500
20120628,23.74,24.06,23.52,23.62,984000
20120629,23.73,24.25,23.08,23.53,1409400
20120702,23.44,23.74,23.37,23.53,929400
20120703,23.59,23.65,23.38,23.56,1032600
20120704,23.59,23.68,23.44,23.6,306900
20120705,23.71,23.71,23.29,23.55,601200
20120706,23.53,23.71,23.29,23.71,472800
20120710,23.55,23.69,23.15,23.2,876600
20120711,23.07,23.38,22.92,23.12,610500
20120712,22.76,23.25,22.71,23.16,860400
20120713,23.19,23.38,22.99,23.3,575700
20120716,23.3,23.39,23.07,23.22,813300
20120717,23.31,24.07,23.31,24.07,930900
20120718,24.13,24.13,23.65,24.03,726300
20120719,23.9,24.17,23.84,24.14,1102200
20120720,24.06,24.51,24.06,24.51,1095300
20120723,24.33,24.7,24.26,24.69,937500
20120724,24.69,24.95,24.39,24.63,1991100
20120725,24.77,24.94,24.4,24.75,1171800
20120726,24.95,25.36,24.78,25.36,1634700
20120727,25.36,26.08,25.25,25.93,1039200
20120730,26.02,26.58,25.67,26.58,566100
20120731,26.55,26.98,26.31,26.73,1554000
20120801,26.59,26.88,25.91,26.13,1620300
20120802,26.12,26.17,25.59,25.82,811800
20120803,26.36,26.46,25.85,26.46,912900
20120806,26.67,26.95,26.16,26.8,558300
20120807,26.59,27.1,26.59,27,1048800
20120808,26.86,27.26,26.83,27.26,980700
20120809,26.98,27.19,26.5,26.69,1035000
20120810,26.83,27.48,26.5,27.43,824400
20120813,27.21,27.66,27.01,27.25,1096200
20120814,27.04,27.52,27.04,27.26,1017900
20120815,27.26,27.48,26.98,27.04,764400
20120816,27.29,28.1,27.2,28.1,1257900
20120817,27.72,28.12,27.72,28,856200
20120820,28.14,28.2,27.8,27.9,365100
20120821,28.2,28.23,27.91,28.01,719400
20120822,28.01,28.34,27.74,28.26,1298700
20120823,27.91,28.34,27.42,27.64,1875000
20120824,27.64,28.23,27.56,27.91,705300
20120827,27.75,27.9,27.54,27.65,846900
20120828,27.81,28.01,27.65,27.87,634500
20120829,27.96,27.96,27.1,27.27,1426500
20120830,27.2,27.2,26.82,27.08,759900
20120831,27.08,27.43,25.54,26.22,2223900
20120903,26.41,26.69,26.01,26.37,861900
20120904,26.11,26.56,26.03,26.56,728100
20120905,26.87,27.31,26.59,27.31,875400
20120906,27.5,27.54,26.97,27.23,790800
20120910,27.2,27.22,26.5,26.5,1024200
20120911,26.64,27.03,25.4,25.45,2020800
20120912,25.33,25.33,23.31,23.77,4959900
20120913,23.94,25.24,23.5,25.16,2438700
20120914,25.21,25.27,23.9,24.11,2451000
20120917,24.14,24.44,23.08,23.53,2739300
20120918,23.32,24.4,23.32,24.06,1752300
20120919,23.86,24.28,23.39,23.53,2386200
20120920,23.6,23.83,23.34,23.59,1146300
20120921,23.59,23.74,23.36,23.36,801900
20120924,23.44,24.29,23.39,24.29,2124300
20120925,24.2,24.86,23.99,24.43,1846800
20120926,24.11,24.47,23.97,24.28,1507200
20120927,24.28,24.9,24,24.9,1740000
20120928,24.75,25.36,24.51,25.36,3000000
20121001,25.35,25.71,25.18,25.53,2448000
20121002,25.62,26.1,25.52,26.1,1611600
20121003,26.18,26.65,25.97,26.65,1551300
20121004,26.58,27.35,26.43,27.12,2949300
20121005,27.12,27.65,27.12,27.65,1585500
20121008,27.53,27.77,27.01,27.13,2075100
20121009,27.31,27.31,26.51,26.96,1344900
20121010,26.96,27.31,26.67,26.89,713700
20121011,27.05,27.07,26.03,26.43,1152000
20121015,26.67,26.89,25.56,26.77,1505400
20121016,26.98,27.12,26.55,27.01,1213200
20121017,27,27.18,26.65,26.74,1145100
20121018,26.72,26.72,26.12,26.2,1483800
20121019,26.13,26.4,26.01,26.01,938100
20121022,26.06,26.58,26.02,26.4,417000
20121023,26.1,26.24,25.6,25.64,715800
20121024,25.51,26.16,25.51,25.89,542700
20121025,26.08,26.45,25.45,25.65,2321700
20121026,25.43,26.12,25.07,26.12,1038600
20121029,26.02,26.37,25.46,26.37,738900
20121030,26.37,26.93,26.15,26.89,686700
20121031,26.76,27.09,25.84,26.27,1372800
20121101,25.99,26.28,25.9,26.28,835200
20121105,25.85,26.56,25.51,26.56,1214700
20121106,26.31,26.79,25.84,26.27,1150800
20121107,26.25,26.3,25.73,26.08,1347900
20121108,25.87,25.99,25.23,25.6,2247300
20121109,25.65,25.81,24.75,25.61,1253700
20121112,25.6,25.62,25.08,25.32,1005300
20121113,25.21,25.54,24.92,25.54,1429500
20121114,25.24,26.25,24.32,25.82,6097800
20121116,25.81,26.49,25.47,26.36,3989400
20121119,26.4,26.61,26.06,26.06,2206800
20121121,26.28,26.28,24.61,24.61,4002900
20121122,24.89,25.24,23.24,25.24,2558400
20121123,25.14,27.6,24.97,27.59,3366300
20121126,27.29,28.18,26.74,27.6,1930200
20121127,27.31,27.85,26.6,26.68,2028900
20121128,26.68,26.97,26.26,26.61,1271100
20121129,26.61,27.05,26.49,26.78,1042800
20121130,26.89,27.43,26.12,26.43,2781900
20121203,26.73,26.88,26.42,26.77,1003800
20121204,26.5,26.79,26.2,26.52,770700
20121205,26.56,26.58,25.87,26.17,590700
20121206,25.97,26.24,25.69,25.82,829200
20121207,25.8,26.55,25.65,26.48,1725900
20121210,26.08,26.53,25.91,26.1,1149900
20121211,26.11,26.4,25.95,26.1,1368900
20121212,26.03,26.37,25.7,25.96,1296900
20121213,25.73,25.95,25.38,25.58,1321200
20121214,25.95,26.12,25.29,26.12,1012200
20121217,25.89,26.11,25.82,25.96,1279800
20121218,26.12,26.38,26.01,26.25,1196700
20121219,26.37,26.37,25.67,26.08,1741200
20121220,26.05,26.52,25.77,26.52,1138800
20121221,26.13,26.49,25.82,26.49,2270400
20121226,26.31,26.48,26.14,26.46,665400
20121227,26.49,26.49,26.13,26.43,1149900
20121228,26.43,26.54,26.18,26.54,1367100
20130102,26.58,26.7,26.3,26.53,1278000
20130103,26.54,26.54,25.51,26.13,1647000
20130104,26.09,26.44,25.82,26.24,2116800
20130107,26.02,26.34,25.86,26.34,977400
20130108,26.34,26.43,25.89,25.97,1630800
20130109,25.97,26.23,25.76,26.12,1266600
20130110,26.12,26.52,25.92,26.52,2351100
20130111,26.56,26.79,26.21,26.76,1007400
20130114,26.65,27.02,26.45,26.84,1737900
20130115,26.89,26.96,26.44,26.48,1126200
20130116,26.5,27.08,26.43,27.08,1032900
20130117,26.98,27.82,26.83,27.79,1498200
20130118,27.79,28.08,27.57,27.68,2216700
20130121,27.8,28.2,27.8,28.08,1499700
20130122,28.2,28.26,27.71,28.21,900300
20130123,28.09,28.16,27.56,27.59,1713300
20130124,27.7,27.9,27.22,27.74,2799300
20130128,27.81,28.28,27.37,27.55,1848600
20130129,27.55,27.71,27.03,27.65,1155000
20130130,27.65,27.8,26.92,27.1,2091600
20130131,27.43,27.43,27.05,27.41,1737600
20130201,27.16,28.23,27.16,27.67,1852500
20130204,27.51,28.71,27.5,28.7,4141500
20130205,28.57,29.09,28.45,28.88,2731200
20130206,28.88,28.88,28.14,28.63,862200
20130207,28.43,28.69,28.16,28.21,1792200
20130208,28.21,28.82,27.86,28.01,1218900
20130213,28.02,28.41,27.97,28.05,838500
20130214,28.05,28.25,27.79,28.14,1433400
20130215,27.9,28.5,27.79,28.38,964800
20130218,28.41,28.88,28.41,28.68,871500
20130219,28.69,29.02,28.69,28.93,1395300
20130220,28.77,29.19,28.68,28.93,1578900
20130221,28.91,28.91,28.41,28.63,1839000
20130222,28.63,28.83,27.81,28.05,2993100
20130225,28.09,28.68,28.02,28.41,1226100
20130226,28.26,29.02,28.26,28.84,1178700
20130227,28.86,29.33,28.76,29.18,1240500
20130228,29.32,29.7,29.04,29.33,2083200
20130301,29.11,29.61,29.06,29.34,1108500
20130304,29.28,29.42,28.79,28.89,1322700
20130305,29.15,29.42,28.55,28.55,1460400
20130306,28.84,29.14,28.82,28.97,1322100
20130307,29.08,29.28,28.61,28.94,1494300
20130308,29.03,29.28,28.78,28.92,583200
20130311,29.18,29.33,28.59,28.88,682500
20130312,28.89,28.96,28.37,28.77,676800
20130313,28.63,28.7,28.4,28.42,807600
20130314,28.42,28.67,28.23,28.33,815100
20130315,28.33,28.54,27.91,27.91,2503800
20130318,27.92,28.02,27.38,27.9,1335900
20130319,28.1,28.1,27.02,27.21,1856100
20130320,27.03,27.59,26.49,27.1,1651800
20130321,27.12,27.45,26.89,27.16,1109100
20130322,27.71,28.26,27.62,27.88,3042300
20130325,27.75,28.77,27.72,28.74,2636700
20130326,29.09,29.39,28.67,28.71,4343700
20130327,28.71,28.99,28.57,28.72,2539800
20130328,28.87,29.47,28.71,29.46,2191500
20130401,29.46,29.63,29.01,29.06,1944000
20130402,29.06,29.41,28.9,29.06,2902800
20130403,29.01,29.25,28.91,29.13,1473900
20130404,29.42,29.42,28.96,29.24,1003800
20130405,29.23,29.52,28.85,29.48,1189500
20130408,29.35,29.45,28.91,29.17,2378100
20130409,29.17,29.28,28.75,29.19,2610900
20130410,29.19,29.83,29.19,29.47,2068800
20130411,29.42,29.74,28.69,28.75,3918300
20130412,28.77,29.15,28.66,28.97,1710300
20130415,28.66,28.9,28.09,28.26,1625700
20130416,28.65,29.15,28.55,29.12,1728300
20130417,28.74,28.99,28.32,28.75,1897800
20130418,28.61,29.15,28.59,28.91,1402500
20130419,28.99,29.19,28.8,29.03,1109700
20130422,27.87,27.87,27.22,27.49,3438900
20130423,27.83,28,26.79,27.06,2464900
20130424,27.1,28.07,27,27.48,2056700
20130425,27.54,27.9,27.28,27.57,1272700
20130426,27.37,27.6,27.05,27.29,1003600
20130429,27.47,27.5,26.01,26.17,1813200
20130430,26.3,26.52,25.72,26.45,1945700
20130502,26.19,26.92,25.84,26.81,1453000
20130503,26.82,27.19,26.42,26.51,1403800
20130506,26.46,26.46,25.53,25.74,3042100
20130507,25.59,25.91,25.17,25.41,3878500
20130508,25.56,26.36,25.44,26.12,1635700
20130509,26.17,26.53,25.67,25.84,1158500
20130510,25.98,26.17,25.09,26.02,1517200
20130513,26,26,25.25,25.25,1016200
20130514,25.21,25.21,24.66,25.16,2090500
20130515,25.37,25.53,24.43,24.52,3174200
20130516,24.33,24.8,24.21,24.66,1895600
20130517,24.67,24.94,23.97,23.97,1936100
20130520,24.08,25.13,23.86,24.81,2797500
20130521,24.68,25.65,24.67,25.65,2505100
20130522,25.56,26.03,25.38,26.03,1352900
20130523,25.68,26.38,25.19,26.07,1391900
20130524,26.12,26.19,25.35,25.79,3313000
20130527,25.7,26.2,25.7,26.02,288800
20130528,26.12,26.5,26.03,26.26,1387700
20130529,26.24,26.24,25.64,25.97,1236500
20130531,25.65,26.01,24.64,25.25,2760900
20130603,25.25,25.57,24.8,24.96,811800
20130604,25.26,25.39,24.34,24.8,1592500
20130605,24.63,24.81,23.71,24.15,2577500
20130606,24.27,24.59,23.22,24.32,5102100
20130607,23.94,24.62,23.9,24.51,1539300
20130610,23.5,24,23.03,23.67,2356500
20130611,23.3,23.92,23.12,23.49,1272200
20130612,23.68,23.99,23.15,23.31,1598600
20130613,23.22,23.76,23.22,23.47,1023700
20130614,23.7,23.7,22.97,23.16,1000800
20130617,23.31,23.68,22.98,23.27,1335100
20130618,23.39,23.85,23.14,23.49,1688000
20130619,23.31,23.67,22.37,23.02,1992200
20130620,22.76,22.76,21.25,21.74,3352200
20130621,21.46,21.46,19.01,20.47,7809400
20130624,19.67,19.99,18.8,19.17,3877200
20130625,19.4,20.73,19.4,20.39,2472000
20130626,20.51,21.07,19.9,20.07,2003200
20130627,20.19,20.98,20.15,20.95,2067200
20130628,20.86,21.71,20.5,21.71,2256100
20130701,21.5,22.17,21.17,21.33,1349300
20130702,21.07,21.33,20.65,21,2212900
20130703,20.76,21.07,19.81,20.02,3112100
20130704,20.26,20.52,19.71,20.2,777000
20130705,19.95,20.28,19.64,20.22,1523700
20130708,20.01,20.62,20.01,20.17,1796000
20130710,20.67,21.37,20.27,21.13,1882400
20130711,21.37,21.95,21.17,21.67,1714000
20130712,21.58,21.71,20.69,20.97,970600
20130715,21.18,21.61,20.61,21.43,596000
20130716,21.61,21.61,20.96,21.19,748700
20130717,21.21,22.44,21.21,21.84,2133000
20130718,21.66,22.45,21.46,22.29,1820200
20130719,22.06,22.57,21.97,22.27,1286900
20130722,22.13,22.82,22.02,22.36,1320800
20130723,22.52,22.82,22.2,22.51,1120100
20130724,22.5,22.63,21.69,21.9,1115400
20130725,21.7,22.1,21.48,22.02,1194300
20130726,21.93,22.17,21.67,22.16,937200
20130729,22.36,22.53,21.75,22.06,1096300
20130730,22.2,22.24,21.64,21.98,1170100
20130731,21.83,22.27,21.78,21.98,1277000
20130801,22.07,22.23,21.62,22,735900
20130802,21.89,22,20.35,20.52,5191200
20130805,20.52,20.94,20.29,20.77,1031200
20130806,20.58,21.04,20.11,20.17,1568200
20130807,19.98,20.06,19.74,19.87,1305100
20130808,19.9,20.34,19.48,20.34,939600
20130809,20.39,20.48,19.92,20.29,1332200
20130812,20.5,20.64,19.97,20.2,1370400
20130813,20.09,20.48,20.09,20.46,1469700
20130814,20.5,20.57,19.84,20.01,2037700
20130815,19.82,19.97,19.55,19.6,1722200
20130816,19.67,20.57,19.46,20.57,2945800
20130819,20.48,20.65,19.45,19.92,1504700
20130820,19.81,19.91,19.05,19.2,1853500
20130821,18.99,19.45,18.9,19.21,1343400
20130822,19.48,19.48,19.1,19.26,952800
20130823,19.41,19.42,18.98,19.29,1074600
20130826,19.34,19.42,18.89,18.91,749400
20130827,18.84,18.99,18.3,18.37,1239100
20130828,18.41,18.69,18.18,18.55,972800
20130829,18.54,18.74,18.31,18.61,1259000
20130830,18.74,18.97,18.23,18.4,4588400
20130902,18.75,18.99,18.49,18.99,927100
20130903,18.71,19.33,18.33,18.51,1929800
20130904,18.36,18.8,18.24,18.47,1340200
20130905,18.86,20.67,18.79,20.43,3503800
20130906,20.67,21.89,20.26,20.91,3898500
20130909,20.78,21.09,20.38,20.57,3621800
20130910,20.49,20.64,20.22,20.29,1469600
20130911,20.22,20.73,20.11,20.32,2196000
20130912,20.41,20.57,19.98,20.01,1097100
20130913,19.96,20.2,19.57,19.68,896100
20130916,19.79,19.98,19.55,19.78,2644900
20130917,19.87,20.27,19.75,20.27,1697000
20130918,20.28,21.17,20.04,21.09,2511000
20130919,21.07,21.33,20.81,21.21,2092800
20130920,21.04,21.29,20.48,20.68,2314200
20130923,20.87,21.13,20.67,20.85,1629500
20130924,20.97,21.16,20.36,21.16,1443600
20130925,20.92,21.19,20.8,20.93,1198600
20130926,20.96,21.25,20.85,21.14,2215300
20130927,20.93,21.46,20.88,20.98,1557100
20130930,20.73,21.02,20.21,20.33,2999300
20131001,20.66,20.66,19.7,20.48,1344200
20131002,20.43,20.67,20.22,20.34,753900
20131003,20.53,20.91,20.47,20.76,1411000
20131004,20.72,20.9,20.61,20.84,1191500
20131007,20.79,20.83,20.53,20.65,1173700
20131008,20.8,20.8,19.99,20.15,1405600
20131009,20.27,20.27,19.93,20.11,1477200
20131010,20.37,20.67,20.09,20.67,1334200
20131011,20.66,20.69,20.37,20.56,755900
20131014,20.62,21.1,20.39,21.09,868600
20131015,21.01,21.64,20.92,21.42,2125800
20131016,21.52,22.17,21.4,21.82,1989100
20131017,21.67,21.87,21.53,21.81,871100
20131018,21.94,22.42,21.82,22.36,1569400
20131021,22.27,22.62,21.95,22.25,1121600
20131022,22.11,22.76,22.08,22.74,933800
20131023,22.62,22.99,22.55,22.91,1716900
20131024,22.89,23.19,22.41,22.68,2454400
20131025,22.76,22.81,22.08,22.17,1402900
20131028,22.26,22.91,22.17,22.56,767800
20131029,22.55,22.82,22.29,22.69,704800
20131030,22.91,23.05,21.89,21.96,1044700
20131031,22.06,22.47,21.63,22.3,1233500
20131101,22.61,22.74,21.8,22.62,1531200
20131104,22.6,23.05,22.4,22.74,1648500
20131105,22.86,23.48,22.74,23.48,2913000
20131106,23.54,23.63,22.63,23.12,2071200
20131107,23.2,23.22,22.44,22.52,1252900
20131108,22.55,22.6,21.48,22.22,1901800
20131111,22.4,22.55,21.9,22.48,781200
20131112,22.52,22.52,22.02,22.46,1096200
20131113,22.18,22.81,21.88,22.7,1095400
20131114,22.84,23.58,22.41,23.47,1345400
20131118,23.97,24.08,23.74,23.96,2553400
20131119,23.86,24.21,23.6,23.96,2734500
20131121,23.32,23.49,22.99,23.17,1550400
20131122,23.01,23.42,22.62,23.09,938800
20131125,23.28,23.37,22.86,23.1,1237900
20131126,23.03,23.04,22.23,22.31,1535300
20131127,22.48,22.83,22.26,22.74,877800
20131128,23.09,23.09,22.37,22.46,405400
20131129,22.6,23.1,22.48,22.89,982100
20131202,22.62,23.22,22.31,22.31,971000
20131203,21.99,22.06,21.39,21.56,879600
20131204,21.89,21.9,21.3,21.56,959600
20131205,21.99,21.99,21.33,21.52,631500
20131206,21.65,22.04,21.42,21.67,495100
20131209,21.75,22.03,21.51,21.61,489500
20131210,21.61,21.96,21.34,21.54,387200
20131211,21.47,21.83,21.1,21.2,790700
20131212,21.38,21.84,21.2,21.69,1173700
20131213,21.91,22.25,21.53,22.09,1154200
20131216,22.32,22.51,21.75,22.32,981600
20131217,22.55,23.07,22.35,22.72,1478600
20131218,23.07,23.2,22.77,23.16,4451900
20131219,23.43,23.57,23.11,23.42,728200
20131220,23.42,24.26,23.22,24.06,1763400
20131223,24.22,24.78,23.99,24.52,1232500
20131226,24.44,24.92,24.43,24.62,2858000
20131227,24.76,25.12,24.68,24.94,4522800
20131230,25.16,25.3,24.86,24.86,625400
20140102,24.62,24.84,24.24,24.39,1565600
20140103,24.31,24.4,23.79,24.38,1236300
20140106,24.19,24.36,23.59,23.69,1100900
20140107,23.69,23.88,23.45,23.61,1218100
20140108,23.75,24.37,23.25,23.63,825700
20140109,23.61,24,23.02,23.13,1300300
20140110,23.38,23.46,22.36,22.47,1784000
20140113,22.64,22.64,21.71,21.73,1439000
20140114,21.65,22.23,21.65,22.08,921900
20140115,22.08,22.6,21.84,22.04,1217900
20140116,22.08,22.38,21.88,22.07,729600
20140117,22.26,22.35,21.76,22.19,869100
20140120,22.21,22.39,22.1,22.27,292500
20140121,22.49,22.91,22.22,22.59,886000
20140122,22.72,23.28,22.49,23.07,1208100
20140123,22.92,23.38,22.71,22.75,852400
20140124,22.69,22.79,21.96,22.08,1414200
20140127,22.08,22.43,21.32,21.33,1485600
20140128,21.51,21.61,20.95,20.95,1143000
20140129,20.74,20.99,20.39,20.46,1449800
20140130,20.29,21.06,20.29,20.75,1390800
20140131,20.4,20.92,20.32,20.91,919400
20140203,20.29,20.37,19.81,19.82,1194200
20140204,19.95,20.19,19.29,20.01,1155500
20140205,20.25,20.42,19.3,19.58,891700
20140206,19.71,20.89,19.51,20.63,1503700
20140207,20.43,21,20.34,20.85,800500
20140210,20.67,21.04,20.38,20.85,875900
20140211,20.97,22.6,20.81,22.56,2040100
20140212,22.74,23.01,21.63,21.84,1067700
20140213,21.6,21.61,20.49,20.87,3170000
20140214,20.88,21.9,20.84,21.67,2214100
20140217,21.63,21.63,20.64,20.65,632600
20140218,20.64,20.86,19.82,19.82,2219400
20140219,19.68,20.14,19.58,19.92,1513900
20140220,19.84,20.67,19.75,20.5,1287900
20140221,20.48,20.83,20.15,20.81,947800
20140224,20.61,20.67,20.35,20.55,3940400
20140225,20.22,20.76,20.14,20.4,3429800
20140226,20.56,20.63,20.11,20.2,1795700
20140227,20.45,21.12,19.95,20.99,1845500
20140228,21.02,21.2,19.98,20.2,2802200
20140305,20.38,20.38,20.04,20.19,947300
20140306,20.15,20.47,19.74,20.2,1268800
20140307,20.01,20.21,19.48,19.67,1347700
20140310,19.73,19.86,19.35,19.48,2959600
20140311,19.67,20.18,19.38,19.86,1690100
20140312,19.85,20.2,19.69,19.8,811400
20140313,20.01,20.03,19.24,19.44,974700
20140314,19.4,19.62,18.86,18.86,1134200
20140317,18.97,19.32,18.83,19.01,797900
20140318,18.91,19.88,18.91,19.7,1213100
20140319,19.71,20.01,19.34,19.92,1151500
20140320,19.71,19.72,18.42,18.42,4882900
20140321,18.31,18.7,17.86,18.7,3882700
20140324,18.79,19.01,18.36,18.67,2141300
20140325,18.79,18.87,18.34,18.55,2401000
20140326,18.55,19.16,18.22,18.45,2041000
20140327,18.81,19.17,18.47,19.04,2029400
20140328,19.23,19.96,19.1,19.33,1877800
20140331,19.48,20.05,19.4,19.82,2934900
20140401,20.02,20.21,19.69,20.21,3030800
20140402,20.21,20.57,20.12,20.37,4199400
20140403,20.36,20.67,20.2,20.64,1616100
20140404,20.9,21.31,20.43,20.72,1168900
20140407,21.22,21.37,20.06,20.13,1751300
20140408,20.29,20.39,19.4,19.55,2046500
20140409,19.41,20.16,18.8,19.89,1587700
20140410,19.56,20.85,19.56,20.38,1920000
20140411,19.07,19.72,19.03,19.25,2151700
20140414,19.43,19.66,19.02,19.66,1204000
20140415,19.43,19.62,18.83,19.12,1885300
20140416,19.15,19.87,18.99,19.85,2283400
20140417,19.79,20.41,19.67,20.38,1315600
20140422,20.58,21.07,20.49,21.02,2165700
20140423,20.88,21.16,20.68,20.83,2505900
20140424,21.04,21.23,20.53,21.03,2092400
20140425,20.74,20.95,20.35,20.78,1661200
20140428,20.62,20.72,20.32,20.55,975600
20140429,20.63,21.05,20.52,20.53,1088700
20140430,20.58,20.94,20.36,20.6,1500200
20140502,20.76,21.54,20.61,21.31,2105700
20140505,21.64,21.64,20.9,21.11,977200
20140506,20.96,21.56,20.94,21.31,1223200
20140507,21.13,21.3,20.88,21.02,1783800
20140508,21.07,21.07,20.47,20.54,1326600
20140509,20.54,21.13,20.48,20.71,1104600
20140512,20.87,21.32,20.61,21.32,1106900
20140513,21.23,21.45,21.01,21.25,836500
20140514,21.26,21.26,20.89,20.94,998900
20140515,20.82,20.86,20.51,20.62,1093900
20140516,21.11,21.84,20.97,21.64,2287700
20140519,21.48,22.34,21.43,22.2,1398500
20140520,21.71,22.33,21.65,21.81,1544900
20140521,21.93,22.05,21.52,21.84,1630800
20140522,21.99,22.32,21.84,21.94,726900
20140523,21.65,22.05,21.58,21.94,747700
20140526,21.88,22.4,21.88,22.15,204100
20140527,22.05,22.16,21.43,21.47,937400
20140528,21.54,21.94,21.27,21.8,586000
20140529,22.07,22.07,21.46,21.51,713400
20140530,21.34,21.84,21.24,21.24,1135100
20140602,21.31,21.81,21.31,21.4,563000
20140603,21.23,21.57,21.16,21.41,862900
20140604,21.28,21.79,21.18,21.74,795100
20140605,21.84,21.84,20.99,20.99,926000
20140606,21.37,21.94,21.22,21.32,1616800
20140609,21.32,22.26,21.22,22.04,999700
20140610,22.23,22.51,21.99,22.36,921400
20140611,22.67,22.97,22.1,22.47,965000
20140613,22.47,22.96,22.32,22.71,1004800
20140616,22.71,22.91,22.48,22.84,1079800
20140617,22.99,23.38,22.68,23.23,1120100
20140618,23.17,23.93,23.06,23.75,1035400
20140620,23.41,23.95,23.29,23.66,1107900
20140623,23.78,23.8,23.12,23.26,1176300
20140624,23.26,23.77,23.18,23.48,965200
20140625,23.28,23.82,23.23,23.31,1218200
20140626,23.5,23.51,23.06,23.21,1160400
20140627,23.09,23.25,23.02,23.24,1299400
20140630,23.27,23.27,22.76,22.97,1415200
20140701,23.11,23.51,23.1,23.26,761500
20140702,23.2,23.41,23.01,23.02,1695900
20140703,22.87,23.24,22.62,23.18,858900
20140704,23.23,23.41,23.11,23.31,97600
20140707,23.15,23.28,22.84,23.09,1441900
20140708,23.01,23.15,22.8,22.87,534500
20140710,22.88,23.15,22.79,23.09,1101100
20140711,23.02,23.63,22.98,23.38,1213400
20140714,23.64,23.77,23.11,23.11,1673200
20140715,23.12,23.26,22.43,22.69,1542200
20140716,22.8,22.85,22.45,22.47,1122400
20140717,22.45,22.57,22.18,22.41,2286400
20140718,22.83,23.1,22.22,22.22,3151900
20140721,22.31,22.38,21.91,22.24,1018000
20140722,22.36,22.36,21.97,22.04,1482000
20140723,21.93,21.96,21.57,21.67,1068900
20140724,21.64,22.05,21.57,21.89,784100
20140725,21.72,21.92,21.41,21.44,631500
20140728,21.57,21.66,21.18,21.21,768800
20140729,21.15,21.16,20.52,20.52,1067700
20140730,20.61,20.62,20.02,20.1,987600
20140731,19.92,20.2,19.59,19.59,1766000
20140801,19.43,20.03,19.43,19.71,7129300
20140804,19.81,19.98,19.41,19.52,923100
20140805,19.5,19.62,19.09,19.23,1391000
20140806,19.13,19.31,18.72,18.82,1830100
20140807,18.82,19.31,18.8,19.15,847300
20140808,19.12,19.28,19.06,19.07,917500
20140811,19.07,19.59,19.07,19.51,898400
20140812,19.37,19.69,19.17,19.32,1043400
20140813,19.41,19.66,18.77,18.93,2140100
20140814,18.87,19.37,18.82,19.05,774200
20140815,19.21,19.57,19.21,19.5,712200
20140818,19.63,20.11,19.56,19.77,938200
20140819,19.96,20.05,19.83,19.94,1177100
20140820,20.08,20.49,19.7,19.81,1790600
20140821,19.81,20.12,19.51,19.68,1460300
20140822,19.73,19.95,19.6,19.66,781800
20140825,19.8,20.32,19.74,20.15,1331800
20140826,20.25,20.32,19.82,19.92,893400
20140827,20.14,20.61,19.92,20.48,2234300
20140828,20.33,20.82,20.33,20.56,1958500
20140829,20.75,20.87,20.42,20.86,816200
20140901,20.99,21.09,20.19,20.6,419000
20140902,20.76,21.01,20.51,20.61,1203000
20140903,20.69,21.49,20.68,21.26,1787500
20140904,21.33,21.51,21.08,21.16,1920600
20140905,21.3,21.5,21.09,21.12,1461400
20140908,21.3,21.39,20.07,20.09,2024700
20140909,19.92,20.08,19.73,19.91,1163100
20140910,19.81,20.08,19.61,20.04,931300
20140911,20.17,20.47,20.01,20.31,997400
20140912,19.92,20.51,19.61,20.29,2474700
20140915,20.33,20.48,20.07,20.33,1348000
20140916,20.47,20.86,20.2,20.38,1733500
20140917,20.39,20.93,20.39,20.52,1131100
20140918,20.47,20.76,20.26,20.29,1510800
20140919,20.14,20.58,19.76,19.8,1684100
20140922,19.66,19.66,19.2,19.36,1205800
20140923,19.26,19.61,19.17,19.34,676100
20140924,19.2,19.57,19.02,19.36,759300
20140925,19.12,19.79,19.12,19.52,1257400
20140926,19.52,20.02,19.47,20,2189600
20140929,19.49,19.89,19.4,19.52,2031000
20140930,19.26,19.7,19.26,19.29,1399500
20141001,19.25,19.49,18.87,19.16,1294400
20141002,19.03,19.29,18.69,18.86,1300200
20141003,18.86,19.16,18.6,19.13,1005300
20141006,20.48,20.48,19.37,19.82,2033100
20141007,20.25,20.39,19.42,19.57,1351500
20141008,19.71,19.95,19.25,19.75,1497300
20141009,20.13,20.41,19.49,19.59,1209500
20141010,19.38,19.8,19.24,19.26,1100900
20141013,19.62,20.11,19.35,19.78,865300
20141014,19.9,20.44,19.75,19.83,831300
20141015,19.55,19.71,18.9,19.26,2179700
20141016,18.88,19.45,18.45,18.69,2847800
20141017,18.8,19.46,18.79,19.15,1878600
20141020,19.02,19.33,18.86,19.09,1693000
20141021,18.82,19.13,18.24,18.73,2043600
20141022,18.74,19.38,18.74,18.87,1277500
20141023,18.73,18.83,17.78,17.78,2289200
20141024,17.65,18.24,17.46,17.85,3222300
20141027,17.35,17.54,16.22,17.33,3844500
20141028,17.36,18.22,17.36,18.22,2860400
20141029,18.13,18.58,17.94,18.43,2444000
20141030,18.82,18.91,18.03,18.53,1028600
20141031,18.4,18.91,18.13,18.91,1469500
20141103,18.99,18.99,18.32,18.72,843600
20141104,18.87,19.37,18.43,19.37,1079300
20141105,19.2,19.21,18.77,19.21,758900
20141106,19.08,19.25,18.58,18.84,697500
20141107,18.77,19.28,18.54,19.16,861100
20141110,19.3,19.51,18.69,18.97,721800
20141111,18.89,18.89,18.59,18.59,405400
20141112,18.47,19.17,18.34,19,584100
20141113,18.86,19.38,18.44,18.49,726200
20141114,18.31,18.9,17.52,18.87,1055600
20141117,19.01,19.28,18.32,18.7,687200
20141118,18.73,19.51,18.61,19.38,812200
20141119,19.51,20.14,19.45,19.6,1055700
20141121,19.78,20.47,19.76,19.99,2867700
20141124,20.38,20.4,19.46,19.46,1229600
20141125,19.59,19.97,18.92,18.92,1285100
20141126,19.08,19.26,18.82,19.04,1102400
20141127,19.22,19.52,18.75,18.93,813100
20141128,19.41,19.41,18.59,18.73,1350700
20141201,18.61,18.69,17.37,17.65,2162500
20141202,17.57,18.22,17.43,18.04,1087700
20141203,18.09,18.41,17.65,18.28,991100
20141204,18.32,18.32,17.76,17.8,694500
20141205,17.7,17.93,17.53,17.82,498200
20141208,17.54,17.79,17.06,17.26,653200
20141209,17.26,17.72,16.91,17.48,1025800
20141210,17.37,17.87,17.18,17.29,682000
20141211,17.28,17.47,16.89,17.35,641100
20141212,17.22,17.36,16.74,16.87,1220900
20141215,16.99,17.22,16.19,16.55,1216100
20141216,16.24,16.29,15.41,15.58,1882400
20141217,15.75,16.41,15.51,16.14,1810100
20141218,16.05,16.7,15.93,16.64,1605000
20141219,16.5,17.11,16.38,16.94,2086800
20141222,16.94,17.08,16.55,16.77,952900
20141223,16.66,17.07,16.6,16.89,788400
20141226,16.77,17.41,16.77,16.98,543400
20141229,16.86,17.37,16.86,17.28,408400
20141230,17.4,17.49,16.59,16.59,1243700
20150102,16.73,16.73,16.21,16.38,2034400
20150105,16.23,16.52,16.09,16.38,1374100
20150106,16.38,16.75,16.14,16.56,2640000
20150107,16.64,17.35,16.42,16.59,1223900
20150108,16.88,17.02,16.33,16.73,1014700
20150109,16.58,16.63,16.34,16.34,797100
20150112,16.38,16.38,15.98,16.12,2006500
20150113,16.03,16.27,15.21,15.21,4429900
20150114,14.9,15.14,14.64,15.03,1754200
20150115,15.05,15.51,15.05,15.28,1626500
20150116,15.4,15.75,15.3,15.53,1656800
20150119,15.37,15.52,14.74,14.74,441800
20150120,14.87,15.38,14.73,14.73,840200
20150121,14.84,15.16,14.64,15.11,1364300
20150122,15.25,15.53,14.79,14.9,787000
20150123,14.77,14.96,13.16,13.16,1566100
20150126,12.97,12.98,12.61,12.92,2059700
20150127,12.63,13.62,12.46,13.43,1283400
20150128,13.37,13.37,12.75,12.97,4321600
20150129,12.79,13.36,12.54,13.15,3517000
20150130,12.9,13,12.32,12.97,2550800
20150202,12.97,12.98,12.63,12.94,709100
20150203,13.02,13.21,12.74,13.14,2497800
20150204,13.17,13.78,13.06,13.75,2306200
20150205,13.6,13.88,13.41,13.7,1458600
20150206,13.51,13.63,12.97,13.63,1040800
20150209,13.43,13.86,13.08,13.67,845900
20150210,13.67,14.08,13.49,13.9,1252800
20150211,13.9,14.22,13.7,14.08,1411000
20150212,14.3,14.74,14.16,14.53,1130000
20150213,14.35,14.97,14.3,14.97,1543400
20150218,15.06,15.49,14.88,15.31,1653200
20150219,15.19,15.6,15.19,15.35,576400
20150220,15.39,15.52,15.03,15.21,1147400
20150223,15.29,15.93,14.95,15.69,1333500
20150224,15.66,15.92,15.53,15.92,1024700
20150225,15.7,16.21,15.7,16.2,621800
20150226,16.23,16.7,15.8,16.7,1097800
20150227,16.75,17.16,16.33,16.52,992400
20150302,16.37,16.54,15.94,16.11,859800
20150303,16.07,16.33,15.87,16.18,624800
20150304,15.81,16.14,15.64,15.78,1980100
20150305,15.85,16,15.6,15.85,524300
20150306,15.83,16.14,15.6,15.88,691500
20150309,15.88,16.09,15.68,15.78,1522600
20150310,15.32,16.25,15.2,15.9,1537200
20150311,15.74,15.88,15.49,15.69,805900
20150312,15.94,16.72,15.94,16.58,895300
20150313,16.09,16.74,15.94,16.74,1433400
20150316,16.81,17.12,16.35,16.58,1063500
20150317,16.57,16.99,16.35,16.86,1104000
20150318,16.78,17.4,16.48,17.24,1111500
20150319,17.61,17.85,17.27,17.42,855200
20150320,17.65,18.7,17.65,18.63,1557300
20150323,18.54,19.51,18.54,18.92,1236700
20150324,18.92,19.38,18.1,18.32,2284600
20150325,18.51,18.51,17.58,18.02,884400
20150326,17.75,17.92,16.98,17.36,1007700
20150327,16.85,17.41,16.29,16.43,1351400
20150330,16.43,16.56,16.01,16.32,1040400
20150331,16.43,17.37,16.43,17.27,2390200
20150401,17.27,17.94,17.26,17.75,1969600
20150402,17.75,18.04,17.54,17.75,1257500
20150406,17.94,18.5,17.84,18.33,1073600
20150407,18.25,18.41,17.82,18.15,535000
20150408,18.37,18.37,17.68,17.85,815800
20150409,17.72,18.19,17.7,17.75,830500
20150410,17.75,17.98,17.12,17.41,1764200
20150413,17.29,17.86,17.29,17.48,1522600
20150414,17.58,17.69,16.94,17.08,734000
20150415,17.21,17.87,17.11,17.67,1587000
20150416,17.55,17.95,17.55,17.95,658600
20150417,17.85,18.35,17.64,17.95,727000
20150420,18.16,18.5,17.39,17.72,1013800
20150422,17.81,17.93,16.89,17.75,1416200
20150423,17.52,17.9,17.52,17.8,6476000
20150424,17.8,18.13,17.53,18,1391000
20150427,18.09,18.09,17.44,17.67,778600
20150428,17.74,17.74,17.2,17.65,682000
20150429,17.39,17.7,17.15,17.7,805500
20150430,17.58,17.78,17.16,17.65,1005800
20150504,17.9,18.52,17.32,18.38,1136100
20150505,18.66,19.31,18.3,18.37,1625100
20150506,18.35,19,18.15,18.92,2670900
20150507,18.64,19.49,18.59,19.49,1256900
20150508,19.72,19.72,19.04,19.13,838200
20150511,19.26,19.44,19.04,19.27,1468200
20150512,19.13,19.52,18.79,19.36,1177000
20150513,19.39,19.58,18.9,18.92,832600
20150514,19.21,19.39,18.86,19.39,592500
20150515,19.23,19.81,19.16,19.46,850500
20150518,19.5,19.52,19.15,19.42,998800
20150519,19.42,19.47,18.79,19.24,512400
20150520,19.1,19.27,18.18,18.35,1744600
20150521,18.15,18.92,18,18.92,954200
20150522,18.79,19.16,17.85,18.16,1434500
20150525,18.13,18.88,17.66,18.5,344800
20150526,18.37,18.37,17.49,18.03,989400
20150527,17.85,18.71,17.68,18.71,1174900
20150528,18.46,18.67,18.25,18.63,925900
20150529,18.75,18.75,18.23,18.4,1448200
20150601,18.27,18.66,18.09,18.48,686300
20150602,18.55,18.72,18.14,18.21,1039000
20150603,18.33,18.44,18.01,18.33,1096600
20150605,18.33,18.41,17.75,17.75,739500
20150608,17.69,17.93,17.6,17.69,966400
20150609,17.57,17.86,17.54,17.69,811100
20150610,17.96,18.15,17.56,18.09,1501500
20150611,18.22,18.33,17.43,17.66,1094600
20150612,17.49,17.62,17.18,17.28,860700
20150615,17.14,17.21,16.23,16.44,2481100
20150616,16.4,16.64,16.07,16.36,2577000
20150617,16.36,16.42,16.04,16.17,1759900
20150618,16.26,16.31,15.97,16.18,1833400
20150619,16.07,16.17,15.85,15.93,3318500
20150622,16.04,16.33,16.04,16.22,1576100
20150623,16.34,16.44,15.89,15.89,1049100
20150624,15.98,15.98,15.57,15.74,1032600
20150625,15.74,15.74,15.39,15.61,1420400
20150626,15.71,16.35,15.59,16.24,1546500
20150629,16.13,16.5,15.78,15.86,1302200
20150630,15.97,16.36,15.84,16.36,1443000
20150701,16.26,16.62,16.04,16.11,1555000
20150702,16.22,16.54,16.13,16.43,1108500
20150703,16.3,16.42,16.03,16.07,187900
20150706,15.83,16.46,15.77,16.35,1020700
20150707,16.24,16.71,15.84,16.71,915600
20150708,16.59,17.01,16.47,16.96,818900
20150710,17.06,17.06,16.11,16.66,2225200
20150713,16.75,17.37,16.58,17.15,700700
20150714,16.97,17.81,16.97,17.66,1109800
20150715,17.78,18.14,17.57,17.9,1339700
20150716,18.45,19.06,18.42,18.81,1901500
20150717,18.34,18.73,18.09,18.38,1378500
20150720,18.34,18.73,18.12,18.45,844300
20150721,18.44,18.72,18.24,18.45,782200
20150722,18.43,18.83,18.22,18.83,736000
20150723,18.57,18.99,18.29,18.55,2215600
20150724,18.53,18.53,17.77,18.15,1890400
20150727,18.02,18.23,17.44,17.52,1019100
20150728,17.62,17.97,17.42,17.93,1170700
20150729,17.75,17.97,16.98,17.46,1878000
20150730,17.36,17.66,16.81,17.11,1488800
20150731,16.99,17.4,16.86,17.33,2449100
20150803,17.33,17.85,17.33,17.45,899800
20150804,17.44,17.93,17.41,17.54,759400
20150805,17.66,17.89,16.89,17.11,782200
20150806,16.99,16.99,16.44,16.71,843600
20150807,16.49,16.62,16.22,16.51,748500
20150810,16.5,16.61,16.27,16.51,987100
20150811,16.43,16.43,16.03,16.36,642400
20150812,16.29,16.38,15.72,15.94,1217200
20150813,15.86,15.93,15.27,15.34,761800
20150814,15.45,15.8,15.36,15.62,612400
20150817,15.51,15.63,15.12,15.2,747000
20150818,15.09,15.46,14.86,15.27,869600
20150819,15.16,15.48,14.94,15.39,1304800
20150820,15.1,15.16,14.79,14.84,917900
20150821,14.78,14.79,14.48,14.63,1027700
20150824,13.94,14.95,13.81,14.38,1875200
20150825,14.69,14.77,14.34,14.38,1304200
20150826,14.28,15.05,14.14,15.05,684300
20150827,15.16,16.1,14.91,15.8,1408400
20150828,15.74,16.1,15.47,15.77,1067400
20150831,15.66,15.81,15.04,15.6,1339500
20150901,15.1,15.53,14.77,14.95,1304100
20150902,15.04,15.76,14.84,15.59,996500
20150903,15.88,16.22,15.16,15.6,980500
20150904,15.17,15.55,14.69,14.84,2022400
20150908,14.45,15.12,14.45,14.94,859200
20150909,15.04,15.75,15.04,15.52,1220000
20150910,14.98,15.4,14.78,15.11,2075300
20150911,15.17,15.45,15.01,15.26,521500
20150914,15.32,16.05,15.21,15.95,1292900
20150915,16.06,16.39,15.81,16.02,859000
20150916,16.13,16.67,16.13,16.66,1597200
20150917,16.61,17.26,16.22,17.15,3147800
20150918,17.03,17.06,16.16,16.36,1764600
20150921,16.06,16.49,15.95,15.95,1699000
20150922,15.77,15.87,15.29,15.87,1461800
20150923,15.83,16.07,15.35,15.52,1942700
20150924,14.88,15.22,14.66,15.07,1585000
20150925,15.18,15.56,14.85,15.27,1482800
20150928,15.16,15.32,14.56,14.88,1189000
20150929,15,15.18,14.7,15.07,1158100
20150930,15.44,16.07,15.33,15.71,2777800
20151001,15.73,16.1,15.42,15.87,1784800
20151002,15.92,16.89,15.64,16.89,2060100
20151005,17.23,17.23,16.68,17.06,1118500
20151006,17.09,17.14,16.66,16.84,981500
20151007,17.11,17.46,16.79,17.21,847200
20151008,17.31,17.57,16.97,17.57,1037900
20151009,17.85,17.85,16.83,17.36,1353600
20151013,17.44,17.59,16.98,17.36,694400
20151014,17.24,17.52,16.79,17.11,2839200
20151015,17.03,17.34,16.6,16.9,998800
20151016,16.81,17.31,16.56,16.86,2162200
20151019,16.85,17.51,16.54,17.3,904200
20151020,17.2,18,17.2,17.9,990200
20151021,17.9,17.93,16.95,16.98,1222900
20151022,16.98,17.75,16.98,17.36,1378300
20151023,17.74,18.08,17.36,17.37,1205400
20151026,17.41,17.56,16.61,16.86,775000
20151027,16.86,16.98,16.46,16.76,1153800
20151028,16.65,17,16.12,16.28,1275000
20151029,15.99,16.58,15.92,16.31,1150400
20151030,16.3,17.01,16.16,16.6,1131000
20151103,17.01,17.79,16.81,17.51,1692900
20151104,17.69,18.35,17.69,18,1977500
20151105,17.99,18.6,17.6,18.25,826100
20151106,18.29,18.38,17.62,18.11,868000
20151109,18,18.29,17.53,17.9,852800
20151110,17.77,17.77,17.08,17.58,783900
20151111,17.85,18.23,17.7,17.84,713200
20151112,17.88,18.59,17.58,17.79,585200
20151113,17.79,18.35,17.49,18.13,1328800
20151116,17.88,18.71,17.88,18.18,1606600
20151117,18.45,18.63,18,18.44,894800
20151118,18.25,18.78,18.23,18.52,971300
20151119,18.84,19.21,18.57,19.06,1053100
20151123,19.78,20.4,19.51,20.12,1823300
20151124,19.88,20.6,19.19,19.76,1158900
20151125,19.37,19.47,18.67,18.83,1570400
20151126,19,19.11,18.47,19.09,660000
20151127,19.03,19.07,18.12,18.56,989400
20151130,18.26,18.99,18.11,18.77,2307100
20151201,18.66,19,18.33,18.45,839900
20151202,18.35,19.01,18.19,18.65,873700
20151203,19.21,19.35,18.68,19.16,1240500
20151204,18.97,19.3,18.15,18.41,1675500
20151207,18.6,18.65,17.89,18.1,1547900
20151208,18.11,18.27,17.71,18.25,1481800
20151209,18.6,19.34,18.33,18.82,1763400
20151210,19.04,19.04,18.17,18.18,1087100
20151211,18.28,18.35,17.64,17.86,2054000
20151214,17.52,17.95,17.15,17.46,2337700
20151215,17.46,17.91,17.38,17.74,1930300
20151216,17.38,17.67,17.24,17.67,898600
20151217,18.09,18.22,17.73,18.09,1769000
20151218,17.64,17.72,17.17,17.46,2310700
20151221,17.35,17.85,17.22,17.85,1372900
20151222,17.96,18.18,17.65,17.88,1302600
20151223,18.13,19.46,18.13,19.14,1445500
20151228,19.24,19.24,18.78,18.84,818800
20151229,18.84,19.02,18.56,18.71,774100
20151230,18.84,18.84,18.42,18.77,1125300
20160104,18.4,18.46,17.9,18,832400
20160105,18,18.2,17.62,18.2,996600
20160106,17.85,18.2,17.6,17.6,1454100
20160107,17.25,17.25,16.14,16.48,1993600
20160108,16.48,16.71,16.33,16.68,1602900
20160111,17.1,17.48,16.86,17.11,964000
20160112,17.11,17.82,17.07,17.51,1917600
20160113,17.63,18.16,17.63,17.97,2131600
20160114,18.08,18.3,17.77,18.08,997300
20160115,17.7,17.79,17.22,17.55,1692900
20160118,17.91,18.77,17.75,18.77,1143700
20160119,19.13,19.32,18.65,18.94,1445300
20160120,18.6,19.01,18.45,18.84,1414900
20160121,18.75,18.87,18.46,18.6,2009300
20160122,18.7,19.47,18.62,19.33,1460400
20160126,19.33,19.65,18.88,19.62,1556100
20160127,19.63,20.69,19.54,20.47,2173000
20160128,20.54,20.69,20.18,20.69,1605700
20160129,20.73,21.31,20.48,21.15,2079900
20160201,21.32,21.41,20.78,21.17,1528200
20160202,20.69,20.84,20.35,20.53,1711500
20160203,20.77,20.77,20.35,20.61,1987900
20160204,20.78,21.62,20.72,21.32,1938200
20160205,21.31,21.81,21.09,21.68,1162400
20160210,21.26,21.8,21.26,21.77,1415900
20160211,21.32,21.45,21.04,21.32,1349500
20160212,21.24,21.39,20.81,21.13,932800
20160215,21.59,22.02,21.27,21.62,542300
20160216,21.9,21.9,21.23,21.9,1199300
20160217,21.93,22.46,21.7,22.03,1926200
20160218,21.86,22.09,21.56,21.92,1696000
20160219,21.57,22.08,21.41,22.04,1305300
20160222,23.14,23.26,22.29,22.93,2590900
20160223,23,23,22.58,22.77,2028700
20160224,22.34,22.34,21.38,21.52,2078900
20160225,21.37,21.97,21.2,21.97,6656800
20160226,22.16,22.6,21.74,22.09,1026900
20160229,21.92,22.62,21.92,22.43,1961600
20160301,22.69,22.89,22.29,22.72,2078500
20160302,22.71,22.94,22.14,22.52,3125100
20160303,22.86,23.41,22.25,23.03,2590900
20160304,23.25,23.76,22.62,22.66,3344100
20160307,22.68,23.08,22.45,22.61,1828300
20160308,22.61,22.83,22.38,22.7,2152700
20160309,22.99,22.99,22.2,22.6,1884900
20160310,22.81,22.98,22.42,22.76,2515400
20160311,22.81,22.88,22.31,22.76,2525900
20160314,22.53,22.98,22.12,22.37,2559200
20160315,22.27,22.48,21.78,22.18,1627100
20160316,22.02,22.45,21.83,22.42,2192900
20160317,22.81,23.06,22.52,22.93,4910700
20160318,23.09,23.46,22.87,22.96,2716100
20160321,22.83,23.17,22.76,23.06,1921000
20160322,23.07,23.29,22.78,22.85,1780800
20160323,22.73,22.75,22.19,22.61,987500
20160324,22.61,22.91,22.07,22.91,1698400
20160328,23.66,23.79,23.45,23.56,6283900
20160329,23.65,23.73,23.46,23.67,4386100
20160330,23.8,24.4,23.61,24,3806600
20160331,23.88,23.98,23.35,23.78,2315800
20160401,23.55,24.13,23.5,23.76,3990400
20160404,23.61,23.75,22.77,23.11,3064400
20160405,23.06,23.43,22.88,23.33,1679200
20160406,23.18,23.22,22.47,22.77,1687900
20160407,23,23.16,22.69,22.91,1645400
20160408,23.41,24.05,23.25,23.8,3386000
20160411,24.1,24.18,23.67,24,4232200
20160412,24.4,25.01,24.2,25,4528800
20160413,25.55,26.1,24.81,25.05,5962000
20160414,25.11,25.13,24.24,24.47,2375000
20160415,24.71,25.18,24.41,24.97,3777400
20160418,24.97,25.49,24.79,25.36,6769500
20160419,25.54,25.98,25.17,25.78,2269400
20160420,25.62,25.89,25.42,25.62,3184800
20160422,25.05,25.6,25.05,25.5,1880200
20160425,25.33,25.8,25.33,25.68,2041800
20160426,25.77,25.99,25.5,25.82,2993900
20160427,25.99,26.4,25.93,26.35,3650300
20160428,26,26.71,25.91,26.51,2650500
20160429,26.39,26.62,26.03,26.4,2395900
20160502,26.01,26.33,25.91,26.18,1923500
20160503,25.89,26.36,25.53,26.25,2205500
20160504,26,26.42,25.99,26.32,4027200
20160505,26.28,26.64,26.05,26.33,1651800
20160506,26.2,26.52,26.18,26.5,1326600
20160509,26.25,26.55,25.9,26,2271500
20160510,26.4,26.84,26.25,26.84,2485300
20160511,27.2,27.2,26.71,26.96,3452400
20160512,26.99,27.73,26.77,27.73,3970500
20160513,27.75,27.75,26.43,26.89,2699500
20160516,26.67,26.98,26.28,26.75,2567300
20160517,26.67,27.12,26.59,26.8,5160000
20160518,26.63,26.83,26.29,26.57,2376100
20160519,26.35,26.6,26.06,26.54,981700
20160520,26.49,26.94,26.43,26.76,1909000
20160523,26.4,26.55,25.92,26.49,1392500
20160524,26.54,26.62,25.96,26.11,2717200
20160525,26.2,26.4,25.89,26.05,1774700
20160527,26.18,26.52,25.96,26.36,2601800
20160530,26.15,26.61,26.07,26.3,454700
20160531,26.16,26.35,25.41,25.59,2526200
20160601,25.7,26.21,25.58,26.19,2887500
20160602,26.16,26.39,25.89,25.98,1995400
20160603,26.39,26.81,25.89,26.81,3639400
20160606,26.9,27.24,26.24,26.38,2248000
20160607,26.02,26.86,26.02,26.68,1483000
20160608,26.8,28.07,26.57,27.82,3562200
20160609,27.82,28.33,27.82,28.25,3230100
20160610,28.2,28.2,27.71,27.9,4621100
20160613,27.4,28.77,27.38,28.66,2938000
20160614,28.63,28.87,27.28,27.66,1566900
20160615,27.73,28.21,27.31,27.94,1943500
20160616,27.59,28.41,27.44,28.4,2020900
20160617,28.4,28.55,27.82,27.84,3469900
20160620,28.32,28.39,27.71,27.82,1439700
20160621,27.61,28.18,27.6,28.14,1221100
20160622,28.05,28.52,27.91,28.18,3307400
20160623,28.4,28.76,28.17,28.55,1680900
20160624,28,28.19,27.5,27.98,1698900
20160627,27.86,28.15,27.67,28.02,2422900
20160628,28.44,28.94,28.28,28.66,1737200
20160629,29,29.47,28.69,29,2863300
20160630,28.67,29.26,28.67,29.08,3633200
20160701,29.22,29.35,28.84,29.04,1400000
20160704,29.06,29.38,28.91,29.06,438600
20160705,28.91,29.1,28.63,28.83,879900
20160706,29.08,29.23,28.84,29.09,1063000
20160707,29.28,29.28,28.38,28.39,1258200
20160708,28.5,29.64,28.44,29.42,1473600
20160711,29.5,30.15,29.44,30.09,1204900
20160712,30.29,30.33,29.8,29.8,2141100
20160713,29.6,30.18,29.6,30.07,848000
20160714,30.44,30.58,29.82,30.25,2608900
20160715,30.2,30.28,29.12,29.3,1219400
20160718,29.15,29.65,29.12,29.59,705400
20160719,29.59,29.99,29.52,29.84,2077400
20160720,30.04,30.09,29.56,29.98,820400
20160721,29.9,30.3,29.75,30.11,1217700
20160722,30.32,31.49,30.06,31.49,3669500
20160725,31.48,31.49,31.01,31.43,2333900
20160726,31.35,31.52,30.83,30.84,2754400
20160727,30.84,31.07,30.59,30.75,1508600
20160728,30.94,30.95,30.5,30.85,1437700
20160729,30.51,30.82,30,30.8,1538800
20160801,30.8,30.8,29.56,29.8,1370600
20160802,29.33,29.53,28.46,28.82,3047000
20160803,28.56,29.13,28.17,29.06,1036900
20160804,28.9,29.62,28.84,29.51,1091800
20160805,29.83,30.02,29.5,30.02,1271100
20160808,29.96,29.96,28.75,29.16,1083600
20160809,29.33,29.41,28.98,29.05,630400
20160810,29,29.36,29,29.18,1011800
20160811,29.03,30,28.85,29.95,1307600
20160812,29.81,30,29.03,29.46,912000
20160815,29.46,30.37,29.09,30.36,2371900
20160816,30.07,30.93,29.81,29.94,1718600
20160817,29.69,30.13,29.28,30.04,1294300
20160818,30.04,30.32,29.64,29.88,1024900
20160819,29.62,29.94,29.31,29.31,1104200
20160822,29.4,29.61,29.05,29.19,1076000
20160823,29.18,29.58,29.04,29.09,1160300
20160824,28.75,29.21,28.62,28.98,2137200
20160825,29,29.21,28.71,28.9,2127200
20160826,28.9,29.3,28.61,28.91,2074900
20160829,28.64,29.71,28.64,29.5,2137900
20160830,29.52,29.54,28.81,29.1,1381300
20160831,29.6,30.11,29.2,29.39,2530300
20160901,29.51,29.66,28.91,29.17,1335000
20160902,29.32,31.12,29.21,31.12,2146800
20160905,31.26,32.06,30.84,31.15,854000
20160906,31.42,31.56,30.84,31.19,703500
20160908,31.19,31.46,30.81,31.07,1181200
20160909,30.54,30.68,29.27,29.45,1056400
20160912,29.15,29.6,29,29,2228800
20160913,28.56,29.12,28.29,28.43,1364700
20160914,28.29,29.25,28.29,29.22,1375200
20160915,29.19,29.8,29.1,29.65,864500
20160916,29.46,29.55,28.86,29.2,2134400
20160919,29.35,29.75,29.23,29.5,908400
20160920,29.51,29.98,29.41,29.66,815700
20160921,29.89,30.66,29.71,30.63,1035400
20160922,30.76,31.09,30.54,31,820400
20160923,30.89,31.15,30.31,30.64,1233100
20160926,30.28,30.41,29.86,30.04,954900
20160927,30.38,30.45,29.63,29.85,1229000
20160928,29.94,31.06,29.85,30.85,1281500
20160929,30.63,31.04,30.28,30.51,1731800
20160930,30.51,30.75,30.02,30.19,1344500
20161003,30.09,30.95,30,30.8,1163900
20161004,30.89,30.99,30.1,30.5,1078200
20161005,30.62,31.1,30.45,30.9,1046400
20161006,30.9,30.9,30.08,30.75,1160000
20161007,30.75,30.9,30.24,30.65,1442600
20161010,30.98,31.12,30.72,30.98,583200
20161011,30.94,30.97,30.48,30.89,1041900
20161013,30.97,31.45,30.74,31.05,1892800
20161014,31.28,31.49,30.26,30.5,1986700
20161017,30.5,31.59,30.26,31.48,1510700
20161018,31.5,31.64,31.1,31.64,1306100
20161019,31.32,32.06,31.32,31.99,1162200
20161020,32,32.11,31.48,32.11,1081900
20161021,31.95,32.33,31.66,32.15,703200
20161024,32.3,32.3,31.61,31.9,918400
20161025,31.92,32.38,31.42,32.29,836200
20161026,32.13,33.12,31.94,32.59,2619500
20161027,32.89,33.04,32.58,32.75,1690800
20161028,32.75,33.2,32.55,32.87,1620600
20161031,32.88,33.82,32.87,33.7,1690200
20161101,34,34,32.7,32.75,1414300
20161103,32.96,33.04,32.12,32.23,1918400
20161104,32.4,33.03,32.1,32.34,1198800
20161107,32.4,33.42,32.39,33.24,941600
20161108,33.01,33.5,32.89,33.25,1255500
20161109,32.12,32.68,31.7,32.43,1792900
20161110,32.7,32.82,29.71,30.25,3775900
20161111,29.55,29.79,26.69,27.11,7751200
20161114,27.16,28.16,26.27,27.5,3821900
20161116,27.99,29.24,27.46,29.24,6142300
20161117,29.45,29.46,28.33,28.45,1915600
20161118,28.45,28.6,27.76,28.42,1974500
20161121,28.42,29.74,28.41,29.53,1841900
20161122,30.11,30.2,29.03,30.03,4095800
20161123,29.9,29.99,29.24,29.68,782500
20161124,29.71,29.86,29.47,29.71,302900
20161125,29.1,29.74,28.61,29.64,674000
20161128,29.66,30.58,29.38,30.5,916800
20161129,30.3,30.66,29.6,29.6,1427900
20161130,29.75,30.61,29.75,29.96,2341300
20161201,28.98,29.29,28.08,28.2,2201000
20161202,28,29.15,27.34,28.78,2220700
20161205,28.86,28.99,27.71,28.42,1307800
20161206,28.42,28.7,27.88,28.29,1234000
20161207,28.6,28.66,27.77,27.87,2623800
20161208,28.26,28.51,27.43,27.68,1585100
20161209,27.82,28.23,27.25,27.7,1490000
20161212,27.3,27.88,27.23,27.69,2853200
20161213,27.55,28.31,27.23,28.31,1103500
20161214,28.39,28.43,27.69,27.7,1649000
20161215,27.47,27.76,27.16,27.66,1584700
20161216,27.9,28.47,27.47,27.84,2134400
20161219,27.84,27.84,26.91,26.91,1541700
20161220,27.14,27.33,26.21,26.58,1039700
20161221,26.4,27.12,26.4,26.6,1268000
20161222,26.66,27.35,26.26,27.35,908900
20161223,27.43,27.7,26.86,27.43,849600
20161226,27.58,27.97,27.12,27.97,190200
20161227,28.25,28.25,27.12,27.56,702700
20161228,27.35,28.19,27.31,28.06,539100
20161229,28.06,28.85,27.73,28.79,1106500
20170102,28.45,28.66,27.27,28.37,535300
20170103,28.67,28.85,28.39,28.7,1317900
20170104,28.46,29.74,28.46,29.53,1305700
