<DTYYYYMMDD>,<OPEN>,<HIGH>,<LOW>,<CLOSE>,<VOL>
20130429,15.89,16.83,15.89,16.06,14324600
20130430,16.06,16.41,15.29,16.07,2470900
20130502,15.85,16.34,15.47,16.34,298600
20130503,16.34,16.66,16.15,16.66,1011000
20130506,16.69,16.87,16.5,16.75,176900
20130507,16.76,17.36,16.73,16.83,450900
20130508,16.87,17.16,16.76,16.87,496700
20130509,16.76,17.17,16.27,16.83,496000
20130510,16.61,16.89,16.07,16.69,170200
20130513,16.43,17.18,15.85,16.27,678000
20130514,16.34,16.34,15.68,16.06,911200
20130515,15.99,16.55,15.85,16.43,645300
20130516,16.45,16.97,15.96,16.76,779600
20130517,16.78,16.89,16.27,16.62,396200
20130520,16.55,16.74,16.2,16.34,307200
20130521,16.31,16.75,16.13,16.72,210600
20130522,16.5,17.82,16.5,17.44,517300
20130523,17.24,17.8,17.22,17.8,237300
20130524,17.67,18.15,17.61,17.95,291800
20130527,17.94,17.94,17.54,17.88,97200
20130528,17.89,17.94,17.61,17.7,166400
20130529,17.61,17.95,16.84,17.46,154700
20130531,17.48,17.48,17.06,17.39,188700
20130603,17.34,17.75,17.16,17.75,218800
20130604,17.57,17.73,17.35,17.46,497000
20130605,17.45,18.23,17.45,17.77,845300
20130606,17.66,18.08,17.5,17.88,523000
20130607,17.8,17.81,17.58,17.76,227600
20130610,17.55,17.88,17.39,17.39,437200
20130611,16.92,17.31,16.59,17.31,151500
20130612,17.2,17.38,16.94,17.11,61100
20130613,16.78,17.47,16.78,17.36,211600
20130614,17.7,17.81,17.13,17.57,57500
20130617,17.56,18.36,17.46,18.36,859000
20130618,18.36,18.79,18.19,18.51,190800
20130619,19,19,18.03,18.51,448500
20130620,17.98,18.59,17.61,18.54,372400
20130621,18.33,18.51,17.91,18.16,464600
20130624,17.71,18.02,17.25,17.32,628100
20130625,17.52,17.52,16.5,17.26,365600
20130626,17.27,17.33,16.82,17.01,251900
20130627,17,17.46,16.5,17.46,416800
20130628,17.22,17.24,16.8,17.11,490100
20130701,16.86,17.36,16.63,17.08,375700
20130702,16.83,17.01,16.62,16.62,426200
20130703,16.9,16.9,16.08,16.31,3219900
20130704,16.62,16.69,16.21,16.41,64100
20130705,16.47,16.9,15.7,16.76,373700
20130708,16.45,17.02,16.45,16.85,66800
20130710,16.85,17.38,16.76,16.76,194600
20130711,17.03,17.14,16.68,16.76,411400
20130712,16.59,16.97,16.1,16.34,562400
20130715,16.08,17.22,16.08,16.9,109300
20130716,17.06,17.06,16.83,16.9,78500
20130717,17.04,17.2,16.8,17.11,882800
20130718,17.02,17.51,16.9,17.22,707400
20130719,17.08,17.87,17.08,17.8,54400
20130722,17.67,19.42,17.67,19.41,55000
20130723,19.27,19.82,19.21,19.77,108900
20130724,19.73,19.73,19.17,19.42,236200
20130725,19.3,19.62,18.65,19.38,888200
20130726,19.22,19.71,19.09,19.29,142200
20130729,19.14,19.56,19,19,150000
20130730,19.19,19.61,19.06,19.59,422900
20130731,19.55,19.68,19.35,19.56,332900
20130801,19.9,20.46,19.56,19.76,399700
20130802,19.8,19.84,18.59,18.59,531800
20130805,18.58,18.75,17.79,17.79,799100
20130806,18.09,18.09,17.39,17.73,423400
20130807,18.01,18.02,16.97,17.11,1711700
20130808,17.26,17.26,16.41,17.04,2268400
20130809,17.59,18.57,17.33,18.32,215600
20130812,18.81,20.11,18.6,19.1,416600
20130813,19.13,19.45,18.76,19.13,217400
20130814,19.1,19.53,18.66,19.53,321500
20130815,19.12,19.41,19.09,19.15,194000
20130816,18.88,19.77,18.88,19.24,174500
20130819,18.88,19.24,18.88,19.08,189700
20130820,18.78,19.45,18.78,19.45,209200
20130821,19.15,19.9,19.15,19.38,170600
20130822,19.8,19.8,19.36,19.45,163200
20130823,19.7,20.14,19.32,20.11,15200
20130826,19.97,20.32,19.72,20.08,57500
20130827,20.08,20.08,19.27,19.68,176700
20130828,19.45,19.73,19.09,19.39,138300
20130829,19.27,19.64,18.91,19.07,166100
20130830,18.95,19.8,18.93,19.45,152400
20130902,19.36,19.87,19,19.2,162600
20130903,18.88,19.38,18.81,19.07,225300
20130904,18.88,19.39,18.56,18.61,543500
20130905,18.92,19.41,18.29,19.14,244200
20130906,19.1,20.56,18.9,20.04,326900
20130909,19.61,20.49,19.61,20.23,1203600
20130910,20.16,20.84,19.85,19.94,2853300
20130911,19.34,20.02,18.4,19.73,583700
20130912,19.33,19.63,18.98,19.45,741300
20130913,19.12,19.58,19.07,19.33,1219500
20130916,19.31,19.94,19.19,19.31,202900
20130917,19.02,19.7,19.02,19.44,409100
20130918,19.24,20.44,19.24,19.8,332600
20130919,19.68,19.95,19.27,19.7,251100
20130920,19.55,20.05,19.47,19.8,500200
20130923,19.87,19.87,19.38,19.38,765200
20130924,19.29,19.89,19.29,19.78,285500
20130925,20.16,20.44,19.31,19.6,115000
20130926,19.45,19.89,19.45,19.89,195800
20130927,19.68,19.8,19.51,19.59,289800
20130930,19.34,20.42,19.03,20.42,279300
20131001,20.04,20.06,19.34,19.45,245900
20131002,19.13,19.54,19.13,19.13,287300
20131003,19.18,19.73,18.78,19.12,480600
20131004,18.95,19.19,18.68,18.88,539600
20131007,18.85,19.38,18.43,18.88,143300
20131008,19.26,19.26,18.64,18.88,178500
20131009,18.88,19.41,18.88,19.38,948800
20131010,19.41,19.77,19.22,19.63,821400
20131011,19.69,20.11,19.54,20.05,565700
20131014,19.9,20.51,19.85,20.44,384700
20131015,20.55,20.93,20.16,20.26,597500
20131016,20.05,20.79,19.93,20.37,401400
20131017,20.1,20.36,20.04,20.33,261300
20131018,20.16,20.51,20.11,20.4,389200
20131021,20.25,20.51,20.06,20.45,231400
20131022,20.29,20.83,20.2,20.4,477000
20131023,20.51,20.86,20.02,20.51,302200
20131024,20.41,20.62,20.35,20.51,149700
20131025,20.4,21.01,20.17,20.51,192300
20131028,20.3,20.5,20.17,20.47,160600
20131029,20.47,20.51,20.31,20.51,90500
20131030,20.51,21.08,20.4,20.83,158200
20131031,20.72,20.86,20.55,20.79,1252900
20131101,20.86,21.54,20.86,21.32,1513400
20131104,21.43,21.89,21.05,21.11,1022600
20131105,20.91,22.02,20.91,21.75,1141400
20131106,21.92,22.27,21.44,22,1435800
20131107,22.11,22.72,21.8,22.56,437600
20131108,22.56,23.19,22.53,22.86,3237600
20131111,22.91,23.33,22.63,22.99,2249400
20131112,22.96,23.91,22.57,22.92,226600
20131113,22.92,23.16,22.58,23.13,155900
20131114,23.46,24.29,23.3,24.09,322800
20131118,24.2,24.47,23.28,23.86,487500
20131119,23.86,23.86,23.01,23.13,418400
20131121,22.92,23.86,22.92,23.61,1209800
20131122,23.62,23.69,23.05,23.27,4119300
20131125,23.34,23.34,23.1,23.13,194800
20131126,23.03,23.42,22.85,23.42,580400
20131127,23.42,23.69,23.13,23.52,583200
20131128,23.42,23.42,22.99,23.13,154900
20131129,23.24,23.48,22.99,23.16,396600
20131202,23.09,23.09,22.67,22.72,2675300
20131203,22.77,22.77,22,22.5,734600
20131204,22.39,23.13,22.04,22.86,665900
20131205,22.71,23.75,22.71,23.13,438700
20131206,22.97,23.47,22.09,22.63,433600
20131209,22.7,22.71,22.27,22.43,236900
20131210,22.53,23.16,22.48,23,355800
20131211,23.11,23.7,23,23.34,509500
20131212,23.35,23.5,22.28,23.01,334400
20131213,23.03,23.23,22.46,22.7,276300
20131216,22.43,22.91,22.27,22.5,301500
20131217,22.58,22.62,21.79,22.13,265900
20131218,22.26,22.95,22.26,22.73,328700
20131219,22.9,24.13,21.73,22.35,771300
20131220,22.31,22.82,21.67,22.07,256600
20131223,21.76,23.4,21.76,22.86,156500
20131226,22.66,22.99,22.14,22.41,331900
20131227,22.55,22.7,22.08,22.61,1797900
20131230,22.87,23.21,22.49,22.98,299400
20140102,22.92,23.86,22.8,23.34,930300
20140103,23.34,24.54,23.33,24.54,345200
20140106,24.22,24.29,23.69,23.98,1074300
20140107,23.84,24.16,23.79,23.98,171300
20140108,24.13,24.32,23.91,24.19,355100
20140109,24.15,25.02,23.84,24.72,666600
20140110,24.73,25.46,24.66,25.46,488700
20140113,25.38,25.65,25.27,25.46,3690800
20140114,25.59,25.63,25.17,25.46,497300
20140115,25.53,25.83,25.53,25.72,157400
20140116,25.88,25.88,25.24,25.24,103900
20140117,25.43,25.43,24.75,24.75,123900
20140120,24.66,25.79,24.66,24.83,369400
20140121,24.83,25.4,24.83,25.25,484600
20140122,25.26,25.59,25.2,25.46,95600
20140123,25.34,25.4,24.97,24.97,425900
20140124,25.02,25.02,24,24.12,957800
20140127,24.16,24.37,23.88,24.05,118600
20140128,24.13,24.75,24.13,24.16,268900
20140129,24.19,24.21,23.35,23.35,384400
20140130,23.52,23.96,23.47,23.62,366700
20140131,23.69,24.04,23.59,23.79,307900
20140203,23.82,24.22,23.48,23.66,496400
20140204,23.86,24.73,23.62,24.73,358100
20140205,24.73,25.95,24.72,25.29,738800
20140206,25.29,26.26,25.21,25.57,819700
20140207,25.67,26,25.41,25.66,474400
20140210,25.76,26.86,25.46,26.37,3749100
20140211,26.66,26.94,26.29,26.29,602000
20140212,26.24,26.69,26.24,26.4,350500
20140213,26.59,26.88,26.42,26.86,444200
20140214,26.98,27.95,26.74,27.65,467300
20140217,27.64,28.36,27.36,28.18,511000
20140218,28.07,28.74,27.7,28.71,742300
20140219,28.65,28.93,28.15,28.15,891200
20140220,28.01,28.58,27.25,27.25,407900
20140221,27.17,27.38,26.16,26.4,1055900
20140224,26.25,27.11,26.23,26.31,355100
20140225,26.17,26.17,25.64,26.02,427700
20140226,26.11,26.45,25.99,25.99,139300
20140227,26.23,26.42,25.84,25.99,189800
20140228,26.25,26.37,25.43,25.82,333300
20140305,25.84,26,25.63,25.69,151000
20140306,25.67,26.22,25.67,25.82,872100
20140307,25.87,26.33,25.33,26.1,3703300
20140310,26.35,26.66,25.9,25.9,417500
20140311,26.17,26.66,26.03,26.23,470800
20140312,26.21,27.32,26.11,27.02,713400
20140313,27.03,27.34,26.8,26.81,300800
20140314,26.96,27.14,26.66,26.66,252100
20140317,26.77,26.86,26.49,26.49,142900
20140318,26.5,27.37,26.5,26.91,479700
20140319,27.05,27.18,26.66,26.88,219500
20140320,26.82,27.41,26.64,26.64,389400
20140321,26.69,26.99,26.42,26.8,490900
20140324,27.02,27.05,26.15,26.21,319200
20140325,26.18,26.41,25.92,26.38,379100
20140326,26.37,26.92,26.16,26.21,236300
20140327,26.36,26.46,25.82,25.82,784100
20140328,25.82,26.04,25.25,25.55,563900
20140331,25.59,25.67,25.07,25.64,490400
20140401,25.53,26.44,25.41,26.35,308900
20140402,26.33,28.19,26.33,27.66,912100
20140403,27.66,27.68,26.99,27.23,278600
20140404,27.32,27.42,26.4,26.88,198000
20140407,26.98,27.22,26.26,26.35,235400
20140408,26.35,26.59,25.88,26.35,297200
20140409,26.35,26.83,26.02,26.42,261300
20140410,26.37,26.42,25.47,25.92,265500
20140411,25.91,27.51,25.89,27.23,613400
20140414,27.21,27.28,26.56,26.93,308600
20140415,27.1,27.95,26.75,26.93,1399500
20140416,27.24,28.24,27.24,27.85,2422000
20140417,27.85,28.54,27.7,28.34,390900
20140422,28.6,28.92,28.16,28.86,473400
20140423,28.8,29.74,28.71,29.18,7102300
20140424,29.25,30.41,29.18,30.35,1680900
20140425,30.34,30.56,30.13,30.27,475800
20140428,30.28,30.41,29.75,30.1,399500
20140429,30.24,30.39,30.1,30.27,173500
20140430,30.26,30.33,29.88,29.88,404100
20140502,30,30.98,29.74,30.73,644000
20140505,30.94,30.94,30.27,30.48,510300
20140506,30.69,31.17,30.26,31.02,374500
20140507,31.79,32.36,31.08,31.58,1156200
20140508,31.57,31.61,30.33,30.38,655300
20140509,30.5,30.5,29.13,29.61,748300
20140512,29.72,30.9,29.72,30.48,657000
20140513,30.65,31.58,30.43,31.21,2371700
20140514,31.29,31.36,28.17,30.04,1847900
20140515,30.08,30.08,28.91,28.97,905300
20140516,29.02,29.09,28.31,28.47,1673100
20140519,28.52,29.56,28.49,28.8,615000
20140520,29.05,29.2,28.91,29.05,1250700
20140521,29.06,29.56,28.77,29.13,1405300
20140522,29.35,29.68,28.53,29.32,2518500
20140523,29.13,29.83,28.91,29.49,3754400
20140526,29.51,29.7,29.13,29.27,180000
20140527,29.27,29.48,29.16,29.27,958500
20140528,29.59,29.75,29.21,29.4,238500
20140529,29.61,30.08,29.37,30.02,477900
20140530,30.08,30.29,29.68,29.9,262800
20140602,30.51,30.51,29.71,30.04,256900
20140603,30.21,30.21,29.79,30.13,818600
20140604,30.13,30.29,29.88,30.27,1161900
20140605,30.37,30.82,30.18,30.65,818600
20140606,30.8,31.54,30.67,31.54,295700
20140609,31.43,32.11,30.97,31.9,496600
20140610,31.9,32.98,31.63,32.94,1948500
20140611,33.16,33.18,32.48,32.84,460000
20140613,32.92,33.51,32.81,33.26,179500
20140616,33.29,33.4,32.59,33.32,277800
20140617,33.47,33.54,32.79,32.92,301700
20140618,32.93,33.1,32.74,32.98,508700
20140620,33.03,33.58,32.84,33.4,563000
20140623,33.48,34.08,33.24,34.08,315800
20140624,34.12,34.24,33.51,34.16,1612700
20140625,34,34.68,33.89,34.32,888800
20140626,34.59,34.6,33.79,34.27,432600
20140627,34.16,34.57,33.95,34.1,271500
20140630,34.1,34.39,33.79,34.3,220500
20140701,34.31,34.79,34.02,34.12,404700
20140702,34.28,34.57,33.02,33.46,615700
20140703,33.58,34.17,33.21,33.76,692300
20140704,34.03,34.09,33.35,33.71,180100
20140707,33.85,33.85,32.75,32.93,575300
20140708,33,33.47,33,33.04,221700
20140710,33.1,33.45,32.27,33.24,1024600
20140711,33.24,33.87,33.24,33.54,538700
20140714,33.64,34.05,32.95,33.1,498600
20140715,33.15,33.23,32.57,32.73,287100
20140716,32.72,32.84,31.82,31.82,739500
20140717,32.02,32.98,31.85,32.28,1720700
20140718,32.63,33.09,32.43,32.63,616100
20140721,32.84,33.9,32.73,33.69,485800
20140722,33.78,34.02,33.53,33.77,419200
20140723,33.77,34.56,33.57,34.31,391100
20140724,34.57,35.13,34.32,34.76,516700
20140725,34.93,35.37,34.71,34.93,365700
20140728,35.02,35.45,34.98,35.29,326000
20140729,35.35,35.47,34.98,35.3,386800
20140730,35.42,35.78,35,35.47,731900
20140731,35.23,35.36,34.58,35.02,552900
20140801,35.02,35.02,33.74,34.02,1796200
20140804,33.82,34.37,33.6,33.82,806300
20140805,33.96,34.01,33.25,33.59,1771900
20140806,33.59,33.69,32.75,33.26,2596200
20140807,33.33,33.69,33.04,33.56,374100
20140808,33.48,33.66,33.26,33.49,299400
20140811,33.39,33.82,33.27,33.48,347700
20140812,33.55,34.22,33.55,34.06,704100
20140813,34.49,34.49,33.51,33.82,1387700
20140814,33.97,33.97,33.12,33.29,366600
20140815,33.4,34.34,33.28,33.87,798100
20140818,34.21,34.22,33.61,33.69,174900
20140819,33.73,34.09,33.56,33.96,185400
20140820,33.96,34.12,33.7,34.03,136900
20140821,33.98,34.73,33.97,34.46,1489200
20140822,34.49,34.53,34.22,34.22,173000
20140825,34.31,34.62,34.13,34.49,1356000
20140826,34.53,34.64,34.22,34.22,923900
20140827,34.46,34.59,34.21,34.4,2808000
20140828,34.62,35.11,34.53,35.11,889500
20140829,35.27,35.37,34.98,35.11,634300
20140901,35.4,35.83,35.28,35.46,336500
20140902,35.47,37.24,35.45,37.17,829700
20140903,37.06,37.66,36.51,37.59,923200
20140904,37.35,38.43,36.9,38.02,496900
20140905,37.68,38.89,37.53,38.7,530200
20140908,38.89,38.89,37.41,37.94,612700
20140909,37.93,37.93,36.82,37.27,675800
20140910,37.16,37.29,36.8,36.97,366100
20140911,37.11,37.55,36.54,36.71,627900
20140912,36.72,38.01,36.71,37.11,627300
20140915,37.16,37.42,36.12,36.12,391300
20140916,36.12,36.35,35.34,35.78,377300
20140917,35.89,36.97,35.82,36.13,464200
20140918,36.19,37.17,36.03,36.63,330300
20140919,36.64,36.69,35.18,35.47,393300
20140922,35.38,35.47,34.49,34.76,475000
20140923,34.59,34.63,34.24,34.45,450700
20140924,34.21,34.65,34.14,34.44,241600
20140925,34.32,35.25,34.32,34.58,332300
20140926,34.8,34.8,34.06,34.28,325200
20140929,34.45,34.76,33.77,34.01,355600
20140930,33.99,34.75,33.99,34.4,472200
20141001,34.48,36.3,34.39,34.58,535700
20141002,34.53,35.03,33.45,34.05,653100
20141003,33.9,36.04,33.9,35.91,484300
20141006,36.57,38.54,36.57,37.5,1042100
20141007,37.5,38.52,37.5,38.13,778500
20141008,38.36,38.75,37.94,38.57,735000
20141009,38.61,39.06,38.55,38.92,554500
20141010,38.54,38.83,37.65,38.66,2010900
20141013,38.86,38.86,37.78,38.13,950400
20141014,38.26,38.35,37.46,37.46,1003000
20141015,37.24,37.51,36.32,36.32,797500
20141016,36.26,36.5,35.31,35.38,962300
20141017,35.59,35.86,34.41,34.85,772500
20141020,35.06,35.42,33.53,33.69,738100
20141021,33.63,34.5,33.43,33.91,1848400
20141022,34.21,34.42,33.8,34.13,267200
20141023,33.94,34.26,33.65,34.26,177700
20141024,34.28,34.31,33.69,34.13,398800
20141027,33.25,35.43,32.89,34.58,442300
20141028,34.77,36.89,34.68,35.82,497800
20141029,35.86,36.33,35.86,36.27,239700
20141030,36.31,38.19,36.09,38.13,714700
20141031,37.87,38.45,37.45,37.95,1089000
20141103,37.59,40.92,37.4,40.43,1328100
20141104,40.27,41.5,40.12,40.7,1198900
20141105,40.79,40.79,39.68,40.12,1404400
20141106,39.81,40.03,39.15,40.03,993100
20141107,40.03,40.32,39.54,39.8,387800
20141110,40.04,40.04,39.37,39.37,243700
20141111,39.66,41.57,39.08,40.79,1309600
20141112,41.01,42.34,40.6,41.49,836400
20141113,41.63,41.63,40.4,40.41,154500
20141114,40.27,40.56,39.61,39.9,237400
20141117,39.85,40.54,39.46,39.46,132700
20141118,39.57,40.68,39.46,40.68,400700
20141119,40.51,41.88,40.12,41.58,2312800
20141121,41.14,42.61,41.14,41.67,1067200
20141124,41.72,42.16,41.36,41.67,734900
20141125,41.49,42.2,41.27,41.81,887500
20141126,41.67,42.25,41.67,41.94,978800
20141127,42.25,42.75,41.03,41.67,398500
20141128,41.28,42.12,41.26,41.67,285300
20141201,41.46,42.05,41.45,41.58,371600
20141202,41.62,42.03,41.57,41.67,269600
20141203,41.68,41.96,41.06,41.72,259500
20141204,41.83,41.94,41.46,41.94,182500
20141205,41.94,42.45,41.57,42.03,204300
20141208,41.81,42.84,41.78,41.96,384600
20141209,41.76,41.94,41.54,41.67,169300
20141210,41.54,41.84,41.11,41.11,181800
20141211,41.34,42.56,41.34,41.9,365600
20141212,42.24,42.24,41.12,41.23,293800
20141215,41.27,41.68,41.27,41.32,275800
20141216,41.39,41.56,40.53,40.78,435600
20141217,40.96,41.22,40.78,40.81,245800
20141218,41.06,41.41,40.58,40.79,438400
20141219,40.84,41.65,40.78,40.79,411300
20141222,40.79,41.14,39.96,40.34,598700
20141223,40.23,41.06,39.94,40.76,454500
20141226,40.5,40.84,40.28,40.54,165400
20141229,40.76,41.13,40.59,40.62,256000
20141230,40.62,41.43,40.62,41.03,195000
20150102,41.7,43.02,40.72,43.02,250500
20150105,42.72,43.12,42.01,42.77,500900
20150106,42.56,43.05,42.33,42.59,636000
20150107,42.45,42.71,41.77,42.24,462200
20150108,42.29,42.82,42.14,42.59,291300
20150109,42.59,42.59,41.75,41.88,425300
20150112,41.9,43.09,41.87,42.81,608200
20150113,42.98,43.3,42.25,42.4,624600
20150114,42.57,43.53,42.41,42.77,777300
20150115,43.11,43.11,42.38,42.92,1136700
20150116,42.82,43.3,42.46,42.46,586600
20150119,42.38,43.33,42.07,42.94,965200
20150120,42.99,42.99,42.62,42.77,186100
20150121,42.86,43.05,42.56,42.9,484400
20150122,43.09,43.17,42.67,42.77,288800
20150123,42.64,42.92,42.37,42.59,499500
20150126,42.59,42.59,41.49,41.88,603300
20150127,41.66,42.07,41.66,41.79,531800
20150128,42.12,42.21,40.57,40.99,1296000
20150129,40.84,40.97,39.74,39.78,715100
20150130,39.78,40.36,37.65,37.65,1116500
20150202,37.42,40.06,37.42,38.98,828400
20150203,39.03,39.61,38.89,39.12,606700
20150204,39.44,40.19,39.18,39.2,557000
20150205,39.51,40.19,39.22,39.53,228600
20150206,39.24,39.35,38.01,38.31,522800
20150209,38.55,39.35,38.12,38.94,386200
20150210,38.9,39.47,38.61,38.89,413000
20150211,38.93,39.2,37.65,37.65,667200
20150212,37.83,38.94,37.71,38.54,1257000
20150213,39.1,40.19,38.35,38.77,997900
20150218,38.94,39.8,38.94,39.34,305700
20150219,39.2,39.74,39.14,39.38,946500
20150220,39.65,40.67,39.38,40.19,870200
20150223,40.26,41.09,40.1,40.97,572100
20150224,41,41.74,40.53,41.74,1144200
20150225,41.54,42.2,40.75,42.2,914300
20150226,42.31,42.93,41.14,41.7,728700
20150227,41.83,42.44,41.6,42.35,754700
20150302,42.34,42.34,41.08,41.88,667500
20150303,41.88,42.55,41.53,42.01,707100
20150304,41.79,42.1,40.72,42.1,1171100
20150305,41.89,42.58,41.39,42.58,557800
20150306,42.33,43.21,41.7,42.64,694400
20150309,42.5,42.55,40.75,41.57,386600
20150310,41.36,43.21,40.98,43.21,884900
20150311,43.21,44.41,42.77,43.73,1147300
20150312,43.74,44.24,43.19,43.24,257300
20150313,43.23,43.43,42.63,43.11,527700
20150316,43.16,44.05,43.04,43.66,227900
20150317,43.51,43.89,43.45,43.66,236000
20150318,43.62,43.79,42.43,42.72,396200
20150319,42.58,43.14,40.59,42.77,1178500
20150320,42.89,43.53,42.74,43.48,603600
20150323,43.28,43.47,41.9,42.14,277500
20150324,42.33,42.35,40.98,41.9,591100
20150325,41.9,43.05,41.87,41.92,435800
20150326,41.76,42.8,41.36,42.53,389000
20150327,42.53,43.55,42.03,43.55,1373900
20150330,43.52,45,43.48,44.25,276700
20150331,44.28,45.15,44.06,45,480100
20150401,45.44,46.14,45.18,45.8,5325500
20150402,45.83,47.21,45.83,47.13,4943000
20150406,47.22,48.34,47.22,47.78,553700
20150407,48.24,48.26,47.53,47.67,569300
20150408,47.67,48.81,47.53,48.52,709100
20150409,48.52,49.36,48.21,48.92,549500
20150410,48.7,49.73,47.94,47.94,505300
20150413,47.05,49.74,46.49,49.19,799000
20150414,49.24,50.16,48.86,49.9,470500
20150415,49.94,50.33,48.09,48.12,777300
20150416,48.12,49.62,48.06,49.01,841000
20150417,49.01,49.19,47.89,48.03,440000
20150420,48.55,49.12,47.55,48.89,320400
20150422,48.84,49.72,48.34,48.98,494000
20150423,48.97,49.7,48.69,49.7,359800
20150424,49.81,49.91,49.53,49.91,349400
20150427,49.91,50.61,49.7,50.14,483300
20150428,50.37,50.37,49.03,49.91,7378700
20150429,49.91,50.36,49.35,49.49,1425800
20150430,49.7,49.87,47.04,47.04,3108300
20150504,47.27,48.72,46.94,48.52,1668700
20150505,48.65,49.21,48.49,48.49,618400
20150506,48.36,49.6,47.91,48.98,871100
20150507,49.33,49.33,47.16,47.22,685400
20150508,47.7,49.09,47.24,48.06,1179500
20150511,48.39,48.92,47.52,47.83,2816100
20150512,48.12,48.12,47.77,48.03,2331600
20150513,47.71,48.18,47.71,47.92,2794500
20150514,48.16,48.41,47.72,47.79,660600
20150515,47.69,48.05,47.69,47.92,1104200
20150518,48.13,48.16,47.78,47.92,1054000
20150519,47.82,48.03,47.5,47.97,1114700
20150520,47.83,48.13,47.06,47.37,866100
20150521,47.22,47.46,46.34,47.13,1201900
20150522,47.13,47.62,46.67,47.13,1478600
20150525,46.89,47.41,46.73,47.14,188500
20150526,47.14,47.36,46.3,46.99,5076500
20150527,47.28,47.28,46.51,46.96,2421200
20150528,47.08,47.23,46.49,47.23,801800
20150529,47.14,47.27,46.53,47.01,961800
20150601,46.89,47.53,46.86,47.27,879500
20150602,47.79,48.12,47.58,48.05,894200
20150603,47.79,48.43,47.79,48.24,954600
20150605,47.83,48.36,47.14,47.41,508700
20150608,47.64,47.89,47.16,47.32,483900
20150609,47.35,47.79,46.95,47.32,708200
20150610,47.48,47.69,47.22,47.6,283400
20150611,47.64,48.36,47.44,47.75,538600
20150612,47.98,48.07,46.91,47.75,391600
20150615,48.03,48.03,46.72,47.22,435800
20150616,47.34,47.65,46.48,47.5,366500
20150617,47.37,47.9,47.05,47.15,330000
20150618,47.48,48.12,46.5,47.88,380500
20150619,47.65,48.01,46.8,47.86,257000
20150622,48.03,48.03,46.91,46.91,445700
20150623,47.25,47.48,46.9,47.38,221100
20150624,47.45,47.46,46.61,46.8,284000
20150625,47.04,47.41,46.49,47.23,570800
20150626,47.16,47.93,47.1,47.93,394800
20150629,47.49,47.49,46.56,47.26,395200
20150630,47.5,48.76,47.14,48.74,368700
20150701,49.03,49.03,47.85,48.54,413100
20150702,48.88,49,48.5,48.72,437800
20150703,48.38,48.8,48.08,48.34,206900
20150706,48.11,49.18,47.86,49.18,444700
20150707,48.84,50.33,48.6,50.33,544300
20150708,50.14,50.14,48.87,49.47,602200
20150710,49.59,51.07,49.41,50.65,559500
20150713,50.55,50.94,50.09,50.94,871600
20150714,50.69,50.74,49.93,50.65,410900
20150715,50.64,51.96,50.58,51.34,571200
20150716,51.35,53.66,51.35,53.66,645800
20150717,53.26,53.57,52.13,52.19,804000
20150720,52.09,52.42,51.79,52.04,338400
20150721,51.77,52.55,51.4,51.71,309100
20150722,51.55,51.72,49.44,49.84,657900
20150723,49.49,49.79,48.36,48.71,887300
20150724,49.06,49.69,47.88,49.45,457400
20150727,49.59,51.61,48.83,50.21,754300
20150728,50.56,51.34,49.35,49.83,726900
20150729,49.85,50.42,48.18,48.34,873400
20150730,48.74,50.21,48.6,50.02,542900
20150731,50.12,51.19,49.94,51.17,511000
20150803,50.97,51.35,49.54,50.09,538700
20150804,49.91,51.57,49.91,51.57,617200
20150805,52.18,52.22,49.77,50.05,741100
20150806,49.51,51.83,49.5,51.83,665600
20150807,51.36,52.62,50.08,50.5,570000
20150810,50.55,51.34,50.21,50.5,1975500
20150811,50.73,51.81,50.51,51.81,342300
20150812,51.77,52.13,50.71,51.49,527400
20150813,51.28,53.63,51.07,52.28,808400
20150814,52.3,52.62,50.23,50.77,436200
20150817,50.42,51.79,49.51,50.82,679300
20150818,50.46,51.16,50.45,50.75,429200
20150819,50.41,50.95,49.12,49.36,572200
20150820,49.01,49.45,47.94,49.45,834400
20150821,49.1,49.1,46.82,46.98,936100
20150824,45.45,45.76,43.85,44.04,1082900
20150825,44.54,45.98,43.27,43.53,1025400
20150826,43.83,44.18,42.93,44.18,1372500
20150827,44.5,44.88,43.41,43.8,897500
20150828,43.34,46.05,43.34,45.98,725200
20150831,45.33,45.83,43.12,44.26,753500
20150901,43.55,43.69,39.71,40.41,1592400
20150902,40.32,41.02,39.95,40.69,1505400
20150903,41.04,42.65,41.04,42.34,1095700
20150904,42.34,43.23,41.74,41.91,879500
20150908,42.65,43.43,41.82,43.43,944400
20150909,43.66,43.74,40.5,40.98,1367300
20150910,39.78,40.56,36.55,37.06,1498300
20150911,37.38,37.78,33.51,35.03,1951300
20150914,34.97,36.18,34.97,35.9,1365900
20150915,35.75,36.26,35.31,35.82,1037600
20150916,36.21,36.26,35.37,35.8,887600
20150917,35.8,35.8,34.23,35.15,1131300
20150918,34.72,35.28,33.51,33.84,2076500
20150921,33.59,33.89,31.41,31.44,1291900
20150922,30.62,30.9,26.18,28.44,2319900
20150923,28.45,28.97,27.66,28.77,1745400
20150924,27.69,28.86,26.19,28.77,1742600
20150925,28.95,29.14,26.59,27.75,1198600
20150928,27.7,27.92,25.43,26.09,1052600
20150929,26.24,27.46,24.31,27.29,2571200
20150930,28.44,28.44,26.71,27.8,1339200
20151001,27.8,28.55,27.51,28.21,2052400
20151002,27.76,31.04,27.76,31.04,905300
20151005,31.03,31.03,28.68,29.14,1586000
20151006,29.14,29.25,27.84,28.34,748300
20151007,28.77,29.08,27.37,28.37,533800
20151008,28.04,28.38,26.9,27.45,763700
20151009,27.47,28.13,27.2,28.13,1166200
20151013,27.9,28.53,27.48,27.94,606200
20151014,27.93,28.9,27.49,28.13,1112300
20151015,28.21,28.42,26.52,27.37,886900
20151016,26.95,28.77,26.72,28.44,1220400
20151019,28.45,28.81,27.34,27.72,2289700
20151020,27.71,27.94,27.53,27.84,457100
20151021,27.83,28.24,27.12,28.07,675200
20151022,28.09,28.31,27.45,27.75,629200
20151023,28.12,28.61,27.75,28.08,4113800
20151026,28.09,28.58,27.73,27.94,488300
20151027,27.93,28.2,27.33,27.52,1956100
20151028,27.38,28.75,27.38,28.17,1703300
20151029,28.03,28.15,27.19,27.43,608200
20151030,27.42,27.84,26.97,27.84,767800
20151103,27.76,28.2,27.3,28.2,1073300
20151104,28.32,30.39,28.32,30.06,1170900
20151105,30.85,32.29,30.13,32.03,1284500
20151106,32.03,32.25,28.92,29.25,1031500
20151109,29.26,30.44,28.82,30.44,486000
20151110,30.43,30.7,28.31,28.55,655100
20151111,28.62,30.71,28.6,29.62,523300
20151112,29.24,31.06,29.24,31.06,1290500
20151113,30.65,31.15,30.17,30.53,1902900
20151116,30.96,31.05,28.84,29.14,483800
20151117,29.32,30.84,29.04,30.5,918400
20151118,30.35,30.65,29.48,30.2,1440100
20151119,30.97,33.12,30.42,32.38,1187400
20151123,33.42,33.74,31.91,32.56,749200
20151124,32.24,32.66,31.54,32.66,1208400
20151125,32,32.82,31.18,32.61,800600
20151126,32.67,34.57,32.67,34.55,417300
20151127,34.24,34.87,32.65,33.11,836100
20151130,33.02,33.11,31.4,33.11,887700
20151201,32.84,33.69,31.8,32.9,1268100
20151202,32.44,35.55,32.44,34.13,904800
20151203,35.8,35.8,34.33,34.88,638000
20151204,34.51,35.24,33.47,34.08,553500
20151207,34.59,35.09,33.35,34.23,541800
20151208,34.49,34.7,32.84,33.3,449500
20151209,34.08,36.01,34.05,35.47,940000
20151210,35.74,35.74,34,34.32,650000
20151211,33.97,35.16,33.54,34.62,548200
20151214,34.17,35.21,33.75,34.9,281400
20151215,35.48,36.09,34.41,35.27,621700
20151216,34.93,35.23,33.45,34.51,919300
20151217,34.86,35.58,34.18,34.37,941900
20151218,34.24,34.24,32.32,32.51,1422700
20151221,32.68,33.65,31.95,32.33,769500
20151222,32.33,33.72,31.58,31.95,670000
20151223,32.31,32.47,31.03,31.03,530900
20151228,30.89,32.12,30.89,31.65,1417500
20151229,32,32.05,30.95,31.49,392600
20151230,31.13,32.71,31.13,32.33,682100
20160104,31.49,33.12,31.18,32.73,1784100
20160105,32.74,32.9,29.08,29.72,1140800
20160106,29.72,30.89,28.87,29.56,1074400
20160107,28.41,29.5,27.48,29.5,921800
20160108,29.24,29.49,28.12,28.54,841700
20160111,28.56,28.93,26.81,27.27,607700
20160112,27.8,28.56,27.38,28.05,437300
20160113,28.55,28.55,26.42,26.97,893000
20160114,26.69,27.57,25.79,26.66,950300
20160115,26.56,26.81,23.97,25.73,1312800
20160118,26.15,26.5,25.1,25.73,400200
20160119,26.24,27.38,25.5,26.79,792100
20160120,26.15,26.85,24.87,24.9,682000
20160121,24.52,25.9,24.47,24.69,703400
20160122,24.92,25.32,24.39,25.17,2228900
20160126,24.6,25,23.84,24.31,790300
20160127,24.32,26.06,24.2,25.27,941100
20160128,25.77,25.91,24.07,25.41,903200
20160129,25.37,26.71,24.94,26.45,1115200
20160201,26.63,29.19,25.99,27.91,1094500
20160202,27.55,28.66,26.71,27.87,1102900
20160203,28.59,28.59,26.9,28.14,1730500
20160204,28.71,28.89,27.82,28.15,853900
20160205,28.39,29.18,27.8,28.33,921600
20160210,27.08,28.48,27.03,28.24,464100
20160211,27.6,28.07,26.34,26.93,739900
20160212,26.95,28.75,26.56,28.75,652700
20160215,28.79,29.19,27.74,27.88,275100
20160216,27.68,30.1,27.42,30.1,674200
20160217,30.12,30.56,28.82,28.89,817100
20160218,28.78,29.28,27.74,27.87,1051600
20160219,27.94,28.24,26.7,27.08,831700
20160222,27.6,28.37,27.12,27.96,822400
20160223,27.89,28.22,26.46,26.46,986200
20160224,26.05,26.68,25.65,26.61,1178200
20160225,26.61,26.98,26.05,26.38,491700
20160226,27,27.83,25.13,25.47,809600
20160229,25.44,27.86,25.06,27.05,1148600
20160301,27.65,29.57,27.46,28.98,1325000
20160302,28.99,30.65,28.76,29.21,1385600
20160303,29.82,31.57,29.63,30.88,1472500
20160304,31.02,34.07,31.02,32.98,1554300
20160307,33.43,33.81,32.11,32.58,856700
20160308,32.49,35.29,32.25,35.29,1437100
20160309,35.58,36.09,33.86,35.3,1113200
20160310,35.86,35.87,34.42,35.09,2303800
20160311,35.55,36.8,35.27,36.32,1044700
20160314,36.34,36.82,34.24,35.92,2458100
20160315,35.3,35.79,33.22,34.17,1028900
20160316,33.92,35.7,32.14,33.16,1341000
20160317,34.83,38.25,34.22,35.47,1408800
20160318,35.54,36.43,35.32,35.73,838400
20160321,35.99,37.22,35.99,36.88,741100
20160322,36.63,36.63,35.35,36.13,1013300
20160323,35.75,36.03,34.4,34.95,1174800
20160324,35.13,36.55,34.08,36.51,745600
20160328,36.51,37.11,35.25,35.53,438600
20160329,36.05,36.6,35.54,36.5,523900
20160330,36.98,37,35.34,35.99,770800
20160331,35.76,36.02,34.97,35.31,1257200
20160401,35.31,37.38,35.12,37,939100
20160404,36.5,36.5,35.21,35.3,581700
20160405,35.3,36.65,34.65,36.01,671900
20160406,35.53,36.11,35.15,35.67,336800
20160407,35.99,36.56,35.49,35.76,563600
20160408,36.78,37.29,35.52,36.11,646700
20160411,36.39,37.85,35.23,35.73,1014100
20160412,36.42,37.3,35.29,37.06,699700
20160413,37.43,38.87,37.28,37.61,590300
20160414,38.01,38.98,37.06,37.85,935300
20160415,38.23,38.52,37.25,37.67,1075500
20160418,37.97,38.8,37.55,38.51,1254800
20160419,38.51,40.63,38.32,40.05,1096600
20160420,40.23,40.44,37.74,38.69,629400
20160422,38.59,38.59,35.17,35.17,1188300
20160425,35.23,36.62,35.17,35.58,1359600
20160426,35.99,36.48,35.25,35.56,1006900
20160427,36.04,36.73,35.59,36.65,909700
20160428,37.16,37.83,36.6,37.62,759000
20160429,37.89,38.01,36.85,37.06,555400
20160502,37.68,39.07,36.34,37.79,2715700
20160503,37.81,37.99,37.33,37.66,434000
20160504,37.98,39.82,37.74,39.45,1222000
20160505,40.08,40.36,37.45,37.88,1125500
20160506,37.78,40,36.87,39.63,957100
20160509,39.38,40.27,38.79,40.2,699300
20160510,40.22,41.67,40.22,41.63,717600
20160511,41.98,42.74,41.28,41.45,728100
20160512,42.08,43.17,42.08,42.2,948000
20160513,41.91,42.29,40.67,41.47,410900
20160516,41.09,41.67,40.36,40.86,561800
20160517,40.65,41.11,39.49,39.7,601500
20160518,39.16,42.42,38.34,41.76,1032100
20160519,41.75,41.77,40.63,41.24,500900
20160520,40.88,42.55,40.88,41.77,1212100
20160523,41.8,41.8,39.41,40.14,498700
20160524,40.19,41.26,38.77,40.57,929600
20160525,40.42,41.06,38.85,39.64,751700
20160527,39.13,40.18,38.94,39.44,516700
20160530,39.84,39.99,39.21,39.46,94400
20160531,39.06,40.52,38.18,40.23,655300
20160601,40.23,40.52,39.58,39.87,489200
20160602,40.26,40.59,39.16,39.69,456500
20160603,39.86,41.98,39.7,41.91,996500
20160606,41.87,43.39,41.7,42.47,663200
20160607,42.48,43.57,42.19,43.11,729000
20160608,42.94,45.48,42.39,45.48,679200
20160609,45.44,47.99,44.78,46.81,836000
20160610,46.12,46.56,44.06,44.36,909300
20160613,43.61,45.6,43.39,44.67,488800
20160614,45.1,45.78,44.56,44.96,734600
20160615,44.86,45.55,43.63,44.61,461900
20160616,44.67,44.81,43.26,44.54,738200
20160617,44.83,45.46,43.56,43.79,410300
20160620,44.37,46.94,44.37,45.72,706300
20160621,45.86,48.05,45.27,48.05,570100
20160622,48.1,48.1,46.27,47.26,617400
20160623,47.7,50.19,47.36,48.85,842500
20160624,47.4,47.4,45.78,46.66,425100
20160627,46.67,47.31,45.62,45.66,479000
20160628,46.03,46.91,45.7,46.7,655900
20160629,47.25,48.54,46.62,47.13,888600
20160630,47,49.3,46.68,47.84,753400
20160701,48.03,49.25,47.39,48.7,380600
20160704,48.85,49,47.05,47.39,228600
20160705,47.05,47.64,46.02,46.67,442600
20160706,46.68,46.91,45.39,46.28,778600
20160707,46.56,48.59,46.4,47.04,557000
20160708,47.82,47.83,45.82,46.42,609900
20160711,46.89,46.89,45.87,45.96,483600
20160712,46.61,47.65,46.12,47.06,539800
20160713,47.54,48.69,46.27,48.39,487500
20160714,48.8,48.8,45.94,46.21,730200
20160715,46.22,46.82,46.01,46.66,425900
20160718,47.35,48.4,46.71,47.53,462100
20160719,47.84,50.03,47.28,48.87,1993400
20160720,49.14,53.03,49.14,52.67,810400
20160721,53.05,53.62,51.01,52.42,862400
20160722,52.81,53.69,51.93,53.29,655200
20160725,53.03,54.36,52.24,53.83,626000
20160726,53.63,53.97,52.73,52.73,638800
20160727,52.8,53.35,51.91,51.91,579000
20160728,52.07,52.07,49.71,49.71,672400
20160729,49.71,52.34,49.71,51.8,904600
20160801,51.8,53.06,51.26,51.69,765800
20160802,51.24,52.99,51.24,52.94,762400
20160803,52.29,53.04,51.14,51.79,650500
20160804,51.65,52.7,51.37,52.14,270000
20160805,52.16,52.6,52.16,52.56,255000
20160808,52.62,52.64,50.61,50.84,300100
20160809,51.54,52.38,49.65,49.9,609400
20160810,49.75,51.76,49.75,51.32,658900
20160811,51.31,51.92,49.72,50.34,582100
20160812,50.15,50.64,49.72,50.2,326300
20160815,50.2,50.76,49.83,50.34,252200
20160816,50.05,50.56,49.69,49.79,491800
20160817,49.75,51.24,49.75,51.22,550200
20160818,51.34,52.51,50.35,50.78,821400
20160819,50.78,51.65,50.02,50.29,451400
20160822,50.34,50.66,48.4,48.94,600800
20160823,48.75,49.41,47.99,48.46,400000
20160824,48.22,48.46,46.87,47.74,662000
20160825,48.11,49.68,47.67,49.49,399000
20160826,49.1,50.79,48.58,49.76,1008800
20160829,49.76,50.48,49.3,50.25,507100
20160830,49.81,50.8,49.81,50.47,400100
20160831,50.83,50.92,49.16,50.15,433100
20160901,50.34,50.78,49.4,49.66,393700
20160902,50.18,51.25,49.45,51.25,709700
20160905,51.28,52.12,50.58,51.28,256300
20160906,51.73,52.84,51.34,52.25,483600
20160908,52.21,52.44,51.54,52.03,603100
20160909,51.44,51.44,49.56,50.01,338100
20160912,49.55,51.92,49.45,51.84,448000
20160913,51.18,51.69,49.21,50.49,422800
20160914,50.49,50.49,49.11,49.85,343200
20160915,50.22,51.19,49.66,51.09,283300
20160916,50.74,51.2,49.45,50.36,792400
20160919,50.72,51.05,50.09,51.05,429100
20160920,51.53,52.89,51.14,52.24,451000
20160921,52.68,52.72,50.79,52.14,342600
20160922,52.35,53.43,52.35,52.84,536100
20160923,53.56,54.28,52.7,53.04,306600
20160926,53.05,53.63,51.54,51.84,222500
20160927,52.42,52.84,51.74,52.55,347500
20160928,52.26,53.18,51.76,52.82,313500
20160929,53.08,53.59,50.94,51.73,481800
20160930,51.67,54.57,51.67,53.8,663900
20161003,53.96,55.46,53.27,54.79,576700
20161004,55.05,55.13,53.47,54.08,254200
20161005,54.58,56.55,54.54,55.46,365700
20161006,55.05,55.74,54.71,55.36,295400
20161007,55.78,55.96,54.97,55.46,506900
20161010,55.66,56.03,54.25,54.36,244500
20161011,54.49,55.25,54.32,54.96,261400
20161013,54.37,56.72,54.29,55.84,517500
20161014,56.09,58.24,56.09,56.97,465300
20161017,57.31,58.31,56.93,58.31,211900
20161018,58.17,59,57.27,57.96,436700
20161019,57.47,58.18,56.71,57.09,482400
20161020,57.03,57.68,56.67,57.46,182200
20161021,56.81,58.9,56.78,57.96,467800
20161024,57.96,59.14,57.81,58.96,1440300
20161025,58.57,59.53,58.09,59.53,314700
20161026,58.9,59.44,56.57,57.3,504700
20161027,57.85,58.66,56.96,57.59,327800
20161028,57.11,58.35,56.67,57.78,231400
20161031,57.23,58.4,57.17,58.22,349500
20161101,59.42,59.42,56.57,57.46,1000300
20161103,57.61,58.11,54.59,54.71,779300
20161104,54.71,54.71,52.75,53.25,767100
20161107,53.84,55.01,53.83,55.01,615400
20161108,55.01,56.68,54.76,55.88,465500
20161109,52.51,55.95,52.36,55.11,374700
20161110,54.66,55.61,50.29,50.29,836700
20161111,49.97,50.01,45.72,47.22,1018800
20161114,46.47,48.27,45.59,47.96,672300
20161116,47.81,49.08,46.65,47.73,699300
20161117,48.44,48.44,45.77,45.81,342100
20161118,45.77,45.77,43.94,45.18,518900
20161121,45.28,46.86,44.5,46.86,439400
20161122,47.19,48.3,46.68,48.15,1203300
20161123,48.35,48.35,45.3,46.02,814700
20161124,46.22,46.89,45.57,46.27,291100
20161125,45.58,45.65,44.3,45.01,486700
20161128,45.01,47.54,44.51,46.97,532600
20161129,46.79,47.09,45.93,46.47,599600
20161130,47.07,47.82,45.83,47.82,732400
20161201,47.82,47.82,42.51,43.02,1063800
20161202,42.47,43.23,40.57,41.26,1223600
20161205,41.69,43.82,41.69,43.25,1904400
20161206,42.77,44.94,42.53,44.87,724800
20161207,45.07,45.23,43.89,45.22,673700
20161208,45.9,45.96,44.09,44.62,434000
20161209,44.85,45.66,43.53,43.97,547300
20161212,43.31,44.23,42.7,44.03,522500
20161213,43.47,43.69,42.09,42.6,528100
20161214,42.69,42.85,41.5,41.5,588800
20161215,41.37,41.37,39.97,39.97,579200
20161216,40.51,40.51,39.3,39.9,819800
20161219,40.02,40.71,39.5,40.25,312600
20161220,40.5,40.91,38.73,40.27,692400
20161221,40.65,41.94,39.27,41.8,458700
20161222,41.47,42.77,39.95,42.22,394500
20161223,42.71,43.06,41.97,43.02,329300
20161226,43.54,43.54,42.65,43.09,119600
20161227,43.46,45.32,43.15,44.2,592400
20161228,44.2,45.62,43.72,44.72,834100
20161229,44.73,45.65,44.16,44.7,808300
20170102,44.44,45.04,44,44.39,95000
20170103,44.99,48.18,44.28,46.97,487500
20170104,46.51,47.56,46.12,47.07,679200
