<DTYYYYMMDD>,<OPEN>,<HIGH>,<LOW>,<CLOSE>,<VOL>
20100601,13.59,14.02,13.18,13.6,1549500
20100602,13.52,14.02,13.52,13.83,985000
20100604,13.77,13.86,13.34,13.34,781600
20100607,13.47,13.94,13.17,13.17,1398900
20100608,13.4,13.6,13.25,13.44,1113800
20100609,13.63,13.96,13.25,13.25,2028200
20100610,13.36,13.98,13.36,13.98,2797100
20100611,14.02,14.21,13.69,13.95,1386500
20100614,14.09,14.16,13.56,13.69,1220300
20100615,13.8,14.02,13.64,13.73,1272500
20100616,13.8,13.94,13.64,13.64,1424100
20100617,13.76,13.89,13.61,13.68,1590300
20100618,13.83,14.02,13.68,13.73,1284100
20100621,14.03,14.39,13.98,14.12,1582100
20100622,14.13,14.46,14.09,14.21,1837400
20100623,14.33,14.67,14.29,14.67,1970400
20100624,14.6,15.06,14.41,14.82,2128400
20100625,14.77,14.99,14.63,14.98,1063000
20100628,14.85,15.25,14.81,14.85,1500200
20100629,14.47,14.71,13.53,13.64,2812000
20100630,13.88,14.03,13.17,13.18,2674700
20100701,13.21,13.42,12.83,13.12,2157800
20100702,13.31,13.51,12.86,12.92,983200
20100705,12.98,13.12,12.86,12.91,366700
20100706,13.11,13.31,12.87,12.98,1744400
20100707,13.01,13.18,12.89,13.1,1747400
20100708,13.21,13.21,12.95,12.99,1583800
20100712,13.12,13.21,12.67,12.76,1880400
20100713,12.85,12.96,12.72,12.86,1810000
20100714,12.86,12.98,12.78,12.78,1102900
20100715,12.86,13.34,12.74,13.34,1767500
20100716,13.3,13.62,12.82,12.82,1939200
20100719,12.95,13.39,12.92,13.34,1512900
20100720,13.18,13.57,13.07,13.52,1616800
20100721,13.6,13.69,13.36,13.36,1427400
20100722,13.53,13.84,13.51,13.74,1392100
20100723,13.78,14.14,13.66,14.12,1134600
20100726,14.13,14.42,14.1,14.37,2304500
20100727,14.38,14.73,14.38,14.51,1698900
20100728,14.49,14.49,13.97,14.21,1190500
20100729,14.17,14.42,14.1,14.22,999800
20100730,14.16,14.55,14,14.55,1188700
20100802,14.55,15.07,14.55,14.83,865000
20100803,14.71,14.85,14.29,14.34,1165200
20100804,14.42,14.67,14.22,14.46,1440200
20100805,14.65,14.81,14.34,14.62,635300
20100806,14.64,14.78,14.53,14.77,430000
20100809,14.8,14.93,14.71,14.73,1127600
20100810,14.68,14.8,14.46,14.59,592800
20100811,14.49,14.49,13.95,14.04,1259800
20100812,14.01,14.25,14.01,14.08,765300
20100813,14.17,14.5,14.04,14.3,1073200
20100816,14.42,14.42,13.93,14.27,2182800
20100817,14.38,14.64,14.26,14.43,793700
20100818,14.35,14.56,14.26,14.53,544500
20100819,14.53,14.56,14.22,14.56,723500
20100820,14.43,14.7,14.34,14.5,898700
20100823,14.54,14.78,14.31,14.39,459200
20100824,14.25,14.34,13.81,13.83,1061800
20100825,13.82,13.82,13.51,13.62,551200
20100826,13.73,13.86,13.33,13.62,640000
20100827,13.75,14.52,13.6,14.25,1251200
20100830,14.25,14.46,13.73,13.73,1045500
20100831,13.73,14.1,13.73,13.96,613300
20100901,14.08,14.68,14.08,14.68,1391500
20100902,14.6,14.91,14.5,14.86,1666800
20100903,15.04,15.16,14.43,14.43,690800
20100906,14.6,14.6,14.17,14.2,479300
20100908,14.16,14.51,14.14,14.49,604300
20100909,14.46,14.69,14.35,14.45,389700
20100910,14.39,14.76,14.39,14.52,573200
20100913,14.61,14.91,14.6,14.65,804600
20100914,14.7,14.83,14.46,14.53,860200
20100915,14.43,14.65,14.43,14.65,393800
20100916,14.62,14.64,14.37,14.43,640000
20100917,14.46,14.67,14.2,14.45,642600
20100920,14.43,14.64,14.22,14.22,536300
20100921,14.3,14.34,14,14.04,1269700
20100922,14.06,14.3,13.89,14,1159800
20100923,13.94,14.21,13.9,13.97,1083700
20100924,14.11,14.18,13.75,13.88,987500
20100927,14.04,14.09,13.86,14.04,417300
20100928,13.96,14.3,13.92,14.3,557600
20100929,14.3,14.39,14.05,14.21,793500
20100930,14.11,14.36,13.76,14.04,1114000
20101001,14.05,14.05,13.82,13.99,807800
20101004,13.9,14.04,13.67,13.67,1219100
20101005,13.76,13.97,13.67,13.69,2165400
20101006,13.7,13.81,13.53,13.73,1056200
20101007,13.84,13.86,13.52,13.52,646300
20101008,13.54,13.61,13.46,13.58,820400
20101011,13.61,13.88,13.61,13.83,483700
20101013,13.9,13.93,13.47,13.47,1404100
20101014,13.57,13.57,13.29,13.3,1149100
20101015,13.42,13.43,13.12,13.2,832700
20101018,13.17,13.38,13.13,13.2,586900
20101019,13.11,13.15,12.99,13,970600
20101020,13.08,13.26,13,13,939700
20101021,13.12,13.76,13.01,13.76,2705000
20101022,13.75,13.81,13.23,13.34,741000
20101025,13.51,13.6,13.23,13.45,828700
20101026,13.47,13.88,13.4,13.88,1395000
20101027,13.75,13.94,13.61,13.77,906100
20101028,13.88,14.04,13.64,13.83,1469000
20101029,13.96,14.25,13.83,14.25,1257500
20101101,14.18,14.31,14.14,14.15,1254700
20101103,14.3,14.42,13.91,13.99,1382200
20101104,14.16,14.25,13.92,13.99,1861400
20101105,14.01,14.15,13.79,14.15,1031400
20101108,14.11,14.39,14.08,14.3,944000
20101109,14.34,14.5,14.18,14.18,743600
20101110,14.16,14.29,14,14.08,563100
20101111,14.17,14.17,13.7,13.82,591300
20101112,13.74,13.83,13.55,13.64,647200
20101116,13.64,13.65,13.22,13.38,953200
20101117,13.27,13.68,13.27,13.55,566600
20101118,13.74,13.82,13.5,13.51,772200
20101119,13.73,13.73,13.34,13.64,734300
20101122,13.69,13.73,13.26,13.29,587100
20101123,13.25,13.29,13.07,13.12,1000800
20101124,13.36,13.5,13.19,13.45,729600
20101125,13.34,13.55,13.29,13.33,756100
20101126,13.15,13.32,13.12,13.12,808000
20101129,13.13,13.29,13.04,13.26,732000
20101130,13.28,13.41,13.12,13.12,949500
20101201,13.2,13.71,13.2,13.47,1014000
20101202,13.56,13.77,13.47,13.53,920900
20101203,13.52,13.99,13.49,13.87,1361200
20101206,13.79,13.86,13.54,13.69,692700
20101207,13.74,13.82,13.6,13.69,632000
20101208,13.72,13.81,13.57,13.81,586700
20101209,13.73,13.85,13.62,13.73,301300
20101210,13.75,13.95,13.61,13.76,1029500
20101213,13.9,13.95,13.52,13.6,1021800
20101214,13.6,13.77,13.47,13.64,410500
20101215,13.51,13.6,13.34,13.6,1029900
20101216,13.61,13.76,13.22,13.48,1445700
20101217,13.36,13.46,13.15,13.21,1301800
20101220,13.25,13.25,13.04,13.07,399600
20101221,13.45,13.45,13.05,13.06,593500
20101222,13.03,13.24,12.64,12.92,1796200
20101223,12.85,13.06,12.79,13.02,445500
20101227,12.97,12.99,12.71,12.78,366600
20101228,12.8,13.01,12.69,12.78,382600
20101229,12.77,12.85,12.64,12.71,709500
20101230,13.01,13.33,12.81,13.29,550000
20110103,13.35,13.45,13.13,13.18,476000
20110104,13.17,13.37,13.08,13.37,500900
20110105,13.3,13.43,13.2,13.42,627800
20110106,13.32,13.45,13.13,13.39,1245400
20110107,13.32,13.4,13.2,13.2,425800
20110110,13.28,13.53,13.09,13.53,578400
20110111,13.57,13.57,13.3,13.3,851000
20110112,13.43,13.43,13.25,13.39,844300
20110113,13.43,13.43,13.07,13.09,1708600
20110114,13.07,13.14,13,13.05,1106000
20110117,13.06,13.15,13.02,13.15,431400
20110118,13.16,13.2,13.08,13.2,604800
20110119,13.25,13.31,13.02,13.12,569500
20110120,13.03,13.18,12.9,13.1,824600
20110121,13.12,13.35,13.04,13.33,979200
20110124,13.34,13.74,13.33,13.74,1145000
20110126,13.71,13.74,13.42,13.54,647300
20110127,13.54,13.61,13.34,13.37,1107400
20110128,13.36,13.52,13,13.09,978800
20110131,13.17,13.35,13.02,13.04,557700
20110201,13.25,13.25,13.04,13.21,227900
20110202,13.17,13.29,13.13,13.15,451700
20110203,13.16,13.22,12.87,12.98,486300
20110204,12.94,13.06,12.59,12.59,447300
20110207,12.65,12.86,12.43,12.51,467300
20110208,12.49,12.67,12.48,12.58,567300
20110209,12.59,12.61,12.28,12.32,406700
20110210,12.34,12.41,12.26,12.32,631900
20110211,12.29,12.58,12.29,12.53,828800
20110214,12.63,12.67,12.47,12.5,993100
20110215,12.51,12.71,12.39,12.46,976700
20110216,12.44,12.8,12.44,12.63,813900
20110217,12.72,12.8,12.62,12.69,501400
20110218,12.62,12.89,12.59,12.78,497200
20110221,12.84,12.84,12.62,12.68,329600
20110222,12.61,12.73,12.42,12.42,701000
20110223,12.53,12.56,12.05,12.14,985400
20110224,12.14,12.3,12.05,12.23,550100
20110225,12.27,12.54,12.27,12.5,866300
20110228,12.54,12.83,12.5,12.78,1229500
20110301,12.82,13.26,12.68,12.68,1899000
20110302,12.71,12.84,12.44,12.59,1049600
20110303,12.68,12.68,12.42,12.45,884700
20110304,12.51,12.66,12.36,12.46,419100
20110309,12.55,12.78,12.51,12.78,566000
20110310,12.7,12.7,12.37,12.39,407200
20110311,12.33,12.53,12.17,12.32,755500
20110314,12.23,12.59,12.19,12.5,668800
20110315,12.24,12.85,12.24,12.63,1494900
20110316,12.68,12.89,12.41,12.59,913500
20110317,12.63,12.73,12.54,12.7,386500
20110318,12.64,13.07,12.64,13.07,687700
20110321,13.07,13.26,13.07,13.26,664500
20110322,13.2,13.38,13.14,13.23,621300
20110323,13.23,13.5,13.15,13.5,773000
20110324,13.52,13.58,13.36,13.58,1185000
20110325,13.6,13.71,13.53,13.65,297900
20110328,13.62,13.64,13.43,13.53,264000
20110329,13.57,13.81,13.47,13.81,389600
20110330,13.85,13.89,13.49,13.49,781500
20110331,13.58,13.75,13.51,13.53,1348100
20110401,13.63,14.16,13.61,14.16,1235800
20110404,13.99,14.2,13.99,14.07,360900
20110405,14.06,14.3,14.02,14.29,535700
20110406,14.27,14.3,13.93,14.04,606900
20110407,14,14.13,13.96,13.98,310500
20110408,14,14.16,13.77,13.77,887300
20110411,13.79,13.93,13.59,13.76,746800
20110412,13.71,13.73,13.54,13.58,332400
20110413,13.61,13.79,13.14,13.31,518300
20110414,13.4,13.54,12.97,13.09,759700
20110415,13.09,13.18,12.88,13.18,657200
20110418,13.18,13.32,12.96,13.13,330200
20110419,13.21,13.25,12.96,13.16,664000
20110420,13.3,13.42,13.14,13.29,822800
20110425,13.25,13.61,13.25,13.44,1167300
20110426,13.44,13.89,13.43,13.89,1614100
20110427,13.94,14.01,13.63,13.67,1477700
20110428,13.61,13.73,13.39,13.61,799600
20110429,13.57,13.98,13.57,13.84,761400
20110502,13.79,14.04,13.69,13.77,750700
20110503,13.63,13.83,13.2,13.2,1234800
20110504,13.26,13.5,12.98,12.98,1448300
20110505,13.07,13.42,13.05,13.25,1424400
20110506,13.5,13.64,13.31,13.45,1073200
20110509,13.41,13.59,13.39,13.46,443800
20110510,13.52,13.77,13.47,13.7,543500
20110511,13.66,14.01,13.59,13.66,1072500
20110512,13.55,13.82,13.52,13.56,1107400
20110513,13.54,13.56,13.25,13.25,797800
20110516,13.21,13.97,13.17,13.19,864900
20110517,13.42,13.49,13.23,13.3,1037600
20110518,13.42,13.42,12.91,13.02,1873600
20110519,13.04,13.07,12.62,12.62,1226400
20110520,12.64,12.92,12.64,12.8,976600
20110523,12.76,12.87,12.6,12.66,837200
20110524,12.8,12.88,12.62,12.69,1226700
20110525,12.66,12.75,12.63,12.66,1318400
20110526,12.71,12.79,12.54,12.66,1084600
20110527,12.64,12.77,12.64,12.69,575700
20110530,12.75,12.83,12.66,12.71,564400
20110531,12.76,13.2,12.66,13.16,2002800
20110601,13.13,13.13,12.62,12.62,727600
20110602,12.62,12.86,12.46,12.67,887400
20110603,12.65,12.8,12.62,12.71,533700
20110606,12.71,12.71,12.18,12.18,1028500
20110607,12.3,12.36,12.1,12.17,1656700
20110608,11.94,12.01,11.63,11.81,2199400
20110609,11.75,11.75,11.04,11.29,3922400
20110610,11.18,11.4,11.08,11.24,1377100
20110613,11.33,11.47,10.8,10.8,1679700
20110614,10.9,11.12,10.84,11.02,1351200
20110615,10.99,11.04,10.89,10.98,921800
20110616,10.98,11.25,10.8,10.86,1031000
20110617,10.92,10.93,10.55,10.92,1983000
20110620,10.86,11.17,10.77,11.13,843000
20110621,11.13,11.17,10.95,10.98,1383000
20110622,10.94,11.04,10.59,10.59,1361200
20110624,10.67,10.67,10.28,10.5,965800
20110627,10.43,10.44,10.13,10.13,1478300
20110628,10.27,10.57,10.19,10.5,1406800
20110629,10.5,10.5,10.2,10.25,2239600
20110630,10.32,10.33,10.11,10.17,1389200
20110701,10.22,10.24,10.05,10.17,1439900
20110704,10.24,10.35,10.19,10.26,310200
20110705,10.28,10.36,10.14,10.17,614900
20110706,10.17,10.18,9.82,9.82,1649800
20110707,9.89,10.09,9.89,10.04,1829200
20110708,10,10,9.79,9.88,927700
20110711,9.81,9.81,9.49,9.66,1015300
20110712,9.56,9.66,9.43,9.59,1665000
20110713,9.55,9.78,9.55,9.7,993400
20110714,9.7,9.76,9.28,9.37,1595100
20110715,9.34,9.41,9.29,9.34,692800
20110718,9.33,9.33,9.16,9.22,844200
20110719,9.24,9.4,9.24,9.39,810100
20110720,9.36,9.48,9.22,9.27,1848400
20110721,9.28,9.78,9.28,9.78,2131200
20110722,9.78,10.17,9.68,9.91,2228200
20110725,9.89,10.04,9.71,9.78,1396500
20110726,9.86,9.86,9.43,9.72,783400
20110727,9.54,9.61,9.24,9.24,1191800
20110728,9.3,9.46,9.1,9.1,946600
20110729,9.1,9.46,8.92,9.28,1571400
20110801,9.37,9.58,9.14,9.23,789800
20110802,9.25,9.3,8.93,8.93,808800
20110803,9,9,8.43,8.49,1259100
20110804,8.39,8.41,8.04,8.18,1523100
20110805,8.1,8.47,8,8.43,986300
20110808,8.02,8.2,7.58,7.62,1668800
20110809,7.73,8.09,7.32,7.66,2210500
20110810,7.49,8.06,7.33,7.76,2358600
20110811,7.8,8,7.75,7.81,2795600
20110812,7.88,7.93,7.62,7.62,1867400
20110815,7.78,8.39,7.77,8.03,1626000
20110816,7.96,8.33,7.85,7.97,1258700
20110817,7.97,8.15,7.93,8.09,513600
20110818,7.84,7.91,7.65,7.85,1791500
20110819,7.75,7.89,7.62,7.62,1369100
20110822,7.76,7.87,7.61,7.61,760300
20110823,7.63,7.81,7.48,7.77,922300
20110824,7.8,7.98,7.67,7.72,802900
20110825,7.75,7.87,7.64,7.85,1069800
20110826,7.73,7.99,7.71,7.87,925400
20110829,7.93,8.19,7.93,8.15,591500
20110830,8.12,8.37,8.07,8.15,1415500
20110831,8.22,8.35,8.15,8.15,1406300
20110901,8.25,8.56,8.25,8.53,1370600
20110902,8.38,8.38,8.16,8.33,578600
20110905,8.21,8.21,7.95,8.02,543200
20110906,7.96,8.21,7.78,8.15,1288600
20110908,8.23,8.47,8.23,8.47,1346300
20110909,8.42,8.45,8.18,8.2,1020800
20110912,8.15,8.88,7.96,8.74,3893700
20110913,8.85,8.95,8.65,8.7,3138500
20110914,8.91,8.91,8.71,8.85,1960100
20110915,8.91,9.08,8.68,8.99,1826600
20110916,8.99,9.23,8.88,9.2,5247100
20110919,9.01,9.59,8.95,9.46,2311600
20110920,9.54,9.57,9.02,9.06,1458400
20110921,9.1,9.26,8.81,8.88,2044100
20110922,8.65,8.74,8.16,8.17,2074400
20110923,8.15,8.41,8.04,8.05,1574700
20110926,8.2,8.21,7.95,8.05,1574900
20110927,8.2,8.29,7.83,7.87,2490300
20110928,7.93,8.06,7.66,7.66,1414300
20110929,7.75,7.83,7.69,7.76,1028400
20110930,7.79,7.82,7.41,7.53,2213100
20111003,7.52,7.52,7.08,7.08,2027300
20111004,7.03,7.08,6.72,6.93,2287800
20111005,7.07,7.25,6.93,7.16,1126600
20111006,7.27,7.32,7.2,7.23,1070500
20111007,7.3,7.32,6.88,6.94,1641300
20111010,7.05,7.22,7.01,7.1,964600
20111011,7.14,7.31,7.08,7.18,1278100
20111013,7.28,7.5,6.95,7.06,2391100
20111014,7.13,7.15,7,7.06,1439300
20111017,7.05,7.19,7,7.07,1180200
20111018,7.07,7.19,6.96,7.17,1242500
20111019,7.19,7.26,7.05,7.07,1086200
20111020,7.12,7.17,6.96,7.14,946300
20111021,7.2,7.46,7.15,7.34,1423200
20111024,7.51,7.6,7.44,7.51,2893000
20111025,7.51,7.55,7.3,7.32,1160700
20111026,7.38,7.39,7.23,7.3,1005600
20111027,7.48,7.71,7.44,7.48,2395600
20111028,7.55,7.75,7.44,7.75,1898800
20111031,7.55,7.79,7.54,7.57,2406900
20111101,7.3,7.48,7.16,7.34,1483000
20111103,7.46,7.56,7.33,7.36,1568300
20111104,7.41,7.41,7.2,7.32,1494400
20111107,7.32,7.44,7.29,7.32,973800
20111108,7.35,7.38,7.18,7.18,1399500
20111109,7.14,7.14,6.86,6.89,2384100
20111110,6.91,7.03,6.89,6.95,1079400
20111111,6.98,7,6.88,6.9,1061700
20111114,6.94,6.98,6.79,6.85,1274600
20111116,6.87,7.05,6.83,6.96,1331600
20111117,6.91,7.08,6.79,6.95,1060700
20111118,6.91,6.95,6.8,6.8,1154900
20111121,6.76,6.77,6.53,6.71,1402700
20111122,6.65,6.67,6.41,6.41,2459400
20111123,6.36,6.45,6.3,6.3,1262800
20111124,6.35,6.45,6.13,6.45,1022400
20111125,6.38,6.5,6.17,6.17,1726800
20111128,6.31,6.35,6.23,6.34,1108100
20111129,6.43,6.47,6.18,6.21,1117500
20111130,6.29,6.53,6.22,6.45,1637700
20111201,6.59,6.71,6.45,6.47,1530900
20111202,6.55,6.61,6.38,6.43,963600
20111205,6.5,6.65,6.45,6.58,1192100
20111206,6.53,6.71,6.44,6.67,657500
20111207,6.66,6.71,6.54,6.54,1122300
20111208,6.62,6.65,6.35,6.43,1235300
20111209,6.41,6.5,6.27,6.48,1618800
20111212,6.39,6.44,6.3,6.44,607700
20111213,6.51,6.51,6.4,6.44,757600
20111214,6.37,6.44,6.3,6.34,1459000
20111215,6.32,6.41,6.22,6.22,1398000
20111216,6.22,6.3,6.02,6.02,1836400
20111219,6,6.04,5.73,5.79,2891500
20111220,5.84,5.99,5.78,5.93,1167700
20111221,5.86,6.36,5.86,6.36,3489400
20111222,6.32,6.44,6.13,6.15,2592200
20111223,6.29,6.45,6.25,6.44,904900
20111226,6.41,6.45,6.36,6.37,404200
20111227,6.45,6.53,6.38,6.46,920000
20111228,6.45,6.54,6.39,6.45,1267000
20111229,6.52,6.52,6.28,6.3,1519900
20120102,6.34,6.44,6.23,6.44,776500
20120103,6.49,6.68,6.45,6.61,2538700
20120104,6.64,6.71,6.57,6.6,2697100
20120105,6.65,6.67,6.33,6.35,2704400
20120106,6.37,6.47,6.25,6.28,1287800
20120109,6.32,6.38,6.23,6.26,1104900
20120110,6.36,6.45,6.32,6.41,1342900
20120111,6.42,6.42,6.25,6.26,1941400
20120112,6.3,6.34,6.18,6.25,2335300
20120113,6.36,6.57,6.32,6.42,5912200
20120116,6.48,6.68,6.45,6.66,2406200
20120117,6.77,6.92,6.77,6.84,4883200
20120118,6.91,6.97,6.71,6.79,3570400
20120119,6.86,6.89,6.79,6.81,1565200
20120120,6.82,6.96,6.74,6.95,1640900
20120123,6.97,7.21,6.94,7.13,6109900
20120124,7.12,7.32,6.98,7.28,4827100
20120126,7.37,7.39,7.05,7.06,4047800
20120127,7.12,7.16,6.94,6.98,2072600
20120130,6.97,7.14,6.85,7.09,1691100
20120131,7.18,7.19,6.92,6.92,2536000
20120201,7.02,7.17,7,7.17,4638900
20120202,7.16,7.59,7.09,7.52,5798300
20120203,7.43,7.9,7.41,7.66,4574800
20120206,7.63,7.74,7.46,7.67,1783700
20120207,7.6,7.85,7.6,7.83,1814200
20120208,7.91,7.99,7.62,7.67,2672700
20120209,7.71,7.79,7.51,7.59,2195800
20120210,7.49,7.64,7.41,7.6,1921100
20120213,7.7,7.7,7.39,7.46,5165700
20120214,7.47,7.47,7.26,7.34,3521200
20120215,7.43,7.7,7.43,7.67,3396700
20120216,7.69,7.85,7.65,7.74,3324200
20120217,7.79,8.03,7.79,7.94,2751700
20120222,7.95,8.13,7.95,8.06,1219100
20120223,8.01,8.13,7.86,7.87,1807100
20120224,7.94,8.01,7.68,7.72,2447200
20120227,7.71,7.71,7.51,7.6,1367800
20120228,7.7,7.85,7.63,7.83,1162100
20120229,7.86,7.92,7.67,7.69,1112900
20120301,7.74,7.84,7.44,7.57,2025500
20120302,7.65,8.16,7.62,8.16,3580200
20120305,8.15,8.24,7.98,8.04,2836800
20120306,7.9,7.95,7.65,7.7,3290800
20120307,7.8,7.85,7.66,7.76,2112400
20120308,7.85,7.85,7.44,7.44,6458300
20120309,7.5,7.64,7.44,7.57,3116000
20120312,7.57,7.6,7.46,7.52,1258900
20120313,7.57,7.75,7.51,7.69,2245400
20120314,7.76,7.84,7.56,7.7,2703300
20120315,7.72,7.72,7.53,7.53,1881400
20120316,7.57,7.66,7.55,7.61,2040800
20120319,7.62,7.75,7.55,7.65,1388900
20120320,7.63,7.74,7.49,7.66,2429200
20120321,7.7,7.7,7.56,7.6,1111400
20120322,7.58,7.74,7.51,7.65,3226000
20120323,7.67,7.73,7.62,7.64,1478500
20120326,7.71,7.85,7.62,7.71,2778700
20120327,7.73,7.8,7.56,7.58,1321500
20120328,7.62,7.62,7.3,7.38,3425300
20120329,7.37,7.42,7.04,7.26,4066300
20120330,7.39,7.39,7.2,7.3,4016700
20120402,7.28,7.6,7.2,7.51,2103800
20120403,7.58,7.58,7.34,7.39,3489800
20120404,7.29,7.41,7.2,7.22,1476800
20120405,7.26,7.41,7.03,7.03,2779100
20120409,7.02,7.02,6.83,6.9,1764000
20120410,6.97,6.98,6.83,6.85,1138900
20120411,6.94,7.04,6.87,6.92,896600
20120412,6.99,7.16,6.9,6.95,1169700
20120413,7,7.01,6.69,6.73,1748300
20120416,6.78,6.86,6.66,6.76,931100
20120417,6.79,6.97,6.75,6.91,1670600
20120418,6.84,7.01,6.83,6.93,1250400
20120419,7.04,7.04,6.9,6.97,699500
20120420,6.94,7.09,6.93,7.08,1491700
20120423,7.02,7.06,6.85,6.92,1651200
20120424,6.95,7.11,6.91,7.01,2450000
20120425,7.1,7.1,6.68,6.68,2638700
20120426,6.63,6.79,6.62,6.65,1499900
20120427,6.69,6.77,6.66,6.77,1617300
20120430,6.77,6.81,6.65,6.73,947500
20120502,6.73,6.89,6.69,6.81,1581100
20120503,6.83,6.99,6.81,6.84,2514700
20120504,6.84,6.98,6.74,6.79,3473500
20120507,6.76,6.89,6.74,6.89,1485100
20120508,6.87,6.88,6.59,6.68,2473500
20120509,6.68,6.69,6.43,6.45,2553100
20120510,6.5,6.64,6.22,6.28,4080500
20120511,6.28,6.47,6.19,6.31,2024000
20120514,6.3,6.36,6.1,6.12,1675400
20120515,6.12,6.25,5.99,6.06,2143400
20120516,5.8,5.97,5.53,5.95,5227000
20120517,5.95,6.1,5.73,5.76,3311900
20120518,5.78,5.93,5.56,5.61,3142300
20120521,5.65,5.77,5.57,5.67,2335200
20120522,5.76,5.76,5.58,5.63,1351300
20120523,5.59,5.59,5.28,5.39,3549600
20120524,5.45,5.45,5.14,5.23,2135400
20120525,5.3,5.37,5.16,5.21,2821000
20120528,5.29,5.37,5.23,5.3,867800
20120529,5.35,5.44,5.23,5.31,1677000
20120530,5.29,5.33,5.05,5.1,2371700
20120531,5.06,5.14,4.68,4.69,20621800
20120601,4.65,4.84,4.58,4.72,5162000
20120604,4.72,4.79,4.46,4.49,4659400
20120605,4.53,4.66,4.31,4.34,2618500
20120606,4.36,4.48,4.32,4.4,2311400
20120608,4.44,4.59,4.36,4.55,1585900
20120611,4.63,4.64,4.34,4.35,2119200
20120612,4.36,4.42,4.17,4.25,2441400
20120613,4.28,4.28,3.98,4.01,5373800
20120614,4.04,4.04,3.78,3.83,7008900
20120615,3.85,4.09,3.78,4.09,10074200
20120618,4.07,4.42,3.97,4.3,5296000
20120619,4.36,4.53,4.3,4.3,5009800
20120620,4.35,4.36,4.09,4.13,4344900
20120621,4.12,4.25,4.05,4.11,3204800
20120622,4.15,4.22,4.07,4.22,1955800
20120625,4.18,4.19,4.05,4.13,1291800
20120626,4.09,4.16,3.9,4.11,7695700
20120627,4.11,4.11,3.7,3.8,16648000
20120628,3.63,3.73,3.57,3.57,14337500
20120629,3.68,3.78,3.67,3.71,11126600
20120702,3.72,3.79,3.49,3.63,7178800
20120703,3.64,3.78,3.61,3.68,5731600
20120704,3.74,3.89,3.65,3.83,5334800
20120705,3.9,3.96,3.81,3.83,4401400
20120706,3.77,3.86,3.74,3.77,2393600
20120710,3.83,3.83,3.69,3.69,1872700
20120711,3.76,3.77,3.67,3.74,2050400
20120712,3.72,3.83,3.67,3.78,2843500
20120713,3.83,3.87,3.81,3.85,2792000
20120716,3.88,3.88,3.74,3.79,1980700
20120717,3.78,3.81,3.75,3.79,3475600
20120718,3.8,3.85,3.73,3.78,16779900
20120719,3.8,3.84,3.79,3.82,3073600
20120720,3.81,3.81,3.72,3.73,2870900
20120723,3.7,3.72,3.62,3.64,2513700
20120724,3.69,3.7,3.63,3.65,1578800
20120725,3.69,3.69,3.58,3.63,1693300
20120726,3.64,3.86,3.64,3.81,4942400
20120727,3.85,4.02,3.75,3.87,9161700
20120730,3.88,3.92,3.76,3.82,2833200
20120731,3.82,3.83,3.74,3.8,3508100
20120801,3.78,3.82,3.73,3.74,4050000
20120802,3.74,3.78,3.61,3.68,6988700
20120803,3.72,3.83,3.72,3.78,4041400
20120806,3.8,3.89,3.77,3.78,5620900
20120807,3.82,3.87,3.78,3.79,3864000
20120808,3.83,4.01,3.83,3.87,14762600
20120809,3.88,3.94,3.8,3.83,6483800
20120810,3.81,3.95,3.79,3.9,5929700
20120813,3.92,3.94,3.84,3.85,5656300
20120814,3.9,3.94,3.83,3.84,6208900
20120815,3.84,3.88,3.73,3.73,8589300
20120816,3.8,3.88,3.74,3.83,10652500
20120817,3.86,3.88,3.76,3.8,6665600
20120820,3.79,4.15,3.78,4.07,20233800
20120821,4.18,4.26,4.05,4.13,15906400
20120822,4.14,4.36,4.13,4.34,13909700
20120823,4.33,4.43,4.22,4.35,9648500
20120824,4.36,4.38,4.27,4.35,5722600
20120827,4.35,4.37,4.08,4.12,8625600
20120828,4.12,4.22,4.07,4.2,5926100
20120829,4.24,4.24,3.99,4.02,8209800
20120830,4.04,4.13,3.98,4.09,9783500
20120831,4.2,4.25,4.12,4.21,30705800
20120903,4.21,4.21,4.13,4.17,5603400
20120904,4.18,4.29,4.11,4.12,12087700
20120905,4.17,4.33,4.14,4.26,11988800
20120906,4.3,4.34,4.25,4.28,9155800
20120910,4.34,4.38,4.22,4.27,4955400
20120911,4.28,4.52,4.23,4.5,12173900
20120912,4.57,4.65,4.5,4.59,9336200
20120913,4.6,4.95,4.55,4.91,12383100
20120914,4.95,5.31,4.95,5.09,14636600
20120917,5.03,5.39,4.96,5.15,8398800
20120918,5.23,5.33,5.1,5.27,6455000
20120919,5.28,5.36,5.14,5.15,6041700
20120920,5.09,5.37,5,5.26,5261200
20120921,5.33,5.45,5.27,5.38,6075600
20120924,5.33,5.46,5.23,5.27,5332300
20120925,5.31,5.37,5.14,5.24,4651900
20120926,5.22,5.22,5.08,5.09,5116100
20120927,5.17,5.18,4.75,4.95,6173100
20120928,4.91,5.09,4.86,4.98,4101800
20121001,5.08,5.23,5.02,5.05,6383400
20121002,5.09,5.19,5.03,5.14,2557700
20121003,5.16,5.26,4.92,4.95,6318100
20121004,4.99,5.03,4.79,4.94,6458800
20121005,4.97,5.07,4.94,4.94,3525000
20121008,4.88,5.18,4.87,5.14,4362000
20121009,5.19,5.22,5.05,5.16,3482200
20121010,5.19,5.31,5.14,5.19,3387400
20121011,5.24,5.29,5.18,5.21,2415700
20121015,5.26,5.34,5.15,5.34,2446200
20121016,5.35,5.39,5.24,5.28,2930400
20121017,5.31,5.33,5.18,5.32,3532000
20121018,5.28,5.49,5.26,5.49,4611200
20121019,5.54,5.56,5.38,5.45,5131500
20121022,5.45,5.48,5.32,5.42,2216000
20121023,5.36,5.55,5.35,5.52,4739100
20121024,5.56,5.58,5.38,5.45,2944500
20121025,5.52,5.53,5.29,5.31,2876400
20121026,5.3,5.3,4.97,5.02,6874100
20121029,5,5.04,4.86,4.99,2345900
20121030,5,5.02,4.9,4.94,2964000
20121031,4.97,5,4.87,4.94,2697600
20121101,4.97,5.19,4.96,5.19,3990700
20121105,5.14,5.26,5.07,5.1,4224100
20121106,5.15,5.32,5.15,5.23,3993100
20121107,5.23,5.28,5.17,5.19,2182200
20121108,5.18,5.33,5.07,5.09,2645900
20121109,5.07,5.26,5.03,5.17,2542400
20121112,5.22,5.27,5.15,5.21,2159700
20121113,5.18,5.51,5.18,5.49,7576900
20121114,5.47,5.49,5.12,5.22,6008400
20121116,5.22,5.32,5.1,5.14,3633500
20121119,5.23,5.29,5.14,5.23,2155700
20121121,5.32,5.42,5.17,5.38,3749000
20121122,5.4,5.53,5.36,5.5,3157900
20121123,5.59,5.84,5.55,5.81,9470900
20121126,5.81,5.96,5.72,5.9,3832300
20121127,5.9,6,5.76,5.78,4775300
20121128,5.69,5.86,5.67,5.79,4083500
20121129,5.89,5.98,5.75,5.98,5192500
20121130,5.95,6.08,5.81,5.94,4088600
20121203,6.04,6.35,6.02,6.29,6380700
20121204,6.26,6.62,6.24,6.52,8829800
20121205,6.61,6.68,6.32,6.58,7216400
20121206,6.61,6.62,6.35,6.45,4695000
20121207,6.4,6.55,6.28,6.55,3696200
20121210,6.54,6.63,6.48,6.59,3270500
20121211,6.66,6.68,6.52,6.54,3633700
20121212,6.54,6.61,6.48,6.53,4726400
20121213,6.47,6.54,6.12,6.25,3652400
20121214,6.33,6.45,6.15,6.31,5027000
20121217,6.27,6.41,6.15,6.25,3303500
20121218,6.3,6.51,6.25,6.49,4274000
20121219,6.54,6.61,6.4,6.49,4906300
20121220,6.5,6.58,6.46,6.54,3216300
20121221,6.43,6.53,6.29,6.46,8148900
20121226,6.4,6.53,6.34,6.35,2888900
20121227,6.44,6.49,6.27,6.49,3308800
20121228,6.43,6.6,6.41,6.56,2911000
20130102,6.69,6.96,6.69,6.92,6314200
20130103,6.96,6.99,6.79,6.86,3985900
20130104,6.87,6.93,6.68,6.68,7895400
20130107,6.73,6.91,6.68,6.73,3979500
20130108,6.78,6.94,6.74,6.94,3684600
20130109,6.93,7.08,6.87,6.92,5842200
20130110,6.94,7.05,6.87,6.96,4559100
20130111,7.02,7.06,6.89,7.06,2070700
20130114,7.08,7.15,7.01,7.11,8212900
20130115,7.08,7.18,7.04,7.07,2990700
20130116,7.1,7.13,6.95,7.04,1701200
20130117,7.02,7.23,6.98,7.21,4037500
20130118,7.25,7.29,7.15,7.23,2320100
20130121,7.25,7.3,7.21,7.28,1323600
20130122,7.28,7.31,7.12,7.25,1791000
20130123,7.24,7.48,7.16,7.44,3462200
20130124,7.44,7.52,7.2,7.3,2364700
20130128,7.3,7.36,6.98,7.07,4175400
20130129,7.05,7.11,6.75,6.8,4285300
20130130,6.79,6.98,6.73,6.76,2587900
20130131,6.75,6.9,6.75,6.83,2900800
20130201,6.91,7.01,6.89,6.96,3601100
20130204,6.96,6.98,6.75,6.79,1999800
20130205,6.8,6.91,6.65,6.81,2396200
20130206,6.89,6.89,6.66,6.72,2467900
20130207,6.75,6.77,6.34,6.36,5072600
20130208,6.31,6.41,6.21,6.33,4713200
20130213,6.31,6.36,6.17,6.18,3321300
20130214,6.2,6.2,5.86,5.98,6589700
20130215,5.98,6.16,5.87,6.14,3189200
20130218,6.14,6.31,6.1,6.26,2743300
20130219,6.31,6.41,5.95,6.01,6070800
20130220,6.02,6.14,5.77,5.81,3310500
20130221,5.76,5.86,5.58,5.77,6102700
20130222,5.87,6.17,5.81,6.14,8116800
20130225,6.22,6.26,5.98,6.06,3082700
20130226,5.95,6.13,5.84,6.13,3254400
20130227,6.1,6.36,6.09,6.31,2499100
20130228,6.31,6.45,6.06,6.22,3935400
20130301,6.11,6.18,5.96,6.18,3453900
20130304,6.09,6.28,6.09,6.17,1986100
20130305,6.21,6.34,5.98,5.98,3140600
20130306,6.15,6.21,5.99,6.14,2953000
20130307,6.23,6.29,6.04,6.08,2883200
20130308,6.06,6.17,5.92,6.06,2988200
20130311,6.06,6.22,6.02,6.22,2169000
20130312,6.26,6.39,6.19,6.22,3440700
20130313,6.31,6.49,6.22,6.45,5434200
20130314,6.47,6.76,6.47,6.71,8584000
20130315,6.73,6.8,6.58,6.59,5085900
20130318,6.54,6.69,6.32,6.63,3352600
20130319,6.76,6.76,6.51,6.64,3603300
20130320,6.66,6.7,6.59,6.64,1961700
20130321,6.63,6.66,6.45,6.61,4797600
20130322,6.57,6.72,6.54,6.6,2093300
20130325,6.57,6.91,6.57,6.83,5595200
20130326,6.87,6.97,6.83,6.97,3605000
20130327,6.91,7.24,6.88,7.19,3532500
20130328,7.15,7.27,7.09,7.25,3307500
20130401,7.17,7.29,7.04,7.13,2730400
20130402,7.08,7.19,6.92,6.98,3379900
20130403,6.97,7.33,6.79,7.29,5229100
20130404,7.31,7.39,7.15,7.28,3304200
20130405,7.2,7.43,7.12,7.25,5183200
20130408,7.33,7.43,7.17,7.38,3570000
20130409,7.4,7.5,7.36,7.47,4454300
20130410,7.49,7.64,7.22,7.39,5862600
20130411,7.41,7.45,7.25,7.33,3073700
20130412,7.35,7.46,7.2,7.22,2586100
20130415,7.11,7.11,6.75,6.88,4737100
20130416,6.94,7.28,6.94,7.17,4342100
20130417,7.2,7.2,6.69,6.78,9569000
20130418,6.82,6.94,6.55,6.86,9899300
20130419,6.96,7.03,6.78,6.98,3521700
20130422,6.93,7.2,6.82,7.09,4336000
20130423,7.11,7.27,7.01,7.19,2531900
20130424,7.2,7.31,7.12,7.12,2578800
20130425,7.14,7.27,6.94,7.13,3364000
20130426,7.02,7.08,6.61,6.75,4228200
20130429,6.79,6.86,6.48,6.54,4259900
20130430,6.48,6.89,6.38,6.82,6264500
20130502,6.83,6.97,6.7,6.87,4820300
20130503,6.94,7.03,6.8,6.89,5146800
20130506,6.9,6.96,6.69,6.96,4363200
20130507,6.82,7.17,6.82,7.17,3345500
20130508,7.14,7.22,7.08,7.22,3993800
20130509,7.14,7.25,7,7.2,3663500
20130510,7.15,7.44,7.06,7.44,11385600
20130513,7.3,7.44,7.24,7.29,4846000
20130514,7.3,7.37,7.18,7.26,3440300
20130515,7.16,7.34,7.15,7.34,2486200
20130516,7.28,7.46,7.27,7.36,4015400
20130517,7.42,7.51,7.29,7.34,3785200
20130520,7.34,7.39,7.24,7.36,2292300
20130521,7.39,7.42,7.24,7.29,2175500
20130522,7.34,7.37,7.15,7.25,3373300
20130523,7.19,7.36,7.09,7.26,3423800
20130524,7.15,7.29,7.11,7.28,4674300
20130527,7.24,7.35,7.2,7.29,2542100
20130528,7.35,7.36,7.16,7.25,3969100
20130529,7.15,7.38,7.12,7.29,10288400
20130531,7.32,7.43,7.08,7.33,25096800
20130603,7.33,7.33,7.04,7.24,3881300
20130604,7.24,7.53,7.19,7.39,7268000
20130605,7.32,7.47,7.27,7.29,6021700
20130606,7.3,7.36,7.12,7.29,5034600
20130607,7.16,7.51,7.16,7.38,6624300
20130610,7.31,7.46,7.2,7.37,4090400
20130611,7.3,7.36,7.11,7.23,5506100
20130612,7.27,7.37,6.97,7.02,7723100
20130613,7.11,7.18,6.9,7.06,5247300
20130614,7.1,7.11,6.77,6.92,5415600
20130617,6.9,7.19,6.89,7.06,3875700
20130618,7.07,7.44,7.02,7.38,6751600
20130619,7.37,7.43,7.11,7.29,4442000
20130620,7.2,7.58,7.11,7.53,8084700
20130621,7.41,7.93,7.41,7.67,8658900
20130624,7.66,7.89,7.55,7.89,11976300
20130625,7.96,7.98,7.7,7.77,5962400
20130626,7.83,7.84,7.36,7.44,6109600
20130627,7.48,7.66,7.36,7.61,3753900
20130628,7.58,7.82,7.54,7.82,5219100
20130701,7.76,7.96,7.75,7.85,4306500
20130702,7.79,7.88,7.43,7.48,6096500
20130703,7.47,7.57,7.24,7.43,5625800
20130704,7.46,7.69,7.46,7.53,3338200
20130705,7.58,7.67,7.44,7.55,7354900
20130708,7.53,7.62,7.41,7.48,2400400
20130710,7.54,7.6,7.49,7.52,2650200
20130711,7.6,7.86,7.54,7.83,4990400
20130712,7.77,7.89,7.66,7.78,3882900
20130715,7.82,7.82,7.71,7.79,2458200
20130716,7.82,7.9,7.66,7.76,3228300
20130717,7.78,7.84,7.55,7.66,3464200
20130718,7.66,7.67,7.47,7.54,3846700
20130719,7.48,7.5,7.25,7.35,4495900
20130722,7.37,7.56,7.21,7.48,4600000
20130723,7.55,7.63,7.3,7.48,3902700
20130724,7.46,7.48,7.32,7.48,3207300
20130725,7.4,7.7,7.4,7.58,6457500
20130726,7.53,7.63,7.51,7.55,3285500
20130729,7.51,7.67,7.45,7.67,2549300
20130730,7.7,7.7,7.48,7.53,4764600
20130731,7.58,7.58,7.37,7.37,4520000
20130801,7.42,7.58,7.31,7.58,7230800
20130802,7.58,7.66,7.5,7.58,3887400
20130805,7.58,7.6,7.45,7.51,1860400
20130806,7.52,7.52,7.21,7.34,6642000
20130807,7.26,7.36,7.21,7.3,3536800
20130808,7.29,7.54,7.23,7.43,4276500
20130809,7.38,7.54,7.38,7.52,3533700
20130812,7.55,7.6,7.46,7.48,5133100
20130813,7.59,7.81,7.51,7.68,8921200
20130814,7.72,7.83,7.6,7.72,11193600
20130815,7.66,7.9,7.62,7.86,4908800
20130816,7.89,8.4,7.86,8.35,8942100
20130819,8.36,8.95,8.22,8.68,12123900
20130820,8.64,8.64,8.3,8.47,10335800
20130821,8.37,8.66,8.36,8.53,7797700
20130822,8.63,8.66,8.4,8.57,6462600
20130823,8.44,8.47,8.25,8.4,10889600
20130826,8.38,8.64,8.32,8.48,3876000
20130827,8.39,8.59,8.31,8.44,5354700
20130828,8.43,8.57,8.33,8.52,4209400
20130829,8.52,8.65,8.45,8.65,3399000
20130830,8.69,8.91,8.69,8.91,7559200
20130902,9,9.09,8.88,8.95,5957200
20130903,8.98,9.09,8.73,8.9,3465300
20130904,8.89,9.16,8.82,8.91,4292500
20130905,8.92,8.93,8.62,8.79,3636300
20130906,8.89,8.9,8.6,8.76,4437300
20130909,8.75,8.86,8.74,8.83,4118800
20130910,8.78,8.82,8.69,8.74,4725500
20130911,8.72,8.89,8.72,8.83,6853700
20130912,8.82,8.92,8.74,8.75,2964100
20130913,8.83,8.91,8.75,8.89,7523000
20130916,8.91,8.96,8.76,8.86,2891400
20130917,8.91,8.92,8.78,8.86,2420600
20130918,8.86,9.05,8.83,8.88,8963900
20130919,8.94,8.94,8.5,8.57,7450600
20130920,8.59,8.64,8.44,8.57,3433700
20130923,8.57,8.75,8.55,8.75,3660000
20130924,8.75,8.76,8.39,8.5,4963000
20130925,8.45,8.52,8.34,8.39,3203100
20130926,8.39,8.46,8.29,8.35,2336600
20130927,8.38,8.51,8.3,8.51,3265800
20130930,8.47,8.47,8.25,8.29,3551400
20131001,8.39,8.5,8.29,8.5,3872400
20131002,8.44,8.6,8.38,8.5,2474500
20131003,8.5,8.5,8.22,8.25,3626300
20131004,8.28,8.34,8.16,8.26,5183300
20131007,8.26,8.26,8.04,8.13,2347400
20131008,8.18,8.34,8.18,8.3,10048800
20131009,8.32,8.43,8.26,8.38,4025600
20131010,8.39,8.46,8.31,8.33,2944300
20131011,8.37,8.48,8.21,8.39,3146800
20131014,8.37,8.62,8.31,8.57,6636200
20131015,8.58,8.59,8.52,8.57,4144900
20131016,8.59,8.59,8.38,8.44,5898900
20131017,8.42,8.44,8.29,8.34,2460200
20131018,8.38,8.41,8.27,8.37,2297400
20131021,8.36,8.48,8.34,8.45,3158600
20131022,8.45,8.64,8.45,8.64,6817200
20131023,8.65,8.74,8.56,8.57,3661500
20131024,8.62,8.66,8.55,8.64,4670900
20131025,8.64,8.65,8.43,8.44,2350500
20131028,8.49,8.6,8.38,8.54,5269000
20131029,8.54,8.77,8.39,8.62,5679700
20131030,8.64,8.68,8.47,8.54,2816700
20131031,8.53,8.6,8.4,8.6,5303300
20131101,8.62,8.62,8.43,8.48,4352800
20131104,8.49,8.52,8.25,8.36,4923400
20131105,8.36,8.47,8.3,8.38,4105100
20131106,8.39,8.47,8.21,8.37,6028300
20131107,8.29,8.48,8.24,8.41,7666800
20131108,8.39,8.54,8.27,8.45,7402500
20131111,8.44,8.47,8.31,8.39,3401100
20131112,8.41,8.41,8.29,8.37,3052500
20131113,8.33,8.36,8.21,8.33,5754300
20131114,8.38,8.47,8.36,8.46,2922800
20131118,8.46,8.57,8.41,8.52,3308300
20131119,8.53,8.56,8.21,8.29,3492600
20131121,8.29,8.36,8.23,8.32,3421800
20131122,8.29,8.34,8.23,8.34,2266600
20131125,8.34,8.38,8.21,8.26,1912900
20131126,8.23,8.25,8.06,8.19,5254600
20131127,8.17,8.19,7.98,8.09,4254300
20131128,8.13,8.18,7.92,8.02,3331400
20131129,8.01,8.11,7.97,8.05,2650200
20131202,8.04,8.14,7.94,8.09,4992200
20131203,8.02,8.09,7.84,7.93,4448000
20131204,7.92,7.98,7.77,7.79,3206500
20131205,7.85,8.21,7.8,8.21,4486600
20131206,8.2,8.43,8.16,8.33,6534500
20131209,8.33,8.41,8.21,8.37,3264000
20131210,8.35,8.39,8.25,8.34,2089700
20131211,8.29,8.4,8.21,8.29,3621500
20131212,8.32,8.32,8.18,8.25,2776500
20131213,8.3,8.32,8.17,8.2,1693900
20131216,8.19,8.21,7.91,7.99,4494700
20131217,7.92,8.09,7.89,8.02,3223800
20131218,8.02,8.32,7.97,8.31,7059400
20131219,8.35,8.53,8.3,8.48,3825900
20131220,8.49,8.75,8.49,8.68,4824000
20131223,8.72,8.85,8.71,8.82,2713000
20131226,8.83,8.91,8.77,8.79,2782000
20131227,8.76,8.8,8.57,8.75,2460800
20131230,8.75,8.79,8.62,8.75,2623400
20140102,8.86,8.9,8.65,8.9,4658700
20140103,8.94,8.94,8.75,8.89,7568400
20140106,8.92,8.93,8.63,8.76,3590900
20140107,8.79,8.89,8.69,8.86,3440100
20140108,8.85,8.91,8.77,8.91,3337700
20140109,8.88,8.88,8.67,8.72,4348100
20140110,8.7,8.81,8.64,8.77,3226500
20140113,8.76,8.82,8.65,8.73,2605700
20140114,8.7,8.76,8.65,8.76,3089000
20140115,8.79,8.99,8.78,8.94,4393700
20140116,8.94,9,8.82,8.98,2393000
20140117,8.98,8.98,8.76,8.8,3359400
20140120,8.8,8.86,8.62,8.67,2308800
20140121,8.69,8.71,8.36,8.53,4741200
20140122,8.55,8.57,8.36,8.53,3304400
20140123,8.42,8.67,8.37,8.47,7780900
20140124,8.39,8.69,8.38,8.6,10097700
20140127,8.57,8.72,8.54,8.67,3136100
20140128,8.77,8.79,8.59,8.74,2390800
20140129,8.72,9.14,8.7,9.13,7824200
20140130,9.09,9.26,8.92,9.05,5368400
20140131,8.94,9.09,8.66,9.02,4965000
20140203,8.98,8.99,8.74,8.81,3732600
20140204,8.79,8.85,8.54,8.79,5232700
20140205,8.75,8.88,8.54,8.54,4926700
20140206,8.57,8.8,8.57,8.72,4389400
20140207,8.7,8.83,8.56,8.83,4095400
20140210,8.76,8.86,8.55,8.57,4516900
20140211,8.62,8.73,8.45,8.71,4856300
20140212,8.73,8.77,8.59,8.69,4004300
20140213,8.62,8.68,8.4,8.55,3614200
20140214,8.57,8.59,8.37,8.57,4329800
20140217,8.61,8.61,8.36,8.4,1717300
20140218,8.42,8.5,8.35,8.43,4224800
20140219,8.38,8.53,8.36,8.49,4020400
20140220,8.41,8.57,8.37,8.53,3060600
20140221,8.56,8.6,8.39,8.51,3711700
20140224,8.44,8.5,8.39,8.42,4081200
20140225,8.42,8.42,8.15,8.2,4577000
20140226,8.21,8.45,8.19,8.29,5007000
20140227,8.35,8.44,8.09,8.43,5033300
20140228,8.43,8.47,8.24,8.41,8900600
20140305,8.53,8.6,8.45,8.47,3768600
20140306,8.51,8.64,8.38,8.52,2873800
20140307,8.49,8.55,8.25,8.4,5324600
20140310,8.37,8.38,7.98,8.09,9532700
20140311,8.12,8.41,8.06,8.15,6252000
20140312,8.06,8.39,8.06,8.34,5099300
20140313,8.39,8.5,8.29,8.48,3450900
20140314,8.42,8.5,8.09,8.2,6596000
20140317,8.24,8.28,8.16,8.2,5832400
20140318,8.16,8.24,8.05,8.2,5931500
20140319,8.24,8.51,8.17,8.44,4591200
20140320,8.51,8.62,8.43,8.62,6455600
20140321,8.6,8.71,8.44,8.44,10764100
20140324,8.48,8.51,8.35,8.39,3216500
20140325,8.44,8.49,8.1,8.11,6939000
20140326,8.15,8.22,7.73,7.79,12372800
20140327,7.79,7.84,7.61,7.8,13961000
20140328,7.83,8,7.75,7.82,8132600
20140331,7.89,7.94,7.79,7.94,5051800
20140401,7.96,7.99,7.85,7.96,9385800
20140402,7.98,8.09,7.87,8.05,8983400
20140403,8.1,8.15,7.87,7.93,3290600
20140404,7.89,8.02,7.81,7.82,7212100
20140407,7.86,7.89,7.66,7.8,5699900
20140408,7.87,7.87,7.43,7.43,7999600
20140409,7.46,7.62,7.24,7.52,6488700
20140410,7.58,7.66,7.48,7.62,4905400
20140411,7.55,7.61,7.43,7.51,4521800
20140414,7.48,7.48,7.29,7.46,6359800
20140415,7.44,7.62,7.29,7.62,5315100
20140416,7.63,7.67,7.48,7.62,3930700
20140417,7.61,7.77,7.52,7.77,4190900
20140422,7.77,7.82,7.5,7.67,5686000
20140423,7.62,7.66,7.48,7.62,3547700
20140424,7.58,7.62,7.28,7.28,6645200
20140425,7.26,7.29,6.78,7.19,9547600
20140428,7.13,7.17,6.87,6.92,8234600
20140429,6.94,6.99,6.8,6.82,4942300
20140430,6.82,7.05,6.75,6.89,4959500
20140502,6.85,7.19,6.82,7.19,7377100
20140505,7.2,7.44,7.12,7.43,6436700
20140506,7.41,7.49,7.29,7.38,5269300
20140507,7.29,7.35,7.08,7.2,4471700
20140508,7.15,7.24,6.98,6.99,4585600
20140509,7,7.08,6.89,6.96,2140700
20140512,7.17,7.46,7.08,7.46,8725600
20140513,7.52,7.75,7.51,7.75,10019900
20140514,7.76,7.84,7.68,7.76,6125200
20140515,7.77,7.8,7.68,7.8,3324500
20140516,7.8,7.9,7.68,7.7,4030900
20140519,7.69,7.71,7.38,7.38,4654300
20140520,7.39,7.46,7.26,7.27,3460800
20140521,7.32,7.63,7.27,7.54,4532800
20140522,7.56,7.8,7.56,7.71,6544100
20140523,7.75,7.76,7.5,7.61,3530800
20140526,7.63,7.74,7.56,7.74,1322200
20140527,7.72,7.86,7.68,7.83,4411800
20140528,7.82,7.85,7.73,7.78,2918900
20140529,7.8,7.84,7.54,7.67,6112700
20140530,7.59,7.77,7.56,7.77,5752700
20140602,7.77,8.09,7.75,8.08,5145500
20140603,8.07,8.17,7.94,8.17,4466700
20140604,8.17,8.3,8.04,8.28,7543600
20140605,8.29,8.43,8.02,8.03,4661600
20140606,8.18,8.22,8.04,8.12,2430600
20140609,8.09,8.16,8.06,8.16,3041600
20140610,8.17,8.24,8,8.05,3122400
20140611,8.09,8.16,8.01,8.09,3849900
20140613,8.1,8.23,8,8.02,4207800
20140616,8.03,8.16,7.95,7.97,2797500
20140617,8.03,8.1,7.97,8.09,1890600
20140618,8.12,8.49,8.12,8.31,6893300
20140620,8.35,8.56,8.28,8.53,5539600
20140623,8.51,8.53,8.35,8.47,1678500
20140624,8.47,8.52,8.3,8.33,2068200
20140625,8.32,8.32,8,8.09,4574100
20140626,8.11,8.25,8.1,8.17,2461200
20140627,8.23,8.23,8,8.05,1621700
20140630,8.04,8.08,7.86,8.08,3496900
20140701,8.12,8.15,7.92,7.99,2084700
20140702,7.99,8.26,7.98,8.26,2822900
20140703,8.22,8.4,8.22,8.4,2024600
20140704,8.38,8.43,8.27,8.43,362900
20140707,8.43,8.52,8.26,8.49,2271700
20140708,8.5,8.53,8.27,8.44,1848100
20140710,8.47,8.48,8.31,8.41,2187800
20140711,8.41,8.42,8.26,8.28,2917500
20140714,8.31,8.36,8.07,8.22,3949900
20140715,8.21,8.26,8.12,8.25,2929300
20140716,8.23,8.33,8.16,8.23,1538600
20140717,8.19,8.3,8.09,8.3,2375200
20140718,8.38,8.38,8.1,8.14,2891800
20140721,8.16,8.16,7.88,7.99,4185800
20140722,8.02,8.06,7.9,7.9,3189800
20140723,7.91,8.16,7.91,8.16,3533900
20140724,8.16,8.46,8.14,8.46,8422700
20140725,8.37,8.41,8.29,8.31,3531300
20140728,8.31,8.36,8.2,8.34,2016300
20140729,8.35,8.35,8.02,8.04,5539800
20140730,8.07,8.2,8.01,8.2,3989100
20140731,8.13,8.47,8.12,8.47,4917600
20140801,8.4,8.51,8.25,8.31,5054600
20140804,8.34,8.34,8.24,8.3,2193800
20140805,8.31,8.45,8.31,8.41,3512200
20140806,8.47,8.54,8.31,8.47,1947200
20140807,8.52,8.54,8.36,8.47,1715500
20140808,8.41,8.67,8.4,8.62,4542100
20140811,8.67,8.72,8.55,8.69,2297000
20140812,8.68,8.73,8.57,8.73,2416200
20140813,8.74,8.74,8.47,8.47,4136600
20140814,8.42,8.69,8.4,8.67,2705000
20140815,8.7,8.8,8.58,8.67,7210100
20140818,8.74,8.74,8.6,8.67,2611700
20140819,8.61,8.74,8.61,8.74,2065500
20140820,8.74,8.82,8.64,8.81,2548100
20140821,8.73,8.74,8.58,8.67,3155200
20140822,8.67,8.69,8.5,8.54,3280400
20140825,8.6,8.65,8.55,8.62,2331300
20140826,8.62,8.69,8.55,8.67,3714000
20140827,8.67,8.74,8.64,8.67,6595600
20140828,8.6,8.69,8.54,8.62,3254700
20140829,8.67,8.68,8.35,8.58,6135500
20140901,8.61,8.65,8.38,8.41,3103000
20140902,8.38,8.77,8.38,8.76,5463300
20140903,8.74,8.85,8.68,8.74,5009700
20140904,8.83,9.28,8.76,9.11,8007300
20140905,9.1,9.34,8.92,9.12,3404300
20140908,9.21,9.21,8.81,8.96,2716200
20140909,8.83,8.93,8.73,8.85,3369900
20140910,8.94,8.94,8.71,8.92,2345500
20140911,8.94,9.19,8.85,9.19,4266200
20140912,9.15,9.52,9.02,9.44,7564900
20140915,9.44,9.62,9.34,9.44,4935500
20140916,9.49,9.59,9.36,9.45,3791600
20140917,9.46,9.57,9.2,9.48,5118200
20140918,9.49,9.8,9.48,9.73,6450200
20140919,9.73,9.87,9.5,9.58,4680200
20140922,9.49,9.6,9.36,9.6,4786900
20140923,9.53,9.74,9.52,9.62,5438800
20140924,9.63,9.63,9.27,9.4,5483100
20140925,9.38,9.45,9.3,9.37,6731200
20140926,9.34,9.62,9.32,9.38,2924400
20140929,9.22,9.66,9.22,9.47,4802100
20140930,9.46,9.53,9.37,9.48,6773400
20141001,9.39,9.61,9.35,9.54,9055600
20141002,9.46,9.56,9.23,9.45,5349200
20141003,9.45,9.5,9.26,9.39,3020700
20141006,9.24,9.38,8.96,9.09,9030600
20141007,9.13,9.18,8.86,8.92,5019600
20141008,8.96,8.99,8.86,8.91,3848800
20141009,8.99,9.02,8.72,8.82,5345800
20141010,8.82,8.93,8.8,8.84,2214700
20141013,8.91,8.91,8.49,8.61,6562100
20141014,8.66,8.87,8.61,8.76,4793300
20141015,8.76,8.78,8.48,8.64,5422400
20141016,8.48,8.77,8.48,8.67,4785600
20141017,8.69,8.85,8.63,8.75,3820400
20141020,8.75,8.78,8.64,8.76,2870300
20141021,8.69,9.02,8.69,8.98,7108000
20141022,8.95,9.04,8.89,8.99,13180100
20141023,8.93,9.62,8.89,9.4,19136300
20141024,9.28,9.65,9.21,9.54,12075700
20141027,9.83,10.06,9.65,9.81,10749900
20141028,9.81,9.88,9.41,9.77,9507900
20141029,9.68,9.86,9.65,9.68,5308000
20141030,9.62,9.62,9.36,9.4,6248000
20141031,9.4,10.07,9.4,10.07,11913000
20141103,10.11,10.11,9.74,10,5068600
20141104,10,10.27,9.92,10.27,4715200
20141105,10.19,10.25,10.06,10.15,3195900
20141106,10.07,10.41,10.02,10.38,6099500
20141107,10.4,10.58,10.21,10.54,4145400
20141110,10.54,10.54,10.07,10.21,5019700
20141111,10.11,10.52,10.05,10.49,3555400
20141112,10.44,10.58,10.33,10.55,3513100
20141113,10.56,10.56,10.32,10.52,3062900
20141114,10.53,10.74,10.36,10.62,4605600
20141117,10.65,10.69,10.49,10.57,2643900
20141118,10.54,10.72,10.37,10.72,2808100
20141119,10.74,10.8,10.48,10.61,4224900
20141121,10.52,10.59,9.9,10.13,8009400
20141124,10.17,10.35,9.96,10.35,5677100
20141125,10.44,10.51,10.26,10.32,5267300
20141126,10.33,10.33,9.68,10.03,6567000
20141127,10,10.22,9.75,10.21,4618800
20141128,10.14,10.48,10.14,10.48,5519500
20141201,10.4,10.48,10.01,10.16,4744200
20141202,10.21,10.41,10.21,10.33,3676400
20141203,10.4,10.45,10.19,10.4,2542500
20141204,10.5,10.56,10.31,10.46,2451000
20141205,10.45,10.7,10.35,10.62,4338000
20141208,10.62,10.67,10.53,10.67,3798800
20141209,10.59,10.72,10.35,10.5,4836700
20141210,10.47,10.57,10.25,10.47,3617200
20141211,10.38,10.58,10.27,10.58,3744300
20141212,10.49,10.56,10.28,10.34,4497200
20141215,10.49,10.49,9.99,10.26,3958500
20141216,10.14,10.58,10.09,10.52,6972700
20141217,10.52,10.7,10.3,10.64,5093400
20141218,10.6,10.6,10.32,10.51,4162200
20141219,10.69,10.69,10.34,10.59,6532700
20141222,10.59,10.69,10.33,10.55,4756400
20141223,10.47,10.76,10.43,10.76,6528800
20141226,10.76,10.77,10.5,10.75,1611400
20141229,10.74,10.98,10.64,10.86,2694400
20141230,10.83,10.93,10.66,10.83,3933400
20150102,10.84,10.95,10.41,10.57,2715900
20150105,10.56,10.61,10.32,10.39,3634200
20150106,10.41,11.01,10.4,11.01,5444700
20150107,10.98,11.06,10.81,10.94,4074700
20150108,10.88,10.93,10.66,10.84,3556700
20150109,10.84,10.84,10.52,10.65,2601500
20150112,10.63,10.7,10.32,10.48,4013500
20150113,10.41,10.55,10.23,10.28,4015200
20150114,10.21,10.3,10.01,10.19,4724500
20150115,10.26,10.31,10.05,10.13,3947200
20150116,10.14,10.26,9.97,10.04,3533200
20150119,10.01,10.06,9.78,10.02,3786900
20150120,10.16,10.23,9.69,9.77,3467200
20150121,9.78,10.06,9.6,9.99,10692000
20150122,10.08,10.08,9.63,9.68,6343500
20150123,9.68,9.86,9.45,9.61,5587700
20150126,9.7,9.95,9.46,9.82,5101100
20150127,9.74,9.87,9.59,9.73,3356700
20150128,9.74,9.91,9.54,9.83,3290800
20150129,9.88,10.29,9.8,10.25,5212200
20150130,10.31,10.5,10.16,10.47,6125800
20150202,10.41,10.67,10.38,10.66,7191200
20150203,10.73,10.79,10.44,10.61,4360800
20150204,10.66,10.93,10.45,10.93,4318700
20150205,10.8,11.01,10.77,10.77,4261700
20150206,10.69,11,10.63,10.97,5608100
20150209,10.88,11.08,10.83,10.93,3049700
20150210,10.88,11.05,10.86,10.88,4193900
20150211,10.9,11.46,10.9,11.45,7286500
20150212,11.5,11.62,11.17,11.17,5054100
20150213,11.27,11.36,11.04,11.22,4066100
20150218,11.26,11.33,11.1,11.33,2512900
20150219,11.34,11.51,11.2,11.5,2579500
20150220,11.49,11.8,11.41,11.8,2503900
20150223,11.75,12.04,11.55,11.68,3623600
20150224,11.62,11.66,10.97,11.06,9086100
20150225,11.15,11.36,11.06,11.26,6068400
20150226,11.23,11.65,11.14,11.65,4368700
20150227,11.6,11.81,11.49,11.61,6882200
20150302,11.56,11.98,11.52,11.98,5231500
20150303,11.97,12.08,11.87,12.04,3689600
20150304,12.1,12.61,12.1,12.42,8178700
20150305,12.32,12.62,12.09,12.37,6227200
20150306,12.37,12.77,12.18,12.71,4753500
20150309,12.95,12.95,12.36,12.89,7649600
20150310,13.13,13.15,12.62,12.8,9784900
20150311,12.81,13.08,12.69,13.05,7413300
20150312,12.97,13.32,12.95,13.3,7293500
20150313,13.53,13.96,13.43,13.75,14402300
20150316,13.58,13.76,13.06,13.32,9466300
20150317,13.49,13.69,13.41,13.58,8567600
20150318,13.49,13.62,13.09,13.09,12267200
20150319,13.35,13.87,13.11,13.87,11472000
20150320,13.87,14.03,13.42,13.58,10007200
20150323,13.57,13.58,13.02,13.39,7838500
20150324,13.23,13.67,13.07,13.36,7966900
20150325,13.47,13.97,13.37,13.97,6236100
20150326,13.92,14.19,13.69,14.19,4137900
20150327,14.17,14.37,14.01,14.24,7754000
20150330,14.34,14.42,14.1,14.27,5375900
20150331,14.28,14.4,13.89,14.24,5627000
20150401,14.06,14.19,13.75,13.9,8456100
20150402,13.93,14.05,13.73,13.73,4875100
20150406,13.66,13.8,13.57,13.65,5738400
20150407,13.82,13.93,13.69,13.82,4488400
20150408,13.69,13.77,13.51,13.63,6420800
20150409,13.58,13.98,13.54,13.98,10958500
20150410,14.04,14.26,13.84,14.16,9432500
20150413,14.25,14.3,14.09,14.24,5444300
20150414,14.19,14.48,13.96,14.11,9447900
20150415,14.2,14.3,13.91,14.12,6350400
20150416,14.18,14.36,14.01,14.36,5031100
20150417,14.36,14.56,14.32,14.45,4515900
20150420,14.43,14.48,14.12,14.35,3820300
20150422,14.35,14.63,14.2,14.45,6505300
20150423,14.43,14.49,14.22,14.45,5420700
20150424,14.47,14.58,14.19,14.27,6071500
20150427,14.3,14.36,13.37,13.48,10950100
20150428,13.43,13.81,13.1,13.81,7985200
20150429,13.77,14.22,13.62,14.22,5359500
20150430,14.24,14.54,14.2,14.54,8997700
20150504,14.85,15.01,14.79,14.89,6733700
20150505,14.83,14.89,14.6,14.89,3567300
20150506,14.9,14.9,14.58,14.89,3865600
20150507,14.91,14.93,14.54,14.7,3391700
20150508,14.61,14.84,14.6,14.71,4419700
20150511,14.71,15.1,14.65,15.1,9928100
20150512,15.14,15.31,14.98,15.14,4566500
20150513,15.12,15.14,14.7,14.92,4772100
20150514,14.98,15.14,14.75,15.09,3638900
20150515,15.14,15.17,14.81,15.06,5138000
20150518,15.17,15.31,14.86,15.31,3940200
20150519,15.33,15.38,14.98,15.11,4207500
20150520,15.02,15.25,14.88,14.88,4183400
20150521,14.88,14.91,14.44,14.78,6221100
20150522,14.84,15.06,14.71,15.06,3796300
20150525,15.16,15.3,15.14,15.23,3535100
20150526,15.26,15.87,15.24,15.87,7707500
20150527,15.9,16.31,15.69,16.18,6794400
20150528,16.14,16.39,15.77,16.09,5012900
20150529,15.98,16.22,15.86,16.22,8357300
20150601,16.14,16.14,15.51,15.84,5898600
20150602,15.85,15.87,15.53,15.72,4425100
20150603,15.73,15.76,15.43,15.65,5438800
20150605,15.85,16.04,15.77,15.96,4505700
20150608,15.92,15.92,15.65,15.76,2786000
20150609,15.62,15.95,15.62,15.93,2327800
20150610,15.9,15.93,15.53,15.74,6730600
20150611,15.89,16.01,15.52,15.63,4943500
20150612,15.7,15.7,15.21,15.68,5128600
20150615,15.56,15.69,15.41,15.65,2929900
20150616,15.53,15.66,15.48,15.5,3200300
20150617,15.56,15.64,15.09,15.2,6785300
20150618,15.12,15.52,14.84,15.29,6341100
20150619,15.21,15.83,15.21,15.83,5466900
20150622,15.82,15.85,15.58,15.83,3054400
20150623,15.87,15.97,15.73,15.93,3511600
20150624,15.97,16.02,15.79,15.99,3210000
20150625,15.91,16.23,15.75,16.16,5490400
20150626,16.19,16.42,16.12,16.42,3779800
20150629,16.41,16.46,15.66,15.83,7458900
20150630,15.83,16.13,15.76,16.08,6498700
20150701,16.2,16.3,15.92,16.16,5643700
20150702,16.23,16.23,16,16.2,3621500
20150703,16.1,16.42,16.1,16.35,2757400
20150706,16.26,16.35,15.79,15.9,5092800
20150707,15.99,16.07,15.57,15.69,6282300
20150708,15.76,15.91,15.47,15.6,6040500
20150710,15.56,15.83,15.39,15.39,5081900
20150713,15.48,15.61,15.15,15.21,4114700
20150714,15.23,15.33,14.61,14.62,8677500
20150715,14.68,14.76,14.13,14.4,6198000
20150716,14.48,14.69,14.25,14.4,4163300
20150717,14.46,14.46,13.34,13.61,11879500
20150720,13.62,14.08,13.6,14.08,5302200
20150721,14,14.36,13.61,13.93,6672300
20150722,14.19,14.44,14.01,14.44,6325000
20150723,14.59,15.28,14.55,15.07,9326300
20150724,15.17,15.36,14.93,15.25,6554900
20150727,15.25,15.34,14.8,14.94,4462900
20150728,15.07,15.71,14.91,15.56,6074500
20150729,15.56,15.71,15.31,15.55,4728100
20150730,15.55,15.92,15.46,15.86,4227500
20150731,15.83,16.32,15.66,16.32,4968300
20150803,16.28,16.52,16.02,16.24,3336900
20150804,16.37,16.62,16.26,16.59,5516200
20150805,16.53,17.16,16.42,17.11,5558800
20150806,17.38,17.62,17.2,17.35,6363500
20150807,17.09,17.16,16.35,16.93,6231200
20150810,16.82,16.87,16.25,16.44,5933800
20150811,16.51,16.83,16.27,16.43,6413100
20150812,16.24,16.33,15.78,15.98,5078400
20150813,16.29,16.6,16.15,16.53,6227000
20150814,16.53,16.71,16.15,16.39,3806400
20150817,16.37,16.4,16.12,16.25,3219400
20150818,16.24,16.3,15.8,16.22,3355900
20150819,16.22,16.82,15.99,16.82,5301800
20150820,16.8,16.97,16.48,16.7,5086000
20150821,16.47,16.6,16.14,16.39,4240400
20150824,15.95,15.99,15.18,15.57,6183400
20150825,15.6,15.96,15.6,15.74,4462400
20150826,15.96,16.31,15.69,16.31,4020200
20150827,16.53,16.57,16,16.3,5057000
20150828,16.24,16.5,16.06,16.5,4225700
20150831,16.5,17.1,16.48,17.09,13378200
20150901,17.08,17.26,16.82,17.23,6749900
20150902,17.35,18.51,17.18,18.51,8013500
20150903,18.55,18.91,17.98,18.39,8331400
20150904,18.47,18.77,18.09,18.77,7917200
20150908,18.5,19.08,18.5,18.87,4424100
20150909,19.03,19.03,18.13,18.31,5455000
20150910,18.57,18.78,18.27,18.73,5466800
20150911,18.47,19,18.4,18.87,4488800
20150914,18.87,18.87,18.31,18.44,4496800
20150915,18.49,18.82,18.38,18.44,4384000
20150916,18.28,18.44,17.66,17.81,6637400
20150917,17.92,18.25,17.73,17.99,6704700
20150918,18.03,18.17,17.75,18.08,4758700
20150921,17.92,18.47,17.92,18.28,3709900
20150922,18.46,18.69,18.1,18.62,6382300
20150923,18.62,18.83,18.38,18.77,6572400
20150924,18.66,19.2,18.23,18.31,7262500
20150925,18.04,18.49,17.81,18.49,3681800
20150928,18.59,18.6,18.12,18.51,2301900
20150929,18.51,18.64,18.19,18.35,2888300
20150930,18.28,18.76,18.07,18.76,8399400
20151001,18.85,19.14,18.53,19.02,4630000
20151002,19.15,19.2,18.22,18.4,7008800
20151005,18.28,18.28,18.02,18.18,5542900
20151006,18.13,18.29,17.45,17.58,5450200
20151007,17.44,17.44,16.58,17.42,11949300
20151008,17.31,17.62,16.84,17.06,4772300
20151009,16.59,16.87,16.09,16.35,11305600
20151013,16.63,17.98,16.54,17.86,10099400
20151014,17.7,18.42,17.41,17.72,9718300
20151015,17.6,18.34,17.44,17.78,4686100
20151016,17.99,18.53,17.64,18.53,5256300
20151019,18.38,18.63,18.08,18.33,5687200
20151020,17.49,17.66,17.07,17.26,7407000
20151021,17.28,17.5,16.95,17.33,5271400
20151022,17.33,17.38,17.12,17.27,4473700
20151023,17.37,17.63,16.91,17.13,6606700
20151026,17.06,17.15,16.74,16.97,4491100
20151027,17.01,17.21,16.5,17.11,8144900
20151028,17.11,17.22,16.62,17.13,6711100
20151029,17.12,17.26,16.44,16.53,6008100
20151030,16.63,16.8,15.87,16.09,6746900
20151103,15.88,15.93,15.54,15.81,8340700
20151104,15.92,16.46,15.86,16.42,6530400
20151105,16.45,16.66,16.29,16.43,3667600
20151106,16.36,16.89,16.24,16.43,5522200
20151109,16.43,16.58,16.26,16.37,2902700
20151110,16.53,17.03,16.37,17,5384900
20151111,16.95,16.95,16.17,16.66,5999500
20151112,16.98,17.65,16.72,17.65,7351700
20151113,17.82,18.1,17.29,18.03,5537900
20151116,17.99,18.24,17.71,17.91,3527800
20151117,17.75,17.75,17.29,17.49,4217200
20151118,17.46,17.82,17.31,17.69,5406700
20151119,17.68,17.81,17.28,17.42,5424900
20151123,17.43,18.09,17.39,18.09,5434300
20151124,17.98,18.2,17.75,17.92,4246500
20151125,18.11,18.46,17.83,18.34,5616800
20151126,18.22,18.68,18.22,18.65,3648900
20151127,18.69,18.87,18.36,18.77,7023200
20151130,18.7,18.88,18.39,18.59,14797700
20151201,18.79,18.86,17.77,18.2,10971400
20151202,18.2,18.43,17.55,17.97,8602900
20151203,17.89,18.18,17.69,18.05,4495000
20151204,18.04,18.44,17.92,18.09,5125200
20151207,18.22,18.27,17.98,18.25,2862900
20151208,18.23,18.23,17.43,17.75,3946200
20151209,17.77,17.77,17.07,17.11,6976000
20151210,17.21,17.57,16.93,17.37,4768400
20151211,17.36,17.46,17.21,17.3,4653300
20151214,17.27,17.76,17.04,17.15,6046400
20151215,17.12,17.47,16.98,17.47,3921700
20151216,17.71,17.72,17.31,17.71,4458400
20151217,17.61,17.69,17.35,17.42,2838100
20151218,17.41,17.71,17.34,17.71,5528400
20151221,17.62,18.04,17.47,17.95,5668300
20151222,17.8,17.95,17.49,17.95,3490500
20151223,17.91,18.03,17.72,17.99,3195600
20151228,18.03,18.13,17.9,18.08,1886400
20151229,17.99,18.06,17.73,17.82,5533500
20151230,17.82,18.37,17.63,18.29,7384300
20160104,18.38,18.43,17.84,17.96,5977400
20160105,18.05,18.1,17.69,18.03,3030400
20160106,17.94,18.25,17.74,18.23,4256000
20160107,18.1,18.13,16.97,17.11,7760300
20160108,17.22,17.39,16.46,16.72,3678900
20160111,16.88,16.88,16.21,16.22,3376300
20160112,16.26,16.51,16.09,16.44,4231900
20160113,16.46,16.66,15.93,16.14,3808200
20160114,16.12,16.41,15.26,15.58,7876300
20160115,15.53,15.93,15.46,15.84,5929900
20160118,15.95,15.95,15.39,15.56,1890700
20160119,15.62,15.91,14.77,15.05,5565600
20160120,15.07,15.07,14.01,14.51,7332600
20160121,14.69,15.4,14.62,14.96,8248500
20160122,15.13,15.16,14.48,14.66,2854300
20160126,14.53,14.6,13.99,14.18,5400900
20160127,14.09,14.7,14.04,14.7,5846600
20160128,14.7,14.97,14.4,14.68,7812500
20160129,14.91,15.61,14.58,15.61,5994700
20160201,15.51,15.51,14.54,14.56,6289700
20160202,14.56,14.7,13.82,13.84,6402100
20160203,14.03,14.07,13.33,13.77,6612600
20160204,13.89,14.52,13.68,14.25,6865200
20160205,14.4,14.4,13.67,13.7,5767500
20160210,13.7,13.98,13.41,13.7,5498100
20160211,13.69,13.82,13.45,13.82,7131400
20160212,13.72,13.92,13.5,13.5,3618300
20160215,13.5,13.69,13.2,13.54,2498800
20160216,13.6,14.5,13.53,14.43,5021300
20160217,14.43,14.57,14.1,14.3,4750100
20160218,14.37,14.77,14.24,14.58,3605600
20160219,14.6,15.04,14.4,14.98,4938900
20160222,14.83,15.2,14.48,14.99,4520500
20160223,15.09,15.54,14.92,15.31,4848000
20160224,15.5,15.58,14.51,14.68,4027800
20160225,14.68,15.06,14.55,14.71,3989000
20160226,14.96,15.23,14.79,15.17,8499200
20160229,15.28,16.14,15.25,16.14,5601000
20160301,15.86,16.26,15.62,15.92,5929900
20160302,15.96,16.01,14.9,15.11,9334300
20160303,14.76,14.78,13.62,13.63,15479300
20160304,12.44,13.79,12.09,13.4,18288200
20160307,13.6,13.61,12.8,13.12,12783800
20160308,12.52,12.62,11.68,12.1,17426300
20160309,12.2,12.33,11.91,12.17,7207900
20160310,12.17,12.32,11.81,11.97,7387900
20160311,12.07,12.26,11.74,11.88,7501700
20160314,12.11,12.59,11.94,12.47,5377900
20160315,13.06,13.59,12.76,13.51,13590600
20160316,13.87,14.08,13.01,13.94,10262800
20160317,12.73,13.54,12.64,13.32,8466200
20160318,13.47,13.6,13.33,13.47,3253800
20160321,13.66,13.83,13.46,13.56,4182400
20160322,13.62,13.79,13.35,13.64,3299600
20160323,13.75,13.81,13.53,13.75,4736300
20160324,13.8,13.94,13.66,13.79,4412200
20160328,13.59,13.82,13.33,13.42,4886500
20160329,13.46,13.5,12.8,13.06,6878400
20160330,13.01,13.01,12.25,12.75,9819500
20160331,12.69,12.69,12.28,12.39,10915000
20160401,12.72,12.82,12.05,12.15,8591900
20160404,12.12,12.37,11.94,11.94,4918000
20160405,11.98,12.01,11.19,11.21,10636900
20160406,11.17,11.48,10.81,10.95,9575700
20160407,11.05,11.4,10.98,11.05,15052900
20160408,10.98,11.01,10.58,10.75,27978400
20160411,10.8,10.85,10.45,10.7,5796800
20160412,10.8,11.44,10.79,11.12,7239100
20160413,11.28,12.27,11.23,11.8,11424900
20160414,11.88,12.38,11.85,12.03,7727200
20160415,12.13,12.33,12.01,12.25,5219100
20160418,12.41,12.91,12.26,12.8,6316200
20160419,12.57,13.06,12.48,12.87,6611600
20160420,12.81,13.01,12.67,12.79,2618600
20160422,12.81,13.26,12.75,12.98,3608600
20160425,13.04,13.19,12.68,13.04,5131200
20160426,13,13.63,12.75,13.52,5639100
20160427,13.79,14.1,13.61,14.05,7458600
20160428,14.1,14.18,13.57,13.57,9322700
20160429,13.49,13.77,13.01,13.13,7704600
20160502,13.24,13.55,12.97,13.03,2917500
20160503,13.16,13.74,13.16,13.47,6014500
20160504,13.48,13.63,13.35,13.52,3648300
20160505,13.6,13.82,13.4,13.68,2369300
20160506,13.74,14.12,13.41,14.12,3988000
20160509,14.21,14.75,13.96,14.27,6726500
20160510,14.17,14.73,13.95,14.67,8174100
20160511,14.72,14.95,14.59,14.65,4182900
20160512,14.8,14.91,14.36,14.53,2817400
20160513,14.57,14.61,14.16,14.28,4002500
20160516,14.36,14.53,13.83,14.19,2422000
20160517,14.14,14.49,14.14,14.2,4400800
20160518,14.29,14.7,14.15,14.53,4282100
20160519,14.6,14.88,14.19,14.25,6658800
20160520,14.15,14.6,13.86,14.37,4899900
20160523,14.45,14.79,14.36,14.49,3326400
20160524,14.49,14.6,14.1,14.1,4277500
20160525,14.11,14.68,13.93,14.38,6280900
20160527,14.5,14.77,14.31,14.38,4675900
20160530,14.53,14.65,14.04,14.25,2344600
20160531,14.27,14.74,14.23,14.66,8035600
20160601,14.47,14.78,14.15,14.38,4449900
20160602,14.29,14.5,14.1,14.32,3710000
20160603,14.16,14.17,13.41,13.47,7075600
20160606,13.45,13.65,13.22,13.55,3153300
20160607,13.68,13.7,13.29,13.3,3395200
20160608,13.1,13.23,12.55,12.57,11003300
20160609,12.61,12.94,12.4,12.4,6696700
20160610,12.56,12.65,12.09,12.36,3855100
20160613,12.33,12.5,12.18,12.48,2583400
20160614,12.55,12.78,12.11,12.2,3835500
20160615,12.23,12.29,11.85,11.91,4553100
20160616,11.98,12.32,11.81,12.24,4164800
20160617,12.29,12.34,11.86,11.94,4613500
20160620,12,12.24,11.75,12.07,6973200
20160621,12.1,12.18,11.9,12.03,4034600
20160622,12.04,12.04,11.8,11.8,2931700
20160623,11.8,12.28,11.8,12.25,4180400
20160624,12.35,12.54,11.75,11.9,5141700
20160627,12,12,11.49,11.65,3937900
20160628,11.74,11.95,11.42,11.48,21669400
20160629,11.49,11.7,11.11,11.22,20942300
20160630,11.26,11.55,11.13,11.33,16724600
20160701,11.4,12.07,11.4,11.95,9038500
20160704,12.03,12.33,11.82,12.04,3399100
20160705,12.05,12.22,11.87,12,4699000
20160706,12.1,12.14,11.75,11.76,5156800
20160707,11.92,12,11.15,11.16,7408600
20160708,11.08,11.08,10.78,10.8,5849400
20160711,10.85,10.95,10.71,10.86,5329700
20160712,10.83,11.19,10.82,11.12,4204700
20160713,11.16,11.4,11.15,11.39,3903400
20160714,11.37,11.37,11.01,11.08,5320900
20160715,11.06,11.21,10.91,11.01,3890500
20160718,11,11.24,10.96,11.11,2887000
20160719,11.17,11.23,10.95,11,3558000
20160720,11.01,11.01,10.71,10.85,3149700
20160721,10.84,11.08,10.75,10.99,2222400
20160722,11,11.1,10.9,11,7296300
20160725,11.04,11.05,10.8,10.8,3784400
20160726,10.8,10.83,10.48,10.51,6297100
20160727,10.49,10.64,10.31,10.49,7917300
20160728,10.55,10.57,10.22,10.26,5714900
20160729,10.23,10.24,9.87,9.92,6283000
20160801,9.99,10.38,9.9,10.25,6585100
20160802,10.13,10.13,9.71,9.89,7055400
20160803,10.17,10.31,9.91,9.94,5646600
20160804,9.91,9.99,9.46,9.48,7899200
20160805,9.44,9.46,9.15,9.18,10008500
20160808,9.2,9.75,9.18,9.67,6533500
20160809,9.66,9.79,9.39,9.53,5122200
20160810,9.41,9.78,9.33,9.69,5247700
20160811,9.78,10.07,9.7,9.99,3287300
20160812,10.03,10.15,9.79,9.99,3799100
20160815,10,10.09,9.9,10.09,2414600
20160816,10.02,10.09,9.9,9.98,2677900
20160817,10.09,10.1,9.77,9.92,3607700
20160818,9.91,9.95,9.81,9.88,3684000
20160819,9.87,9.91,9.75,9.78,2299400
20160822,9.79,9.79,9.48,9.55,2579400
20160823,9.56,10.17,9.46,9.99,8759700
20160824,10.2,10.29,9.92,9.99,4321600
20160825,9.99,10.09,9.83,9.89,3865100
20160826,9.85,10.05,9.75,9.87,8222800
20160829,9.88,10.04,9.8,9.86,5962000
20160830,9.87,10.28,9.87,10.1,4158000
20160831,10.1,10.21,10.01,10.2,3798800
20160901,10.25,10.96,10.25,10.91,8977500
20160902,10.8,10.83,10.56,10.8,5636600
20160905,10.86,10.95,10.68,10.7,1681600
20160906,10.69,10.78,10.51,10.66,4038700
20160908,10.64,10.72,10.42,10.72,5390900
20160909,10.8,10.98,10.73,10.82,5478900
20160912,10.88,11.15,10.47,10.57,5869800
20160913,10.8,10.88,10.53,10.64,5084900
20160914,10.68,10.71,10.41,10.41,3464100
20160915,10.42,10.45,10.28,10.43,2261200
20160916,10.5,10.56,10.42,10.48,2389400
20160919,10.48,10.5,10.25,10.25,2963600
20160920,10.22,10.22,9.87,9.94,5895200
20160921,9.88,9.94,9.58,9.58,5396600
20160922,9.55,9.62,9.42,9.5,5182200
20160923,9.67,10.2,9.65,10.02,6744000
20160926,9.97,10.11,9.66,9.87,3608600
20160927,9.85,10.16,9.78,10.04,3224200
20160928,10.19,10.36,10.13,10.35,4243000
20160929,10.43,10.66,10.37,10.61,4376000
20160930,10.53,10.66,10.36,10.47,5249800
20161003,10.41,10.65,10.37,10.52,3338600
20161004,10.63,10.64,10.41,10.5,3074100
20161005,10.5,10.6,10.42,10.58,2185600
20161006,10.53,10.84,10.48,10.75,3067600
20161007,10.73,10.77,10.37,10.45,5154100
20161010,10.4,10.54,10.18,10.25,5144800
20161011,10.34,10.38,10.18,10.22,4165200
20161013,10.23,10.3,10.08,10.23,4357700
20161014,10.23,10.45,10.18,10.2,3046300
20161017,10.27,10.31,10.14,10.24,2711400
20161018,10.24,10.34,10.16,10.32,3275700
20161019,10.34,10.48,10.21,10.24,2861800
20161020,10.2,10.24,10.05,10.09,2601400
20161021,10.18,10.31,9.95,10.25,2980500
20161024,10.24,10.42,10.24,10.38,3036900
20161025,10.38,10.94,10.36,10.79,11312500
20161026,10.75,11.29,10.68,11,6498400
20161027,11.14,11.14,10.77,10.77,3684900
20161028,10.85,11.2,10.85,11.02,2836000
20161031,11.09,11.3,11,11.26,3532200
20161101,11.26,11.4,11.07,11.26,5137500
20161103,11.26,11.36,10.76,10.83,4431100
20161104,10.85,11,10.56,10.65,2613900
20161107,10.75,10.81,10.22,10.5,3839600
20161108,10.54,10.69,10.38,10.41,2346100
20161109,10.4,10.75,10.12,10.61,6128700
20161110,10.83,12.13,10.81,12.05,11974100
20161111,12.5,13.04,12.06,12.65,13240300
20161114,12.86,13.1,12.25,12.31,7898200
20161116,12.27,12.27,11.48,11.63,7419500
20161117,11.63,12.17,11.41,12.01,6499000
20161118,12.02,12.4,11.54,11.98,4885400
20161121,11.87,12.17,11.71,11.84,2966300
20161122,12.1,12.89,11.95,12.49,7236000
20161123,12.7,13.02,12.59,12.65,4794200
20161124,12.73,12.87,12.41,12.68,2575900
20161125,12.95,12.98,12.63,12.8,3842400
20161128,12.61,13.09,12.59,12.99,4503800
20161129,13.05,13.79,13.05,13.35,5475900
20161130,13.39,13.56,12.77,12.85,5976400
20161201,12.98,13.35,12.62,12.71,6031800
20161202,12.75,12.97,12.41,12.83,4375600
20161205,12.85,13.04,12.52,12.82,2461800
20161206,12.83,13.65,12.76,13.65,5267200
20161207,13.65,13.9,13.3,13.81,4557500
20161208,13.87,14.04,13.49,13.71,3685600
20161209,13.83,13.93,13.5,13.76,3034800
20161212,13.73,13.91,13.46,13.5,2326000
20161213,13.47,13.55,13,13.3,4726900
20161214,13.35,13.95,13.01,13.68,3886900
20161215,14,14,13.51,13.72,3670800
20161216,13.69,14.05,13.54,13.89,2869600
20161219,14.04,14.08,13.54,13.71,2068500
20161220,13.71,13.76,13.42,13.55,2330500
20161221,13.53,13.7,13.41,13.54,1331000
20161222,13.54,13.62,13.15,13.38,2431200
20161223,13.31,13.45,13.1,13.18,1915300
20161226,13.12,13.52,13.12,13.47,1187800
20161227,13.6,13.73,13.43,13.57,1397100
20161228,13.73,13.88,13.46,13.77,2096100
20161229,13.7,14.2,13.5,14.2,2662800
20170102,14.18,14.18,13.82,13.93,2006800
20170103,14,14.03,13.75,14.01,3558900
20170104,13.94,13.99,13.45,13.65,5170500
