<DTYYYYMMDD>,<OPEN>,<HIGH>,<LOW>,<CLOSE>,<VOL>
20100601,5.93,6.15,5.8,6.15,846100
20100602,6.2,6.36,6.11,6.23,444500
20100604,6.02,6.27,6,6.17,337600
20100607,6.11,6.35,6.09,6.1,436800
20100608,6.07,6.18,5.98,6.06,279300
20100609,6.07,6.15,5.86,5.86,272000
20100610,5.98,6.15,5.93,6.05,1149000
20100611,5.99,6.19,5.98,6.19,241700
20100614,6.21,6.21,6.07,6.09,132300
20100615,6.15,6.21,6.06,6.19,154000
20100616,6.15,6.24,6.01,6.21,360300
20100617,6.15,6.2,6.04,6.15,167600
20100618,6.1,6.19,6.08,6.13,166400
20100621,6.19,6.19,5.97,5.98,270000
20100622,6.14,6.26,6.03,6.26,626000
20100623,6.24,6.29,6.12,6.27,397400
20100624,6.1,6.29,6.09,6.14,461500
20100625,6.06,6.27,6.06,6.21,128000
20100628,6.12,6.36,6.09,6.26,793000
20100629,6.11,6.39,6.11,6.23,1702600
20100630,6.17,6.31,6.15,6.23,3328400
20100701,6.15,6.32,6.07,6.28,420200
20100702,6.21,6.28,6.1,6.19,296100
20100705,6.12,6.34,6.11,6.24,467700
20100706,6.27,6.4,6.26,6.4,438800
20100707,6.4,6.56,6.27,6.53,277800
20100708,6.45,6.49,6.32,6.39,633300
20100712,6.39,6.47,6.27,6.32,239200
20100713,6.47,6.49,6.27,6.27,376200
20100714,6.27,6.36,6.15,6.28,3026400
20100715,6.36,6.37,6.16,6.29,597400
20100716,6.29,6.33,6.06,6.06,435700
20100719,6.06,6.21,6.06,6.07,116000
20100720,6.09,6.15,5.9,6.06,644100
20100721,6.13,6.13,5.98,5.99,146800
20100722,6.09,6.17,6.03,6.15,708000
20100723,6.03,6.15,6.03,6.08,241100
20100726,6.07,6.19,6.02,6.15,229100
20100727,6.21,6.21,6.07,6.09,621800
20100728,6.04,6.17,6.03,6.08,681100
20100729,6.2,6.2,6,6,277400
20100730,6.09,6.09,5.91,5.93,595700
20100802,6.02,6.06,5.97,6.01,557800
20100803,6.03,6.09,5.92,5.92,490700
20100804,6.01,6.13,5.95,6.1,533900
20100805,6.08,6.91,6.07,6.83,4063700
20100806,6.78,6.91,6.67,6.85,997900
20100809,6.91,6.95,6.62,6.69,609200
20100810,6.59,6.69,6.54,6.56,797600
20100811,6.47,6.6,6.43,6.51,399800
20100812,6.44,6.49,6.34,6.34,296100
20100813,6.33,6.33,6.06,6.26,336400
20100816,6.19,6.56,6.19,6.49,337900
20100817,6.49,6.66,6.36,6.36,361800
20100818,6.39,6.57,6.32,6.39,516900
20100819,6.35,6.42,6.19,6.27,378300
20100820,6.32,6.32,6.12,6.29,583700
20100823,6.32,6.39,6.2,6.23,220500
20100824,6.13,6.29,6.13,6.15,298200
20100825,6.08,6.27,5.98,6.03,605500
20100826,6.03,6.12,5.86,5.86,658700
20100827,5.98,6.01,5.88,5.95,426300
20100830,5.92,6.05,5.85,5.94,244600
20100831,6.08,6.08,5.83,5.97,1115700
20100901,6.09,6.09,5.88,5.89,1242100
20100902,5.9,5.98,5.8,5.82,1688300
20100903,5.91,5.92,5.84,5.89,401200
20100906,5.91,5.92,5.8,5.82,103200
20100908,5.83,5.98,5.8,5.96,736800
20100909,5.99,6,5.9,5.98,236100
20100910,5.98,6.13,5.95,6.09,664400
20100913,6.18,6.26,6.04,6.15,579500
20100914,6.2,6.27,6.12,6.21,668200
20100915,6.26,6.4,6.23,6.4,703900
20100916,6.41,6.43,6.32,6.34,262900
20100917,6.32,6.36,6.2,6.3,357100
20100920,6.35,6.49,6.3,6.4,293200
20100921,6.45,6.52,6.37,6.43,543700
20100922,6.36,6.59,6.35,6.44,427600
20100923,6.51,6.56,6.4,6.44,613900
20100924,6.5,6.61,6.39,6.49,443300
20100927,6.62,6.62,6.34,6.4,269700
20100928,6.36,6.52,6.28,6.42,420900
20100929,6.37,6.41,6.27,6.27,211200
20100930,6.33,6.37,6.19,6.2,1438700
20101001,6.2,6.27,6.08,6.19,783500
20101004,6.24,6.27,6.12,6.15,379700
20101005,6.21,6.22,6.09,6.11,675300
20101006,6.14,6.19,6.03,6.11,644000
20101007,6.09,6.16,6.01,6.15,489500
20101008,6.19,6.3,6.08,6.27,1202100
20101011,6.36,6.36,6.13,6.18,592100
20101013,6.26,6.26,6.06,6.15,753300
20101014,6.15,6.15,6.05,6.09,471500
20101015,6.14,6.23,6.06,6.12,1941600
20101018,6.15,6.21,5.98,5.98,849000
20101019,5.99,5.99,5.7,5.7,1355400
20101020,5.78,5.84,5.73,5.82,880200
20101021,5.89,5.94,5.63,5.72,1326600
20101022,5.76,5.76,5.52,5.76,1336300
20101025,5.73,5.92,5.7,5.88,1234800
20101026,5.92,6.06,5.87,6.02,3166800
20101027,5.98,6.01,5.85,5.89,246700
20101028,5.98,5.98,5.88,5.98,342400
20101029,6.03,6.03,5.72,5.98,1751900
20101101,5.91,6.08,5.91,6.08,2752300
20101103,6.13,6.14,5.93,5.93,2305700
20101104,5.99,6.06,5.92,6.06,1868300
20101105,5.94,5.99,5.84,5.89,2747900
20101108,5.88,5.89,5.72,5.77,964400
20101109,5.81,5.89,5.75,5.89,1849700
20101110,5.88,5.94,5.77,5.93,374700
20101111,5.81,5.93,5.81,5.9,278900
20101112,5.83,6,5.81,5.96,735300
20101116,5.82,5.98,5.81,5.88,157400
20101117,5.86,5.98,5.85,5.96,908000
20101118,5.98,6,5.91,5.98,447300
20101119,5.98,5.98,5.92,5.95,461200
20101122,5.93,5.93,5.85,5.92,281100
20101123,5.86,5.93,5.74,5.8,1094100
20101124,5.8,5.97,5.8,5.97,210900
20101125,5.96,5.98,5.92,5.98,79600
20101126,5.9,5.95,5.85,5.85,372600
20101129,5.8,5.88,5.77,5.88,404200
20101130,5.81,5.94,5.78,5.89,386000
20101201,5.96,6.09,5.94,6.09,908600
20101202,6.06,6.14,6,6.1,785200
20101203,6.07,6.19,6.07,6.19,867400
20101206,6.19,6.19,6.01,6.15,421000
20101207,6.18,6.22,6.1,6.15,790700
20101208,6.19,6.19,5.98,6,638400
20101209,6,6.06,5.98,6.06,569600
20101210,6.03,6.14,5.98,6.14,705400
20101213,6.13,6.13,6.06,6.1,348300
20101214,6.05,6.05,5.96,6.03,474300
20101215,5.98,6.03,5.92,5.98,600100
20101216,5.98,5.98,5.92,5.94,133500
20101217,5.92,5.97,5.85,5.9,424200
20101220,5.9,5.96,5.8,5.87,291900
20101221,5.93,6,5.87,5.91,278900
20101222,5.98,6.03,5.92,6.02,673300
20101223,5.96,6.03,5.93,6.02,590800
20101227,5.98,6,5.95,5.96,454300
20101228,5.93,5.98,5.9,5.98,451800
20101229,5.98,5.98,5.86,5.9,633000
20101230,5.9,5.95,5.81,5.81,1704700
20110103,5.91,5.95,5.8,5.86,783300
20110104,5.87,5.92,5.79,5.84,772600
20110105,5.82,5.92,5.79,5.91,864400
20110106,5.87,5.92,5.84,5.91,540200
20110107,5.92,5.93,5.86,5.87,173300
20110110,5.83,6.02,5.83,6.02,636900
20110111,6.03,6.27,5.93,6.27,884300
20110112,6.27,6.29,6.14,6.27,327500
20110113,6.27,6.31,6.15,6.19,399100
20110114,6.18,6.51,6.15,6.44,383700
20110117,6.33,6.42,6.18,6.27,157800
20110118,6.19,6.57,6.12,6.39,351400
20110119,6.39,6.42,6.19,6.26,149300
20110120,6.2,6.43,6.2,6.41,299500
20110121,6.4,6.48,6.27,6.34,181900
20110124,6.36,6.6,6.3,6.6,566200
20110126,6.59,6.6,6.32,6.53,1043100
20110127,6.58,6.61,6.38,6.56,341800
20110128,6.51,6.54,6.35,6.4,591300
20110131,6.4,6.5,6.37,6.39,265300
20110201,6.4,6.44,6.3,6.38,161600
20110202,6.28,6.42,6.21,6.36,744200
20110203,6.3,6.39,6.25,6.34,638400
20110204,6.33,6.33,6.1,6.15,389800
20110207,6.15,6.31,6.13,6.31,508400
20110208,6.31,6.36,6.27,6.29,540700
20110209,6.24,6.31,6.1,6.1,470800
20110210,6.1,6.22,6.02,6.15,727800
20110211,6.15,6.23,6.08,6.23,337200
20110214,6.22,6.22,6.09,6.16,261300
20110215,6.11,6.22,6.11,6.21,493800
20110216,6.24,6.56,6.15,6.49,931600
20110217,6.43,6.44,6.25,6.27,792500
20110218,6.33,6.35,6.23,6.3,369600
20110221,6.21,6.32,6.2,6.27,296900
20110222,6.27,6.44,6.19,6.27,691200
20110223,6.27,6.29,6.12,6.27,892000
20110224,6.21,6.35,6.2,6.32,413200
20110225,6.4,6.4,6.23,6.39,1028500
20110228,6.44,6.57,6.38,6.53,316100
20110301,6.53,6.62,6.47,6.62,902500
20110302,6.57,6.69,6.51,6.64,407700
20110303,6.71,6.85,6.58,6.74,409900
20110304,6.68,6.68,6.45,6.62,325900
20110309,6.62,6.66,6.56,6.66,255400
20110310,6.62,6.68,6.53,6.64,230700
20110311,6.65,6.72,6.48,6.72,877900
20110314,6.65,6.65,6.36,6.57,572200
20110315,6.4,6.56,6.39,6.53,1060400
20110316,6.62,6.62,6.27,6.38,2887900
20110317,6.44,6.47,6.33,6.34,485600
20110318,6.39,6.49,6.35,6.38,902100
20110321,6.49,6.83,6.46,6.5,1230700
20110322,6.49,6.72,6.49,6.56,379500
20110323,6.51,7.03,6.51,6.91,2078800
20110324,6.85,7.17,6.85,7.09,413800
20110325,7.09,7.35,6.97,7.21,1287500
20110328,7.01,7.53,7.01,7.34,517700
20110329,7.37,7.37,7.05,7.09,477400
20110330,7.11,7.21,6.97,7.06,289300
20110331,7,7.15,6.93,7.15,1594800
20110401,7.18,7.18,7.06,7.06,1299000
20110404,7.14,7.16,7.08,7.1,714200
20110405,7.08,7.31,6.99,7.25,1056000
20110406,7.32,7.39,7.25,7.3,954200
20110407,7.32,7.32,7.18,7.21,287900
20110408,7.19,7.4,7.12,7.26,420000
20110411,7.26,7.32,7.13,7.17,490200
20110412,7.35,7.35,6.97,7.17,438900
20110413,7.22,7.34,7.02,7.3,369100
20110414,7.37,7.37,7.15,7.26,287200
20110415,7.29,7.29,7.07,7.15,1302900
20110418,7.13,7.29,7.05,7.26,603700
20110419,7.36,7.36,7.26,7.31,1377800
20110420,7.35,7.39,7.25,7.39,521700
20110425,7.32,7.47,7.27,7.39,948300
20110426,7.42,7.6,7.37,7.56,746900
20110427,7.53,7.56,7.39,7.51,541500
20110428,7.4,7.58,7.4,7.51,385500
20110429,7.48,7.59,7.39,7.55,1104700
20110502,7.58,7.58,7.38,7.45,375600
20110503,7.5,7.5,7.2,7.24,221800
20110504,7.31,7.37,7.12,7.12,443900
20110505,7.04,7.34,6.82,7.2,729000
20110506,7.73,7.97,7.56,7.72,2911700
20110509,7.59,7.9,7.41,7.53,363500
20110510,7.43,7.57,7.38,7.38,645100
20110511,7.38,7.38,7.22,7.37,506100
20110512,7.38,7.56,7.29,7.53,651900
20110513,7.56,7.56,7.3,7.42,456600
20110516,7.4,7.46,7.22,7.32,643400
20110517,7.27,7.64,7.27,7.51,488800
20110518,7.47,7.73,7.47,7.65,425500
20110519,7.6,7.8,7.6,7.73,652000
20110520,7.66,7.73,7.63,7.69,890200
20110523,7.69,7.77,7.64,7.65,604700
20110524,7.78,7.79,7.55,7.58,1126100
20110525,7.44,7.73,7.44,7.68,525500
20110526,7.78,7.95,7.66,7.91,756100
20110527,7.88,8,7.79,7.84,282600
20110530,7.88,7.9,7.57,7.65,263300
20110531,7.7,7.78,7.54,7.73,408400
20110601,7.73,7.78,7.63,7.68,604600
20110602,7.72,7.94,7.65,7.83,754000
20110603,7.86,7.95,7.78,7.87,328500
20110606,7.75,7.98,7.75,7.77,535600
20110607,7.86,7.89,7.78,7.88,1297000
20110608,7.91,7.97,7.56,7.65,500600
20110609,7.66,7.82,7.56,7.78,346000
20110610,7.79,7.87,7.66,7.73,531100
20110613,7.72,7.8,7.72,7.76,1001000
20110614,7.88,7.88,7.73,7.76,1935300
20110615,7.68,7.85,7.67,7.77,1478500
20110616,7.85,7.87,7.61,7.65,1841600
20110617,7.78,7.78,7.49,7.51,678200
20110620,7.51,7.6,7.44,7.56,770600
20110621,7.58,7.65,7.47,7.62,917200
20110622,7.66,7.72,7.57,7.65,1165200
20110624,7.64,7.9,7.54,7.87,1963700
20110627,7.9,8.03,7.77,7.82,1104500
20110628,7.83,7.95,7.77,7.84,819400
20110629,7.98,7.98,7.73,7.73,516300
20110630,7.77,7.82,7.7,7.82,769700
20110701,7.82,7.85,7.69,7.74,725700
20110704,7.79,7.79,7.6,7.64,1539400
20110705,7.67,7.72,7.57,7.62,2113200
20110706,7.65,7.73,7.62,7.68,702900
20110707,7.81,7.81,7.62,7.73,329800
20110708,7.78,7.94,7.68,7.94,829600
20110711,7.82,7.93,7.73,7.73,320800
20110712,7.6,7.91,7.6,7.83,902500
20110713,7.81,8.02,7.8,7.97,3273800
20110714,7.99,8.02,7.69,7.73,861600
20110715,7.74,7.8,7.63,7.69,772500
20110718,7.65,7.79,7.63,7.66,521800
20110719,7.63,7.83,7.63,7.77,1410500
20110720,7.77,7.84,7.73,7.78,773500
20110721,7.86,7.99,7.8,7.91,657900
20110722,7.91,7.95,7.74,7.74,901100
20110725,7.75,7.89,7.75,7.84,360900
20110726,7.9,7.9,7.77,7.87,615800
20110727,7.84,7.89,7.7,7.88,586900
20110728,7.88,7.94,7.75,7.87,1691800
20110729,7.71,8,7.71,8,604500
20110801,8,8.24,8,8.2,2432300
20110802,8.3,8.35,8.09,8.22,12735900
20110803,8.18,8.44,7.87,7.91,16811700
20110804,7.94,7.94,7.52,7.56,7761000
20110805,7.65,7.73,7.25,7.3,5514400
20110808,7.28,7.28,6.59,6.68,6321600
20110809,6.6,7.41,6.6,7.26,7583900
20110810,7.18,7.4,7.1,7.21,4002400
20110811,7.3,7.41,7.16,7.37,2766800
20110812,7.33,7.54,7.09,7.41,6150400
20110815,7.63,7.8,7.38,7.77,1805300
20110816,7.68,8,7.65,7.91,2059200
20110817,7.87,7.9,7.71,7.78,5120500
20110818,7.65,7.8,7.49,7.52,4514100
20110819,7.46,7.74,7.32,7.6,6355700
20110822,7.7,7.88,7.66,7.82,4503600
20110823,7.91,8.09,7.67,8.09,4337900
20110824,8.13,8.31,7.98,8.1,3833500
20110825,8.1,8.22,7.98,8.12,2758900
20110826,8.21,8.38,7.92,8.27,2565300
20110829,8.39,8.79,8.3,8.61,4471400
20110830,8.53,8.85,8.46,8.49,4976500
20110831,8.56,8.63,8.37,8.54,4979200
20110901,8.57,8.69,8.44,8.53,4738100
20110902,8.52,8.52,8.17,8.31,4998300
20110905,8.08,8.08,7.75,7.82,4306000
20110906,7.69,8.12,7.54,7.95,11646400
20110908,8.23,8.45,8.15,8.24,5175700
20110909,8.09,8.23,7.95,8.02,3009100
20110912,7.91,8.02,7.81,7.97,3355100
20110913,7.99,7.99,7.65,7.83,3718300
20110914,7.82,8.02,7.72,7.95,11410300
20110915,8.01,8.4,7.87,7.87,6692400
20110916,7.78,8.24,7.78,8.17,2968800
20110919,7.96,8.43,7.95,8.1,5301300
20110920,8.19,8.56,8.12,8.19,7884500
20110921,8.24,8.43,7.91,7.91,4666600
20110922,7.68,7.91,7.41,7.58,4618000
20110923,7.42,7.66,7.28,7.54,6838900
20110926,7.65,7.69,7.32,7.48,2852900
20110927,7.57,7.6,7.33,7.34,6569500
20110928,7.37,7.56,7.35,7.47,4101000
20110929,7.51,7.65,7.37,7.51,2815700
20110930,7.5,7.73,7.21,7.65,6826600
20111003,7.51,8.12,7.51,7.91,10309600
20111004,7.82,7.9,7.63,7.63,9267500
20111005,7.56,7.6,7.49,7.56,8602900
20111006,7.6,7.74,7.48,7.51,8807800
20111007,7.56,7.6,7.36,7.46,7491800
20111010,7.44,7.55,7.37,7.38,3752600
20111011,7.38,7.42,7.16,7.21,5306600
20111013,7.28,7.55,7.22,7.54,8751700
20111014,7.56,7.56,7.39,7.51,3796800
20111017,7.43,7.61,7.38,7.61,3418900
20111018,7.6,7.65,7.45,7.57,4584100
20111019,7.64,7.64,7.51,7.6,4314800
20111020,7.6,7.65,7.51,7.58,3444900
20111021,7.63,7.82,7.59,7.78,7313500
20111024,7.87,7.87,7.73,7.8,4887600
20111025,7.73,7.82,7.64,7.79,4288000
20111026,7.8,7.84,7.66,7.84,4224700
20111027,7.95,8.03,7.85,7.99,4488900
20111028,7.93,8.05,7.84,7.91,6974500
20111031,7.91,7.91,7.7,7.8,3815300
20111101,7.47,7.8,7.38,7.76,4965800
20111103,7.75,8,7.73,8,5782400
20111104,7.99,8.01,7.8,7.8,6044900
20111107,7.85,7.99,7.78,7.89,2042700
20111108,7.87,7.95,7.73,7.84,5672300
20111109,7.83,7.88,7.51,7.52,5229200
20111110,7.58,7.71,7.47,7.51,3418400
20111111,7.59,7.6,7.42,7.46,3850100
20111114,7.44,7.45,7.27,7.37,3994400
20111116,7.25,7.49,7.16,7.46,3652200
20111117,7.37,7.73,7.28,7.47,5050800
20111118,7.48,7.54,7.3,7.3,2891600
20111121,7.21,7.36,7.09,7.29,4343400
20111122,7.25,7.33,7.17,7.26,3780700
20111123,7.16,7.33,7.16,7.25,2489400
20111124,7.25,7.29,7.14,7.22,1186600
20111125,7.16,7.38,7.16,7.29,1980800
20111128,7.37,7.4,7.29,7.29,1832300
20111129,7.29,7.39,7.29,7.33,2960700
20111130,7.43,7.65,7.32,7.43,5888400
20111201,7.51,7.57,7.42,7.48,3655500
20111202,7.56,7.6,7.47,7.57,2698500
20111205,7.58,7.9,7.56,7.77,4369600
20111206,7.84,7.98,7.82,7.91,4000800
20111207,7.88,8.03,7.74,7.8,3932000
20111208,7.78,7.83,7.55,7.59,3971300
20111209,7.6,7.83,7.6,7.73,2494900
20111212,7.73,7.86,7.66,7.86,2229800
20111213,7.95,7.98,7.8,7.87,3121000
20111214,7.88,8.02,7.76,7.95,13907800
20111215,8.02,8.04,7.88,8.02,4741800
20111216,8.02,8.08,7.93,8.01,2570300
20111219,8.02,8.04,7.91,7.91,2650100
20111220,7.94,8.06,7.88,8.04,2694300
20111221,8.04,8.23,8.03,8.21,3825300
20111222,8.22,8.3,8.15,8.29,2924700
20111223,8.31,8.35,8.22,8.24,3082000
20111226,8.22,8.28,8.18,8.27,360600
20111227,8.25,8.45,8.21,8.44,2526100
20111228,8.44,8.44,8.23,8.31,1798300
20111229,8.35,8.41,8.12,8.12,4268200
20120102,8.05,8.53,8.05,8.35,2468000
20120103,8.35,8.58,8.32,8.46,2755400
20120104,8.39,8.59,8.36,8.59,2836300
20120105,8.51,8.68,8.38,8.56,5168000
20120106,8.58,8.58,8.39,8.39,1248500
20120109,8.5,8.62,8.43,8.56,4396500
20120110,8.7,8.85,8.55,8.7,6188000
20120111,8.66,8.77,8.6,8.63,4021800
20120112,8.69,8.74,8.41,8.46,2916400
20120113,8.46,8.46,8.24,8.32,3239200
20120116,8.41,8.41,8.23,8.26,1360700
20120117,8.41,8.41,8.2,8.37,19394800
20120118,8.39,8.57,8.35,8.57,3694700
20120119,8.57,8.68,8.51,8.64,2682800
20120120,8.61,8.64,8.46,8.57,1874100
20120123,8.53,8.57,8.44,8.55,2451700
20120124,8.51,8.6,8.46,8.6,2470600
20120126,8.56,8.61,8.32,8.35,4198300
20120127,8.42,8.47,8.32,8.47,3404000
20120130,8.4,8.7,8.35,8.56,2739800
20120131,8.58,8.67,8.46,8.53,3284600
20120201,8.61,8.7,8.33,8.33,7112000
20120202,8.37,8.53,8.33,8.45,4113300
20120203,8.4,8.55,8.33,8.38,4030000
20120206,8.38,8.39,8.17,8.37,3611300
20120207,8.36,8.48,8.3,8.47,2658400
20120208,8.42,8.47,8.24,8.32,4674600
20120209,8.31,8.37,8.13,8.2,3658200
20120210,8.17,8.29,8.08,8.25,3986200
20120213,8.3,8.39,8.28,8.33,1969700
20120214,8.37,8.45,8.31,8.39,3122500
20120215,8.45,8.53,8.36,8.42,3682700
20120216,8.4,8.76,8.38,8.76,5113900
20120217,8.88,8.88,8.69,8.69,3603000
20120222,8.76,8.86,8.73,8.84,3293800
20120223,8.77,9.1,8.77,8.94,3253000
20120224,9.02,9.29,8.87,9.18,4915200
20120227,9.17,9.23,8.86,8.89,2986100
20120228,8.88,8.99,8.75,8.92,3439000
20120229,8.92,9.13,8.82,9.13,3728800
20120301,9.13,9.13,8.97,9.04,2451900
20120302,9.13,9.24,9.07,9.23,2200100
20120305,9.23,9.23,8.91,9.04,2994900
20120306,8.97,9.02,8.76,8.76,1991400
20120307,8.88,9.02,8.82,9.02,2257700
20120308,9.11,9.37,9.06,9.27,3780600
20120309,9.32,9.57,9.11,9.47,2519200
20120312,9.5,9.58,9.15,9.15,3583400
20120313,9.21,9.32,9.15,9.26,6377000
20120314,9.26,9.5,9.17,9.42,3209800
20120315,9.35,9.54,9.26,9.5,1819500
20120316,9.5,9.86,9.38,9.77,2803300
20120319,9.8,9.96,9.77,9.91,1961100
20120320,9.74,9.82,9.7,9.8,3180900
20120321,9.79,10.14,9.77,9.99,4003400
20120322,9.8,10.06,9.8,9.92,2947600
20120323,9.92,9.97,9.84,9.93,3450100
20120326,9.92,10.23,9.84,10.21,2478600
20120327,10.21,10.25,10.02,10.25,3100000
20120328,10.14,10.28,10.09,10.24,3803200
20120329,10.24,10.28,10.1,10.22,3475200
20120330,10.22,10.39,10.08,10.24,4558400
20120402,10.23,10.49,10.23,10.37,2451000
20120403,10.43,10.5,10.34,10.5,1725900
20120404,10.46,10.54,10.15,10.24,2357000
20120405,10.24,10.48,10.15,10.46,1511800
20120409,10.28,10.37,10.23,10.26,1957500
20120410,10.21,10.32,10.13,10.21,2100000
20120411,10.21,10.32,10.07,10.07,2309200
20120412,10.26,10.52,10.16,10.49,4544300
20120413,10.49,10.51,10.2,10.32,2539600
20120416,10.4,10.44,10.05,10.12,2474100
20120417,10.22,10.24,9.85,9.86,6765100
20120418,9.84,10.1,9.72,10.08,6375800
20120419,9.97,10.31,9.81,9.92,4320300
20120420,10.05,10.15,9.86,9.94,2656000
20120423,9.77,9.99,9.77,9.92,2251600
20120424,9.97,9.98,9.78,9.95,1979500
20120425,10.13,10.13,9.9,9.94,4642600
20120426,9.98,9.98,9.74,9.93,2967300
20120427,9.99,10.16,9.98,10.09,4788300
20120430,10.1,10.19,10.01,10.16,3002100
20120502,10.08,10.19,9.97,10.14,3479100
20120503,10.08,10.4,9.29,9.55,26938500
20120504,9.55,9.9,9.38,9.41,9827600
20120507,9.01,9.69,8.83,9.61,9898000
20120508,9.41,9.64,9.31,9.41,5136100
20120509,9.31,9.45,9.28,9.37,5302100
20120510,9.41,9.67,9.41,9.55,5035800
20120511,9.59,9.82,9.47,9.66,4598600
20120514,9.64,9.69,9.54,9.55,3207600
20120515,9.47,9.82,9.39,9.56,5274600
20120516,9.8,9.86,9.41,9.42,4718100
20120517,9.41,9.51,9.05,9.05,4738800
20120518,9.23,9.3,9,9.05,4057400
20120521,9.05,9.2,8.87,9.16,3914000
20120522,9.11,9.19,8.99,9.1,4431600
20120523,9.1,9.15,8.67,8.8,4423000
20120524,8.8,8.8,8.48,8.59,3381000
20120525,8.65,8.75,8.49,8.66,3241200
20120528,8.79,9.11,8.58,9.04,1286800
20120529,9.04,9.14,8.54,8.6,6131000
20120530,8.56,8.81,8.41,8.81,4838100
20120531,8.85,9.03,8.74,8.74,4613800
20120601,8.57,9.09,8.5,8.95,3151200
20120604,8.94,9.04,8.84,8.9,2817200
20120605,8.99,9.06,8.88,8.94,2854800
20120606,8.94,9.16,8.93,9.09,5654700
20120608,9.01,9.09,8.85,9.09,2686300
20120611,9.07,9.18,9,9.18,2259000
20120612,9.17,9.59,9.11,9.59,4525400
20120613,9.72,9.72,9.42,9.5,5397500
20120614,9.54,9.71,9.41,9.71,2902800
20120615,9.81,9.81,9.48,9.68,2830700
20120618,9.53,9.66,9.43,9.54,3353000
20120619,9.59,9.8,9.59,9.72,3622400
20120620,9.6,9.71,9.47,9.61,2130200
20120621,9.76,9.88,9.61,9.62,3754200
20120622,9.69,9.75,9.38,9.38,1542600
20120625,9.22,9.43,9.16,9.16,1468200
20120626,9.17,9.42,9.11,9.33,3756800
20120627,9.33,9.53,9.28,9.38,2606800
20120628,9.37,9.64,9.37,9.61,1889500
20120629,9.68,10,9.66,10,3567900
20120702,9.99,10.16,9.85,9.9,3180200
20120703,9.95,10.01,9.78,9.9,4777300
20120704,9.88,10.25,9.88,10.13,1281300
20120705,10.23,10.26,9.95,10.03,3570400
20120706,9.98,10.04,9.74,9.89,3390700
20120710,9.92,9.95,9.74,9.84,5896600
20120711,9.86,9.92,9.49,9.49,3594600
20120712,9.09,9.11,8.72,8.78,14240800
20120713,8.87,9.15,8.68,8.96,13106900
20120716,8.92,8.96,8.73,8.83,4838300
20120717,8.85,8.9,8.66,8.72,3680300
20120718,8.61,8.94,8.37,8.48,8315600
20120719,7.8,8.05,7.64,7.73,28449000
20120720,7.72,7.9,7.57,7.65,12497300
20120723,7.54,7.67,7.34,7.46,8234700
20120724,7.49,7.86,7.39,7.81,10819800
20120725,7.98,7.99,7.8,7.86,8614300
20120726,7.95,8.16,7.87,8.15,7086400
20120727,8.2,8.42,8.1,8.33,7752400
20120730,8.42,8.43,8.04,8.13,5554400
20120731,7.98,7.98,7.64,7.65,11070900
20120801,7.76,7.89,7.7,7.79,4006000
20120802,7.8,8.16,7.68,8.07,11866600
20120803,8.42,8.42,7.91,7.96,10489200
20120806,7.94,8.2,7.92,8.09,5139400
20120807,7.88,8.09,7.74,7.8,9522800
20120808,7.75,7.97,7.67,7.9,8419200
20120809,7.87,8.05,7.84,7.92,5733800
20120810,7.91,7.99,7.78,7.85,5609700
20120813,7.8,7.9,7.64,7.64,3026500
20120814,7.64,7.76,7.62,7.72,5967100
20120815,7.72,7.78,7.65,7.71,5300300
20120816,7.75,7.88,7.69,7.72,4113800
20120817,7.76,7.83,7.71,7.78,4023700
20120820,7.66,7.72,7.44,7.64,9635200
20120821,7.68,7.71,7.24,7.38,9727100
20120822,7.35,7.43,6.99,7.06,10168300
20120823,7.08,7.12,6.87,7.03,8969400
20120824,7.01,7.14,6.92,7.07,7409500
20120827,7.06,7.1,6.88,6.9,5361800
20120828,6.87,7.01,6.83,6.92,6074800
20120829,6.93,6.96,6.7,6.89,4369700
20120830,6.86,6.92,6.79,6.88,5488300
20120831,6.92,7.23,6.86,7.23,11700700
20120903,7.25,7.25,6.97,7.2,4811900
20120904,7.1,7.16,6.94,7.03,5231900
20120905,7.08,7.12,6.9,6.97,3647700
20120906,6.97,7.12,6.92,7.12,4739900
20120910,7.18,7.24,7.02,7.04,4608800
20120911,7.06,7.38,7.04,7.3,7482500
20120912,7.39,7.55,7.3,7.4,6731100
20120913,7.36,7.56,7.33,7.52,6417700
20120914,7.54,7.6,7.38,7.47,7686200
20120917,7.47,7.56,6.99,7.44,3733500
20120918,7.39,7.46,7.34,7.39,3963200
20120919,7.43,7.52,7.22,7.22,3966900
20120920,7.22,7.28,7.14,7.25,2538500
20120921,7.27,7.42,7.25,7.35,2798400
20120924,7.39,7.52,7.35,7.49,4710200
20120925,7.51,7.59,7.25,7.29,6525800
20120926,7.26,7.32,7.02,7.12,5774400
20120927,7.13,7.19,7.03,7.03,3793300
20120928,7.03,7.11,6.87,7.02,4387000
20121001,7.06,7.12,6.97,7.05,3131500
20121002,6.99,7.01,6.39,6.78,23606800
20121003,6.83,6.85,6.42,6.46,9281700
20121004,6.49,6.58,6.34,6.51,7841400
20121005,6.57,6.71,6.55,6.66,3972100
20121008,6.65,6.68,6.51,6.51,2895300
20121009,6.52,6.6,6.35,6.45,6368200
20121010,6.49,6.56,6.4,6.49,4263100
20121011,6.54,6.61,6.43,6.45,2526300
20121015,6.47,6.57,6.43,6.51,4859200
20121016,6.55,6.58,6.51,6.57,6523600
20121017,6.58,6.6,6.45,6.45,10982500
20121018,6.48,6.52,6.4,6.51,3816300
20121019,6.53,6.55,6.43,6.55,2970900
20121022,6.52,6.57,6.43,6.57,1899600
20121023,6.54,6.62,6.42,6.49,5147400
20121024,6.5,6.54,6.23,6.23,7622300
20121025,6.27,6.29,6.17,6.22,3980800
20121026,6.14,6.24,5.97,6.17,5181000
20121029,6.13,6.31,6.1,6.29,2171600
20121030,6.34,6.54,6.29,6.54,3494500
20121031,6.63,6.63,6.29,6.45,8261300
20121101,6.41,6.86,6.39,6.68,21177500
20121105,6.58,6.83,6.51,6.79,6602100
20121106,6.81,7.13,6.81,7.05,8863200
20121107,7.03,7.11,6.92,7.07,6635200
20121108,7.04,7.2,6.86,6.95,10493300
20121109,6.95,7.09,6.79,6.9,4409800
20121112,6.91,7.12,6.91,7.1,4054300
20121113,7.06,7.28,7.03,7.18,4883200
20121114,7.21,7.26,7.09,7.19,4730600
20121116,6.98,6.98,6.75,6.82,5635100
20121119,6.88,6.93,6.68,6.93,11242600
20121121,6.81,6.89,6.68,6.77,3184100
20121122,6.77,6.86,6.72,6.77,1305400
20121123,6.81,6.96,6.71,6.96,4513200
20121126,6.9,6.95,6.7,6.77,2925300
20121127,6.77,6.85,6.71,6.76,3334100
20121128,6.71,6.86,6.57,6.86,3399700
20121129,6.87,6.98,6.82,6.98,1579100
20121130,6.97,6.98,6.72,6.74,5525700
20121203,6.76,6.86,6.67,6.76,3676900
20121204,6.72,6.79,6.5,6.55,4026300
20121205,6.6,6.6,6.42,6.45,4886500
20121206,6.48,6.55,6.39,6.44,5895400
20121207,6.41,6.53,6.4,6.5,5069400
20121210,6.5,6.5,6.34,6.42,3645100
20121211,6.44,6.45,6.3,6.35,5457800
20121212,6.36,6.36,6.28,6.36,4994300
20121213,6.41,6.52,6.39,6.51,5382500
20121214,6.56,6.74,6.48,6.74,5566200
20121217,6.72,6.86,6.64,6.86,5222000
20121218,6.9,6.98,6.66,6.95,6216200
20121219,6.95,7.06,6.82,7.01,5786000
20121220,7.03,7.12,6.93,7.08,2950800
20121221,6.99,7.16,6.95,7.09,2303100
20121226,7.16,7.16,6.93,7.06,4583500
20121227,7.03,7.11,6.96,7.08,1909200
20121228,7.12,7.36,7.03,7.35,2805900
20130102,7.41,7.41,7.17,7.21,5481400
20130103,7.22,7.29,7.11,7.15,4579300
20130104,7.16,7.21,7.07,7.15,5306300
20130107,7.11,7.21,7.03,7.08,2486600
20130108,7.11,7.15,7,7.08,2228500
20130109,7.08,7.17,6.98,7,5106000
20130110,7.02,7.29,7.01,7.27,6645800
20130111,7.29,7.3,7.2,7.21,2270600
20130114,7.23,7.28,7.13,7.22,1845600
20130115,7.19,7.35,7.15,7.29,4371700
20130116,7.26,7.44,7.24,7.44,3141500
20130117,7.41,7.66,7.4,7.64,4635500
20130118,7.68,7.72,7.53,7.59,6986900
20130121,7.62,7.71,7.54,7.65,1241700
20130122,7.65,7.7,7.49,7.61,5141400
20130123,7.54,7.79,7.5,7.78,3895900
20130124,7.74,7.88,7.65,7.71,5070200
20130128,7.72,7.76,7.55,7.59,3808200
20130129,7.58,7.81,7.5,7.81,6408200
20130130,7.81,7.88,7.63,7.75,6221300
20130131,7.8,7.89,7.72,7.89,4349300
20130201,7.87,7.95,7.78,7.92,3270500
20130204,7.9,7.95,7.82,7.82,3358500
20130205,7.82,7.89,7.71,7.84,3145700
20130206,7.83,7.86,7.62,7.68,9490400
20130207,7.72,7.77,7.49,7.55,6483700
20130208,7.55,7.61,7.44,7.58,4339100
20130213,7.58,7.68,7.55,7.57,5614000
20130214,7.56,7.63,7.46,7.49,3034900
20130215,7.43,7.43,7.25,7.27,6751900
20130218,7.3,7.3,7.09,7.21,2321500
20130219,7.21,7.37,7.18,7.19,5809800
20130220,7.21,7.3,7.07,7.12,3699800
20130221,7.12,7.21,7.05,7.1,7179200
20130222,7.35,7.41,7.14,7.39,12796500
20130225,7.42,7.7,7.42,7.58,6776000
20130226,7.57,7.8,7.55,7.79,6263700
20130227,7.83,7.88,7.73,7.82,9017800
20130228,7.81,7.84,7.7,7.75,4591500
20130301,7.67,7.85,7.54,7.8,4427000
20130304,7.84,7.85,7.67,7.71,4217600
20130305,7.76,7.86,7.63,7.67,4494500
20130306,7.81,8,7.78,7.93,8021800
20130307,8.07,8.08,7.78,7.82,5045800
20130308,7.78,7.99,7.74,7.89,3121700
20130311,7.92,8.01,7.83,7.89,3308800
20130312,7.66,7.71,7.52,7.57,8600300
20130313,7.58,7.61,7.43,7.48,5197200
20130314,7.48,7.53,7.39,7.49,5070300
20130315,7.45,7.53,7.35,7.39,2555200
20130318,7.38,7.53,7.34,7.46,2616600
20130319,7.46,7.51,7.36,7.48,2885000
20130320,7.48,7.55,7.27,7.43,4955600
20130321,7.4,7.51,7.38,7.51,3998500
20130322,7.52,7.69,7.5,7.62,3361900
20130325,7.59,7.7,7.52,7.59,2719400
20130326,7.59,7.93,7.58,7.91,3738300
20130327,7.9,7.95,7.8,7.9,2582100
20130328,7.9,8.01,7.75,7.99,3609300
20130401,7.93,7.95,7.83,7.86,2425000
20130402,7.87,7.94,7.64,7.68,3655400
20130403,7.68,7.83,7.62,7.75,3683000
20130404,7.74,7.79,7.62,7.68,3287000
20130405,7.67,7.7,7.46,7.65,4576700
20130408,7.65,7.71,7.51,7.67,2734500
20130409,7.63,7.81,7.63,7.79,3315800
20130410,7.79,7.89,7.72,7.72,4830200
20130411,7.76,7.8,7.66,7.74,2555400
20130412,7.67,7.79,7.55,7.64,3288500
20130415,7.51,7.6,7.39,7.53,2832600
20130416,7.55,7.73,7.55,7.64,2733300
20130417,7.54,7.67,7.48,7.54,7806500
20130418,7.55,7.58,7.42,7.47,4050400
20130419,7.57,7.57,7.33,7.43,3766500
20130422,7.42,7.49,7.38,7.43,2624300
20130423,7.45,7.5,7.38,7.47,3513600
20130424,7.43,7.58,7.41,7.5,2537600
20130425,7.46,7.66,7.43,7.62,4258700
20130426,7.55,7.64,7.39,7.48,2558400
20130429,7.46,7.53,7.39,7.43,3678300
20130430,7.44,7.61,7.3,7.56,5223800
20130502,7.43,7.49,7.32,7.37,5810900
20130503,7.46,7.54,7.34,7.44,13346900
20130506,7.38,7.48,7.35,7.39,8103400
20130507,7.36,7.42,7.31,7.38,3712500
20130508,7.41,7.41,7.31,7.38,4231000
20130509,7.39,7.41,7.28,7.35,2466600
20130510,7.3,7.52,7.27,7.47,5566100
20130513,7.53,7.68,7.45,7.62,4356600
20130514,7.57,7.66,7.53,7.6,2921400
20130515,7.56,7.66,7.56,7.6,2533700
20130516,7.58,7.74,7.56,7.72,2510800
20130517,7.73,7.74,7.65,7.74,2366000
20130520,7.72,7.77,7.63,7.73,2795100
20130521,7.77,7.83,7.66,7.83,4482900
20130522,7.83,7.97,7.73,7.84,3681900
20130523,7.8,7.98,7.75,7.95,3788500
20130524,7.89,7.94,7.67,7.91,6006000
20130527,7.9,7.94,7.82,7.88,625200
20130528,7.92,7.98,7.77,7.8,2837100
20130529,7.72,7.78,7.56,7.66,4598000
20130531,7.54,7.71,7.54,7.58,5334800
20130603,7.63,7.83,7.46,7.76,4296700
20130604,7.76,7.83,7.67,7.72,2754200
20130605,7.7,7.71,7.51,7.53,5656000
20130606,7.6,7.6,7.38,7.49,3199900
20130607,7.36,7.56,7.34,7.41,4447300
20130610,7.36,7.67,7.36,7.55,3494200
20130611,7.48,7.48,7.33,7.36,4160100
20130612,7.47,7.51,7.34,7.44,7174600
20130613,7.36,7.62,7.36,7.55,12292000
20130614,7.64,7.64,7.5,7.52,5248000
20130617,7.55,7.65,7.53,7.6,6812400
20130618,7.6,7.78,7.55,7.73,6241200
20130619,7.72,7.79,7.49,7.56,8004700
20130620,7.48,7.66,7.28,7.56,11484700
20130621,7.51,7.53,7.22,7.22,10687600
20130624,7.17,7.27,7.01,7.21,5820100
20130625,7.26,7.36,7.06,7.36,4936200
20130626,7.44,7.49,7.24,7.33,3789700
20130627,7.34,7.52,7.29,7.42,5985000
20130628,7.42,7.69,7.31,7.53,5952000
20130701,7.44,7.72,7.43,7.72,9935900
20130702,7.68,7.8,7.56,7.6,7728000
20130703,7.56,7.7,7.4,7.58,5941400
20130704,7.64,7.64,7.49,7.54,2295200
20130705,7.48,7.63,7.42,7.58,5261000
20130708,7.51,7.69,7.51,7.69,5167800
20130710,7.71,7.77,7.63,7.71,4521700
20130711,7.77,7.86,7.71,7.83,4064200
20130712,7.79,7.86,7.58,7.59,4486000
20130715,7.66,7.8,7.58,7.74,4036400
20130716,7.76,7.89,7.69,7.71,3377000
20130717,7.81,7.86,7.67,7.7,3696800
20130718,7.65,7.93,7.64,7.91,5015800
20130719,7.83,7.94,7.83,7.86,2472200
20130722,7.91,8.13,7.87,8.13,3581500
20130723,8.13,8.28,7.96,7.96,3457300
20130724,8,8.01,7.74,7.87,4313400
20130725,7.79,7.98,7.79,7.91,4171600
20130726,7.87,8.01,7.85,7.99,2819600
20130729,7.95,7.97,7.84,7.89,2445800
20130730,7.83,7.9,7.76,7.82,5411300
20130731,7.85,7.98,7.8,7.89,2683900
20130801,7.88,8.15,7.88,8.1,6291900
20130802,8.1,8.29,8.03,8.26,7299300
20130805,8.24,8.37,8.17,8.37,4546100
20130806,8.42,8.42,8.14,8.19,5016400
20130807,8.12,8.2,8.06,8.18,3604300
20130808,8.18,8.55,8.14,8.49,6639700
20130809,8.55,8.7,8.49,8.57,8017600
20130812,8.65,8.71,8.51,8.55,6474100
20130813,8.53,8.81,8.48,8.64,7400200
20130814,8.61,8.79,8.54,8.66,8917600
20130815,8.49,8.64,8.49,8.51,5663400
20130816,8.51,8.61,8.43,8.49,5806200
20130819,8.45,8.71,8.45,8.63,4149500
20130820,8.73,8.73,8.54,8.59,4989200
20130821,8.53,8.65,8.39,8.56,5721300
20130822,8.59,8.68,8.54,8.62,3867100
20130823,8.62,8.71,8.57,8.65,4225700
20130826,8.64,8.75,8.5,8.5,4002900
20130827,8.4,8.56,8.2,8.29,4757500
20130828,8.29,8.36,8.12,8.17,4124100
20130829,8.21,8.43,8.18,8.33,3563300
20130830,8.42,8.73,8.36,8.73,10942200
20130902,8.8,8.91,8.7,8.77,5051900
20130903,8.76,8.85,8.64,8.65,5330700
20130904,8.64,8.95,8.64,8.91,7136300
20130905,8.97,9.37,8.93,9.32,9065400
20130906,9.4,9.4,9.15,9.4,9626800
20130909,9.32,9.45,9.23,9.25,6662000
20130910,9.2,9.63,9.2,9.63,11063300
20130911,9.63,9.72,9.37,9.4,5910400
20130912,9.44,9.46,9.04,9.04,6974000
20130913,9.05,9.38,9.04,9.31,10686300
20130916,9.35,9.5,9.2,9.2,4075800
20130917,9.19,9.45,9.16,9.36,5483100
20130918,9.37,9.37,9.14,9.18,6646900
20130919,9.22,9.33,9.02,9.13,5450400
20130920,9.1,9.32,9.05,9.1,9449700
20130923,9.11,9.41,8.98,9.41,4522500
20130924,9.96,10.45,9.88,10.31,22506700
20130925,10.13,10.13,9.6,9.78,16583000
20130926,9.72,9.72,9.5,9.54,8889800
20130927,9.45,9.7,9.45,9.64,5118500
20130930,9.62,9.86,9.57,9.57,8469000
20131001,9.77,9.96,9.63,9.96,4962100
20131002,10.14,10.24,9.93,10.01,8569600
20131003,10.01,10.38,9.98,10,8219800
20131004,10,10.24,9.91,10.23,6280600
20131007,10.14,10.31,10.11,10.26,9820900
20131008,10.24,10.46,10.04,10.14,5913100
20131009,10.2,11.16,10.15,10.82,19088100
20131010,10.8,10.83,10.55,10.72,7815700
20131011,10.72,11.03,10.72,11.03,7834100
20131014,11.02,11.12,10.82,11.09,7873300
20131015,11.08,11.23,10.8,10.84,9689900
20131016,10.9,10.95,10.76,10.9,7963100
20131017,10.78,10.98,10.78,10.98,5176100
20131018,10.97,11.15,10.91,11,3765900
20131021,11.04,11.04,10.79,10.82,3311700
20131022,10.88,10.94,10.74,10.81,3213100
20131023,10.82,10.89,10.64,10.7,3598000
20131024,10.69,10.86,10.68,10.8,3549400
20131025,10.45,10.53,10.25,10.48,7171200
20131028,10.45,10.75,10.44,10.67,2710800
20131029,10.67,10.8,10.54,10.68,2920500
20131030,10.7,10.75,10.58,10.64,3617700
20131031,10.65,10.65,10.46,10.63,5505200
20131101,10.63,10.8,10.39,10.75,4697400
20131104,10.74,10.84,10.62,10.77,3837800
20131105,10.74,10.76,10.5,10.56,4403800
20131106,10.56,10.62,10.24,10.36,10504200
20131107,10.19,10.37,9.93,10.29,8572300
20131108,9.86,10.06,9.51,9.89,13198000
20131111,9.9,10.34,9.74,10.27,5127700
20131112,10.26,10.46,10.11,10.24,7965100
20131113,10.19,10.34,10.01,10.34,7618700
20131114,10.34,10.51,10.22,10.4,3077000
20131118,10.38,10.57,10.27,10.38,3606800
20131119,10.33,10.49,10.02,10.11,5053400
20131121,10.27,10.61,10.27,10.39,5970900
20131122,10.45,10.55,10.19,10.25,3234800
20131125,10.28,10.41,10.16,10.38,2474300
20131126,10.31,10.43,10.17,10.22,3716000
20131127,10.26,10.4,10.21,10.33,2713300
20131128,10.38,10.47,10.25,10.29,874100
20131129,10.3,10.74,10.25,10.74,5666400
20131202,10.61,10.86,10.54,10.56,8040200
20131203,10.42,10.51,10.22,10.26,6063300
20131204,10.4,10.6,10.17,10.57,4676200
20131205,10.42,10.82,10.21,10.77,10989500
20131206,10.77,10.97,10.66,10.89,5489200
20131209,11.05,11.07,10.72,10.87,3540600
20131210,11.05,11.13,10.88,10.97,3697200
20131211,10.92,10.98,10.73,10.78,4705000
20131212,10.87,10.95,10.62,10.69,4611900
20131213,10.76,10.8,10.32,10.45,9862400
20131216,10.52,10.76,10.4,10.72,5032900
20131217,10.74,10.84,10.55,10.63,2984500
20131218,10.74,10.75,10.58,10.61,6533700
20131219,10.68,11.08,10.63,11.07,4050100
20131220,11.07,11.44,11,11.44,13327700
20131223,11.31,11.63,11.21,11.31,5500900
20131226,11.4,11.4,11.21,11.27,2557800
20131227,11.27,11.42,11.19,11.32,2069300
20131230,11.32,11.48,11.27,11.48,2054700
20140102,11.53,11.54,11.21,11.28,4014900
20140103,11.97,12.49,11.84,12.49,18688000
20140106,12.15,12.49,12.02,12.49,8563100
20140107,12.34,12.71,12.34,12.4,6754700
20140108,12.33,12.5,12.24,12.33,7019900
20140109,12.3,12.45,12.18,12.37,4570800
20140110,12.28,12.47,12.2,12.4,4446500
20140113,12.33,12.41,12.24,12.38,3264100
20140114,12.33,12.83,12.33,12.46,3863700
20140115,12.52,12.54,12.35,12.53,8744900
20140116,12.61,12.8,12.26,12.66,6164500
20140117,12.6,12.6,12.38,12.47,4456900
20140120,12.42,12.59,12.35,12.59,1688900
20140121,12.6,12.63,12.41,12.54,5249300
20140122,12.43,12.85,12.36,12.76,6240000
20140123,12.74,12.84,12.17,12.19,7157000
20140124,12.02,12.03,11.67,11.92,6350600
20140127,12.01,12.22,11.7,11.79,7279000
20140128,11.97,12.05,11.72,11.97,4358300
20140129,11.87,11.98,11.7,11.9,2858600
20140130,11.93,12.14,11.81,11.96,5536200
20140131,11.83,11.84,11.54,11.76,7641200
20140203,11.78,11.87,11.51,11.59,5586600
20140204,11.5,12.08,11.38,12,5346600
20140205,12.01,12.04,11.74,11.95,4279100
20140206,12.04,12.15,11.69,12.02,5136000
20140207,11.92,12.25,11.78,12.2,3766600
20140210,12.09,12.09,11.74,11.85,3559700
20140211,11.95,12,11.49,11.82,4298500
20140212,11.94,12.08,11.73,11.88,5121200
20140213,11.81,11.86,11.5,11.74,4459900
20140214,11.85,11.91,11.67,11.79,2301900
20140217,11.71,11.74,11.5,11.5,3294300
20140218,11.45,12,11.39,11.52,4975100
20140219,11.34,11.5,11.09,11.3,3337200
20140220,11.18,11.31,10.95,11.13,2916800
20140221,11.22,11.27,10.98,10.98,2435000
20140224,10.98,11.11,10.7,10.7,3161900
20140225,10.58,10.65,10.38,10.57,2892500
20140226,10.55,10.69,10.4,10.48,2090300
20140227,10.56,10.91,10.33,10.81,3826300
20140228,10.81,10.96,10.54,10.67,5966800
20140305,10.55,10.72,10.55,10.7,6708900
20140306,10.64,10.92,10.62,10.72,3343900
20140307,10.68,10.88,10.54,10.81,4366500
20140310,10.71,10.77,10.4,10.47,3113400
20140311,10.54,10.69,10.42,10.61,2977400
20140312,10.47,10.76,10.47,10.72,3621700
20140313,10.8,10.8,10.4,10.42,3816200
20140314,10.38,10.62,10.32,10.45,2287100
20140317,10.47,10.54,10.33,10.4,2042800
20140318,10.35,10.7,10.25,10.6,3193000
20140319,10.6,10.67,10.45,10.51,3025400
20140320,10.47,10.79,10.41,10.73,2917100
20140321,10.67,11.04,10.63,10.8,3247300
20140324,10.87,10.87,10.49,10.58,3425000
20140325,10.72,10.72,10.4,10.45,2646600
20140326,10.53,11.13,10.52,10.87,8107400
20140327,10.87,11.2,10.74,10.89,6263700
20140328,10.98,11.08,10.85,10.94,3592600
20140331,11.06,11.07,10.83,11.03,4477700
20140401,11.06,11.07,10.85,11.01,2530500
20140402,11.01,11.21,10.93,11.17,3392500
20140403,11.31,11.34,10.92,11.11,3687700
20140404,11.31,11.33,10.81,10.83,4026200
20140407,10.94,10.97,10.37,10.44,5466700
20140408,10.57,10.7,10.23,10.29,7073100
20140409,10.25,10.65,10.25,10.56,5657200
20140410,10.56,10.73,10.31,10.4,10558400
20140411,10.24,10.35,9.96,10.19,4349600
20140414,10.19,10.19,9.89,9.92,3438100
20140415,9.91,9.96,9.54,9.76,5079900
20140416,9.77,10.16,9.72,10.15,6449100
20140417,10.18,10.45,10.05,10.4,3244700
20140422,10.31,10.5,10.24,10.5,3294600
20140423,10.36,10.56,10.31,10.33,2625100
20140424,10.4,10.4,10.14,10.34,2671900
20140425,10.28,10.8,10.24,10.78,4195800
20140428,10.77,11.08,10.73,11.07,3348300
20140429,11.1,11.24,11.05,11.17,2879700
20140430,11.14,11.28,11.08,11.26,2156500
20140502,11.45,11.6,11.26,11.51,3044400
20140505,11.59,11.63,11.4,11.63,3541500
20140506,11.63,11.67,11.54,11.62,2638600
20140507,11.61,11.65,11.48,11.59,2678600
20140508,11.58,11.61,11.43,11.6,13329200
20140509,11.37,11.6,11.32,11.34,4922900
20140512,11.49,11.75,11.43,11.73,3962300
20140513,11.84,11.85,11.63,11.7,3810700
20140514,11.7,11.84,11.66,11.77,2589400
20140515,11.73,11.79,11.41,11.42,7960700
20140516,11.42,11.62,11.28,11.37,3510000
20140519,11.43,11.57,11.39,11.49,5190500
20140520,11.4,11.62,11.19,11.23,3915800
20140521,11.24,11.32,11.16,11.24,10033400
20140522,11.24,11.47,11.23,11.38,7677900
20140523,11.39,11.57,11.35,11.39,7427900
20140526,11.48,11.7,11.41,11.62,687600
20140527,11.6,11.63,11.39,11.39,1691900
20140528,11.39,11.74,11.36,11.68,2247300
20140529,11.68,11.74,11.47,11.51,2062600
20140530,11.37,11.93,11.37,11.64,4779300
20140602,11.7,11.89,11.62,11.78,6868400
20140603,11.78,11.89,11.68,11.88,1670600
20140604,11.88,12.14,11.82,12.14,2570400
20140605,12.31,12.44,12.19,12.43,6821000
20140606,12.91,12.91,12.59,12.64,8442400
20140609,12.75,12.88,12.52,12.87,5209400
20140610,12.87,12.93,12.75,12.9,6906700
20140611,12.99,13.12,12.73,12.89,3742900
20140613,12.92,12.92,12.63,12.74,4130800
20140616,12.73,12.73,12.46,12.51,2666400
20140617,12.53,12.7,12.5,12.59,1292100
20140618,12.59,12.75,12.55,12.68,3391500
20140620,12.49,12.59,12.39,12.39,2975100
20140623,12.39,12.47,12.24,12.27,867800
20140624,12.29,12.66,12.29,12.58,12169000
20140625,12.61,12.89,12.48,12.5,2181700
20140626,12.56,12.87,12.41,12.76,2627800
20140627,12.65,12.81,12.41,12.41,1383300
20140630,12.41,12.47,12.22,12.37,2601600
20140701,12.37,12.43,11.86,11.94,1499700
20140702,11.99,12.01,11.58,11.84,1859000
20140703,11.7,11.92,11.62,11.92,2657800
20140704,11.96,12.02,11.36,12.02,982400
20140707,11.82,11.87,11.69,11.75,1047000
20140708,11.68,11.81,11.43,11.52,1330700
20140710,11.59,11.65,11.29,11.43,5323400
20140711,11.48,11.49,11.22,11.36,1893900
20140714,11.38,11.63,11.36,11.45,2513300
20140715,11.45,11.67,11.39,11.58,1560100
20140716,11.65,11.88,11.49,11.51,2121400
20140717,11.46,11.52,11.21,11.43,3762000
20140718,11.8,11.81,11.49,11.52,2493900
20140721,11.56,11.63,11.4,11.51,6555100
20140722,11.52,11.76,11.52,11.67,2039100
20140723,11.55,11.82,11.55,11.68,1044700
20140724,11.82,12,11.71,11.91,1643800
20140725,11.84,11.91,11.74,11.83,992000
20140728,11.94,12.03,11.69,11.9,2189100
20140729,12.01,12.05,11.68,11.76,4109800
20140730,11.73,11.88,11.65,11.67,2287000
20140731,11.67,11.72,11.28,11.51,2862300
20140801,11.41,11.93,11.34,11.86,2726500
20140804,11.83,11.84,11.55,11.74,2045600
20140805,10.72,11.27,10.65,10.75,7352700
20140806,10.78,10.9,10.48,10.48,5318600
20140807,10.57,10.77,10.42,10.65,4031400
20140808,10.51,10.66,10.51,10.61,1621200
20140811,10.61,10.77,10.59,10.71,1867700
20140812,10.67,10.74,10.57,10.71,1351300
20140813,10.78,10.82,10.46,10.52,3685000
20140814,10.43,10.56,10.28,10.43,2845600
20140815,10.54,10.74,10.34,10.46,2391400
20140818,10.56,10.88,10.44,10.82,2036400
20140819,10.82,10.86,10.62,10.78,2107800
20140820,10.86,10.9,10.68,10.89,3232600
20140821,10.9,11.13,10.85,11.06,2182900
20140822,10.99,11.12,10.64,10.64,2013200
20140825,10.72,10.92,10.53,10.85,3147500
20140826,10.9,11.1,10.75,10.95,5057600
20140827,11.15,12.23,11.15,12.18,8966300
20140828,12.16,12.48,11.63,11.8,7694900
20140829,11.91,12.04,11.7,12.01,3032800
20140901,11.89,12.19,11.82,12.14,934200
20140902,12.16,12.2,12.01,12.03,1697400
20140903,12.08,12.26,11.74,11.9,4357700
20140904,11.77,12.04,11.77,11.96,2972900
20140905,12.09,12.09,11.85,11.97,1982500
20140908,12.25,13.06,12.17,12.71,6202400
20140909,13.04,13.29,12.81,12.98,8334600
20140910,12.95,13.1,12.59,13.04,3854500
20140911,13.04,13.04,12.67,12.91,3514400
20140912,12.66,13.34,12.64,13.1,5483600
20140915,13.02,13.4,12.86,13.18,4627300
20140916,13.18,13.29,12.5,12.64,7152200
20140917,12.68,13.26,12.64,13.06,5984000
20140918,13.08,13.34,12.86,13.24,4467900
20140919,13.21,13.49,12.74,12.81,9822300
20140922,12.91,13.15,12.63,12.96,4363000
20140923,12.78,13.4,12.78,13.11,12009300
20140924,12.89,13.24,12.89,13.03,2080900
20140925,13.05,13.19,12.84,12.86,2619800
20140926,12.79,12.95,12.7,12.83,2979000
20140929,12.45,12.83,12.35,12.6,3466500
20140930,12.34,12.66,12.23,12.34,6242200
20141001,12.1,12.28,11.95,11.97,4916600
20141002,11.87,12.09,11.81,11.94,2908500
20141003,11.94,12.37,11.82,11.96,5722000
20141006,12.5,12.9,11.74,11.98,5653900
20141007,12.2,12.2,11.4,11.41,4569800
20141008,11.5,11.7,11.15,11.55,5240600
20141009,11.88,11.89,11.16,11.23,4254800
20141010,11.2,11.29,10.69,10.69,3462800
20141013,10.73,10.96,10.61,10.77,4107500
20141014,10.82,11.18,10.64,11.02,3934100
20141015,10.77,11.06,10.61,10.87,5402300
20141016,10.55,10.89,10.47,10.64,5216100
20141017,10.9,11.41,10.61,11.25,6841200
20141020,11.32,11.32,10.75,10.8,4244500
20141021,10.35,11.13,10.35,10.94,6610300
20141022,10.86,11.13,10.84,10.94,2828600
20141023,10.88,11.06,10.6,10.63,5006300
20141024,10.56,10.98,10.49,10.71,3649700
20141027,10.05,10.95,9.75,10.88,9320900
20141028,10.81,11.11,10.7,10.99,8512200
20141029,10.91,11.28,10.81,11.12,2819400
20141030,11.06,11.32,10.96,11.18,3526800
20141031,12.08,13.14,11.97,12.89,10266600
20141103,13.07,13.95,12.78,12.96,7060700
20141104,12.94,13.22,12.64,12.87,3169700
20141105,12.79,13.02,12.48,12.57,7147500
20141106,12.33,12.76,12.2,12.56,3515400
20141107,12.64,12.9,12.44,12.7,1658100
20141110,12.88,12.92,12.4,12.4,1646000
20141111,12.34,12.72,12.25,12.45,1277100
20141112,12.45,12.64,12.24,12.36,1430000
20141113,12.43,12.56,12.25,12.3,1844600
20141114,12.46,12.66,12.15,12.46,1511400
20141117,12.38,12.43,12.12,12.33,1713700
20141118,12.45,12.6,12.09,12.24,2098700
20141119,12.31,12.62,12.08,12.39,4200500
20141121,12.31,12.58,11.88,12.03,5357800
20141124,12.24,12.24,11.71,11.75,4880100
20141125,11.88,12.41,11.8,11.8,4206500
20141126,12.12,12.12,11.56,11.56,2146900
20141127,11.63,12.03,11.59,11.86,930200
20141128,11.86,12.13,11.76,11.93,1354300
20141201,11.79,11.91,10.93,11,3947200
20141202,11.06,11.24,10.83,11.06,2767500
20141203,10.93,11.16,10.81,11.1,2468300
20141204,11.17,11.18,10.77,10.86,1844900
20141205,10.79,11.35,10.72,11.25,1884400
20141208,11.24,11.24,10.84,10.84,1571100
20141209,10.92,11.06,10.73,11.01,1806300
20141210,11.01,12.25,10.9,12.25,2822500
20141211,11.96,12.07,11.63,11.96,5534800
20141212,11.73,11.95,11.4,11.57,4237800
20141215,11.51,12.02,11.34,11.53,4098700
20141216,11.09,11.58,10.9,11.39,4319900
20141217,11.46,11.63,10.96,11.44,4719900
20141218,11.36,11.67,11.23,11.34,2449000
20141219,11.26,11.45,11.03,11.21,2378100
20141222,11.15,11.29,10.9,11.29,2435100
20141223,11.2,11.46,11.11,11.45,1576200
20141226,11.54,11.54,11.14,11.2,713000
20141229,11.12,11.44,11.04,11.44,1212200
20141230,11.49,11.58,11.17,11.28,1939200
20150102,11.2,11.51,11.13,11.17,2782400
20150105,10.95,11.27,10.87,10.92,3100400
20150106,10.97,11.08,10.8,10.85,2745400
20150107,10.93,11.15,10.74,11.04,1852300
20150108,11.04,11.68,10.94,11.49,2106100
20150109,11.58,11.58,11.11,11.12,1328100
20150112,11.01,11.3,10.99,11.2,1824100
20150113,11.2,11.35,10.95,11.14,1933900
20150114,10.97,11.29,10.96,11.16,2563800
20150115,11.14,11.51,11.13,11.33,2435000
20150116,11.29,11.61,11.29,11.44,2039700
20150119,11.32,11.32,10.86,11.03,873600
20150120,11.12,11.44,11.06,11.39,2430000
20150121,11.31,11.77,11.27,11.73,4031700
20150122,11.93,12.01,11.56,11.77,2952100
20150123,11.72,12.17,11.69,11.88,2409000
20150126,11.7,11.78,11.51,11.62,5683700
20150127,11.58,11.65,11.22,11.53,3087100
20150128,11.37,11.76,11.37,11.53,1727400
20150129,11.42,11.71,11.36,11.67,2130400
20150130,11.44,11.62,11.14,11.33,2861800
20150202,11.42,11.61,11.23,11.53,1321300
20150203,11.68,11.85,11.51,11.59,1656600
20150204,11.63,11.78,11.27,11.66,1888200
20150205,11.56,11.85,11.49,11.67,1914400
20150206,11.5,11.65,11.36,11.64,1616400
20150209,11.59,11.75,11.44,11.58,1772500
20150210,11.65,11.73,11.46,11.49,1519000
20150211,11.5,11.84,11.41,11.84,2909200
20150212,11.92,12.1,11.7,11.77,2804000
20150213,11.86,12.27,11.77,12.25,2037300
20150218,12.28,12.48,12.19,12.33,3025500
20150219,12.19,12.54,12.1,12.29,4675000
20150220,12.3,12.3,11.84,11.85,2241200
20150223,11.78,11.8,11.22,11.22,6319800
20150224,11.25,11.43,11.06,11.38,2157800
20150225,11.15,11.52,11.15,11.46,2867800
20150226,11.53,11.56,11.31,11.56,1380300
20150227,11.45,11.74,11.38,11.41,2093300
20150302,11.39,11.53,11.35,11.51,1736900
20150303,11.46,11.58,11.32,11.44,1905000
20150304,11.27,11.42,11.16,11.29,2408200
20150305,11.35,11.46,11.21,11.46,2717700
20150306,11.44,11.51,11.09,11.17,1884400
20150309,11.02,11.19,10.86,11.08,2419300
20150310,10.91,11.11,10.81,10.87,1980900
20150311,11.08,11.19,10.95,11.08,1965500
20150312,11.41,11.41,11.19,11.28,2062600
20150313,10.81,11.41,10.79,11.3,4010200
20150316,11.25,11.48,11.25,11.48,2973900
20150317,11.48,11.69,11.43,11.51,3673000
20150318,11.44,11.77,11.35,11.66,3633200
20150319,11.68,11.74,11.19,11.27,3440800
20150320,11.47,11.51,10.72,10.82,8004000
20150323,10.85,11.03,10.8,10.88,4150200
20150324,10.9,10.97,10.74,10.83,2126100
20150325,10.95,11.08,10.83,10.94,4590500
20150326,10.87,10.91,10.23,10.34,4588500
20150327,10.26,10.42,10.1,10.17,2855900
20150330,10.38,10.5,10.29,10.38,2759600
20150331,10.33,10.36,9.97,10.18,3341700
20150401,10.17,10.45,9.93,10,4753500
20150402,10.11,10.35,10,10,3671300
20150406,10.07,10.16,9.81,9.81,3148300
20150407,9.82,9.9,9.65,9.81,2356900
20150408,10.01,10.06,9.74,9.91,7583000
20150409,9.87,10.13,9.83,9.86,2726300
20150410,9.83,10.12,9.74,9.96,3787700
20150413,9.96,10.11,9.89,10.01,3820200
20150414,10.06,10.06,9.7,9.71,3066700
20150415,9.73,9.78,9.69,9.71,2635300
20150416,9.72,9.76,9.59,9.7,2672300
20150417,9.59,9.74,9.48,9.58,2974600
20150420,9.54,9.81,9.51,9.7,3538800
20150422,9.75,9.81,9.62,9.73,4124100
20150423,9.69,9.79,9.67,9.72,3387100
20150424,9.77,9.91,9.69,9.8,4848800
20150427,9.86,9.97,9.72,9.72,3342400
20150428,9.86,9.89,9.44,9.55,4804000
20150429,9.48,9.49,9.33,9.4,2951000
20150430,9.33,9.52,9.2,9.24,2720100
20150504,9.38,9.38,9.05,9.25,4984400
20150505,9.24,9.33,9.11,9.25,2437500
20150506,9.29,9.31,8.66,8.75,5352300
20150507,8.78,8.85,8.52,8.56,3559500
20150508,8.68,8.7,8.42,8.64,4203900
20150511,8.64,8.8,8.61,8.7,12118000
20150512,8.68,8.84,8.59,8.63,3240400
20150513,8.62,8.72,8.37,8.68,3544100
20150514,8.72,8.79,8.54,8.6,2740400
20150515,8.55,8.81,8.51,8.76,3575200
20150518,8.76,8.79,8.49,8.49,3472800
20150519,8.54,8.64,8.41,8.62,2434000
20150520,8.66,9.15,8.52,9.11,4427600
20150521,9.14,9.34,9.04,9.23,4747900
20150522,9.29,9.35,8.96,8.98,4494400
20150525,8.96,8.97,8.78,8.88,791100
20150526,8.82,9.14,8.73,9.1,3912400
20150527,9.11,9.23,8.96,9.11,2653600
20150528,9.04,9.22,9,9.22,2231200
20150529,9.14,9.31,9.07,9.17,3728000
20150601,9.17,9.29,9.08,9.29,3112800
20150602,9.39,9.68,9.39,9.53,4455600
20150603,9.61,9.91,9.54,9.91,4984700
20150605,9.87,9.89,9.43,9.51,5377800
20150608,9.53,9.69,9.41,9.49,3678400
20150609,9.49,9.59,9.37,9.56,3683000
20150610,9.63,9.73,9.54,9.64,2829600
20150611,9.71,9.72,9.51,9.59,3319400
20150612,9.52,9.61,9.28,9.34,7202200
20150615,9.27,9.37,9.04,9.3,1975000
20150616,9.36,9.43,9.16,9.38,3638400
20150617,9.45,9.87,9.45,9.7,8803000
20150618,9.76,10.36,9.52,10.25,9453000
20150619,10.18,10.3,9.98,10.14,3406000
20150622,10.21,10.29,9.95,10.1,2905000
20150623,10.19,10.27,9.81,9.87,2411600
20150624,9.88,10.16,9.82,10.16,3769100
20150625,10.17,10.48,10.1,10.32,5527200
20150626,10.37,10.43,10.16,10.42,2456700
20150629,10.46,10.46,9.75,9.97,2646200
20150630,10.01,10.03,9.73,9.97,2609300
20150701,10.02,10.03,9.78,9.88,4662200
20150702,9.93,10.19,9.86,10.11,1986000
20150703,10.1,10.13,9.85,10.03,1328500
20150706,9.88,10.05,9.8,9.93,3819800
20150707,9.88,10,9.73,9.98,3099800
20150708,9.92,9.99,9.55,9.6,12201900
20150710,9.64,9.69,9.29,9.33,3340100
20150713,9.33,9.63,9.33,9.59,1817900
20150714,9.59,9.63,9.47,9.55,1965100
20150715,9.49,9.6,9.25,9.47,2306800
20150716,9.54,9.77,8.96,9.1,4169000
20150717,9.08,9.29,9.05,9.16,2674400
20150720,9.15,9.21,8.95,8.95,1416500
20150721,9,9.1,8.89,9.09,1884600
20150722,8.98,9.09,8.8,8.91,1705100
20150723,8.85,9.07,8.7,8.98,3920100
20150724,8.95,9.03,8.7,8.75,2512500
20150727,8.7,8.87,8.64,8.87,3187000
20150728,8.93,8.98,8.58,8.63,8371200
20150729,8.59,8.95,8.59,8.72,3602800
20150730,8.76,8.92,8.72,8.88,3472600
20150731,8.88,9.14,8.85,9.14,2088600
20150803,9.07,9.23,8.91,9.03,2668900
20150804,9.09,9.21,8.79,8.85,2030900
20150805,8.76,9.23,8.54,9.2,5927200
20150806,9.08,9.4,8.98,9.13,3461000
20150807,9.01,9.2,8.75,8.83,3444600
20150810,8.83,9.01,8.68,8.97,5102100
20150811,8.91,8.98,8.7,8.87,2356600
20150812,8.81,8.85,8.41,8.65,4730300
20150813,8.63,8.66,8.35,8.35,3010000
20150814,8.33,8.42,8.21,8.28,2916100
20150817,8.23,8.58,8.22,8.55,2716300
20150818,8.56,9.03,8.4,8.93,8221100
20150819,8.86,8.94,8.59,8.86,2983000
20150820,8.68,8.98,8.66,8.92,3015000
20150821,8.85,8.86,8.54,8.61,5872300
20150824,8.03,8.38,7.69,8.07,6363700
20150825,8.23,8.27,8.04,8.08,5686600
20150826,8.14,8.38,8.09,8.34,3446500
20150827,8.4,8.64,8.29,8.64,5199400
20150828,8.62,8.66,8.44,8.57,2664700
20150831,8.38,8.6,8.28,8.57,3977100
20150901,8.22,8.39,8.04,8.15,5680900
20150902,8.21,8.26,7.98,8.23,6634000
20150903,8.28,8.53,8.23,8.52,3288800
20150904,8.3,8.41,8.09,8.12,4446400
20150908,8.29,8.4,8.21,8.4,2023300
20150909,8.46,8.62,8.2,8.27,3351100
20150910,7.92,8.54,7.9,8.5,5020900
20150911,8.44,8.47,8.19,8.31,1796700
20150914,8.32,8.66,8.28,8.61,3147400
20150915,8.67,8.68,8.27,8.37,4277600
20150916,8.37,8.51,8.29,8.36,5268800
20150917,8.29,8.49,8.25,8.42,4501100
20150918,8.31,8.42,8.1,8.19,3906900
20150921,8.09,8.34,8.09,8.23,2838500
20150922,8.15,8.17,7.98,8.08,2136800
20150923,8.12,8.15,7.9,8.09,4681500
20150924,7.8,8.11,7.71,7.93,7613200
20150925,8.01,8.07,7.69,7.76,4674200
20150928,7.7,7.76,7.41,7.54,2711000
20150929,7.51,7.64,7.38,7.41,3578800
20150930,7.6,7.61,7.2,7.31,3799700
20151001,7.36,7.45,7.26,7.35,4022800
20151002,7.4,7.59,7.28,7.56,6683800
20151005,7.73,7.86,7.54,7.59,4605200
20151006,7.64,7.73,7.42,7.57,2815300
20151007,7.74,7.8,7.56,7.62,5105200
20151008,7.72,7.72,7.49,7.59,4021300
20151009,7.75,7.75,7.46,7.59,4182000
20151013,7.49,7.61,7.45,7.54,4275500
20151014,7.51,7.91,7.5,7.54,9562000
20151015,7.54,7.77,7.5,7.6,2895100
20151016,7.64,7.64,7.4,7.53,2354700
20151019,7.52,7.61,7.39,7.48,1393700
20151020,7.45,7.56,7.35,7.47,2407600
20151021,7.48,7.52,7.36,7.48,1629900
20151022,7.52,7.71,7.47,7.6,2116300
20151023,7.68,7.89,7.65,7.87,4713400
20151026,7.89,8.52,7.84,8.34,7656800
20151027,8.37,8.39,7.54,7.63,5922900
20151028,7.59,7.69,7.38,7.47,4834900
20151029,7.4,7.94,7.4,7.71,4354600
20151030,7.65,8.28,7.62,8.23,7948700
20151103,8.36,8.44,8.11,8.36,6310500
20151104,8.32,8.61,8.27,8.47,5683600
20151105,8.46,8.59,8.17,8.39,2535700
20151106,8.34,8.52,8.07,8.18,4977900
20151109,8.2,8.27,7.94,7.98,2113700
20151110,7.93,8.24,7.8,8.24,2283400
20151111,8.19,8.49,8.12,8.18,5132300
20151112,8.18,8.22,7.94,7.98,2974800
20151113,7.92,8.04,7.87,7.9,4302600
20151116,8,8.07,7.77,7.8,2543700
20151117,7.85,8.12,7.85,7.95,2612900
20151118,7.9,8.11,7.85,7.89,1977000
20151119,7.99,8.21,7.91,8.17,1821900
20151123,8.23,8.63,8.2,8.34,2047900
20151124,8.28,8.28,8.04,8.09,1594500
20151125,8,8.12,7.76,7.9,2703100
20151126,7.85,7.93,7.81,7.85,1630800
20151127,7.81,8.03,7.59,7.59,2160000
20151130,7.49,7.64,7.36,7.45,5820700
20151201,7.48,7.64,7.41,7.54,1941600
20151202,7.49,7.66,7.24,7.29,3200700
20151203,7.35,7.48,7.15,7.18,8639300
20151204,7.18,7.18,6.78,6.94,3936000
20151207,6.99,7.07,6.88,6.91,2298200
20151208,6.91,7.02,6.7,6.86,2120500
20151209,6.84,6.95,6.73,6.82,4372400
20151210,6.87,6.89,6.73,6.81,2710600
20151211,6.76,6.83,6.46,6.46,4245300
20151214,6.48,6.52,6.31,6.38,2695300
20151215,6.43,6.64,6.41,6.57,2657900
20151216,6.49,7.15,6.4,6.87,8277000
20151217,7.18,7.31,7.01,7.02,4325000
20151218,6.81,6.96,6.59,6.78,5083100
20151221,6.76,6.8,6.56,6.65,2508600
20151222,6.69,6.75,6.54,6.71,1627400
20151223,6.71,6.97,6.71,6.82,2319700
20151228,6.87,6.96,6.64,6.73,1416600
20151229,6.77,6.84,6.56,6.61,2801600
20151230,6.52,6.75,6.46,6.68,3305400
20160104,6.61,6.68,6.42,6.61,2036500
20160105,6.58,6.74,6.46,6.56,2111600
20160106,6.51,6.61,6.41,6.55,2911300
20160107,6.46,6.46,6.23,6.38,2841400
20160108,6.45,6.63,6,6.03,2686300
20160111,5.96,6.1,5.84,5.84,2399500
20160112,5.87,6.07,5.84,5.91,1780600
20160113,5.95,6.01,5.85,5.89,1945600
20160114,5.93,5.99,5.69,5.98,2663900
20160115,5.95,5.95,5.64,5.78,3212300
20160118,5.82,5.82,5.56,5.61,1009200
20160119,5.67,5.85,5.67,5.77,2262200
20160120,5.73,5.91,5.61,5.91,2369000
20160121,5.83,6.04,5.83,5.95,2686500
20160122,5.98,6.29,5.98,6,2913200
20160126,5.72,5.95,5.72,5.82,1445000
20160127,5.79,6.23,5.79,6.14,2289000
20160128,6.18,6.36,5.82,5.89,2292000
20160129,5.88,6.2,5.71,6.2,5050600
20160201,6.03,6.3,5.94,6.26,2829700
20160202,6.16,6.22,5.91,5.92,2324900
20160203,5.96,6.1,5.86,5.94,2254600
20160204,6.21,6.28,5.8,6.2,4111500
20160205,6.2,6.33,5.82,5.89,5047900
20160210,5.88,5.88,5.75,5.84,2090900
20160211,5.84,5.84,5.48,5.53,4025400
20160212,5.57,5.87,5.48,5.84,3772700
20160215,5.98,6.01,5.8,5.93,795700
20160216,5.95,6.21,5.84,6.13,4360500
20160217,6.08,6.33,6.03,6.09,4428400
20160218,6.05,6.21,5.9,6.21,2055200
20160219,6.17,6.34,6.07,6.11,1941400
20160222,6.24,6.49,6.21,6.4,2931000
20160223,6.44,6.51,6.16,6.16,2266400
20160224,6.08,6.25,6.04,6.21,1628100
20160225,6.19,6.41,6.12,6.28,2347500
20160226,6.33,6.58,6.31,6.48,3514300
20160229,6.61,6.83,6.52,6.76,5116100
20160301,6.81,7.12,6.8,7.04,4286700
20160302,7.05,7.17,6.89,7.02,4607200
20160303,7.09,7.41,7.07,7.18,5688200
20160304,7.31,7.67,7.31,7.44,6680400
20160307,7.55,7.71,7.37,7.46,3872900
20160308,7.4,7.82,7.19,7.22,5774400
20160309,7.28,7.57,7.26,7.28,4769400
20160310,7.35,7.59,7.15,7.44,7557800
20160311,7.47,7.54,7.17,7.47,6553000
20160314,7.51,7.56,7.28,7.48,5430200
20160315,7.43,7.43,7.13,7.38,2850300
20160316,7.33,7.57,7.23,7.5,2770200
20160317,7.69,7.97,7.53,7.89,5336200
20160318,7.97,8.08,7.47,7.63,6009700
20160321,7.69,8.25,7.69,7.94,9556600
20160322,7.98,8.09,7.6,8.01,4336000
20160323,7.95,7.98,7.74,7.85,3801900
20160324,7.78,7.98,7.63,7.98,2416700
20160328,8.12,8.16,7.84,7.97,2373800
20160329,7.97,8.11,7.88,8,2458400
20160330,8.12,8.27,8.02,8.02,3135600
20160331,8.03,8.03,7.64,7.79,3633500
20160401,7.65,7.88,7.5,7.82,2770500
20160404,7.74,7.8,7.48,7.55,2829100
20160405,7.46,7.54,7.28,7.28,5025500
20160406,7.19,7.49,7.12,7.14,3847900
20160407,7.21,7.42,7.21,7.25,5556600
20160408,7.44,7.63,7.3,7.33,3965800
20160411,7.42,7.46,7.08,7.09,2864400
20160412,7.17,7.39,7.07,7.24,3760900
20160413,7.55,7.66,7.44,7.6,6465600
20160414,7.62,7.65,7.25,7.25,4929900
20160415,7.32,7.42,7.21,7.42,6701800
20160418,7.4,7.51,7.3,7.36,1380300
20160419,7.41,7.54,7.29,7.4,2342700
20160420,7.36,7.62,7.36,7.5,3223000
20160422,7.58,8.2,7.56,8.1,6262400
20160425,8.21,8.41,7.63,7.7,3149800
20160426,7.79,7.91,7.7,7.88,4973700
20160427,7.99,8.08,7.79,7.87,3107900
20160428,7.86,7.96,7.52,7.7,3572600
20160429,7.65,7.72,7.51,7.64,4117300
20160502,7.58,7.76,7.55,7.68,2134400
20160503,7.59,7.73,7.54,7.73,1796000
20160504,7.73,7.73,7.32,7.38,2306200
20160505,7.35,7.42,7.2,7.2,2450100
20160506,7.18,7.41,7.11,7.31,1194000
20160509,7.22,7.28,7.07,7.1,3311900
20160510,7.19,7.42,7.1,7.42,1473500
20160511,7.5,7.54,7.3,7.3,1620800
20160512,7.28,7.67,7.21,7.55,3046300
20160513,7.46,7.58,7.34,7.39,2323700
20160516,7.21,7.55,7.21,7.35,1608000
20160517,7.35,7.42,7.19,7.26,1979100
20160518,7.19,7.28,6.99,7.18,3256600
20160519,7.09,7.16,6.95,6.97,1677500
20160520,7.02,7.1,6.86,6.87,1687300
20160523,6.6,6.9,6.57,6.86,2313500
20160524,6.86,6.97,6.76,6.95,1671000
20160525,6.96,7.16,6.88,6.95,2042600
20160527,7.12,7.17,6.96,6.96,3671900
20160530,6.9,7,6.9,6.99,856700
20160531,6.94,7.2,6.9,7.12,4405400
20160601,7.05,7.16,6.95,7.01,2255400
20160602,7.03,7.05,6.86,6.93,1440400
20160603,6.89,7.07,6.89,7.07,1350900
20160606,7.12,7.14,6.87,6.88,1182400
20160607,6.87,7.19,6.76,7.16,1869900
20160608,7.16,7.29,7.07,7.07,2328600
20160609,7.11,7.11,6.86,6.98,2242600
20160610,6.98,6.99,6.7,6.75,1581800
20160613,6.65,6.72,6.61,6.65,2087100
20160614,6.65,6.68,6.41,6.5,3143200
20160615,6.41,6.76,6.41,6.69,4238500
20160616,6.6,6.67,6.47,6.65,2373500
20160617,6.66,6.78,6.52,6.73,3254300
20160620,6.9,6.92,6.72,6.82,1700300
20160621,6.83,7.01,6.83,6.95,3102100
20160622,6.95,6.99,6.74,6.8,1952900
20160623,6.89,6.99,6.72,6.96,1552200
20160624,6.75,6.82,6.52,6.58,3307600
20160627,6.58,6.58,6.27,6.39,2387600
20160628,6.46,6.65,6.35,6.64,2348100
20160629,6.65,6.81,6.65,6.8,2676800
20160630,6.71,6.84,6.62,6.84,2370800
20160701,6.85,7.07,6.78,7.04,1953900
20160704,7,7.12,6.88,6.9,1268200
20160705,6.84,6.94,6.79,6.87,3048800
20160706,6.87,6.87,6.7,6.81,2863000
20160707,6.87,7.02,6.79,6.97,3363100
20160708,7,7.2,6.96,7.14,3230000
20160711,7.23,7.34,7.14,7.34,3204200
20160712,7.43,7.47,7.28,7.31,2151400
20160713,7.33,7.62,7.28,7.62,3606400
20160714,7.75,7.83,7.47,7.78,3565000
20160715,7.85,7.85,7.65,7.72,2632600
20160718,7.72,7.83,7.63,7.76,1770800
20160719,7.8,7.87,7.7,7.87,2158200
20160720,7.9,7.95,7.78,7.85,3033400
20160721,7.79,8.01,7.77,7.96,1638300
20160722,7.91,8.08,7.9,8.02,1916200
20160725,8.02,8.02,7.78,7.95,2080300
20160726,7.88,8.35,7.85,8.25,4843900
20160727,8.25,8.37,8.13,8.35,2250900
20160728,8.38,8.44,8.14,8.38,2032300
20160729,8.29,8.48,8.26,8.31,3367900
20160801,8.29,8.47,8.24,8.4,2143500
20160802,8.3,8.41,8.2,8.2,2346800
20160803,8,8.43,8,8.43,1694100
20160804,8.39,8.51,8.31,8.4,1500100
20160805,8.4,8.44,8.09,8.16,1944100
20160808,8.2,8.33,8.11,8.28,968800
20160809,8.3,8.4,8.14,8.25,1611100
20160810,8.26,8.3,8.05,8.05,1384600
20160811,8.01,8.31,8.01,8.27,1894700
20160812,8.26,8.38,8.08,8.35,1571300
20160815,8.46,8.56,8.3,8.47,1820900
20160816,8.38,8.7,8.36,8.49,3003100
20160817,8.49,8.63,8.34,8.5,2744300
20160818,8.46,8.59,8.41,8.5,2164400
20160819,8.5,8.55,8.32,8.36,2028200
20160822,8.41,8.41,8.12,8.24,3063300
20160823,8.26,8.42,8.21,8.29,2360700
20160824,8.19,8.47,8.18,8.37,1689200
20160825,8.37,8.41,8.27,8.28,1544600
20160826,8.32,8.39,8.18,8.28,2579200
20160829,8.29,8.39,8.2,8.34,1942600
20160830,8.3,8.35,8.19,8.2,2083400
20160831,8.24,8.38,8.23,8.31,3256600
20160901,8.27,8.46,8.27,8.43,2527100
20160902,8.43,8.52,8.34,8.42,3929200
20160905,8.46,8.54,8.35,8.35,1409400
20160906,8.35,8.68,8.34,8.63,4322100
20160908,8.77,8.79,8.31,8.36,4305600
20160909,8.3,8.31,8.01,8.04,5662400
20160912,7.9,8.06,7.86,8,3446200
20160913,8.03,8.03,7.74,7.88,4599000
20160914,7.81,7.97,7.79,7.86,3460600
20160915,7.85,8.13,7.85,8.03,1605700
20160916,7.99,8.06,7.91,7.94,2799100
20160919,7.98,8.06,7.79,7.82,2108600
20160920,7.87,7.95,7.78,7.78,2574700
20160921,7.77,7.88,7.65,7.8,2612000
20160922,7.83,8.03,7.83,7.95,5792900
20160923,8.03,8.03,7.85,7.91,2962700
20160926,7.81,7.92,7.8,7.92,1464700
20160927,7.89,7.93,7.79,7.92,1427500
20160928,7.9,8.04,7.85,8.04,2487600
20160929,7.98,8.13,7.92,7.96,3525900
20160930,8.04,8.09,7.9,7.9,1913500
20161003,7.9,8.06,7.87,8.01,1793700
20161004,7.97,8.03,7.89,8.03,2415000
20161005,8.1,8.21,8.02,8.16,1907000
20161006,8.2,8.2,7.9,8.11,3695100
20161007,8.16,8.33,8.06,8.31,1717200
20161010,8.34,8.38,8.19,8.35,8383900
20161011,8.36,8.43,8.29,8.4,4821800
20161013,8.29,8.5,8.28,8.35,7493300
20161014,8.35,8.53,8.35,8.38,5019800
20161017,8.42,8.69,8.39,8.4,4433300
20161018,8.44,8.69,8.44,8.66,4760000
20161019,8.62,8.75,8.58,8.66,2818200
20161020,8.62,8.67,8.52,8.64,1810200
20161021,8.6,8.77,8.51,8.77,1695200
20161024,8.77,8.77,8.56,8.61,1650200
20161025,8.59,8.63,8.53,8.6,2245000
20161026,8.56,8.73,8.51,8.73,4192900
20161027,8.72,8.89,8.62,8.72,3411200
20161028,8.69,8.82,8.66,8.78,3055700
20161031,8.76,8.86,8.7,8.86,1850600
20161101,9,9.5,8.7,8.71,6423100
20161103,8.81,8.9,8.63,8.63,2450800
20161104,8.62,8.71,8.52,8.58,3583500
20161107,8.65,8.87,8.65,8.81,2866900
20161108,8.67,8.91,8.67,8.75,2635800
20161109,8.35,8.84,8.26,8.7,3236300
20161110,8.61,8.72,8.19,8.21,4201000
20161111,7.92,8.32,7.87,7.92,4045900
20161114,7.86,8.14,7.8,8.11,3428300
20161116,8.19,8.5,8.07,8.45,4368700
20161117,8.52,8.52,8.27,8.28,2419000
20161118,8.21,8.43,8.12,8.28,1641000
20161121,8.23,8.48,8.23,8.38,2558900
20161122,8.38,8.5,8.25,8.33,2703600
20161123,8.26,8.36,8.19,8.36,3123900
20161124,8.32,8.35,8.17,8.17,389300
20161125,8.06,8.34,7.95,8.24,1561100
20161128,8.16,8.31,8.07,8.3,2264900
20161129,8.21,8.29,8.12,8.14,1196800
20161130,8.24,8.46,8.12,8.3,4083700
20161201,8.11,8.13,7.78,7.9,5404100
20161202,7.77,8.01,7.59,7.98,3039900
20161205,8.02,8.03,7.77,7.89,1542700
20161206,7.79,8.17,7.79,8.17,1888500
20161207,8.21,8.27,8.03,8.2,2703200
20161208,8.3,8.4,8.1,8.3,3174900
20161209,8.39,8.39,8,8.06,1994200
20161212,7.99,8.08,7.85,7.97,2449300
20161213,7.91,8.12,7.79,7.89,2659700
20161214,7.89,7.9,7.64,7.64,3329500
20161215,7.63,7.74,7.46,7.71,3436400
20161216,7.75,7.88,7.65,7.65,3876800
20161219,7.69,7.74,7.56,7.56,1568200
20161220,7.6,7.74,7.59,7.72,2078400
20161221,7.75,7.8,7.63,7.76,2259700
20161222,7.74,7.77,7.55,7.62,1507100
20161223,7.66,7.69,7.56,7.61,1036700
20161226,7.67,7.69,7.6,7.64,500800
20161227,7.7,7.73,7.6,7.63,990800
20161228,7.63,7.85,7.62,7.75,1590300
20161229,7.78,7.86,7.63,7.83,2026500
20170102,7.74,7.83,7.66,7.73,624300
20170103,7.73,8.16,7.73,8.07,2690200
20170104,8,8.23,8,8.23,3289300
