<DTYYYYMMDD>,<OPEN>,<HIGH>,<LOW>,<CLOSE>,<VOL>
20100601,21.19,21.99,21.09,21.28,4586000
20100602,21.35,21.71,21.24,21.59,4521600
20100604,21.19,21.19,20.51,20.72,6818400
20100607,20.74,20.79,19.75,19.78,6967400
20100608,19.96,20.26,19.59,20.16,5716400
20100609,20.41,20.78,20.24,20.24,5715000
20100610,20.57,21.54,20.48,21.42,8299600
20100611,21.15,21.9,21.15,21.71,5419000
20100614,22,22.34,21.85,21.94,7211200
20100615,22.05,22.46,22.04,22.3,4608400
20100616,22.15,22.4,22.1,22.23,6457400
20100617,22.32,22.6,21.73,22.05,7448000
20100618,21.99,22.52,21.93,22.01,4841200
20100621,22.46,22.6,22.22,22.22,3329800
20100622,22.32,22.98,22.28,22.41,5414000
20100623,22.61,23.33,22.41,23.27,8858800
20100624,23.12,23.95,23.02,23.72,9885600
20100625,23.64,24.33,23.37,24.09,5761400
20100628,24.16,24.56,24.16,24.33,4519600
20100629,23.74,23.83,23.22,23.45,9261400
20100630,24.04,24.37,22.7,22.7,17310400
20100701,22.84,23.28,22.23,23.28,11320200
20100702,23.28,23.74,23.15,23.51,5187200
20100705,23.51,23.76,23.34,23.48,3967800
20100706,23.96,24.26,23.69,24.11,7659600
20100707,24.2,24.67,23.81,24.63,7361600
20100708,24.77,25.11,24.67,24.97,6789000
20100712,24.96,25.21,24.36,24.55,6090000
20100713,24.81,24.86,23.69,23.78,10216600
20100714,23.55,23.55,22.91,23.05,10446000
20100715,23.02,23.02,22.57,22.79,6139400
20100716,22.84,22.85,22.23,22.32,4974000
20100719,22.32,23.06,22.32,22.99,3994400
20100720,22.84,23.96,22.72,23.82,7560800
20100721,24.24,24.68,24.24,24.45,8451200
20100722,24.71,25.09,24.71,24.77,5479600
20100723,24.77,25.41,24.46,25.13,3975600
20100726,25.14,25.36,24.96,25.13,2947600
20100727,25.3,25.48,25.11,25.39,6381600
20100728,25.24,25.38,24.85,25,3512400
20100729,25.23,25.7,24.26,24.49,9120000
20100730,23.83,23.99,23.29,23.35,16346200
20100802,23.72,23.82,23.47,23.55,7248800
20100803,23.45,24.14,23.36,23.69,6715800
20100804,23.83,24.57,23.75,24.47,6863000
20100805,24.44,24.63,23.76,24.21,5324200
20100806,23.89,24.11,23.52,23.83,4569200
20100809,24.08,24.14,23.6,23.66,2739400
20100810,23.36,23.55,23.17,23.36,4920800
20100811,23,23.05,22.51,22.72,5773200
20100812,22.42,23.13,22.42,23.13,5648400
20100813,23.21,23.3,22.63,22.63,7152200
20100816,22.74,22.79,22.47,22.56,5391800
20100817,22.79,23.11,22.68,22.79,5161800
20100818,22.89,22.97,22.3,22.59,8452600
20100819,22.51,22.81,22.16,22.21,6307200
20100820,22.13,22.13,21.75,21.8,6009000
20100823,22.01,22.18,21.8,21.89,3799200
20100824,21.62,22.06,21.34,21.89,6971200
20100825,21.73,22.11,21.42,21.42,8322200
20100826,21.51,21.53,20.69,20.72,9885200
20100827,20.92,21.25,20.58,21.25,6091600
20100830,21.21,21.21,20.72,20.76,3609400
20100831,20.76,21.07,20.54,20.78,4610400
20100901,20.98,21.59,20.97,21.4,6059200
20100902,21.38,21.49,20.93,21.16,5791200
20100903,21.56,21.6,20.79,21,6388400
20100906,21.12,21.17,20.9,21.05,1300400
20100908,20.91,21.5,20.91,21.31,7774200
20100909,21.52,21.55,21.23,21.36,3639000
20100910,21.38,21.42,21.02,21.06,3493200
20100913,21.33,21.42,21.24,21.24,5614400
20100914,21.14,21.21,20.78,20.86,9499800
20100915,20.7,20.84,20.61,20.69,6867600
20100916,20.72,21.05,20.59,20.93,9860200
20100917,20.98,21.11,20.62,20.62,5352400
20100920,20.69,21.08,20.68,21.05,5133400
20100921,21,21.46,20.88,21.4,7055400
20100922,21.33,21.64,21.23,21.42,7223600
20100923,21.28,21.66,21.14,21.31,7569000
20100924,21.47,21.61,20.91,20.93,9032600
20100927,21.14,21.32,20.73,21.23,3686200
20100928,21.56,21.94,21.44,21.8,5518700
20100929,21.83,22.11,21.28,21.28,5915100
20100930,21.57,21.66,21.24,21.42,4971800
20101001,21.71,21.79,20.98,21.32,6635700
20101004,21.38,21.38,21.04,21.14,4834600
20101005,21.4,21.56,21.2,21.33,4441600
20101006,21.31,21.39,20.68,20.86,4884100
20101007,20.95,21.01,20.12,20.32,6784200
20101008,20.41,20.62,20.07,20.35,6016800
20101011,20.4,20.46,20.09,20.18,3441300
20101013,20.33,20.4,19.87,19.98,7652000
20101014,19.99,20.24,19.63,20.11,7569200
20101015,20.43,20.61,20.16,20.61,5781200
20101018,20.48,20.84,20.31,20.31,4166100
20101019,20.06,20.21,19.57,19.84,4528800
20101020,19.86,19.89,19.04,19.12,9187700
20101021,19.25,19.47,18.68,19.08,4966400
20101022,19.86,20.18,19.49,19.65,10708800
20101025,19.9,19.98,19.19,19.22,4155800
20101026,18.98,19.22,18.76,19.15,6164900
20101027,19.07,19.65,19.01,19.14,5150900
20101028,19.81,20.23,19.47,20.01,10801600
20101029,20.21,20.57,20.05,20.27,6531100
20101101,20.43,20.81,20.28,20.51,2980500
20101103,20.71,20.72,20.28,20.49,5047300
20101104,20.74,21.34,20.64,21.32,7048300
20101105,21.21,21.47,20.95,21.27,5955500
20101108,21.19,21.92,21.17,21.9,5496100
20101109,21.96,22.05,21.34,21.44,4470900
20101110,21.29,21.89,21.02,21.67,3210300
20101111,21.49,21.66,21.3,21.53,2647000
20101112,21.15,21.36,20.83,21.16,2949000
20101116,20.91,21.03,20.24,20.42,4441700
20101117,20.49,20.91,20.18,20.37,2954800
20101118,20.81,20.98,20.55,20.64,4188000
20101119,20.44,20.77,20.37,20.62,2622900
20101122,20.63,20.67,19.68,19.75,5982600
20101123,19.37,19.5,18.92,18.95,6393800
20101124,19.21,19.38,19.04,19.3,5804800
20101125,19.33,19.33,19.01,19.07,3197200
20101126,18.8,18.82,18.44,18.47,5753400
20101129,18.38,18.8,18.07,18.39,5289500
20101130,18.25,18.38,17.85,17.85,7773000
20101201,18.15,18.33,17.96,18.1,7149900
20101202,18.24,18.31,18,18.04,7049700
20101203,18.1,18.13,17.68,17.93,5969600
20101206,18.06,18.6,17.96,18.57,6937700
20101207,18.86,19.16,18.52,18.52,7105600
20101208,18.41,18.56,18.04,18.04,5191200
20101209,18.15,18.33,17.9,17.99,4673600
20101210,18.18,18.3,18.04,18.3,4224900
20101213,18.52,19.07,18.45,19.01,6110400
20101214,18.97,19.02,18.54,18.68,4909300
20101215,18.52,18.59,18.15,18.26,5309300
20101216,18.3,18.48,18.01,18.22,3949100
20101217,18.14,18.59,18.04,18.27,3425900
20101220,18.38,18.5,17.88,18.04,5127100
20101221,18.19,18.62,18.1,18.6,4355400
20101222,18.47,18.6,18.2,18.23,3519700
20101223,18.27,18.31,18.07,18.11,3237000
20101227,17.95,18.08,17.82,17.85,3057700
20101228,17.96,17.99,17.47,17.48,5425100
20101229,17.69,17.96,17.61,17.96,3245400
20101230,18.13,18.48,17.98,18.48,4719400
20110103,18.66,18.83,18.42,18.49,4978300
20110104,18.57,19.23,18.48,19.23,8482300
20110105,19,19.77,18.93,19.67,8466600
20110106,19.67,19.82,19.35,19.53,8275700
20110107,19.53,19.9,19.51,19.86,8020900
20110110,19.53,19.82,19.51,19.57,4974200
20110111,19.77,19.96,19.4,19.95,6604100
20110112,20.12,20.25,20.02,20.15,6593000
20110113,20.12,20.14,19.5,19.57,6238300
20110114,19.49,19.75,19.21,19.62,6335700
20110117,19.47,19.63,19.38,19.47,2302600
20110118,19.63,19.68,19.2,19.22,5650300
20110119,19.27,19.32,18.75,18.76,5134000
20110120,18.72,19.11,18.52,19.09,6396500
20110121,19.24,19.51,18.96,19.04,4725700
20110124,19.04,19.18,18.75,18.8,3470600
20110126,18.8,18.88,18.14,18.23,6942100
20110127,18.39,18.69,18.22,18.22,7457600
20110128,18.35,18.59,17.62,18.03,8795800
20110131,18.1,19.04,18.1,18.74,8596400
20110201,19,19.65,18.9,19.42,7074400
20110202,19.42,19.42,18.54,18.61,6277300
20110203,18.56,18.9,18.34,18.77,4259500
20110204,18.85,19.05,18.21,18.27,5648500
20110207,18.46,18.47,18.04,18.35,3254700
20110208,18.25,18.77,18.22,18.56,4072000
20110209,18.52,18.6,17.97,18.11,4178600
20110210,18.11,18.56,17.94,18.42,5726600
20110211,18.59,18.76,18.37,18.37,6718600
20110214,18.42,18.61,18.13,18.26,5461600
20110215,18.22,18.48,18.1,18.13,4877100
20110216,18.33,18.99,18.22,18.94,7435900
20110217,19.14,19.65,18.83,19.57,9555300
20110218,19.47,20.49,19.39,20.28,13812100
20110221,20.15,20.16,19.69,19.69,4353600
20110222,19.38,19.81,19.29,19.36,6720400
20110223,18.9,19.09,18.36,18.36,16031500
20110224,18.37,18.41,17.92,17.98,11225100
20110225,18.22,18.41,17.94,17.94,7225600
20110228,18.05,18.32,18.05,18.32,5294400
20110301,18.45,18.58,17.6,17.65,6755900
20110302,17.68,18.37,17.66,18.27,7747200
20110303,18.44,19.43,18.37,19.33,14848500
20110304,19.33,20.06,19,20.06,13217600
20110309,19.84,20.36,19.68,19.91,5476600
20110310,19.64,19.7,19.02,19.42,4960200
20110311,19.28,20.46,19.16,20.33,12860200
20110314,20.16,21.02,20,20.75,9580400
20110315,20.11,20.73,19.86,20.48,12342300
20110316,20.7,20.91,20.15,20.3,11216300
20110317,20.58,20.7,19.92,20.15,5301000
20110318,20.4,20.64,20.21,20.33,5206500
20110321,20.52,20.78,19.81,19.83,6084400
20110322,19.98,20.33,19.67,19.89,4657900
20110323,19.82,20.11,19.78,19.88,4144900
20110324,20.05,20.08,19.32,19.52,5649200
20110325,19.53,19.66,18.88,18.9,8126300
20110328,18.94,19.02,18.39,18.53,6904500
20110329,18.56,18.88,18.4,18.72,5390200
20110330,18.88,19.06,18.7,19.05,4567900
20110331,19.11,19.25,18.99,19.18,3694500
20110401,19.3,19.43,19.05,19.31,3846300
20110404,19.43,19.48,19.25,19.32,2141100
20110405,19.33,19.43,18.87,19.33,4466100
20110406,19.33,19.33,18.96,19.18,3543800
20110407,19.09,19.2,18.86,19.2,4818300
20110408,19.2,19.28,18.9,19.16,4677900
20110411,19.1,19.12,18.48,18.49,6439800
20110412,18.45,18.46,17.84,17.97,9503900
20110413,18.07,18.18,17.3,17.31,12422800
20110414,17.34,17.51,16.9,17.01,7330400
20110415,17.06,17.21,16.8,17.12,6552900
20110418,16.97,17,16.59,16.66,4719900
20110419,16.85,16.95,16.56,16.76,4596000
20110420,17.07,17.07,16.76,16.9,6259500
20110425,17.09,17.16,16.85,16.95,2776800
20110426,17,17.09,16.87,16.9,3007700
20110427,16.56,16.79,16.22,16.22,8487300
20110428,16.11,16.11,15.61,15.74,7138900
20110429,15.74,15.98,15.48,15.69,7815800
20110502,15.76,15.91,15.13,15.13,6837100
20110503,15.07,15.27,14.6,14.6,9156100
20110504,14.73,14.85,14.42,14.57,7490800
20110505,14.47,15.2,14.42,14.69,8217100
20110506,15.06,15.31,14.83,14.96,6296600
20110509,14.99,15.13,14.6,14.6,5103200
20110510,14.75,15.05,14.51,14.8,4029500
20110511,14.72,14.83,14.55,14.76,5805800
20110512,14.58,14.92,14.57,14.78,3968500
20110513,14.91,14.92,14.61,14.64,4826300
20110516,14.56,14.72,14.08,14.44,4808100
20110517,14.46,15,14.3,14.76,4976200
20110518,14.81,15.15,14.69,14.69,5675300
20110519,14.83,14.96,14.36,14.55,5635200
20110520,14.6,14.63,14.28,14.33,5699700
20110523,14.08,14.22,13.99,14.08,4409900
20110524,14.25,14.3,14,14.04,5272500
20110525,14.04,14.17,13.9,14.04,4714100
20110526,14.08,14.5,14.02,14.47,5755000
20110527,14.57,14.71,14.49,14.49,3537300
20110530,14.62,14.66,14.3,14.38,2026700
20110531,14.61,14.74,14.35,14.72,4402000
20110601,14.62,14.82,14.37,14.37,3739000
20110602,14.38,14.85,14.23,14.85,4044700
20110603,14.74,14.94,14.62,14.64,5087100
20110606,14.71,14.71,14.01,14.04,4009400
20110607,14.18,14.3,13.85,13.85,4058800
20110608,13.85,13.87,13.66,13.7,5430100
20110609,13.69,13.93,13.66,13.9,4312300
20110610,13.9,13.91,13.62,13.62,4115900
20110613,13.69,13.69,13.37,13.39,2883400
20110614,13.46,13.61,13.42,13.5,3788500
20110615,13.35,13.49,13.16,13.21,6146200
20110616,13.17,13.55,12.92,12.92,4382400
20110617,13.03,13.09,12.77,12.84,5063300
20110620,12.72,12.87,12.65,12.69,5741700
20110621,12.76,12.93,12.59,12.93,5389000
20110622,12.86,13.16,12.77,12.78,4986700
20110624,12.83,12.86,12.54,12.56,3696100
20110627,12.64,12.68,12.48,12.61,4190900
20110628,12.65,12.94,12.65,12.8,3643300
20110629,12.88,13.56,12.78,13.41,7669900
20110630,13.5,13.62,13.1,13.31,6486500
20110701,13.31,13.68,13.13,13.51,6692600
20110704,13.5,13.81,13.4,13.81,2113600
20110705,13.78,13.83,13.48,13.58,3780000
20110706,13.48,13.51,13.27,13.4,3561700
20110707,13.56,13.6,13.01,13.06,4062400
20110708,13.03,13.1,12.92,13.05,3110100
20110711,12.82,12.9,12.51,12.51,4293500
20110712,12.46,12.59,11.99,12,6830600
20110713,12.06,12.24,11.99,12.1,3854900
20110714,12.04,12.04,11.66,11.9,5445200
20110715,11.93,12.06,11.61,11.62,4380800
20110718,11.55,11.56,11.23,11.36,4497300
20110719,11.39,11.43,11.07,11.31,7310500
20110720,11.31,11.46,11.19,11.25,4163500
20110721,11.32,11.77,11.23,11.69,6248700
20110722,11.75,11.85,11.3,11.3,5854300
20110725,11.14,11.31,11.09,11.14,4409400
20110726,11.11,11.17,10.71,10.73,6577600
20110727,10.59,10.83,10.35,10.71,9805100
20110728,10.73,11.01,10.72,10.92,6576600
20110729,10.78,10.9,10.64,10.83,4890300
20110801,10.97,11.02,10.51,10.51,6437000
20110802,10.5,10.9,10.4,10.62,8008800
20110803,10.57,10.61,10.06,10.41,8034300
20110804,10.11,10.22,9.71,9.82,9476600
20110805,9.76,10.39,9.58,10.39,9912700
20110808,9.79,10.16,9.62,9.76,12095000
20110809,9.91,10.27,9.68,10.2,12771000
20110810,9.95,10.56,9.89,10.56,13198500
20110811,10.67,12.25,10.55,11.95,12762600
20110812,11.9,13.08,11.73,13.06,18657900
20110815,13.24,13.83,12.43,12.52,15391600
20110816,12.24,12.58,11.82,12.22,10571500
20110817,12.38,12.51,12,12.38,10320100
20110818,11.99,12.04,11.46,11.85,9197300
20110819,11.63,12.38,11.56,11.91,7431500
20110822,12.24,12.59,12.15,12.33,7688300
20110823,12.56,13.11,12.39,13.11,8732300
20110824,13.15,13.33,12.68,12.86,8112500
20110825,12.72,12.92,12.25,12.34,8341400
20110826,12.24,12.33,11.82,11.9,7568100
20110829,12.09,12.36,11.67,11.67,7455600
20110830,11.67,11.98,11.54,11.56,11299100
20110831,11.68,11.81,11.49,11.65,8537300
20110901,11.86,12.03,11.72,11.75,7937400
20110902,11.61,11.61,11.09,11.27,8633900
20110905,11.03,11.07,10.86,10.91,3897500
20110906,10.78,11.38,10.69,11.38,5938600
20110908,11.96,12.08,11.55,11.61,12779700
20110909,11.62,12.01,11.51,11.61,9997900
20110912,11.41,11.51,11.08,11.36,6472000
20110913,11.56,11.56,11.25,11.36,3864200
20110914,11.48,11.93,11.37,11.76,8519500
20110915,11.97,12.07,11.76,11.79,5515700
20110916,11.89,12.07,11.85,11.94,4041400
20110919,11.75,12.24,11.61,12.17,6470600
20110920,12.27,12.35,11.72,11.72,8032300
20110921,11.85,12.42,11.76,11.93,12965800
20110922,11.51,11.86,11.36,11.45,9965300
20110923,11.42,11.62,11.19,11.27,6481500
20110926,11.5,11.5,10.94,11.15,6448400
20110927,11.41,11.43,11.12,11.14,5618300
20110928,11.23,11.36,10.88,10.88,4438600
20110929,11.02,11.07,10.55,10.59,6901500
20110930,10.49,10.63,10.21,10.22,7223300
20111003,10.16,10.38,9.96,9.96,6173500
20111004,9.84,9.99,9.72,9.93,5846500
20111005,10.01,10.18,9.72,10.07,7093100
20111006,10.25,10.44,10.14,10.27,6506500
20111007,10.39,10.42,9.94,10.1,6763700
20111010,10.1,10.68,10.1,10.68,5047900
20111011,10.57,10.76,10.47,10.5,6024800
20111013,10.67,10.68,10.22,10.51,9894000
20111014,10.55,10.82,10.51,10.82,5858000
20111017,10.72,10.78,10.31,10.31,5087900
20111018,10.3,10.7,10.12,10.62,6279700
20111019,10.62,10.66,10.34,10.35,5830100
20111020,10.29,10.42,10.15,10.42,5813800
20111021,10.49,10.93,10.47,10.93,6859500
20111024,11.08,11.46,11.04,11.41,7263300
20111025,11.31,11.63,11.21,11.36,6650500
20111026,11.52,11.6,11.31,11.44,4100200
20111027,11.85,12.32,11.81,12.14,9375600
20111028,12.05,12.29,11.87,11.99,3826900
20111031,11.7,11.82,11.46,11.46,4122000
20111101,10.98,11.49,10.97,11.17,6884600
20111103,11.46,11.5,11.18,11.27,4948300
20111104,11.31,11.57,10.98,11.53,4935600
20111107,11.54,11.73,11.48,11.51,4833300
20111108,11.55,11.75,11.38,11.68,7312400
20111109,11.46,11.61,11.23,11.51,7804300
20111110,11.61,11.73,11.47,11.63,4282300
20111111,11.75,12.14,11.75,12.04,4111700
20111114,11.98,11.99,11.68,11.7,3574500
20111116,11.65,11.88,11.52,11.64,4748700
20111117,11.75,12.05,11.36,11.58,7783400
20111118,11.76,11.84,11.6,11.64,5601200
20111121,11.49,11.67,11.38,11.53,5923400
20111122,11.57,11.63,11.18,11.18,4487800
20111123,11.02,11.04,10.47,10.58,6854400
20111124,10.66,10.68,10.16,10.21,7548700
20111125,10.09,10.43,10.01,10.29,4568800
20111128,10.73,11.03,10.59,10.59,11304600
20111129,10.59,10.62,9.88,9.92,12685700
20111130,10.14,10.43,10.06,10.06,8448900
20111201,10.28,10.44,10.21,10.34,6596000
20111202,10.57,10.62,10.27,10.31,4486500
20111205,10.48,10.63,10.39,10.59,5183200
20111206,10.5,10.91,10.41,10.79,4752000
20111207,10.77,10.77,10.34,10.41,5507600
20111208,10.48,10.58,10.11,10.14,4853100
20111209,10.28,10.32,10.14,10.19,4447400
20111212,10.1,10.12,9.88,9.95,5577400
20111213,10.05,10.15,9.87,9.89,7744200
20111214,9.91,9.98,9.79,9.89,9619700
20111215,9.96,10.1,9.83,9.85,4254800
20111216,9.91,9.98,9.71,9.71,4916500
20111219,9.71,9.83,9.43,9.53,5235700
20111220,9.55,9.83,9.54,9.77,4707000
20111221,9.74,9.99,9.69,9.97,4513800
20111222,9.98,10.15,9.94,10.07,2963200
20111223,10.08,10.18,10.03,10.18,2753200
20111226,10.16,10.23,10.13,10.16,879400
20111227,10.15,10.29,10.14,10.29,2438500
20111228,10.3,10.31,9.97,10.05,3729900
20111229,10.09,10.19,9.86,9.86,4881600
20120102,9.86,10.23,9.79,10.23,4216900
20120103,10.24,10.54,10.2,10.51,5198100
20120104,10.4,10.49,10.24,10.28,4924100
20120105,10.26,10.28,10.02,10.09,4931400
20120106,10.1,10.27,9.95,10.1,6424600
20120109,10.16,10.34,10.14,10.28,4050400
20120110,10.49,10.66,10.39,10.62,5869400
20120111,10.59,10.81,10.52,10.75,5476800
20120112,10.88,11.04,10.7,11,6676900
20120113,10.99,11.07,10.61,10.64,4814100
20120116,10.62,10.86,10.55,10.81,2629700
20120117,10.88,11.01,10.73,10.73,3321800
20120118,10.74,10.88,10.61,10.84,5469300
20120119,10.91,11.04,10.71,10.71,5624800
20120120,10.73,11.15,10.6,11.15,6672800
20120123,11.21,11.61,11.19,11.33,8003400
20120124,11.25,11.36,10.99,11.31,6330200
20120126,11.47,11.54,11.27,11.27,4836900
20120127,11.29,11.41,11.17,11.37,3445900
20120130,11.24,11.41,11.09,11.33,2901600
20120131,11.41,11.48,11.28,11.38,3862300
20120201,11.5,11.64,11.39,11.45,4401200
20120202,11.42,11.52,11.25,11.37,3788000
20120203,11.27,11.87,11.27,11.65,8417500
20120206,11.7,11.74,11.5,11.62,3124600
20120207,11.54,11.87,11.53,11.82,4093500
20120208,11.9,11.94,11.74,11.81,4534600
20120209,11.76,12.07,11.76,12.04,7372000
20120210,11.81,11.98,11.51,11.51,7591000
20120213,11.7,11.84,11.61,11.84,4650000
20120214,11.9,11.93,11.56,11.64,3732800
20120215,11.77,11.83,11.35,11.62,7036800
20120216,11.44,11.61,11.42,11.55,5157800
20120217,11.57,11.74,11.53,11.64,4588600
20120222,11.64,11.77,11.54,11.64,3573700
20120223,11.62,11.7,11.51,11.53,4143900
20120224,11.58,11.61,11.48,11.52,2486700
20120227,11.41,11.5,11.28,11.35,2977100
20120228,11.33,11.51,11.29,11.41,4187600
20120229,11.5,11.6,11.29,11.31,5575000
20120301,11.31,11.65,11.31,11.57,5627600
20120302,11.65,11.91,11.61,11.83,6410600
20120305,11.91,12.33,11.91,12.16,11597900
20120306,12.02,12.11,11.67,11.8,6817900
20120307,11.88,11.93,11.37,11.54,9735600
20120308,11.65,11.77,11.41,11.66,6953300
20120309,11.73,11.83,11.61,11.66,4068100
20120312,11.55,11.89,11.51,11.82,5039500
20120313,11.91,12.38,11.86,12.35,6938700
20120314,12.41,13.01,12.38,13.01,10712500
20120315,12.88,13.29,12.83,13.14,7590300
20120316,13.21,13.26,12.93,13.22,4641800
20120319,13.2,13.37,13.02,13.33,5081100
20120320,13.02,13.33,12.94,13.33,6342500
20120321,13.29,13.39,12.8,12.8,6998000
20120322,12.58,12.77,12.39,12.64,5216200
20120323,12.79,13.04,12.61,12.8,5783200
20120326,12.99,13.08,12.62,12.66,6269500
20120327,12.66,12.71,11.91,11.92,11712400
20120328,11.83,11.9,11.49,11.74,9487500
20120329,11.59,11.9,11.55,11.75,4021000
20120330,11.95,11.96,11.69,11.74,5281900
20120402,11.8,12.24,11.69,12.06,5741200
20120403,12.06,12.16,11.54,11.82,4364600
20120404,11.68,11.92,11.64,11.8,3426500
20120405,11.72,12,11.64,11.78,4516100
20120409,11.59,11.68,11.42,11.62,3505600
20120410,11.63,11.63,11.19,11.35,6303300
20120411,11.44,11.48,11.11,11.18,4110500
20120412,11.03,11.16,10.85,11.12,8008100
20120413,11.04,11.22,10.82,10.99,4438200
20120416,11.01,11.19,10.87,11.01,3719600
20120417,11.09,11.53,11.01,11.44,5658800
20120418,11.44,11.91,11.34,11.7,8545100
20120419,11.68,11.8,11.35,11.45,4971900
20120420,11.53,11.64,11.35,11.39,2369200
20120423,11.1,11.16,10.88,11.1,4045100
20120424,10.85,11,10.7,11,6161800
20120425,11.11,11.41,10.85,11.01,4936900
20120426,10.81,11,10.8,10.9,4086800
20120427,10.94,10.99,10.74,10.77,3321200
20120430,10.75,10.85,10.59,10.67,2817300
20120502,10.66,10.76,10.47,10.74,2765100
20120503,10.74,10.83,10.51,10.56,3650700
20120504,10.45,10.55,10.02,10.02,8656500
20120507,9.87,10.09,9.79,9.97,7728100
20120508,9.94,9.95,9.71,9.95,8487100
20120509,9.87,10.1,9.79,9.95,5168700
20120510,10.05,10.33,10,10.13,5177300
20120511,10.01,10.3,9.93,10.12,3778600
20120514,9.97,10.05,9.77,9.81,3440400
20120515,9.81,10,9.63,9.72,5284800
20120516,9.82,9.95,9.72,9.82,6003000
20120517,9.95,9.95,9.28,9.29,7453200
20120518,9.28,9.33,8.89,9.18,7166800
20120521,9.14,9.71,9.14,9.52,6860700
20120522,9.62,9.75,9.2,9.3,6931300
20120523,9.24,9.42,8.94,9.19,6068600
20120524,9.27,9.32,8.82,8.99,6431700
20120525,8.9,9.32,8.84,9.01,4164200
20120528,9.14,9.19,9.01,9.06,1395900
20120529,9.14,9.16,8.85,8.88,4214500
20120530,8.81,8.87,8.54,8.7,5448700
20120531,8.76,8.76,8.31,8.31,14273000
20120601,8.01,8.29,7.97,8.17,7076000
20120604,8.29,8.35,7.97,7.97,4877200
20120605,8.04,8.08,7.52,7.6,9632400
20120606,7.68,7.77,7.34,7.34,18084200
20120608,7.57,7.62,7.2,7.51,10091200
20120611,7.65,7.93,7.6,7.76,9398100
20120612,7.83,7.86,7.47,7.63,8959500
20120613,7.57,7.72,7.44,7.72,10862600
20120614,7.62,7.79,7.56,7.6,5128600
20120615,7.62,7.62,7.09,7.28,13841200
20120618,7.26,7.26,6.87,6.88,11362500
20120619,6.91,7.07,6.49,7.04,19321100
20120620,7.07,7.23,6.88,6.88,15529300
20120621,6.84,6.84,6.52,6.52,9840800
20120622,6.55,6.63,6.33,6.34,8440600
20120625,6.19,6.25,6.04,6.07,5001600
20120626,6.11,6.33,5.98,6.32,10289200
20120627,6.34,6.39,5.92,5.98,10047600
20120628,5.93,6.2,5.88,5.91,9574500
20120629,6.19,6.27,6.1,6.17,6331500
20120702,6.17,6.28,6.11,6.11,5348100
20120703,6.14,6.77,6.01,6.61,15481000
20120704,6.57,7.06,6.53,6.83,10206000
20120705,6.93,6.97,6.6,6.7,9109100
20120706,6.64,6.68,6.38,6.43,7188800
20120710,6.53,6.54,6.03,6.03,7847400
20120711,6.11,6.16,5.92,5.96,6894600
20120712,5.91,6.27,5.69,6.21,13152900
20120713,6.3,6.48,6.19,6.19,6331900
20120716,6.16,6.22,5.83,5.83,7738800
20120717,5.89,5.97,5.77,5.81,7196400
20120718,5.8,6.05,5.78,6.03,7931700
20120719,6.09,6.17,5.97,6.01,6031300
20120720,5.95,5.99,5.79,5.81,5409200
20120723,5.67,5.67,5.44,5.58,7469200
20120724,5.61,5.66,5.46,5.49,4412200
20120725,5.57,5.63,5.48,5.55,4273000
20120726,5.63,5.94,5.56,5.83,7868000
20120727,5.97,6.62,5.9,6.48,14528200
20120730,6.5,6.94,6.47,6.85,16156900
20120731,6.94,7.32,6.93,7.21,16780300
20120801,7.33,7.33,6.96,7.09,7757100
20120802,6.93,7.21,6.89,7.07,7342200
20120803,7.28,7.72,7.23,7.72,11743800
20120806,7.72,8.43,7.67,8.33,16293700
20120807,8.47,8.69,7.62,7.62,19299200
20120808,7.5,8.13,7.41,8.06,15515200
20120809,8,8.06,7.61,7.84,12935700
20120810,7.69,7.92,7.54,7.84,7255500
20120813,7.73,8,7.7,7.97,5837300
20120814,8.01,8.34,7.82,7.86,10851300
20120815,7.82,7.98,7.48,7.66,15430100
20120816,7.81,8.01,7.73,7.86,9831700
20120817,7.96,8.05,7.68,7.78,5505300
20120820,7.74,7.87,7.66,7.84,5121600
20120821,7.96,8.15,7.92,7.95,9464600
20120822,7.9,8.54,7.88,8.44,14568800
20120823,8.4,8.75,8.27,8.5,11648200
20120824,8.26,8.36,8.14,8.22,10887200
20120827,8.12,8.25,7.98,8.02,5639500
20120828,8.02,8.3,7.93,8,5916100
20120829,8.03,8.09,7.66,7.68,8832600
20120830,7.71,7.81,7.58,7.7,5317400
20120831,7.79,7.96,7.72,7.96,10513800
20120903,8.08,8.08,7.92,8.01,5197400
20120904,7.96,8.1,7.77,7.89,6372300
20120905,8.6,9.43,8.52,9.3,41088400
20120906,9.28,9.91,9.14,9.41,27905200
20120910,9.77,9.87,9.4,9.5,14224300
20120911,9.53,9.76,9.44,9.72,10490200
20120912,9.84,10.51,9.83,10.51,19126100
20120913,10.49,11.92,10.32,11.92,27018200
20120914,11.84,12.67,11.15,11.64,24491300
20120917,11.45,11.55,11.04,11.23,11453000
20120918,11.14,11.32,10.96,11.24,6436300
20120919,11.37,11.66,11.15,11.21,7815200
20120920,11.07,11.33,10.96,11.3,4906000
20120921,11.34,11.54,11.28,11.28,5065400
20120924,11.33,11.38,10.7,10.93,10095400
20120925,10.7,10.76,9.89,10,20213300
20120926,9.8,10.42,9.61,10.18,16058000
20120927,10.4,10.56,10.07,10.13,11099300
20120928,10.08,10.27,9.89,9.89,6741800
20121001,9.94,10.26,9.84,9.87,7810500
20121002,9.94,10.1,9.73,9.91,5625000
20121003,10,10.18,9.9,9.97,6560300
20121004,10.01,10.23,9.93,10.09,5564700
20121005,10.23,10.41,9.93,9.93,7642200
20121008,9.75,10.08,9.74,10.07,5420100
20121009,10.14,10.21,9.88,10.02,4878200
20121010,9.97,10.03,9.29,9.29,17093200
20121011,9.37,9.5,9.15,9.34,9534100
20121015,9.4,9.85,9.14,9.85,10611900
20121016,9.94,10.21,9.87,10.09,9730600
20121017,10.16,10.4,10,10.31,9167300
20121018,10.26,10.29,9.98,10.16,6956700
20121019,10.13,10.22,9.72,9.77,6910500
20121022,9.84,10.16,9.63,10.05,6306100
20121023,9.87,10.03,9.79,9.87,4609700
20121024,9.95,10.06,9.72,9.72,4520800
20121025,9.88,10.05,9.83,9.87,4389100
20121026,9.75,9.94,9.41,9.48,6284100
20121029,9.44,9.69,9.31,9.68,3550300
20121030,9.76,9.85,9.68,9.82,2402500
20121031,9.86,9.91,9.54,9.59,4943200
20121101,9.43,10.16,9.21,10.06,14245400
20121105,9.89,10.19,9.85,10.04,5872800
20121106,10.12,10.89,10.05,10.72,13537100
20121107,10.7,10.93,10.42,10.56,11304200
20121108,10.63,10.93,10.57,10.65,9604800
20121109,10.59,10.88,10.31,10.42,8358700
20121112,10.56,10.78,10.46,10.56,10768800
20121113,10.56,10.64,10.34,10.52,7938200
20121114,10.42,10.74,10.32,10.51,9902900
20121116,10.45,10.57,10.26,10.46,7159500
20121119,10.57,11.13,10.51,11.13,7629000
20121121,11.11,11.41,10.89,11.04,7690000
20121122,11.27,11.29,10.91,11.07,3446300
20121123,11.02,11.62,10.96,11.53,6797600
20121126,11.46,11.61,11.29,11.48,6487900
20121127,11.52,11.78,11.39,11.39,6472600
20121128,11.29,11.77,11.18,11.75,6155300
20121129,11.84,12.6,11.71,12.46,11975200
20121130,12.43,12.69,12.02,12.22,11313700
20121203,12.33,12.76,12.28,12.76,6086300
20121204,12.72,13.03,12.66,12.7,5751300
20121205,12.84,12.91,11.94,11.99,10788900
20121206,11.92,12.25,11.58,11.62,8815100
20121207,11.68,12.24,11.64,12.15,6128800
20121210,12.15,12.48,11.93,12.18,5459000
20121211,12.27,12.42,12.18,12.36,4004900
20121212,12.34,12.34,11.83,11.88,8311400
20121213,11.83,12.19,11.78,11.83,4104600
20121214,11.78,11.86,11.2,11.2,12735400
20121217,11.13,11.38,10.96,11.2,4302900
20121218,11.41,12.05,11.35,12.04,10142000
20121219,12.08,12.67,11.92,12.35,8888100
20121220,12.39,12.58,12.14,12.45,7258500
20121221,12.26,12.44,12.08,12.37,4766400
20121226,12.32,12.63,12.32,12.59,1826400
20121227,12.56,12.64,12.14,12.41,3793400
20121228,12.41,12.8,12.39,12.51,4101600
20130102,12.83,13.33,12.8,12.95,7382900
20130103,12.9,13.14,12.86,12.93,4595200
20130104,12.93,13.04,12.26,12.26,13216900
20130107,12.38,12.38,11.97,12.03,5355300
20130108,12.11,12.18,11.63,11.64,9964400
20130109,11.73,11.86,11.44,11.63,6510800
20130110,11.84,11.92,11.63,11.77,5070400
20130111,11.85,11.89,11.71,11.82,4300900
20130114,11.89,12.2,11.83,12.17,5338300
20130115,12.2,12.31,12,12.04,5084800
20130116,12.02,12.1,11.79,11.92,3257200
20130117,11.94,12.21,11.89,12.18,3218400
20130118,12.3,12.31,11.99,12.02,4560700
20130121,12.05,12.13,11.74,11.76,4296900
20130122,11.63,11.68,10.98,11.04,11339700
20130123,11.01,11.06,10.62,10.75,12240900
20130124,10.8,10.91,10.26,10.33,9062900
20130128,10.41,10.48,9.92,10.12,8027300
20130129,10.1,10.51,10,10.38,9516700
20130130,10.44,10.44,9.93,10.02,6179700
20130131,10.08,10.23,9.92,10.11,7033200
20130201,10.23,10.33,9.99,10.06,4742000
20130204,9.99,9.99,9.63,9.71,7975400
20130205,9.72,9.91,9.59,9.8,6881200
20130206,9.87,10.13,9.69,10.04,6312600
20130207,10.09,10.17,9.82,10.03,6758300
20130208,9.97,10.13,9.9,10.13,4502000
20130213,10.2,10.31,10.08,10.13,4051300
20130214,10.08,10.19,9.98,10.16,3714700
20130215,10.14,10.23,9.91,9.91,6095800
20130218,9.92,9.93,9.54,9.58,5432900
20130219,9.48,9.82,9.43,9.55,9420500
20130220,9.68,9.86,9.12,9.25,10036900
20130221,9.26,9.38,8.95,9.17,8401800
20130222,9.24,9.24,9.01,9.03,6264100
20130225,9.13,9.81,8.8,9.65,11090600
20130226,9.53,9.98,9.2,9.75,16000700
20130227,9.76,9.9,9.33,9.45,9868900
20130228,9.47,9.76,9.29,9.58,6088400
20130301,9.47,9.6,9.36,9.47,6076800
20130304,9.36,9.75,9.29,9.63,6091500
20130305,9.71,9.91,9.42,9.42,7510700
20130306,9.62,10.32,9.49,10.11,7817500
20130307,10.25,10.62,10.21,10.33,8242300
20130308,10.26,10.34,10.02,10.09,4046700
20130311,10.02,10.32,10.02,10.18,4616400
20130312,10.12,10.54,10.12,10.44,6641800
20130313,10.45,10.65,10.3,10.38,11065400
20130314,10.53,10.58,10.29,10.46,8144300
20130315,10.51,10.56,9.85,9.91,12825000
20130318,9.97,10.32,9.77,10.25,6399300
20130319,10.24,10.24,9.87,10.14,6818800
20130320,10.14,10.25,9.97,10.07,6159000
20130321,10.06,10.22,9.68,10.07,7125300
20130322,9.97,10.25,9.97,9.98,4870700
20130325,9.96,10.1,9.72,9.79,3547800
20130326,9.84,10.33,9.84,10.23,5412000
20130327,10.13,10.55,10.03,10.52,5718400
20130328,10.48,10.72,10.43,10.57,8164800
20130401,10.57,11.16,10.57,11.13,11404300
20130402,11.19,11.31,10.59,10.67,9630000
20130403,10.6,11,10.43,10.86,5976200
20130404,10.84,10.94,10.57,10.76,5675600
20130405,10.63,10.94,10.47,10.86,7334900
20130408,10.93,11.02,10.72,10.91,4218800
20130409,10.98,11.22,10.87,10.87,5556900
20130410,10.99,11.16,10.81,10.95,6160700
20130411,10.93,10.98,10.62,10.72,3396900
20130412,10.64,11.01,10.57,10.73,4184800
20130415,10.57,10.58,10.05,10.06,8248400
20130416,10.17,10.4,10,10.26,5882200
20130417,10.04,10.37,9.86,9.97,8365800
20130418,10.07,10.32,9.8,10.13,5510700
20130419,10.23,10.33,10.09,10.2,2781100
20130422,10.22,10.26,9.9,10.12,3157100
20130423,10.12,10.41,10.1,10.26,4284200
20130424,10.17,10.37,10.16,10.16,4030300
20130425,10.21,10.56,10.13,10.38,6057200
20130426,10.26,10.3,9.73,9.83,8899400
20130429,9.92,9.97,9.38,9.42,10717500
20130430,9.47,9.82,9.24,9.64,10093500
20130502,9.57,9.71,9.24,9.28,5548900
20130503,9.41,9.49,9.19,9.2,11181500
20130506,9.26,9.26,8.9,8.93,10830500
20130507,8.91,9.22,8.85,9.19,8386000
20130508,9.22,9.28,8.95,9.03,6121100
20130509,9,9.1,8.7,8.77,7103300
20130510,8.7,8.74,8.36,8.51,7450500
20130513,8.45,8.54,8.35,8.43,4217900
20130514,8.48,8.64,8.17,8.25,7188900
20130515,8.19,8.41,7.78,7.96,9973800
20130516,7.96,8.15,7.79,8.01,6525100
20130517,8.06,8.47,8.02,8.47,7127200
20130520,8.5,8.7,8.12,8.7,6774600
20130521,8.65,8.83,8.55,8.75,5442600
20130522,8.8,9.22,8.67,8.9,10916000
20130523,8.66,9.1,8.56,9.1,5075900
20130524,8.96,9.23,8.96,9.12,5890300
20130527,9.19,9.2,9.04,9.19,1425400
20130528,9.24,9.39,9.22,9.33,5598300
20130529,9.22,9.24,8.9,8.99,5578400
20130531,8.87,9.02,8.6,8.7,9764500
20130603,8.81,8.85,8.55,8.82,3678600
20130604,8.94,9.07,8.82,8.95,5438600
20130605,8.84,8.95,8.4,8.45,7883400
20130606,8.51,8.61,8.08,8.33,6637000
20130607,8.09,8.51,7.93,8.05,7256500
20130610,7.92,8.25,7.86,7.9,5379300
20130611,7.8,7.84,7.54,7.63,6109100
20130612,7.84,7.88,7.34,7.59,10194700
20130613,7.52,8.44,7.49,8.26,8399200
20130614,8.37,8.37,7.85,8.15,8291400
20130617,8.26,8.29,7.98,8.01,5301200
20130618,7.99,8.29,7.92,8.19,4424700
20130619,8.24,8.37,7.69,7.9,6982600
20130620,7.66,7.88,7.28,7.88,12772100
20130621,7.72,7.98,7.66,7.92,5924300
20130624,7.71,7.74,7.22,7.29,9230400
20130625,7.43,8.05,7.42,8.05,8720800
20130626,8.17,8.18,7.8,7.82,5672300
20130627,7.78,8.07,7.78,7.78,5121400
20130628,7.72,7.94,7.25,7.26,12706000
20130701,7.26,7.52,7.17,7.28,7671300
20130702,7.23,7.25,6.72,6.79,9157300
20130703,6.77,7.19,6.75,7.04,6739900
20130704,7.19,7.3,7.06,7.16,5366000
20130705,6.96,7.01,6.35,6.49,18308500
20130708,6.45,6.6,6.36,6.43,6301100
20130710,6.55,6.68,6.51,6.6,6038300
20130711,6.74,6.79,6.56,6.72,6768400
20130712,6.63,6.67,6.4,6.4,7604900
20130715,6.59,7.38,6.59,7.38,15600300
20130716,7.44,7.56,6.98,7.11,8502900
20130717,7.15,7.71,7.04,7.48,9517700
20130718,7.38,7.72,7.25,7.34,6266900
20130719,7.25,7.41,7.19,7.37,4066000
20130722,7.45,7.8,7.36,7.65,4150400
20130723,7.8,7.99,7.49,7.52,8950600
20130724,7.57,7.6,7.3,7.46,5285100
20130725,7.38,7.7,7.33,7.63,6075400
20130726,8.35,8.8,8.08,8.8,21576500
20130729,8.9,9.67,8.9,9.22,14996900
20130730,9.34,9.36,8.71,8.81,10443200
20130731,8.65,8.96,8.39,8.51,10625400
20130801,8.34,8.77,8.22,8.53,15352400
20130802,8.47,8.88,8.4,8.45,8185100
20130805,8.5,8.76,8.36,8.68,6591000
20130806,8.7,8.83,8.29,8.41,10161600
20130807,8.43,8.68,8.4,8.54,7105400
20130808,8.65,9.21,8.56,8.86,10399400
20130809,8.95,9.26,8.92,9.24,6724700
20130812,9.38,9.82,9.28,9.38,14034100
20130813,9.56,9.7,9.1,9.15,9420300
20130814,9.09,9.71,9.03,9.58,16514700
20130815,9.41,9.76,9.34,9.64,9463600
20130816,9.64,10.15,9.63,10.09,14442400
20130819,10.1,11.07,10.1,10.71,16496000
20130820,10.56,10.62,10.02,10.02,15444700
20130821,9.97,10.27,9.77,9.97,12185900
20130822,10.23,10.31,9.9,9.9,6865100
20130823,9.9,10.01,9.69,9.97,7899700
20130826,10.03,10.12,9.87,9.97,4513300
20130827,9.86,10.17,9.69,9.91,6316300
20130828,10.07,10.22,9.88,10.07,8962300
20130829,10.13,10.25,9.99,10.02,4632900
20130830,10.13,10.18,9.85,10.08,10609800
20130902,10.26,10.51,10.22,10.31,7163100
20130903,10.35,10.38,10.11,10.2,5955900
20130904,10.16,10.25,9.89,10.13,7862500
20130905,10.11,10.13,9.8,9.97,8747000
20130906,10.08,10.12,9.86,9.98,8043000
20130909,9.99,10.23,9.99,10.06,6552400
20130910,10.16,10.3,10.09,10.23,7063100
20130911,10.22,10.39,10.22,10.26,7924900
20130912,10.26,10.45,10.18,10.31,5967900
20130913,10.35,10.4,10.22,10.36,3185700
20130916,10.46,10.55,10.04,10.2,4115800
20130917,10.18,10.21,9.97,10.12,4946300
20130918,10.16,10.46,10.13,10.41,6652900
20130919,10.5,10.51,10.27,10.41,5739200
20130920,10.38,10.54,10.14,10.16,4905500
20130923,10.12,10.35,10.1,10.28,3129200
20130924,10.29,10.33,10.04,10.12,5395900
20130925,10.07,10.25,10.07,10.15,2802100
20130926,10.16,10.35,10.12,10.28,4990000
20130927,10.26,10.43,10.21,10.38,4530300
20130930,10.29,10.48,10.23,10.28,8242500
20131001,10.41,10.72,10.26,10.66,8497000
20131002,10.75,10.96,10.57,10.89,5291700
20131003,11.02,11.17,10.65,10.76,8003500
20131004,10.75,10.96,10.64,10.94,5151400
20131007,10.9,11.31,10.86,11.13,6280400
20131008,11.18,11.23,11.05,11.15,4787400
20131009,11.21,11.26,10.92,11.09,5846200
20131010,11.22,11.25,10.95,11.02,8133400
20131011,11.13,11.45,11.01,11.37,6733700
20131014,11.41,11.9,11.29,11.83,7278300
20131015,11.88,12.02,11.76,11.86,7330400
20131016,11.87,12.2,11.79,11.83,9754500
20131017,11.62,11.62,10.98,11.1,17098100
20131018,11.17,11.29,10.67,10.99,8702500
20131021,11.05,11.1,10.84,10.95,3916500
20131022,10.98,11.33,10.9,11.24,5628500
20131023,11.13,11.19,11.02,11.07,4868800
20131024,11.07,11.16,10.88,11.04,4296000
20131025,11.05,11.15,10.96,11,2833900
20131028,11.01,11.2,10.97,11.12,4456800
20131029,11.13,11.24,10.97,11.05,3705500
20131030,11.44,11.56,11.34,11.42,9298900
20131031,11.36,11.76,11.36,11.61,7823600
20131101,11.68,11.81,11.4,11.63,6804100
20131104,11.58,11.75,11.53,11.61,5242000
20131105,11.63,11.65,11.37,11.53,6416200
20131106,11.58,11.61,11.46,11.54,6437600
20131107,11.47,12.12,11.2,11.92,14216300
20131108,11.89,12.4,11.84,12.3,11920900
20131111,12.3,12.35,12.16,12.31,4439300
20131112,12.32,12.39,12.17,12.33,8481400
20131113,12.2,12.32,12.12,12.24,6464900
20131114,12.28,12.48,12.23,12.45,5594000
20131118,12.47,12.8,12.42,12.8,5829500
20131119,12.72,12.99,12.35,12.49,5482800
20131121,12.36,12.39,11.93,12.05,11202600
20131122,12,12.16,11.84,11.94,4717100
20131125,12,12.2,11.79,12.12,3809400
20131126,12.1,12.3,11.64,11.82,4768300
20131127,11.84,12.25,11.84,12.1,5548000
20131128,12.22,12.25,11.97,12.17,3155600
20131129,12.21,12.3,12.05,12.17,3417300
20131202,12.08,12.16,11.94,12.1,4138700
20131203,11.93,12.09,11.82,12.02,5354300
20131204,12.1,12.22,11.91,12.2,4810600
20131205,12.33,13.23,12.33,13.12,15258000
20131206,13.1,13.19,12.82,13,7196400
20131209,13.13,13.29,12.91,13.2,3493700
20131210,13.26,13.27,13.06,13.06,4111400
20131211,13.1,13.21,12.9,12.96,5144200
20131212,12.95,13.02,12.64,12.69,3961100
20131213,12.76,12.99,12.71,12.77,3097100
20131216,12.85,12.96,12.72,12.9,3164200
20131217,12.93,13.04,12.83,12.95,3661600
20131218,13.01,13.65,13,13.6,9121800
20131219,13.65,14.52,13.61,14.09,10900700
20131220,14.1,14.54,13.82,13.82,8939200
20131223,13.85,14.26,13.85,14.17,2913200
20131226,14.32,14.32,13.97,14.09,2165500
20131227,14.11,14.14,13.79,13.93,2328800
20131230,13.91,14.18,13.89,13.89,2681000
20140102,13.93,14.02,13.03,13.12,7409100
20140103,13.12,13.49,13.03,13.49,18126000
20140106,13.47,13.93,13.35,13.76,5629200
20140107,13.93,14.02,13.52,13.65,5025900
20140108,13.68,14,13.59,13.66,4595000
20140109,13.69,13.85,13.23,13.34,8254900
20140110,13.34,13.65,13.31,13.43,6099900
20140113,13.4,13.6,13.31,13.35,4774800
20140114,13.32,13.43,13.12,13.31,4436600
20140115,13.29,13.81,13.26,13.55,4680100
20140116,13.61,13.87,13.56,13.6,4718200
20140117,13.64,13.74,13.52,13.63,2472900
20140120,13.63,13.66,13.22,13.32,4227600
20140121,13.38,13.43,12.37,12.46,10482300
20140122,12.51,12.77,11.97,12.54,9839700
20140123,12.4,12.58,12.08,12.18,6718700
20140124,12.03,12.53,11.77,12.17,10041700
20140127,12.3,12.4,11.78,11.94,6155600
20140128,12.15,12.16,11.86,11.95,3463800
20140129,11.95,12.19,11.88,12.04,5531700
20140130,12.06,12.14,11.7,11.89,5411000
20140131,11.77,11.83,11.43,11.63,9558100
20140203,11.59,11.76,11.21,11.36,3858500
20140204,11.5,11.86,11.28,11.72,5279600
20140205,11.72,11.78,11.48,11.66,3254500
20140206,11.72,12.24,11.67,12.07,6498200
20140207,12.16,12.31,11.83,12.03,3554200
20140210,11.91,12.03,11.36,11.43,6359900
20140211,11.52,11.65,11.29,11.58,7303800
20140212,11.68,11.85,11.48,11.84,6195500
20140213,11.73,11.85,11.48,11.76,4423200
20140214,11.67,11.82,11.28,11.28,11249500
20140217,11.22,11.31,10.67,10.67,7440300
20140218,10.65,10.87,9.83,9.83,15975000
20140219,9.83,10.24,9.64,10.07,15149300
20140220,9.89,10.5,9.85,10.42,8443800
20140221,10.47,10.54,10.1,10.17,4716100
20140224,10.16,10.16,9.85,9.96,5081200
20140225,9.9,9.91,9.65,9.77,3766800
20140226,9.85,9.89,9.53,9.72,3247800
20140227,9.81,10.02,9.73,9.89,4060200
20140228,9.93,9.97,9.55,9.55,6372000
20140305,9.57,9.7,9.23,9.37,5309600
20140306,9.36,9.57,9.25,9.41,5075800
20140307,9.38,9.44,8.78,8.88,9259700
20140310,8.74,8.74,8.36,8.52,11713600
20140311,8.64,8.72,8.43,8.57,4799300
20140312,8.47,8.73,8.28,8.33,10283500
20140313,8.4,8.53,8.25,8.38,10455000
20140314,8.8,9.07,8.48,8.82,15003900
20140317,8.92,9.05,8.61,8.71,6365300
20140318,8.75,9.14,8.61,9.07,7612300
20140319,9.01,9.56,8.94,9.42,7684500
20140320,9.36,9.62,9.22,9.28,19019300
20140321,9.24,9.52,9.14,9.33,6815400
20140324,9.4,9.62,9.33,9.48,4867800
20140325,9.52,9.85,9.45,9.72,4867400
20140326,9.84,9.97,9.51,9.65,6516400
20140327,9.7,10.26,9.7,10.16,10418200
20140328,10.23,10.46,9.91,10.09,6006000
20140331,10.24,10.24,9.77,10,6864300
20140401,10.05,10.05,9.64,9.71,7654100
20140402,9.71,10.13,9.7,10.01,8683300
20140403,10.14,10.15,9.79,9.83,4295200
20140404,9.97,10.25,9.82,9.94,10191400
20140407,10.13,10.28,9.93,9.98,7964700
20140408,10.23,10.25,9.3,9.37,13303200
20140409,9.26,9.26,8.35,8.79,21864100
20140410,8.6,9.06,8.6,8.89,8991200
20140411,8.9,9.18,8.81,9.09,6133200
20140414,9.14,9.27,9.03,9.17,3890400
20140415,9.07,9.11,8.74,8.81,5522600
20140416,8.94,9.01,8.8,8.82,5700100
20140417,8.87,9.22,8.76,9.13,6085900
20140422,9.13,9.33,9,9.16,9815400
20140423,9.07,9.33,8.99,9.28,5157700
20140424,9.5,9.53,8.7,8.77,23044400
20140425,8.75,8.81,8.6,8.8,5043700
20140428,8.8,8.88,8.64,8.81,3843800
20140429,8.88,9.02,8.74,8.81,4351800
20140430,8.79,8.79,8.52,8.52,5048500
20140502,8.54,8.8,8.47,8.79,9648200
20140505,8.8,8.95,8.59,8.6,8717700
20140506,8.6,8.72,8.51,8.6,5518900
20140507,8.57,8.65,8.43,8.54,6063500
20140508,8.54,8.61,8.45,8.58,3520700
20140509,8.6,8.61,8.37,8.42,4587700
20140512,8.46,8.56,8.46,8.51,4028300
20140513,8.54,8.56,8.45,8.49,3369400
20140514,8.49,8.67,8.46,8.63,6013500
20140515,8.61,8.64,8.47,8.6,3435700
20140516,8.61,8.68,8.45,8.48,3627700
20140519,8.41,8.47,8.29,8.34,4063200
20140520,8.34,8.42,7.95,7.97,8855200
20140521,8,8.11,7.93,8.11,6142400
20140522,8.09,8.23,8.09,8.18,2831600
20140523,8.18,8.23,8.03,8.11,4039100
20140526,8.12,8.22,8.06,8.13,2000200
20140527,8.19,8.22,8.11,8.12,2860200
20140528,8.11,8.15,7.94,7.97,5420800
20140529,7.98,8.01,7.86,7.9,4586200
20140530,7.83,7.85,7.68,7.71,6910800
20140602,7.79,7.85,7.67,7.77,3934800
20140603,7.73,7.84,7.66,7.75,7519800
20140604,7.73,7.76,7.66,7.71,3336800
20140605,7.76,7.9,7.66,7.71,5318600
20140606,7.84,7.98,7.83,7.95,7797400
20140609,7.94,8.19,7.93,8.09,6642700
20140610,8.09,8.14,7.89,7.93,7367200
20140611,7.98,8.03,7.93,8,4642800
20140613,7.95,7.96,7.79,7.79,4394200
20140616,7.78,7.79,7.66,7.72,3778100
20140617,7.73,7.86,7.69,7.86,3217500
20140618,7.87,8.12,7.84,8.02,5809500
20140620,7.96,8.03,7.93,7.93,3245300
20140623,7.98,8.01,7.89,7.98,2545400
20140624,7.99,8.06,7.78,7.85,4736800
20140625,7.79,7.9,7.72,7.85,4280700
20140626,7.85,7.87,7.72,7.73,4125500
20140627,7.76,7.76,7.38,7.41,7395300
20140630,7.43,7.43,7.31,7.41,3104900
20140701,7.49,7.69,7.46,7.57,7363800
20140702,7.54,7.97,7.52,7.93,9122100
20140703,7.97,8.19,7.93,8.15,7724600
20140704,8.12,8.25,8.11,8.25,1209400
20140707,8.21,8.34,8.14,8.26,4942100
20140708,8.25,8.33,8.2,8.21,3222900
20140710,8.38,8.39,8.02,8.12,4609700
20140711,8.1,8.21,8.03,8.2,4622300
20140714,8.26,8.47,8.26,8.39,4302200
20140715,8.42,8.79,8.4,8.75,6806500
20140716,8.78,8.98,8.64,8.8,7611900
20140717,8.75,8.76,8.37,8.38,9478400
20140718,8.65,8.72,8.17,8.17,11109300
20140721,8.21,8.22,7.91,8.11,7143100
20140722,8.13,8.2,7.93,7.93,6996200
20140723,7.93,7.97,7.83,7.85,6112500
20140724,7.87,7.87,7.59,7.67,14161000
20140725,7.7,7.92,7.65,7.72,6860600
20140728,7.8,7.96,7.75,7.94,7205000
20140729,7.97,8.02,7.89,7.95,5318600
20140730,7.95,8.04,7.78,7.79,4584900
20140731,7.77,7.95,7.72,7.87,5517200
20140801,7.84,7.99,7.78,7.92,4582100
20140804,7.95,8.03,7.83,7.89,3060500
20140805,7.87,7.91,7.8,7.87,4810400
20140806,7.89,7.93,7.8,7.89,5422100
20140807,7.92,7.94,7.81,7.83,5754800
20140808,7.82,8.04,7.79,8,8648300
20140811,8.08,8.29,8.06,8.25,8901100
20140812,8.26,8.35,8.16,8.22,5584100
20140813,8.25,8.25,7.97,8.06,5958800
20140814,8.04,8.06,7.9,7.96,3937700
20140815,8.01,8.08,7.92,8.01,3785300
20140818,8.07,8.09,7.88,7.92,6150000
20140819,7.9,7.92,7.82,7.9,6270100
20140820,7.9,8.06,7.85,7.93,5856700
20140821,7.9,7.96,7.89,7.91,3135800
20140822,7.92,7.93,7.85,7.88,5400300
20140825,7.92,8.07,7.9,8.07,7977700
20140826,8.07,8.12,7.97,8.02,6365200
20140827,8.05,8.28,8,8.19,7870100
20140828,8.1,8.15,7.89,7.93,7049500
20140829,7.97,7.97,7.83,7.9,5217800
20140901,7.91,8.01,7.87,7.92,4185500
20140902,7.92,8.24,7.92,8.21,7500200
20140903,8.19,8.64,8.19,8.64,15974100
20140904,8.53,8.83,8.5,8.61,6190300
20140905,8.67,8.69,8.14,8.17,8005900
20140908,8.21,8.29,7.9,7.96,7283500
20140909,7.91,8.05,7.91,7.98,3468700
20140910,7.93,7.93,7.67,7.72,10073300
20140911,7.73,7.85,7.66,7.66,5344500
20140912,7.65,7.91,7.55,7.82,7189800
20140915,7.84,7.96,7.75,7.93,4805100
20140916,7.91,7.99,7.82,7.82,6629700
20140917,7.87,7.94,7.79,7.87,4157600
20140918,7.87,8.19,7.87,8.01,8630600
20140919,7.98,8.12,7.92,7.98,3989900
20140922,7.92,7.92,7.65,7.71,6114700
20140923,7.74,7.81,7.63,7.68,4117500
20140924,7.68,7.74,7.58,7.6,5485100
20140925,7.55,7.57,7.33,7.39,7506400
20140926,7.38,7.38,6.87,6.96,20006500
20140929,6.69,6.69,6.46,6.46,13331000
20140930,6.46,6.46,6.14,6.22,14797500
20141001,6.18,6.47,5.97,6.36,17608200
20141002,6.42,6.52,6.22,6.29,9740500
20141003,6.77,6.77,6.53,6.68,8687500
20141006,6.83,7.03,6.6,6.69,7553300
20141007,6.74,6.77,6.58,6.6,4562300
20141008,6.63,6.72,6.32,6.35,7525800
20141009,6.42,6.48,6.26,6.33,7646200
20141010,6.33,6.33,6.01,6.02,6275400
20141013,6.14,6.22,6.07,6.13,5429700
20141014,6.13,6.32,6.08,6.21,3841400
20141015,6.08,6.16,5.99,5.99,5853200
20141016,5.91,5.91,5.74,5.74,7136200
20141017,5.81,5.85,5.72,5.74,5543400
20141020,5.72,5.77,5.63,5.71,3979600
20141021,5.62,5.73,5.57,5.61,5950100
20141022,5.63,5.81,5.62,5.76,3882100
20141023,5.71,6.12,5.68,5.92,7754600
20141024,5.95,6.2,5.9,6.08,6865600
20141027,5.8,6.16,5.73,6.07,10012200
20141028,6.13,6.26,5.76,5.81,6873800
20141029,5.63,5.67,5.32,5.34,14322600
20141030,5.37,5.41,5.07,5.2,11237600
20141031,5.24,5.59,5.2,5.57,7451800
20141103,5.56,5.56,5.38,5.47,3816200
20141104,5.51,5.74,5.49,5.69,5281000
20141105,5.66,5.78,5.63,5.68,3725400
20141106,5.63,5.65,5.31,5.33,5777400
20141107,5.4,5.65,5.23,5.59,7684700
20141110,5.67,5.7,5.41,5.41,4562800
20141111,5.37,5.39,5.23,5.25,7165800
20141112,5.27,5.4,5.2,5.36,2966500
20141113,5.37,5.49,5.15,5.15,6138500
20141114,5.15,5.35,5.09,5.35,7186200
20141117,5.34,5.41,4.98,4.98,5923400
20141118,5.02,5.08,4.84,4.89,7915800
20141119,4.88,4.98,4.85,4.9,5820600
20141121,4.98,5.33,4.96,5.28,8330300
20141124,5.33,5.48,5.21,5.38,7731800
20141125,5.38,5.54,5.31,5.38,10144600
20141126,5.42,5.45,5,5,7507800
20141127,5.07,5.13,4.96,4.98,4503500
20141128,5,5.18,4.98,5.08,4699900
20141201,5.08,5.08,4.76,4.8,9306300
20141202,4.84,4.88,4.72,4.75,5325800
20141203,4.78,4.87,4.77,4.77,3548300
20141204,4.82,4.94,4.71,4.84,6275600
20141205,4.93,5.1,4.88,4.99,6987500
20141208,5.01,5.03,4.78,4.8,5278300
20141209,4.78,4.9,4.72,4.79,4837600
20141210,4.81,4.85,4.54,4.57,7198000
20141211,4.58,4.63,4.5,4.5,5569900
20141212,4.48,4.5,4.22,4.22,5763500
20141215,4.26,4.56,4.14,4.47,9465000
20141216,4.38,4.88,4.31,4.84,9578400
20141217,4.93,5.33,4.93,5.23,14715000
20141218,5.46,5.5,4.93,4.93,10140200
20141219,4.96,5.11,4.8,5.11,8450900
20141222,5.16,5.17,5.01,5.1,4499300
20141223,5.09,5.29,5.06,5.21,4733900
20141226,5.24,5.32,5.03,5.03,3809900
20141229,5.05,5.12,4.94,5.08,2949500
20141230,5.11,5.13,4.93,4.93,2555900
20150102,4.93,4.99,4.67,4.68,3756700
20150105,4.64,4.65,4.4,4.4,4575200
20150106,4.4,4.8,4.4,4.61,9480200
20150107,4.74,4.97,4.73,4.88,7354500
20150108,4.98,5.04,4.62,4.64,9137200
20150109,4.58,4.62,4.45,4.45,6674700
20150112,4.42,4.54,4.26,4.28,6438000
20150113,4.31,4.49,4.12,4.12,9751600
20150114,4.04,4.09,3.96,3.99,10586600
20150115,4.07,4.18,3.93,3.99,8523800
20150116,4.04,4.22,3.96,4.14,7637700
20150119,4.09,4.14,3.94,4,5151500
20150120,4.05,4.1,3.9,3.91,7699600
20150121,3.93,4.05,3.85,3.98,8633100
20150122,4.05,4.07,3.95,3.97,9625300
20150123,3.95,3.97,3.87,3.9,5182500
20150126,3.86,3.89,3.82,3.89,4440500
20150127,3.83,3.83,3.72,3.8,5974900
20150128,3.74,3.76,3.62,3.62,5612100
20150129,3.63,3.66,3.46,3.47,6771600
20150130,3.42,3.43,3.27,3.27,8817100
20150202,3.34,3.49,3.29,3.4,7567600
20150203,3.5,3.54,3.44,3.47,6786100
20150204,3.48,3.56,3.37,3.42,5294700
20150205,3.36,3.49,3.36,3.44,7834000
20150206,3.4,3.52,3.37,3.46,5580400
20150209,3.47,3.83,3.43,3.76,12750300
20150210,3.76,3.98,3.71,3.79,14012700
20150211,3.77,3.91,3.67,3.87,7917400
20150212,3.92,3.96,3.52,3.57,17633400
20150213,3.41,3.7,3.41,3.52,18321800
20150218,3.58,3.73,3.53,3.66,8319900
20150219,3.66,3.75,3.56,3.68,7177700
20150220,3.7,4.22,3.7,3.97,22135600
20150223,4.02,4.12,3.79,3.79,13866700
20150224,3.81,3.98,3.79,3.81,7955200
20150225,3.84,3.96,3.72,3.96,8877900
20150226,4,4.05,3.94,3.94,8427500
20150227,3.96,4.03,3.93,4.03,9174000
20150302,4.04,4.12,3.97,4.05,10564100
20150303,4.09,4.19,4.03,4.19,7001600
20150304,4.15,4.43,4.14,4.34,14234000
20150305,4.4,4.48,4.27,4.35,10090000
20150306,4.35,4.43,4.1,4.32,10975500
20150309,4.25,4.45,4.25,4.43,8950700
20150310,4.4,4.52,4.38,4.43,12255500
20150311,4.47,4.52,4.44,4.52,6336200
20150312,4.57,4.62,4.5,4.54,5570200
20150313,4.5,4.79,4.44,4.75,8468800
20150316,4.82,4.87,4.71,4.78,8137400
20150317,4.84,4.99,4.81,4.98,8431700
20150318,5.02,5.07,4.94,4.95,6628700
20150319,4.95,5.03,4.88,5.02,6768600
20150320,5.01,5.07,4.94,4.96,5051100
20150323,4.95,4.95,4.79,4.88,6038900
20150324,4.87,4.91,4.74,4.74,6435800
20150325,4.79,5.2,4.79,5.05,15255500
20150326,5.08,5.19,4.98,5.07,8140700
20150327,5.05,5.13,4.94,5.02,7112800
20150330,5.06,5.12,5,5,3276400
20150331,4.98,5.02,4.85,4.85,6783900
20150401,4.89,4.95,4.8,4.8,9754100
20150402,4.82,4.93,4.77,4.88,4216200
20150406,4.93,4.99,4.89,4.93,3931200
20150407,4.98,5.01,4.69,4.69,8323900
20150408,4.75,4.79,4.49,4.49,9654200
20150409,4.48,4.59,4.42,4.52,7597200
20150410,4.54,4.74,4.51,4.74,5267600
20150413,4.71,4.79,4.67,4.72,3798600
20150414,4.75,4.82,4.71,4.8,3798600
20150415,4.84,5.26,4.84,5.15,14224300
20150416,5.17,5.55,5.15,5.35,11275200
20150417,5.39,5.39,5.13,5.13,7253900
20150420,5.12,5.34,5.06,5.28,5402400
20150422,5.32,5.53,5.32,5.49,6957200
20150423,5.6,5.95,5.6,5.86,9767600
20150424,6.02,6.16,5.8,5.84,8763600
20150427,5.82,6.18,5.77,6.1,8551500
20150428,6.16,6.27,5.76,5.79,12057500
20150429,5.7,6.03,5.61,5.85,8765700
20150430,5.85,6,5.78,5.86,7341400
20150504,5.99,6.34,5.99,6.29,6878000
20150505,6.28,6.6,6.24,6.53,7703500
20150506,6.61,6.91,6.6,6.85,18108600
20150507,6.92,6.97,6.16,6.16,15226600
20150508,6.35,6.36,5.82,5.84,16831900
20150511,5.96,6.11,5.88,5.96,8176300
20150512,5.95,6.01,5.72,5.8,7314700
20150513,5.8,5.8,5.5,5.51,8127300
20150514,5.55,5.62,5.27,5.39,11053900
20150515,5.37,5.54,5.27,5.35,5847500
20150518,5.42,5.46,5.27,5.35,7153100
20150519,5.25,5.26,5.03,5.16,8730700
20150520,5.1,5.36,5.04,5.27,7629300
20150521,5.28,5.43,5.28,5.3,6326800
20150522,5.38,5.42,5.14,5.21,5947900
20150525,5.16,5.35,5.1,5.21,3582800
20150526,5.27,5.42,5.22,5.36,7202000
20150527,5.42,5.55,5.28,5.31,6647500
20150528,5.31,5.35,4.96,5.05,8480500
20150529,5.06,5.1,4.9,5.01,10779300
20150601,4.97,5.01,4.91,4.96,6326400
20150602,5,5.15,4.97,5.07,7051600
20150603,5.15,5.16,4.94,4.95,5708500
20150605,4.94,4.94,4.74,4.82,6937000
20150608,4.86,4.86,4.63,4.68,6052000
20150609,4.68,4.82,4.66,4.72,3513600
20150610,4.77,4.88,4.65,4.69,6878900
20150611,4.7,4.78,4.67,4.73,4985200
20150612,4.71,4.71,4.58,4.62,4590500
20150615,4.59,4.61,4.51,4.59,3220700
20150616,4.58,4.6,4.45,4.52,6570100
20150617,4.54,4.55,4.36,4.37,6476000
20150618,4.34,4.59,4.33,4.57,7379800
20150619,4.54,4.57,4.49,4.57,3214200
20150622,4.64,4.67,4.5,4.5,3995200
20150623,4.57,4.57,4.45,4.45,3064100
20150624,4.46,4.48,4.29,4.32,4982300
20150625,4.31,4.32,4.05,4.16,10776800
20150626,4.14,4.39,4.13,4.27,6266600
20150629,4.22,4.27,4.14,4.24,4341400
20150630,4.24,4.31,4.05,4.05,11023400
20150701,4.08,4.13,4,4.02,5870400
20150702,3.98,4.1,3.94,4.04,6101900
20150703,4.04,4.08,3.94,3.96,3364800
20150706,3.93,4.18,3.89,4.1,7136900
20150707,4.11,4.13,3.95,4.1,8781500
20150708,4.03,4.1,3.96,3.96,6090900
20150710,4.08,4.12,4.01,4.03,4190000
20150713,4.06,4.25,3.96,4.25,8309400
20150714,4.21,4.22,4.09,4.19,6541200
20150715,4.17,4.31,4.14,4.22,6403900
20150716,4.25,4.27,4.08,4.08,4563300
20150717,4.08,4.12,3.89,3.93,7815000
20150720,3.93,4.01,3.85,3.88,4183100
20150721,3.85,3.94,3.77,3.77,5192000
20150722,3.73,3.74,3.59,3.67,8140100
20150723,3.66,3.86,3.61,3.8,8009600
20150724,3.77,3.93,3.71,3.77,6234700
20150727,3.71,3.75,3.65,3.67,4571200
20150728,3.71,4.05,3.71,3.98,12259600
20150729,3.95,4.08,3.86,3.86,6190000
20150730,3.91,3.95,3.74,3.78,4797800
20150731,3.78,3.93,3.73,3.86,3783700
20150803,3.87,3.98,3.82,3.92,3805600
20150804,3.95,4.12,3.94,4.1,5226300
20150805,4.2,4.37,4.06,4.1,10697600
20150806,4.04,4.26,3.97,4,9736700
20150807,4,4.07,3.86,3.88,5307200
20150810,3.9,3.98,3.85,3.85,4900100
20150811,3.82,3.85,3.65,3.72,7323000
20150812,3.73,3.74,3.56,3.59,7870700
20150813,3.63,3.64,3.48,3.5,5734600
20150814,3.51,3.52,3.41,3.41,4898700
20150817,3.41,3.57,3.39,3.44,3840300
20150818,3.42,3.45,3.29,3.3,4599000
20150819,3.3,3.36,3.11,3.17,9562800
20150820,3.14,3.2,3.05,3.09,8705900
20150821,3.05,3.08,2.99,3.01,4671700
20150824,2.8,2.88,2.7,2.7,11170900
20150825,2.81,2.85,2.63,2.63,8260400
20150826,2.67,2.86,2.6,2.84,10567300
20150827,2.92,3.12,2.9,3,10815000
20150828,2.98,3.13,2.88,2.92,10125600
20150831,2.82,3.02,2.76,2.93,8914400
20150901,2.82,3.04,2.82,3.04,9264500
20150902,3.09,3.23,3.07,3.19,8441100
20150903,3.24,3.3,3.14,3.14,7283400
20150904,3.04,3.4,3.04,3.4,11245500
20150908,3.49,3.75,3.44,3.66,10236000
20150909,3.79,3.91,3.6,3.69,11443500
20150910,3.44,4.16,3.4,4.16,17903800
20150911,4.21,4.63,4.17,4.57,20022500
20150914,4.63,4.79,4.18,4.2,17867100
20150915,4.12,4.32,3.9,4.17,12936500
20150916,4.23,4.54,4.19,4.35,12449700
20150917,4.31,4.49,4.27,4.28,13662000
20150918,4.22,4.4,4.18,4.31,8687700
20150921,4.37,4.47,4.18,4.18,6042800
20150922,4.08,4.11,3.77,3.84,9802300
20150923,3.84,3.85,3.24,3.25,10899300
20150924,3.17,3.61,3.07,3.48,14937600
20150925,3.62,3.69,3.28,3.35,8395900
20150928,3.31,3.46,3.26,3.36,5992800
20150929,3.41,3.52,3.36,3.37,5594600
20150930,3.49,3.53,3.26,3.29,10052100
20151001,3.3,3.39,3.06,3.06,12410600
20151002,3.04,3.13,2.95,3.1,14784200
20151005,3.21,3.29,3.16,3.24,11347100
20151006,3.24,3.38,3.23,3.26,9835300
20151007,3.39,3.47,3.28,3.33,13006100
20151008,3.36,3.6,3.32,3.6,10575900
20151009,3.73,3.81,3.61,3.66,11927200
20151013,3.51,3.51,3.24,3.24,11692800
20151014,3.26,3.45,3.23,3.24,16235600
20151015,3.3,3.37,3.16,3.3,9740800
20151016,3.32,3.38,3.26,3.27,9321600
20151019,3.29,3.35,3.13,3.15,10636700
20151020,3.17,3.21,3.01,3.05,12891500
20151021,3.03,3.12,2.95,2.95,11294400
20151022,3,3.06,2.95,3.01,9969300
20151023,3.1,3.12,3.01,3.01,7231800
20151026,3.04,3.07,2.96,2.98,4060000
20151027,3,3.03,2.94,2.98,6678200
20151028,2.98,3.01,2.86,2.86,9292400
20151029,2.82,2.91,2.75,2.76,11515500
20151030,2.76,2.82,2.71,2.73,9216600
20151103,2.77,2.93,2.73,2.88,9392300
20151104,2.92,3.01,2.84,2.86,9465400
20151105,2.88,2.92,2.81,2.85,6483500
20151106,2.86,2.86,2.67,2.72,10442600
20151109,2.7,2.81,2.67,2.67,5869800
20151110,2.68,2.71,2.61,2.65,7831900
20151111,2.68,2.78,2.65,2.74,8205300
20151112,2.75,2.81,2.71,2.73,6697100
20151113,2.68,2.69,2.52,2.58,11901300
20151116,2.57,2.64,2.5,2.5,8079500
20151117,2.53,2.56,2.41,2.41,8062400
20151118,2.72,2.88,2.67,2.77,26259700
20151119,2.86,2.92,2.59,2.59,14700500
20151123,2.61,2.63,2.47,2.47,11157800
20151124,2.47,2.59,2.46,2.57,11282600
20151125,2.56,2.65,2.52,2.54,11024800
20151126,2.55,2.62,2.5,2.51,7072900
20151127,2.5,2.53,2.43,2.45,9605300
20151130,2.45,2.45,2.16,2.16,59148700
20151201,2.21,2.23,1.95,1.99,19083100
20151202,2,2.1,1.9,2.01,17499000
20151203,2.1,2.13,2.01,2.03,11413500
20151204,2.03,2.03,1.92,1.94,8760700
20151207,1.96,2.01,1.84,1.86,10184200
20151208,1.84,1.86,1.76,1.76,8264300
20151209,1.79,1.86,1.75,1.79,9911700
20151210,1.78,1.81,1.74,1.81,6616300
20151211,1.81,1.81,1.75,1.76,6199000
20151214,1.75,1.75,1.7,1.71,6559500
20151215,1.72,1.74,1.65,1.65,6978200
20151216,1.62,1.63,1.57,1.57,8383000
20151217,1.59,1.61,1.49,1.49,7708900
20151218,1.46,1.47,1.39,1.42,12281500
20151221,1.44,1.57,1.44,1.5,14054800
20151222,1.54,1.55,1.47,1.48,7315000
20151223,1.5,1.55,1.5,1.52,9877700
20151228,1.53,1.56,1.5,1.55,4389600
20151229,1.57,1.6,1.51,1.52,4792600
20151230,1.52,1.53,1.48,1.52,4930800
20160104,1.48,1.48,1.42,1.43,7663800
20160105,1.43,1.44,1.31,1.31,16041700
20160106,1.26,1.29,1.19,1.19,20639800
20160107,1.14,1.2,1.1,1.13,17833100
20160108,1.17,1.2,1.13,1.16,12119400
20160111,1.15,1.19,1.15,1.17,8363200
20160112,1.19,1.21,1.13,1.13,8489000
20160113,1.16,1.17,1.01,1.01,15020700
20160114,1.01,1.04,0.97,1.02,16511500
20160115,0.98,0.98,0.93,0.94,14342100
20160118,0.96,1,0.94,1,8694800
20160119,1.04,1.06,0.99,0.99,12973800
20160120,0.95,1.03,0.93,1,17194400
20160121,1,1.04,0.96,0.96,8112600
20160122,0.99,1,0.95,0.98,13704900
20160126,0.97,0.98,0.95,0.95,5434400
20160127,0.95,0.99,0.88,0.88,14360300
20160128,0.89,0.91,0.84,0.84,17266700
20160129,0.84,0.87,0.82,0.83,21757200
20160201,0.82,0.97,0.8,0.94,31611100
20160202,0.92,1.01,0.91,0.92,20346100
20160203,0.94,0.97,0.92,0.94,10406200
20160204,0.97,1.04,0.96,1,19483300
20160205,1.02,1.04,0.99,0.99,10404600
20160210,0.96,0.99,0.95,0.95,12240800
20160211,0.95,0.95,0.83,0.83,20192500
20160212,0.84,0.87,0.8,0.83,27379600
20160215,0.86,0.89,0.84,0.88,12531600
20160216,0.89,1.02,0.89,0.92,31475700
20160217,0.96,1.01,0.94,0.98,33277800
20160218,0.94,0.96,0.85,0.85,32852800
20160219,0.84,0.92,0.83,0.86,27750100
20160222,0.91,0.92,0.88,0.89,16811000
20160223,0.89,0.92,0.88,0.91,14351800
20160224,0.89,0.91,0.88,0.89,11263300
20160225,0.89,0.97,0.88,0.9,27567900
20160226,0.92,0.93,0.85,0.87,18381700
20160229,0.89,0.89,0.87,0.88,9733700
20160301,0.89,0.91,0.88,0.89,10272600
20160302,0.89,0.93,0.89,0.92,16179800
20160303,0.93,1.27,0.93,1.24,57007400
20160304,1.54,1.59,1.26,1.33,48262700
20160307,1.42,1.46,1.33,1.43,30914600
20160308,1.4,1.52,1.34,1.52,39900500
20160309,1.76,1.93,1.74,1.88,59611700
20160310,1.95,2.14,1.93,2.07,65276400
20160311,2.11,2.24,1.65,1.98,56300300
20160314,2.09,2.18,1.75,1.81,35519500
20160315,1.67,1.69,1.51,1.53,27468900
20160316,1.52,1.75,1.43,1.7,32758200
20160317,1.9,1.92,1.73,1.87,33001600
20160318,1.94,1.96,1.84,1.87,27905100
20160321,1.89,1.94,1.85,1.91,14844200
20160322,1.91,1.95,1.88,1.92,14504300
20160323,1.83,1.88,1.76,1.76,23052100
20160324,1.67,1.84,1.63,1.83,18735000
20160328,1.89,1.92,1.82,1.86,12473200
20160329,1.87,1.91,1.8,1.82,12631700
20160330,1.85,1.91,1.82,1.83,15148800
20160331,1.83,1.85,1.78,1.81,8182400
20160401,1.78,1.82,1.76,1.79,7045400
20160404,1.78,1.81,1.61,1.65,12105000
20160405,1.63,1.67,1.6,1.6,10120800
20160406,1.58,1.61,1.42,1.45,22124500
20160407,1.49,1.52,1.45,1.47,13015700
20160408,1.53,1.68,1.51,1.68,20199000
20160411,1.77,1.82,1.74,1.79,18361100
20160412,1.85,2,1.81,1.99,25222700
20160413,2.09,2.3,2.08,2.22,47359300
20160414,2.31,2.36,1.86,2,60293300
20160415,2.06,2.13,1.98,2.1,33620000
20160418,2.19,2.2,2.03,2.07,26326800
20160419,2.15,2.29,2.1,2.29,37336000
20160420,2.27,2.57,2.21,2.51,47260100
20160422,2.42,2.7,2.4,2.6,37918500
20160425,2.59,2.6,2.25,2.33,44853600
20160426,2.38,2.42,2.28,2.4,30989200
20160427,2.42,2.63,2.41,2.58,39739100
20160428,2.59,2.68,2.43,2.46,43525000
20160429,2.53,2.57,2.45,2.5,29644900
20160502,2.54,2.57,2.44,2.49,20063900
20160503,2.41,2.46,2.27,2.3,36242800
20160504,2.24,2.43,2.16,2.43,49797500
20160505,2.5,2.52,2.29,2.36,36300500
20160506,2.28,2.41,2.28,2.33,24071900
20160509,2.24,2.27,2.02,2.12,35521100
20160510,2.22,2.33,2.19,2.33,28208700
20160511,2.4,2.46,2.32,2.38,35386300
20160512,2.41,2.45,2.28,2.32,23214800
20160513,2.29,2.34,2.16,2.19,19213400
20160516,2.22,2.29,2.17,2.18,18744500
20160517,2.21,2.21,2.08,2.16,20924000
20160518,2.11,2.16,2.02,2.03,23764200
20160519,1.97,1.98,1.8,1.88,28547600
20160520,1.95,1.96,1.83,1.83,21460600
20160523,1.77,1.79,1.72,1.74,21433400
20160524,1.81,1.83,1.68,1.7,25496300
20160525,1.75,1.77,1.71,1.74,20098200
20160527,1.75,1.76,1.68,1.7,11265200
20160530,1.67,1.7,1.65,1.66,6111400
20160531,1.65,1.7,1.59,1.67,30148800
20160601,1.69,1.72,1.62,1.66,16862700
20160602,1.67,1.74,1.65,1.72,16150700
20160603,1.75,1.82,1.73,1.82,19918200
20160606,1.86,1.95,1.84,1.92,21260700
20160607,1.9,1.97,1.86,1.88,17829000
20160608,1.91,2.1,1.9,2.1,31007500
20160609,2.07,2.08,1.96,1.99,25501000
20160610,1.95,1.95,1.76,1.79,22332500
20160613,1.75,1.82,1.72,1.77,15787300
20160614,1.75,1.84,1.66,1.67,26641700
20160615,1.77,2.09,1.76,2.05,58340800
20160616,2.15,2.25,2,2.01,66177200
20160617,2.09,2.13,1.98,2.06,34822400
20160620,2.15,2.17,2.05,2.08,23461600
20160621,2.05,2.11,2,2.11,19634700
20160622,2.12,2.22,2.1,2.14,38805100
20160623,2.23,2.24,2.16,2.21,27533500
20160624,2.05,2.13,2.03,2.05,27239000
20160627,2.08,2.11,1.99,2.02,21288200
20160628,2.09,2.13,2.04,2.05,20956600
20160629,2.1,2.11,2.02,2.02,16441600
20160630,2.02,2.04,1.92,1.97,30087500
20160701,1.97,2.09,1.93,2.08,27822900
20160704,2.11,2.15,2.08,2.12,19371800
20160705,2.08,2.09,2.03,2.03,19606200
20160706,2.01,2.08,1.95,2.07,28780500
20160707,2.08,2.12,2.01,2.02,22029900
20160708,2.06,2.08,2.03,2.04,10398700
20160711,2.07,2.09,2.05,2.07,10278800
20160712,2.1,2.17,2.1,2.13,30722700
20160713,2.13,2.19,2.07,2.15,27709100
20160714,2.2,2.22,2.15,2.17,21437100
20160715,2.17,2.4,2.14,2.35,36709300
20160718,2.36,2.55,2.34,2.53,39312200
20160719,2.49,2.59,2.39,2.42,36006500
20160720,2.42,2.55,2.31,2.49,44087800
20160721,2.55,2.76,2.53,2.74,50801200
20160722,2.82,2.88,2.75,2.81,35728600
20160725,2.84,2.92,2.71,2.87,38392100
20160726,2.93,3.07,2.84,3.04,38364100
20160727,3.12,3.34,3.08,3.31,48533800
20160728,3.35,3.43,3.02,3.39,71730096
20160729,3.3,3.76,3.27,3.75,57597100
20160801,3.84,4.3,3.81,3.84,88247104
20160802,3.73,4.07,3.56,3.61,75673696
20160803,3.64,3.98,3.47,3.96,61245400
20160804,4.12,4.17,3.87,3.96,53610000
20160805,4.04,4.07,3.83,3.86,34243100
20160808,3.93,3.98,3.66,3.68,37299600
20160809,3.71,3.85,3.66,3.8,40376800
20160810,3.86,3.89,3.67,3.67,25631800
20160811,3.72,3.8,3.58,3.78,30630800
20160812,3.77,3.83,3.68,3.72,25850600
20160815,3.75,4.02,3.73,3.94,32621800
20160816,3.93,4.04,3.85,3.87,26081100
20160817,3.85,3.92,3.75,3.91,23374300
20160818,3.9,3.97,3.87,3.88,19234900
20160819,3.85,3.89,3.79,3.84,13483700
20160822,3.81,3.83,3.55,3.61,17698500
20160823,3.69,3.81,3.67,3.73,22946100
20160824,3.68,3.74,3.41,3.43,27630500
20160825,3.38,3.56,3.32,3.36,27571200
20160826,3.41,3.58,3.37,3.58,35913900
20160829,3.6,3.65,3.39,3.43,35871400
20160830,3.48,3.49,3.35,3.38,22169900
20160831,3.4,3.52,3.34,3.47,22793300
20160901,3.5,3.52,3.42,3.44,14854700
20160902,3.5,3.8,3.46,3.79,31778700
20160905,3.86,3.94,3.82,3.85,18006700
20160906,3.91,3.97,3.76,3.9,22909900
20160908,3.91,4.09,3.89,4.04,30449400
20160909,4,4.05,3.85,3.85,22195600
20160912,3.88,3.97,3.71,3.89,25695000
20160913,3.83,3.85,3.56,3.59,25188400
20160914,3.67,3.73,3.53,3.57,20697100
20160915,3.61,3.66,3.53,3.55,14929700
20160916,3.53,3.53,3.38,3.42,19631400
20160919,3.5,3.58,3.36,3.37,17656900
20160920,3.42,3.45,3.23,3.4,23397500
20160921,3.46,3.65,3.4,3.65,24559300
20160922,3.75,3.79,3.59,3.61,20150100
20160923,3.63,3.63,3.49,3.57,17043100
20160926,3.48,3.57,3.46,3.53,11706100
20160927,3.56,3.57,3.41,3.43,14222500
20160928,3.47,3.66,3.47,3.65,18937600
20160929,3.69,3.75,3.57,3.65,21636300
20160930,3.63,3.67,3.53,3.53,14595600
20161003,3.56,3.59,3.5,3.57,13817500
20161004,3.58,3.6,3.52,3.58,10927900
20161005,3.61,3.73,3.6,3.72,15402000
20161006,3.65,3.72,3.6,3.65,19770300
20161007,3.7,3.79,3.69,3.75,24857100
20161010,3.8,3.85,3.76,3.78,16709100
20161011,3.73,3.79,3.68,3.71,13514000
20161013,3.66,3.66,3.52,3.55,33216700
20161014,3.61,3.64,3.56,3.56,12306000
20161017,3.55,3.62,3.51,3.58,11458400
20161018,3.63,3.7,3.61,3.65,17312900
20161019,3.68,3.76,3.65,3.68,19641000
20161020,3.64,3.73,3.58,3.72,22123100
20161021,3.7,4,3.67,3.96,43237000
20161024,4.06,4.18,4.03,4.08,37950800
20161025,4.17,4.2,3.94,4.18,43495400
20161026,4.11,4.18,4.05,4.11,31039900
20161027,4.15,4.27,4.15,4.16,30780000
20161028,4.3,4.63,4.27,4.63,59447100
20161031,4.79,4.83,4.51,4.51,44355000
20161101,4.58,4.66,4.19,4.27,51127800
20161103,4.22,4.35,4,4,37747200
20161104,4.04,4.09,3.83,3.88,44966400
20161107,4.12,4.24,4,4.23,32244700
20161108,4.18,4.32,4.13,4.26,36183200
20161109,3.92,4.47,3.91,4.28,54037200
20161110,4.46,4.59,4.23,4.25,55021700
20161111,4.28,4.43,3.91,3.92,42991200
20161114,3.89,4.27,3.77,4.22,49881500
20161116,4.12,4.15,3.9,3.96,28745900
20161117,4.06,4.09,3.92,3.94,19594600
20161118,3.9,4,3.78,3.99,24219800
20161121,4.06,4.17,4.03,4.09,21326800
20161122,4.24,4.33,4.15,4.21,29285000
20161123,4.19,4.54,4.12,4.53,40314200
20161124,4.52,4.64,4.37,4.41,25126100
20161125,4.34,4.53,4.31,4.44,22633300
20161128,4.49,4.61,4.48,4.58,20365900
20161129,4.5,4.54,4.28,4.3,24996700
20161130,4.3,4.37,4.14,4.15,30023700
20161201,4.23,4.27,3.92,4.02,27845500
20161202,3.95,4,3.83,3.97,31716600
20161205,4.02,4.17,4,4.04,22306000
20161206,4.02,4.07,3.96,4.01,19699600
20161207,4.12,4.21,4.09,4.16,20489300
20161208,4.24,4.28,4.07,4.12,17255200
20161209,4.2,4.21,3.96,4,15571200
20161212,3.96,3.99,3.85,3.92,19969100
20161213,3.93,3.98,3.82,3.96,20570400
20161214,3.91,3.95,3.85,3.85,17024900
20161215,3.88,4.06,3.84,4.05,21247600
20161216,4.1,4.15,3.97,3.97,19306400
20161219,3.98,4.05,3.86,3.88,17340800
20161220,3.92,3.97,3.87,3.93,12342800
20161221,3.96,4.06,3.93,4.04,15594600
20161222,4.02,4.08,3.96,3.96,10090400
20161223,3.98,4.01,3.94,3.95,5464000
20161226,3.98,4.01,3.91,4,4042100
20161227,4.03,4.14,4.03,4.1,10287900
20161228,4.13,4.2,4.04,4.07,11727700
20161229,4.08,4.12,4.02,4.1,9577500
20170102,4.1,4.15,4.05,4.08,4123200
20170103,4.15,4.29,4.15,4.29,16889700
20170104,4.28,4.55,4.22,4.55,33946200
