<DTYYYYMMDD>,<OPEN>,<HIGH>,<LOW>,<CLOSE>,<VOL>
20100601,20.98,21.59,20.93,21.47,204200
20100602,22.14,22.69,21.59,22.69,240500
20100604,21.7,22.7,21.7,22.63,145000
20100607,22.7,23.71,22.57,23.55,245900
20100608,23.25,23.55,22.82,22.82,174900
20100609,22.88,23.11,22.23,23.11,118500
20100610,22.95,24.17,22.87,23.8,155500
20100611,23.27,24.04,23.13,24.04,116800
20100614,23.97,24.15,23.68,24.15,162200
20100615,24.04,24.04,23.49,23.55,72300
20100616,23.62,23.62,23.14,23.14,119600
20100617,23.14,23.43,23,23.43,68200
20100618,23.31,23.37,22.89,22.89,164900
20100621,23.38,23.49,22.55,22.79,159800
20100622,23.13,23.49,22.88,22.95,108000
20100623,22.72,23.49,22.71,23.11,82200
20100624,22.71,22.95,22.41,22.45,124000
20100625,22.45,23.08,22.39,22.64,86800
20100628,22.45,22.71,22.28,22.28,49300
20100629,22.28,22.51,21.78,21.92,217500
20100630,21.7,22.73,21.45,22.14,179500
20100701,22.7,22.7,21.96,22.16,254600
20100702,22.16,22.95,22.16,22.87,80700
20100705,22.85,22.85,22.51,22.63,60100
20100706,22.42,23.16,22.42,22.84,217400
20100707,22.85,23.06,22.6,22.82,201200
20100708,22.9,23.18,22.44,22.97,85800
20100712,22.95,23,22.63,22.63,85900
20100713,22.54,22.92,22.54,22.76,52700
20100714,22.54,23,22.51,23,63600
20100715,22.87,23.13,22.68,23.01,71100
20100716,23.01,23.03,22.76,22.79,51300
20100719,22.98,23.11,22.82,23.06,33000
20100720,22.76,23.57,22.74,23.31,113500
20100721,23.37,23.43,22.82,22.82,105800
20100722,22.98,23.38,22.74,23.04,80900
20100723,22.9,23.22,22.78,22.86,73200
20100726,23.03,23.27,22.79,23.25,38600
20100727,23.28,23.31,22.71,22.76,184600
20100728,22.98,23.35,22.76,23.34,166000
20100729,23.74,23.74,22.89,23.28,116200
20100730,23.15,23.87,23,23.26,247600
20100802,23.65,23.83,22.89,23.07,110000
20100803,23.08,23.43,23.08,23.1,93500
20100804,23.1,23.74,23.1,23.65,157200
20100805,23.33,23.88,23.33,23.88,102300
20100806,23.83,23.91,23.62,23.78,151500
20100809,23.51,23.73,23.13,23.14,61700
20100810,23.13,23.3,22.68,22.88,258900
20100811,22.79,22.86,22.67,22.86,48100
20100812,22.62,23.27,22.62,22.85,98000
20100813,22.71,23.17,22.35,23.17,125300
20100816,22.97,23.22,22.94,23.22,111400
20100817,23.22,23.24,23.09,23.13,116800
20100818,23.31,23.35,23.06,23.35,165300
20100819,23.06,23.62,23.06,23.6,136700
20100820,23.48,23.72,23.4,23.72,160900
20100823,23.72,23.84,23.38,23.55,38100
20100824,23.92,24.1,23.42,23.74,150900
20100825,23.85,24.25,23.6,24.19,237500
20100826,24.03,24.17,23.52,23.54,186400
20100827,23.54,24.65,23.25,24.49,117500
20100830,23.8,24.33,23.74,23.95,65800
20100831,24.55,24.73,24.23,24.73,206500
20100901,24.69,25.27,24.67,25.24,195900
20100902,24.94,25.27,24.6,25.09,123600
20100903,25.11,25.31,24.84,25,124700
20100906,25.17,25.27,24.85,24.85,14800
20100908,24.91,25.61,24.44,25.4,211100
20100909,25.36,25.64,24.84,24.94,147400
20100910,25.14,25.27,24.94,25.19,53400
20100913,25.19,25.45,24.98,25.32,127000
20100914,25.33,25.33,25.06,25.21,74200
20100915,25.25,25.39,25.15,25.33,120500
20100916,25.06,25.49,25,25.36,64900
20100917,25.14,25.55,24.99,25.39,66300
20100920,25.4,25.58,25.4,25.58,73200
20100921,25.54,25.57,25.28,25.46,70700
20100922,25.2,25.44,25.01,25.43,163700
20100923,25.25,25.52,25.24,25.49,120200
20100924,25.45,25.68,25.33,25.64,150600
20100927,25.63,25.63,25.34,25.6,97500
20100928,25.4,25.54,25.2,25.3,97800
20100929,25.2,25.25,24.97,25.24,119500
20100930,25.39,25.62,25.05,25.46,299700
20101001,25.71,25.71,24.75,25.39,178100
20101004,25.42,25.75,25.27,25.36,108300
20101005,25.45,25.9,25.41,25.83,173100
20101006,25.61,26.12,25.61,25.86,130200
20101007,25.9,26.09,25.71,26.09,77000
20101008,25.88,26.48,25.88,26.21,161400
20101011,26.4,26.48,26.15,26.46,88700
20101013,26.46,26.52,26.15,26.52,87300
20101014,26.53,26.7,25.86,26.21,110800
20101015,26.38,26.43,25.78,26.09,57000
20101018,26.09,26.09,25.83,26.03,91400
20101019,25.83,25.83,25.29,25.45,88200
20101020,25.3,26.11,25.26,25.86,128400
20101021,25.73,26.05,25.37,25.37,148100
20101022,25.52,25.52,25.14,25.39,103400
20101025,25.2,25.77,25.14,25.26,117400
20101026,25.45,25.9,25.32,25.76,97300
20101027,25.88,26.43,25.61,26.12,157300
20101028,26.4,26.4,25.61,25.83,87000
20101029,25.88,26.1,25.46,25.59,144800
20101101,25.59,26.6,25.52,25.94,74000
20101103,25.94,26.34,25.72,25.88,157400
20101104,26.33,26.62,26.02,26.27,102100
20101105,26.52,26.52,25.77,25.77,109600
20101108,26.08,26.43,25.84,25.95,102700
20101109,26.41,26.41,25.85,25.85,51400
20101110,25.86,26.38,25.64,26.38,93100
20101111,26.32,26.38,25.72,25.72,92300
20101112,25.9,26.28,25.74,25.79,129500
20101116,25.9,26.14,25.52,26.02,138000
20101117,25.84,26.23,25.22,26.15,122400
20101118,26.09,26.21,25.86,26.21,66100
20101119,26.12,26.2,25.79,25.9,73500
20101122,25.78,26.07,25.24,25.61,69700
20101123,25.58,25.9,24.89,25.01,54400
20101124,24.97,25.65,24.97,25.65,157500
20101125,25.64,26.21,25.28,26.09,55500
20101126,26.02,26.09,25.56,25.64,95200
20101129,25.59,25.78,25.3,25.64,216000
20101130,25.38,25.76,25.3,25.33,130000
20101201,25.81,25.91,25.4,25.71,104500
20101202,25.71,25.9,25.47,25.9,109800
20101203,26,26,25.53,25.54,47600
20101206,25.71,25.71,25.04,25.04,70200
20101207,25.39,25.49,24.95,24.95,58900
20101208,24.96,25.2,24.74,25.02,49400
20101209,24.85,25.14,24.54,24.89,63000
20101210,24.78,25.18,24.65,24.93,61100
20101213,25.13,25.52,24.75,25.39,53100
20101214,25.18,25.32,24.95,24.95,53000
20101215,25.01,25.33,25.01,25.2,68300
20101216,25.28,25.33,24.92,24.95,48800
20101217,24.89,25.12,24.7,24.79,131700
20101220,24.79,25,24.33,24.38,103200
20101221,24.7,25.07,24.54,24.95,44600
20101222,25.14,25.2,24.63,25.2,34400
20101223,25.27,25.45,25.03,25.41,76000
20101227,25.09,25.78,25.09,25.61,100100
20101228,25.58,26.27,25.45,26.27,252300
20101229,26.26,26.27,25.85,26.09,33400
20101230,26.27,26.55,25.53,26.55,152600
20110103,26.57,26.66,25.88,25.96,118000
20110104,25.9,26.26,25.66,26.09,66700
20110105,25.85,26.33,25.64,26.33,81600
20110106,26.1,26.41,25.97,26.41,103800
20110107,26.25,26.47,26.15,26.47,127800
20110110,26.25,26.66,26.23,26.66,106600
20110111,26.59,26.82,26.59,26.74,112500
20110112,26.82,27.17,26.79,27.05,183100
20110113,27.07,27.3,26.98,27.17,162800
20110114,26.99,27.43,26.92,27.08,119500
20110117,27.06,27.06,26.79,26.91,32800
20110118,26.73,26.98,26.64,26.83,69700
20110119,26.73,26.97,26.16,26.48,58900
20110120,26.22,26.59,26.02,26.4,121800
20110121,26.42,26.64,26.33,26.38,83500
20110124,26.41,27.06,26.41,26.98,212300
20110126,26.71,26.98,26.48,26.78,191300
20110127,26.73,27.09,26.61,26.91,119500
20110128,27.05,27.05,26.11,26.45,157900
20110131,26.45,26.54,25.72,25.81,194500
20110201,25.9,25.91,25.64,25.71,99300
20110202,25.62,25.98,25.5,25.78,118800
20110203,25.57,26.01,25.51,25.86,64700
20110204,25.86,25.92,25.24,25.24,80500
20110207,25.39,25.88,25.21,25.82,84500
20110208,26.02,26.02,25.45,25.63,127300
20110209,25.51,25.78,24.83,25.01,184900
20110210,24.81,25.24,24.62,25.2,74700
20110211,25.13,25.35,24.86,25.2,107500
20110214,24.98,25.18,24.68,24.88,103800
20110215,24.88,24.99,24.75,24.75,62900
20110216,24.99,25.53,24.99,25.53,330400
20110217,25.53,26.05,25.39,25.71,154700
20110218,25.9,25.9,25.55,25.74,107000
20110221,25.77,26.05,25.34,25.99,84200
20110222,25.97,25.97,25.34,25.54,232200
20110223,25.67,25.96,25.26,25.71,173300
20110224,25.71,25.81,25.34,25.7,253900
20110225,25.76,25.88,25.52,25.52,73500
20110228,25.83,26.02,25.58,26.02,97700
20110301,26.09,26.25,25.87,25.94,99900
20110302,25.74,26.02,25.74,25.9,88000
20110303,26.15,26.71,26.01,26.47,115200
20110304,26.25,26.67,26.25,26.67,244200
20110309,26.68,26.78,26.48,26.78,149700
20110310,26.77,26.78,26.57,26.68,157300
20110311,26.75,26.94,26.61,26.8,165100
20110314,26.89,27.14,26.8,27.11,153900
20110315,26.92,27.1,26.42,26.68,275600
20110316,27.02,27.02,26.23,26.54,192900
20110317,26.87,26.98,26.31,26.66,153400
20110318,26.93,26.98,26.55,26.6,405500
20110321,26.96,27.2,26.59,27.18,136400
20110322,27.17,27.17,27.05,27.12,82400
20110323,27.12,27.23,26.99,27.02,219200
20110324,27.12,27.47,27.07,27.3,150400
20110325,27.3,28.47,26.98,28.38,477500
20110328,28.4,28.54,26.29,26.29,1199300
20110329,26.32,26.73,25.93,26.36,380400
20110330,26.32,26.91,26.32,26.43,173200
20110331,26.66,27.29,26.49,27.29,274000
20110401,27.36,27.51,26.99,27.46,233100
20110404,27.47,27.97,27.35,27.92,260800
20110405,27.76,28.58,27.63,28.55,261400
20110406,28.51,28.73,28.17,28.17,306300
20110407,28.31,28.86,28.16,28.86,272600
20110408,28.9,29,28.21,28.25,121400
20110411,28.38,28.99,28.31,28.55,147500
20110412,28.51,28.93,28.31,28.83,238500
20110413,28.87,28.99,28.55,28.86,163000
20110414,28.93,29.21,28.84,29.08,265300
20110415,29.21,29.45,29.15,29.45,152800
20110418,29.45,29.9,29.02,29.9,153700
20110419,29.78,29.91,29.65,29.65,107800
20110420,29.65,29.98,29.49,29.57,147000
20110425,29.18,29.68,29.09,29.42,151300
20110426,29.34,29.58,28.9,28.9,214600
20110427,28.73,29.22,28.62,29.14,281800
20110428,28.86,29.9,28.86,29.59,239600
20110429,29.56,29.91,28.72,28.84,555900
20110502,29.15,29.21,28.79,29.21,194900
20110503,28.89,29.26,28.75,29.04,132800
20110504,29.22,29.86,28.34,28.45,226100
20110505,28.17,28.81,27.97,28.1,235300
20110506,28.72,29.27,28.25,28.94,215700
20110509,28.94,29.24,28.38,28.49,102800
20110510,28.72,29.34,28.72,29.03,151600
20110511,28.98,29.14,28.73,29.12,98600
20110512,29.11,29.91,29.11,29.77,206600
20110513,29.72,29.9,29.33,29.72,150200
20110516,29.4,29.84,29.29,29.63,208000
20110517,29.87,29.87,28.99,29.63,148600
20110518,29.7,29.89,29.34,29.84,292400
20110519,29.63,30.39,29.63,30.18,407900
20110520,30.23,30.45,30.03,30.03,196200
20110523,30.05,31.02,29.81,30.31,129300
20110524,30.59,30.73,30.4,30.73,169600
20110525,30.46,31.48,30.46,31.44,328300
20110526,31.51,31.51,31.04,31.44,190600
20110527,31.23,31.96,31.16,31.77,120300
20110530,31.64,31.82,30.81,30.81,47100
20110531,31.12,31.64,30.83,31.43,134900
20110601,31.05,31.51,31.05,31.2,95200
20110602,31.05,32.51,31.05,32.4,165200
20110603,32.44,32.55,32.1,32.1,119600
20110606,32.01,32.77,31.89,32.33,369900
20110607,32.69,32.76,32.08,32.31,2878200
20110608,32.55,33.07,32,32.68,691700
20110609,32.76,33.04,31.51,31.92,668500
20110610,31.95,31.95,31.3,31.92,688700
20110613,32.76,32.76,30.39,30.97,1520700
20110614,31.28,31.28,30.19,30.42,1005700
20110615,30.21,31.09,29.79,30.95,1648700
20110616,31.09,32.05,30.74,30.81,1244900
20110617,31.02,31.69,31.02,31.59,1022300
20110620,31.24,31.69,31.24,31.4,1114200
20110621,31.6,31.89,31.09,31.89,608400
20110622,31.58,31.71,30.84,30.91,824900
20110624,30.67,31.82,30.56,31.61,470900
20110627,31.57,32.29,31.57,32,553100
20110628,32.03,32.17,31.27,31.57,686900
20110629,31.71,32.29,31.19,31.35,940500
20110630,31.64,31.8,31.35,31.57,817900
20110701,31.85,32.51,31.59,32.24,712000
20110704,32.24,32.52,31.66,32.1,291300
20110705,32.1,32.44,31.1,31.4,1275600
20110706,31.64,31.68,31.21,31.33,445800
20110707,31.61,31.94,31.05,31.29,552900
20110708,30.96,31.23,30.66,30.88,579500
20110711,30.6,31.57,30.6,31.51,785200
20110712,31.51,31.61,30.85,30.85,634800
20110713,30.98,31.46,30.98,31.37,624200
20110714,31.3,31.55,30.95,31.43,738700
20110715,31.43,31.54,31.07,31.09,436400
20110718,31.09,31.74,31.09,31.57,551500
20110719,31.54,32.24,31.38,31.92,622900
20110720,32.17,32.3,31.64,31.99,632900
20110721,32.19,32.61,32.15,32.21,586300
20110722,32.21,32.47,31.66,31.69,474400
20110725,31.73,32.11,31.37,31.99,697900
20110726,32.03,32.67,31.75,32.58,894000
20110727,32.59,33.35,32.59,33.17,1460900
20110728,32.91,34.18,32.84,33.56,972200
20110729,33.52,34.08,33.43,33.94,783600
20110801,33.11,34.09,33.11,33.74,833300
20110802,33.74,34.03,33.23,33.23,732300
20110803,33.22,33.22,32.7,33.17,1383400
20110804,32.84,33.21,32.07,32.42,1082300
20110805,32.42,32.83,32.02,32.56,1181100
20110808,32.55,32.55,29.24,29.95,1414600
20110809,29.73,31.15,29.38,30.6,1298600
20110810,31,31.3,29.7,31.09,1033000
20110811,31.08,32.23,30.96,31.44,870300
20110812,31.44,31.99,30.64,30.95,839100
20110815,31.43,32.88,30.95,32.88,602900
20110816,32.33,32.85,31.78,31.99,639400
20110817,32.33,32.75,31.78,32.55,1025600
20110818,31.79,32.66,31.53,32.61,792200
20110819,32.34,32.72,31.87,31.99,792600
20110822,32.35,32.37,31.97,32.24,345200
20110823,31.94,32.94,31.8,32.94,855000
20110824,33.04,33.33,32.36,33.25,727800
20110825,32.92,33.16,32,32.44,879700
20110826,32.05,32.79,31.69,32.69,622100
20110829,32.83,34.62,32.76,34.29,957800
20110830,34.29,34.77,33.89,34.27,835900
20110831,34.62,35.08,34.19,34.89,1224700
20110901,34.91,35.12,34.04,34.36,1541300
20110902,33.87,34.3,33.7,34.29,1345200
20110905,33.74,34.25,33.43,33.43,809800
20110906,33.11,34.25,33.05,34.01,960300
20110908,34.25,35.12,33.81,35.12,1140800
20110909,35.02,35.02,33.43,33.43,751200
20110912,33.06,34.49,32.79,34.38,807800
20110913,34.35,34.62,33.84,34.32,925400
20110914,34.32,35.75,34.21,35.71,1279800
20110915,35.47,36.03,34.57,34.57,780700
20110916,34.64,36.51,34.64,36.51,568900
20110919,35.85,36.47,35.78,36.44,664500
20110920,36.79,36.79,35.9,35.94,672900
20110921,36.07,36.93,36.07,36.37,950900
20110922,35.26,35.73,33.61,34.07,1833400
20110923,34.01,34.51,33.52,33.6,1053900
20110926,33.87,34.5,33.42,33.42,1259900
20110927,34.24,34.28,33.17,33.38,985300
20110928,33.65,34.08,33.52,34.07,637600
20110929,34.09,34.82,33.87,33.87,1218500
20110930,34.04,34.71,33.75,34.64,1089400
20111003,34.99,35.49,34.33,35.27,1822100
20111004,34.92,35.13,33.8,34.06,974900
20111005,33.96,34.21,32.96,33.38,1130000
20111006,34.13,34.99,33.34,34.42,858900
20111007,34.49,34.77,33.67,34.32,839600
20111010,35.04,35.04,34.18,34.88,603100
20111011,34.76,35.21,33.47,33.85,1202400
20111013,34.2,34.53,33.62,34.35,968900
20111014,34.14,34.78,34.14,34.78,413100
20111017,34.28,35.83,34.28,35.83,857200
20111018,35.77,36.28,35.19,35.64,1266600
20111019,35.67,36.46,35.28,36.39,1445400
20111020,36.28,36.38,35.39,35.55,1191900
20111021,35.54,36.13,35.54,35.82,495300
20111024,36.15,36.42,35.72,35.93,601200
20111025,35.78,36.43,35.52,36.43,421200
20111026,36.56,36.56,35.7,35.85,639400
20111027,36.21,36.21,34.63,34.76,1536900
20111028,34.76,35.7,34.74,35.28,475000
20111031,35.06,36.03,35.04,35.82,837500
20111101,35.07,35.47,34.92,35.22,488000
20111103,35.25,35.56,34.91,35.26,580700
20111104,35.49,35.49,34.85,34.85,655400
20111107,35.14,35.56,34.1,34.53,627800
20111108,34.57,35.26,34.57,34.86,495800
20111109,34.86,35.77,34.51,35.64,812800
20111110,35.64,35.66,34.22,34.58,1564900
20111111,34.71,35.15,34.61,35.04,699900
20111114,34.86,35.49,34.42,35.36,656700
20111116,35.49,35.49,34.88,35.28,798700
20111117,35.01,35.31,34.38,34.49,639100
20111118,34.58,34.85,34.18,34.25,407200
20111121,34.25,34.56,33.47,34.35,644500
20111122,34.1,34.58,34.07,34.38,637800
20111123,34.23,34.65,33.97,34.42,563100
20111124,34.55,34.61,33.85,33.95,171300
20111125,33.69,35.06,33.69,34.62,829600
20111128,34.83,35.13,34.59,34.67,490700
20111129,34.7,35.05,34.42,34.42,507300
20111130,34.92,35.63,34.45,34.99,867600
20111201,35.14,35.28,34.68,34.74,536100
20111202,34.96,35.24,33.93,34.74,625500
20111205,34.59,35.85,34.59,35.7,641700
20111206,35.72,35.82,35.17,35.49,600000
20111207,35.49,35.77,34.35,34.38,837700
20111208,34.63,34.63,33.97,34.04,667200
20111209,34.23,34.51,33.93,34.1,476000
20111212,33.95,34.45,33.95,34.45,655200
20111213,34.53,35.09,34.45,34.9,948500
20111214,34.85,35.64,34.49,35.22,1574600
20111215,35.46,35.81,35.14,35.57,1031400
20111216,35.77,35.9,35.33,35.51,917600
20111219,35.7,35.7,34.8,35.01,668800
20111220,35.2,36.13,34.93,35.85,1058500
20111221,35.65,36.03,35.43,35.79,1166000
20111222,35.79,36.43,35.79,36.34,806200
20111223,36.22,36.66,36.05,36.66,451500
20111226,36.69,37.47,36.19,37.47,231700
20111227,37.46,38.06,37.08,37.98,412500
20111228,37.98,37.98,37.04,37.36,556000
20111229,37.79,38,36.88,37.22,561100
20120102,36.97,37.31,36.43,37.04,460500
20120103,37.16,37.84,36.71,37.84,709500
20120104,37.97,37.97,37.29,37.7,918400
20120105,37.68,37.77,36.5,37.29,663600
20120106,37.18,37.34,36.41,36.6,600700
20120109,36.69,37.08,36.37,36.59,661000
20120110,36.62,37.47,36.5,36.76,1133000
20120111,36.75,36.9,36.47,36.58,564500
20120112,36.79,36.87,36.37,36.44,636700
20120113,36.37,36.66,35.69,36.25,858400
20120116,36.32,36.52,36.03,36.52,305400
20120117,36.87,37.25,36.3,37.25,805300
20120118,37.41,37.92,36.81,37.92,609900
20120119,37.92,38.16,37.54,37.84,688400
20120120,37.92,37.98,36.88,37.05,587700
20120123,36.97,37.41,36.51,36.53,541200
20120124,36.61,36.94,36.52,36.94,459700
20120126,36.76,36.97,35.74,35.74,1103500
20120127,35.81,36.06,35.26,35.26,1028500
20120130,35.2,35.71,34.6,35.05,1004700
20120131,35.27,35.44,34.74,35.27,1628400
20120201,35.59,35.63,34.8,34.87,1423700
20120202,34.88,34.98,34.23,34.5,2052200
20120203,34.38,35.11,34.34,34.44,2548200
20120206,34.64,35.01,34.07,34.65,1919200
20120207,34.44,35.15,34.19,35.02,2004800
20120208,35.02,35.69,34.33,34.5,1697700
20120209,34.56,35.02,34.38,34.55,1072900
20120210,34.29,34.72,34.11,34.72,1137000
20120213,34.89,35.16,34.68,34.96,753000
20120214,34.96,35.17,34.7,35.08,920700
20120215,35.23,35.45,34.69,35.25,1200900
20120216,35.74,36.46,35.58,36.44,1859200
20120217,36.68,37.23,36.21,37.19,1288700
20120222,37.19,37.6,37.11,37.53,1269300
20120223,37.38,37.53,36.63,36.94,1027100
20120224,36.94,37.17,36.76,36.87,1138200
20120227,37,37.11,36.51,36.87,454500
20120228,36.78,37.44,36.66,37.43,592500
20120229,37.45,37.75,36.88,37.26,1085800
20120301,37.28,37.54,36.93,36.97,1033200
20120302,37.09,37.64,36.83,37.55,1094300
20120305,37.63,37.66,36.84,37.41,720600
20120306,36.97,37.33,36.65,36.84,769300
20120307,36.76,37.64,36.57,37.53,1039700
20120308,37.69,38.46,37.52,38.43,1761900
20120309,38.54,39.71,38.54,39.64,1807200
20120312,39.58,39.72,38.9,39.44,1226700
20120313,39.27,40.47,39.24,40.17,1787800
20120314,40.19,40.42,39.35,40.06,807100
20120315,39.73,40.01,39.11,39.51,728800
20120316,39.5,40.31,39.42,40.13,1088000
20120319,40.16,40.8,40.13,40.59,973200
20120320,40.27,40.73,39.92,40.31,796500
20120321,40.3,41.01,39.96,40.38,773400
20120322,40.52,40.56,39.53,39.73,1712200
20120323,39.87,39.94,39.16,39.33,1220700
20120326,39.72,40.56,39.51,40.32,1130500
20120327,40.24,41.08,40.02,41.03,1294600
20120328,41.04,41.2,39.87,40.13,1017500
20120329,40.09,40.84,39.86,40.71,1274600
20120330,40.72,41.46,40.48,40.95,1102800
20120402,41.32,41.35,40.43,41.1,988000
20120403,41.03,41.17,40.47,40.67,804400
20120404,40.45,40.78,40.27,40.53,428600
20120405,40.53,41.14,40.53,40.89,533700
20120409,40.73,41.28,40.37,41.19,571700
20120410,41.03,41.22,40.55,40.92,701300
20120411,40.96,41.56,40.94,41.27,893600
20120412,41.76,42.06,41.13,42.03,1027400
20120413,41.61,42.03,41.21,41.32,651600
20120416,41.73,41.88,40.6,41.02,672700
20120417,41.72,41.72,39.86,39.86,1438000
20120418,39.52,40.8,39.52,40.8,1519500
20120419,41.1,41.13,40.05,40.16,728400
20120420,40.42,40.75,40.2,40.58,854800
20120423,39.97,40.48,39.91,40.42,636300
20120424,40.38,40.81,39.79,40.11,872600
20120425,40.57,40.7,39.82,40.12,959600
20120426,40.2,40.22,39.55,39.86,1203600
20120427,40.02,40.35,39.88,40.2,546200
20120430,40.19,40.72,39.67,40.72,746600
20120502,40.72,41.75,40.65,41.75,1050800
20120503,41.55,41.85,40.42,40.98,1316400
20120504,41.16,41.31,40.54,41.02,1278800
20120507,40.09,41.18,40.09,41.18,1403400
20120508,41.14,41.15,40.33,40.68,1119100
20120509,40.48,41.11,40.42,40.95,651900
20120510,40.8,40.98,40.12,40.5,2075300
20120511,40.35,40.63,39.52,39.75,918400
20120514,39.52,39.68,38.63,39,909900
20120515,39,39.53,38.59,38.85,785600
20120516,38.93,40.36,38.66,38.93,1102200
20120517,39.19,39.26,37.77,38.3,913100
20120518,38.3,38.86,37.8,38.55,1299800
20120521,38.55,38.88,38.3,38.81,1219000
20120522,38.81,39.14,38.52,38.97,1078000
20120523,39.14,39.52,37.18,37.84,998800
20120524,37.85,38.18,36.74,37.05,1090400
20120525,37.28,37.38,36.68,36.79,1524000
20120528,37.05,38.18,36.91,38.18,457200
20120529,38.17,38.4,36.94,37.02,1305700
20120530,36.94,37.73,35.83,35.83,2572200
20120531,35.76,36.01,35.1,35.93,2474900
20120601,35.89,36.49,35.23,36.31,1285500
20120604,36.09,36.49,35.93,36.16,895600
20120605,36.31,36.6,35.7,36,1011200
20120606,35.71,36.22,35.38,35.41,1582100
20120608,35.78,35.89,35.23,35.47,956300
20120611,36.16,37.01,35.73,36.64,1115800
20120612,36.64,37.14,36.33,37.14,1660200
20120613,36.98,37.22,36.02,36.12,1495700
20120614,36.37,36.4,35.79,36.04,879600
20120615,35.79,36.23,35.52,36.04,882900
20120618,35.71,36.51,35.7,36.29,911200
20120619,36.32,37.62,36.32,37.2,1671500
20120620,37.2,37.41,36.75,37.17,993100
20120621,37.35,37.35,36.15,36.43,970900
20120622,36.53,36.84,36.33,36.63,588400
20120625,36.44,36.61,35.78,36.31,432100
20120626,37.13,37.13,36.31,36.9,978700
20120627,36.8,37.31,36.61,36.84,603500
20120628,36.93,37.18,36.46,36.83,597700
20120629,37.2,37.77,36.81,37.41,1176500
20120702,37.41,38.3,37.13,38.01,1246900
20120703,38.1,38.46,38.01,38.4,1007900
20120704,38.46,38.89,38.22,38.37,405000
20120705,38.54,38.85,38.18,38.31,842300
20120706,38.18,38.61,37.79,38.51,676700
20120710,38.91,39.32,38.3,38.63,1594500
20120711,38.66,38.7,37.79,37.89,1671100
20120712,37.51,37.86,36.84,37.06,1550500
20120713,37.43,37.43,36.34,36.46,2264800
20120716,36.51,36.51,35.67,35.83,1774300
20120717,35.83,36.51,35.83,36.38,1347400
20120718,36.38,36.87,35.58,36.46,1903200
20120719,36.46,37.06,35.71,35.89,1481800
20120720,35.74,35.89,35.03,35.26,1525500
20120723,35.04,35.42,34.66,34.73,822500
20120724,34.73,35.17,34.22,34.58,929500
20120725,34.76,34.77,33.6,34.06,1719300
20120726,34.55,35.17,34.23,35.17,1150200
20120727,35.2,36,35.11,35.8,1272000
20120730,35.85,35.95,35.18,35.95,701300
20120731,35.93,36.07,35.5,35.95,1115500
20120801,35.95,36.38,35.79,36.19,747000
20120802,35.5,36.44,35.49,36.12,1298800
20120803,36.57,36.97,36.43,36.62,921100
20120806,36.62,37.05,36.46,36.96,766400
20120807,36.98,37.63,36.24,36.47,1037500
20120808,36.66,37.22,36.35,36.9,950600
20120809,36.72,37.43,36.72,37.28,617200
20120810,37.33,37.91,36.92,37.91,1046100
20120813,37.63,37.72,36.97,37.33,640600
20120814,37.33,37.54,37.06,37.06,767200
20120815,36.91,37.53,36.73,37.5,1266500
20120816,37.73,37.81,36.84,37.43,1777700
20120817,37.43,37.57,37.02,37.05,784400
20120820,37.23,37.4,36.58,36.69,620900
20120821,36.86,36.87,34.81,35.36,2094300
20120822,35.36,35.89,34.77,35,1522700
20120823,34.81,35.08,34.43,34.78,792900
20120824,34.64,34.73,34.03,34.31,1129900
20120827,34.43,34.58,34.06,34.28,477700
20120828,33.99,34.33,33.63,33.71,1323600
20120829,33.71,34.16,33.14,33.25,813900
20120830,33.22,33.45,32.63,32.94,1169000
20120831,32.95,33.31,32.02,32.94,1906600
20120903,32.93,34.18,32.56,33.86,1440500
20120904,33.68,33.68,32.94,33.26,2386700
20120905,33.43,33.57,33.09,33.54,765600
20120906,33.54,34.63,33.48,34.28,1297000
20120910,34.33,34.73,33.86,34.13,988700
20120911,34.13,34.58,33.7,34.48,926400
20120912,34.7,35.17,34.48,34.91,2186000
20120913,34.91,35.33,34.44,34.81,1410900
20120914,34.72,34.92,34.22,34.35,2026600
20120917,34.37,34.76,34.04,34.15,850200
20120918,34.37,34.4,33.54,33.91,1312100
20120919,33.78,34.24,33.46,33.7,815400
20120920,33.3,33.39,32.5,33.36,1457800
20120921,33.27,33.6,32.86,33.42,792400
20120924,33.45,33.45,32.88,33.18,1560500
20120925,33.16,33.51,32.79,32.94,1179500
20120926,32.94,33.23,32.45,33.23,1086400
20120927,33.14,33.21,32.37,32.52,1700300
20120928,32.57,33.42,32.2,33.15,1610600
20121001,33.12,33.71,32.97,33.31,1252100
20121002,33.41,33.68,33.06,33.23,1138000
20121003,33.36,33.64,32.49,32.67,868500
20121004,32.82,33.62,32.56,33.46,1442100
20121005,33.44,34.13,33.39,34.1,1413500
20121008,34.1,34.45,33.73,34.21,1014600
20121009,34.13,34.2,33.48,33.8,789400
20121010,33.82,33.83,33.38,33.72,1077200
20121011,34.25,34.25,33.64,33.91,951600
20121015,33.75,34.04,33.24,33.46,2092500
20121016,33.59,34.03,33.32,34.03,1278500
20121017,34.04,34.16,33.61,34.05,2032500
20121018,34.01,34.06,33.54,33.74,1244300
20121019,33.85,33.89,33.15,33.31,746900
20121022,33.31,33.53,32.91,33.21,539500
20121023,32.86,33.24,32.82,32.97,735600
20121024,32.86,33.3,32.59,32.59,869700
20121025,32.53,32.94,32.43,32.85,884300
20121026,32.68,32.98,32.36,32.86,1082300
20121029,32.86,33.2,32.67,33.09,344400
20121030,33.42,33.54,32.82,33.54,316400
20121031,33.54,33.69,32.85,33.68,972100
20121101,33.54,34.25,33.23,34.04,1166500
20121105,33.51,33.89,33.24,33.53,969800
20121106,33.68,34.58,33.55,34.58,2491000
20121107,34.67,34.99,34.37,34.88,1164800
20121108,35.14,35.57,34.64,35,1203900
20121109,34.99,35.34,34.45,35.25,1104800
20121112,35.18,35.8,35.07,35.77,635000
20121113,35.74,35.92,35.41,35.92,841300
20121114,35.77,35.93,35.57,35.93,1028600
20121116,35.74,35.77,34.97,35.47,577000
20121119,35.12,35.93,35.12,35.93,510900
20121121,36.07,36.22,35.42,35.78,880500
20121122,35.97,36.07,35.29,35.89,311600
20121123,35.85,36.68,35.38,36.64,1155700
20121126,36.41,36.63,35.25,35.48,841700
20121127,35.5,35.71,35.21,35.4,479700
20121128,35.58,35.84,34.8,35.79,552200
20121129,35.93,36.07,35.46,36.06,716000
20121130,36.16,36.16,35.04,35.48,1553800
20121203,35.48,35.7,34.46,34.87,861600
20121204,34.91,34.91,34.22,34.56,1139400
20121205,34.56,35.37,34.56,34.83,1202300
20121206,34.84,35.02,34.27,34.79,686000
20121207,34.79,35.33,34.56,34.8,587800
20121210,34.95,35.01,34.47,34.85,603900
20121211,35.01,35.05,34.53,34.87,1226700
20121212,34.87,34.93,34.56,34.91,1054400
20121213,34.75,35.44,34.61,35.44,1131100
20121214,35.53,35.85,34.83,35.79,813000
20121217,35.74,36.17,35.44,35.79,762500
20121218,36.01,36.17,35.5,36.17,585700
20121219,36.1,37.01,35.81,36.7,939700
20121220,36.51,37.24,36.21,37.01,829100
20121221,36.32,37.39,36.32,37.34,815000
20121226,36.97,37.85,36.96,37.68,1327500
20121227,37.47,37.61,36.97,37.16,765700
20121228,37.16,37.7,36.98,37.47,1415400
20130102,37.84,38.54,37.71,37.94,1742300
20130103,38.01,38.62,37.77,38.33,1323000
20130104,38.35,38.7,37.75,38.38,913400
20130107,37.91,38.49,37.79,38.39,650100
20130108,38.55,38.62,37.86,38.54,573200
20130109,38.35,38.52,37.97,38.23,614100
20130110,38.61,38.61,38.07,38.37,553900
20130111,38.55,39.12,38.45,38.83,3144300
20130114,39.15,39.44,38.81,39.23,2863700
20130115,39.14,39.66,38.91,39.46,739500
20130116,39.45,40.1,39.27,40.1,785600
20130117,39.89,40.52,39.7,40.18,1455100
20130118,40.38,40.44,39.38,39.57,4150800
20130121,39.58,40.38,39.46,39.76,1551100
20130122,39.85,40.09,39,39.65,1261200
20130123,39.46,39.97,39.18,39.89,777300
20130124,39.67,40.47,39.41,39.79,2606800
20130128,39.6,39.86,39.01,39.32,3877100
20130129,39.06,39.48,38.72,39.4,921400
20130130,39.15,39.59,38.98,39.39,860300
20130131,39.23,39.77,39.08,39.61,965600
20130201,39.61,40.12,39.22,39.91,712300
20130204,39.89,40.24,39.56,39.96,2353300
20130205,39.85,40.02,39.66,39.97,456100
20130206,39.77,40.09,39.37,39.85,959800
20130207,39.85,40.37,39.18,39.7,834600
20130208,39.66,40.21,39.36,39.76,592000
20130213,39.62,39.89,39.29,39.76,631500
20130214,39.73,39.74,39,39.22,668800
20130215,39.08,39.15,38.05,38.05,1479000
20130218,38.25,38.49,37.61,37.92,877200
20130219,38.52,38.8,38.07,38.48,1303500
20130220,38.59,38.9,37.94,37.94,1150500
20130221,37.75,38.63,37.56,38.04,3216100
20130222,38.04,38.57,37.58,38.18,1694500
20130225,38.53,40.01,38.53,39.42,1857900
20130226,39.69,40.68,39.4,40.41,2044000
20130227,40.53,41.42,40.43,41.41,1905100
20130228,41.28,41.55,40.8,41.07,1064700
20130301,40.85,41.43,40.39,41.19,1662900
20130304,41.19,41.67,40.41,41.35,1098500
20130305,41.55,41.63,40.99,40.99,1540100
20130306,40.97,42.01,40.97,41.75,1008200
20130307,42.22,42.22,41.23,41.98,848800
20130308,41.6,42.49,41.6,42.27,819800
20130311,42.09,42.86,42.09,42.63,1462300
20130312,42.45,42.61,41.97,42.3,950500
20130313,42.19,42.42,41.66,41.9,1142200
20130314,42.07,42.09,41.13,41.51,1098200
20130315,41.55,41.84,41.03,41.49,1271800
20130318,41.04,41.84,41.04,41.25,990600
20130319,41.51,41.83,41.08,41.47,983400
20130320,41.36,41.79,40.8,41.21,987700
20130321,41.41,41.54,41.15,41.27,933400
20130322,41.67,42.14,41.34,41.75,3370600
20130325,41.77,42.41,41.41,41.44,933100
20130326,41.86,42.42,41.56,42.06,824000
20130327,41.97,42.33,41.71,42.07,684300
20130328,42.13,42.71,41.79,42.49,1349200
20130401,42.62,42.69,41.82,42.06,1143200
20130402,41.89,42.2,41.36,41.6,920300
20130403,41.47,42.04,41.15,41.51,6357800
20130404,41.42,41.61,41.06,41.27,602100
20130405,41.48,41.48,39.97,40.17,1699500
20130408,39.94,41,39.93,40.72,732600
20130409,40.71,41.1,40.46,40.8,855600
20130410,40.94,41.44,40.81,41.13,701500
20130411,41.45,41.78,40.6,41.04,788600
20130412,40.97,41.51,40.57,41.51,892500
20130415,41.13,41.49,40.55,40.55,1530400
20130416,41.27,42.15,40.96,42.15,823700
20130417,41.23,42.43,41.23,42.1,2195900
20130418,42.36,42.77,41.63,42.12,814800
20130419,42.01,42.69,41.72,42.2,858500
20130422,42.65,42.89,42.04,42.73,4328000
20130423,43.07,43.3,42.65,43.09,894300
20130424,43.24,43.47,43.05,43.15,7290100
20130425,43.25,43.96,43.01,43.37,707100
20130426,43.27,43.36,42.32,42.4,699900
20130429,42.79,42.94,42.18,42.53,648900
20130430,43.09,43.24,42.21,42.94,1332400
20130502,42.52,43.62,42.35,43.11,742100
20130503,43.42,44.06,43.18,43.74,1429300
20130506,43.42,44.1,43.33,43.78,1093400
20130507,43.66,43.66,41.97,42.36,1750100
20130508,42.68,43.04,42.38,42.85,949100
20130509,42.92,43.17,42.44,42.66,1793800
20130510,42.6,42.92,42.1,42.79,1161600
20130513,42.72,43.1,42.44,43.01,745700
20130514,42.77,43.5,42.52,43.15,853200
20130515,43.17,44.02,43,43.78,1021500
20130516,43.79,44.09,43.25,43.41,1111300
20130517,43.49,43.7,43.19,43.48,693300
20130520,43.5,43.89,43.28,43.54,721300
20130521,43.62,43.83,43.13,43.53,906500
20130522,43.53,44.26,43.51,43.71,1093400
20130523,43.49,44.42,43.1,44.26,1346500
20130524,44.38,44.46,43.46,44.06,1458000
20130527,44.06,44.61,44.05,44.25,217400
20130528,44.46,44.94,44.3,44.38,553600
20130529,44.22,44.41,43.39,43.81,1066900
20130531,43.27,43.79,42.35,42.61,1617000
20130603,42.61,43.45,42.12,43.03,1114800
20130604,43.24,43.9,42.94,43.75,827700
20130605,43.71,44.05,43.09,43.65,891600
20130606,43.78,43.89,42.61,43.32,1829600
20130607,42.61,43.38,42.35,42.93,733100
20130610,43.07,44.17,42.79,43.64,1072400
20130611,43.63,43.63,42.18,42.18,1213100
20130612,42.13,42.49,41.45,41.8,1325400
20130613,41.89,42.69,41.41,42.44,1117600
20130614,43.09,43.09,41.65,41.65,1195400
20130617,41.65,42.87,41.43,42.04,1191000
20130618,41.71,43.06,41.71,42.48,978500
20130619,42.45,42.85,41.8,41.97,1598900
20130620,41.55,41.71,39.78,40.26,2784700
20130621,39.95,40.42,39.1,39.61,1764900
20130624,39.24,39.7,38.52,39.04,1339800
20130625,39.61,40,38.66,39.59,2095400
20130626,39.95,40.32,39.37,39.4,663300
20130627,39.23,40.93,39.23,39.92,862600
20130628,40.08,41.12,39.4,40.75,1745500
20130701,40.3,41.63,40.3,40.54,981300
20130702,40.38,40.81,39.1,39.1,1305500
20130703,39.29,40.02,38.19,38.86,1242200
20130704,39.17,39.61,38.64,38.97,503300
20130705,39.09,39.51,38.28,38.52,894900
20130708,38.52,39.31,38.48,38.76,853000
20130710,39.21,39.31,37.85,37.88,1243700
20130711,38.35,38.54,37.83,38.38,2052000
20130712,38.47,39.03,37.78,37.92,1142500
20130715,37.92,38.55,37.73,38.44,865100
20130716,38.78,39.14,38.32,39.08,1015300
20130717,39.37,39.48,38.48,38.48,814200
20130718,38.8,38.97,38.32,38.77,781100
20130719,38.57,39.2,38.46,38.91,443300
20130722,39.27,40.24,39.21,39.78,1080900
20130723,40.23,40.33,39.69,40.14,821500
20130724,39.69,39.69,38.93,39.2,1619700
20130725,38.89,39.61,38.88,39.15,921600
20130726,39.06,40.51,39.05,40.22,854200
20130729,40.26,40.41,39.46,39.88,645500
20130730,40.05,40.15,39.69,40.02,1046400
20130731,39.55,40.31,38.97,39.06,1219900
20130801,39.37,39.67,38.8,39.18,1092300
20130802,39.16,39.91,38.98,39.35,1058100
20130805,39.55,39.86,39.29,39.81,624100
20130806,39.5,39.97,38.59,38.97,1064400
20130807,38.65,39.44,38.53,39.01,631200
20130808,38.97,40.04,38.85,39.86,975200
20130809,40.16,40.32,39.57,39.57,829300
20130812,39.93,40.38,39.61,39.94,984800
20130813,39.61,40.34,39.61,40.06,1135200
20130814,39.78,40.53,39.64,39.78,1770800
20130815,39.46,40.11,39.09,39.61,1429100
20130816,39.62,40.11,39.27,39.52,1132200
20130819,39.38,39.5,38.85,38.9,905900
20130820,38.81,39.12,38.13,38.29,1236200
20130821,38.15,38.98,37.84,38.61,968300
20130822,38.72,39.12,38.42,38.42,1156600
20130823,38.62,38.68,37.82,38.33,1374100
20130826,38.13,38.38,37.51,37.87,932000
20130827,37.59,38.2,37.36,37.46,1701900
20130828,37.59,37.68,36.95,37.07,1020300
20130829,37.36,37.92,37.22,37.41,864700
20130830,37.43,37.75,37.24,37.58,1061800
20130902,37.83,38.5,37.83,38.37,645200
20130903,38.08,38.56,37.57,37.68,1134700
20130904,37.66,38.88,37.35,38.77,1278200
20130905,38.84,39.31,38.37,39.19,1714500
20130906,39.55,40.05,39.17,39.71,2225400
20130909,39.71,41,39.62,40.88,3127700
20130910,40.76,41.39,40.6,41,1728000
20130911,41,41.33,40.85,41.25,1605700
20130912,41,41.63,40.13,40.5,1704400
20130913,40.7,41.17,40.44,41.17,1156800
20130916,41.26,41.57,40.91,41.41,843600
20130917,41.33,41.48,40.84,41.31,1193500
20130918,41.25,41.33,40.31,40.86,1441100
20130919,40.92,41.13,40.51,41.03,1261900
20130920,40.91,41.24,40.35,40.35,1080300
20130923,40.35,40.96,39.79,40.35,931200
20130924,40.59,41.82,40.35,41.82,1683700
20130925,41.41,41.61,40.35,40.83,1540900
20130926,41,41.3,40.53,41.17,1234900
20130927,40.92,41.34,40.48,40.87,920400
20130930,41.23,41.23,39.92,39.92,960300
20131001,40.35,40.86,39.64,40.86,755000
20131002,40.55,40.9,39.93,39.93,882600
20131003,40.06,40.32,39.95,39.95,1722700
20131004,39.84,40.14,39.05,39.3,1169100
20131007,38.4,39,38.09,38.49,1406100
20131008,38.55,38.87,37.67,37.99,1532100
20131009,38.01,39.37,38.01,39.1,1910700
20131010,39.13,39.53,38.95,39.53,818600
20131011,39.53,40.33,39.38,40.07,789800
20131014,40.02,40.07,39.33,39.44,725700
20131015,39.5,39.74,38.49,38.7,1421600
20131016,38.96,39.29,38.72,39.03,1282000
20131017,38.75,39.17,38.56,38.97,1010800
20131018,39.02,39.18,38.72,39.02,1008800
20131021,39.34,40.37,39.13,40.07,1654000
20131022,40.36,40.59,39.86,40.29,1040500
20131023,40.28,40.62,39.96,40.28,1132200
20131024,40.36,40.8,40.2,40.56,694600
20131025,40.38,40.46,39.87,39.95,977500
20131028,40.16,40.41,39.88,39.91,1038500
20131029,40.07,40.32,39.7,39.87,1065100
20131030,40.06,40.41,39.89,40.25,997200
20131031,40.09,40.63,40.08,40.25,1236800
20131101,40.5,40.54,39.44,39.72,1168000
20131104,39.92,40.12,39.61,39.76,773200
20131105,39.88,40.14,39.12,39.68,818100
20131106,39.42,39.59,38.63,39.12,1138000
20131107,38.83,38.84,37.43,37.93,2005300
20131108,37.93,38.25,37.35,38.09,1545400
20131111,38.34,38.51,37.95,38.16,885800
20131112,38.21,38.21,37.38,37.38,2037500
20131113,37.21,37.42,36.74,37.42,1333000
20131114,37.19,37.75,36.99,37.37,1489100
20131118,37.6,38.08,37.53,37.66,935500
20131119,37.6,38.36,37,37.33,1237000
20131121,36.58,37.42,36.58,36.88,1090000
20131122,37.07,37.56,36.89,37.09,915600
20131125,37.18,37.48,36.96,36.96,839700
20131126,37.14,37.32,36.58,36.69,1226000
20131127,37.12,37.17,36.67,36.67,818700
20131128,36.96,37.74,36.76,36.96,438800
20131129,37.09,37.82,36.96,37.51,572000
20131202,37.17,37.46,36.34,36.34,1021200
20131203,36.33,36.38,35.72,35.92,996300
20131204,35.92,36.48,35.75,35.87,1048200
20131205,36.15,36.56,35.89,36.33,1350300
20131206,36.6,37.29,36.39,37.06,1237200
20131209,37.22,37.72,36.37,36.38,692100
20131210,36.38,36.77,35.75,35.75,796500
20131211,35.8,36.03,35.16,35.16,715700
20131212,35.25,35.5,35.01,35.1,835700
20131213,35.21,35.57,34.8,34.8,508100
20131216,34.86,36.05,34.83,35.78,929400
20131217,35.88,36.03,35.26,35.57,951900
20131218,35.85,35.85,34.92,35.2,1393100
20131219,35.38,35.96,35.22,35.93,860600
20131220,35.75,36.7,35.75,36.7,1721600
20131223,36.68,36.97,36.18,36.33,742700
20131226,36.76,36.76,36.23,36.44,364300
20131227,36.46,36.99,36.38,36.74,378200
20131230,36.9,38,36.9,37.45,857000
20140102,36.86,37.45,36.44,36.93,785600
20140103,36.85,38.42,36.85,37.85,1788500
20140106,38.05,38.05,37.19,37.85,959300
20140107,38.08,38.42,37.83,38.09,960100
20140108,38.39,38.87,38.22,38.46,747500
20140109,38.47,38.67,37.95,38.34,816200
20140110,38.03,38.97,37.89,38.75,1160500
20140113,38.98,39,38.31,38.48,658900
20140114,38.17,39.36,38.11,38.71,901700
20140115,38.52,39.48,38.52,39.17,1028900
20140116,39.36,39.8,39.17,39.55,789200
20140117,39.37,39.7,38.67,38.7,845200
20140120,38.42,38.89,38.37,38.43,579700
20140121,38.54,39.08,38.31,38.92,828600
20140122,39.15,39.88,38.79,39.68,1134400
20140123,39.32,40.14,39.32,39.88,1557600
20140124,39.16,39.9,39.02,39.02,1405900
20140127,39.09,39.14,38.16,38.34,4842400
20140128,38.76,38.86,38.11,38.42,2860500
20140129,37.96,38.17,37.34,37.34,1336600
20140130,37.24,38.36,36.81,38,2455400
20140131,37.7,38.77,37.5,38.31,2070900
20140203,38,38.71,37.28,37.38,1851400
20140204,37.39,37.66,37.07,37.26,1239700
20140205,37.17,37.6,36.8,37.59,1810600
20140206,37.58,38.21,36.93,37.05,1837900
20140207,36.76,37.71,36.76,37.25,1233100
20140210,37.34,37.89,36.94,37.75,1839400
20140211,38,38.73,37.63,38.38,1410400
20140212,38.41,38.92,38.1,38.38,1363600
20140213,38.38,38.38,37.4,37.76,967200
20140214,38.04,38.31,37.62,38,788000
20140217,37.82,38.19,37.42,37.42,309900
20140218,36.84,37.39,36.19,36.19,1344900
20140219,36.08,36.62,35.38,35.87,1551600
20140220,35.5,35.93,35.34,35.58,959900
20140221,35.91,36.13,35.56,35.75,855900
20140224,35.67,36.12,35.62,35.75,579400
20140225,35.62,35.87,35.17,35.26,570200
20140226,35.91,36.53,35.91,36.33,1263600
20140227,36.33,36.82,36.09,36.55,1058700
20140228,36.73,36.73,35.51,35.9,1561900
20140305,36.33,36.85,36.28,36.47,1170700
20140306,36.26,37.35,36.24,36.91,1272500
20140307,36.91,37.49,36.65,37.42,1686000
20140310,37.2,37.71,37.06,37.52,1602800
20140311,38.07,38.62,38.01,38.49,1763700
20140312,38.34,38.47,37.68,37.68,1191900
20140313,37.85,38.13,37.04,37.17,1045400
20140314,37.18,37.6,36.87,36.91,736600
20140317,37.17,37.47,36.97,37.04,453300
20140318,36.88,38.19,36.8,37.98,1011900
20140319,38,38.34,37.78,38.13,815600
20140320,38.29,39.08,37.77,39.08,845200
20140321,38.68,40.06,38.52,39.21,1165700
20140324,39.26,39.46,38.76,39.06,848400
20140325,39.21,40.01,38.83,39,809800
20140326,39.31,39.76,38.6,39.41,947800
20140327,39.55,40.34,39.51,40.07,1321400
20140328,40.11,40.63,39.81,40.54,1237400
20140331,40.75,41.04,40.53,40.99,1008500
20140401,40.96,41.12,40.08,40.08,1812300
20140402,40.34,40.51,39.77,39.99,1896900
20140403,40.28,40.28,39.08,39.27,1507600
20140404,39.97,40.19,39.06,39.06,767500
20140407,39.46,39.98,39.22,39.22,1047400
20140408,40.03,40.03,39.06,39.26,1263800
20140409,39.18,39.55,39.07,39.35,870300
20140410,39.43,39.86,38.59,38.59,1160900
20140411,38.49,39.6,38.43,39.35,998200
20140414,39.6,40.02,39.17,39.19,793100
20140415,39.33,39.51,38.36,38.99,1103900
20140416,39.35,39.67,38.9,39.43,901600
20140417,39.43,40.09,39.43,39.64,846800
20140422,39.47,39.47,38.96,38.96,1219100
20140423,39.03,39.34,38.99,39.17,588400
20140424,39.03,39.36,38.76,39.05,612700
20140425,38.8,39.32,38.53,39.26,925300
20140428,39.15,39.54,39.01,39.3,896000
20140429,39.18,39.91,38.91,38.91,986600
20140430,38.94,40.19,38.94,40.08,1321200
20140502,40.37,40.78,39.84,40.3,1137300
20140505,40.55,40.72,40.27,40.55,861700
20140506,40.31,40.99,40.31,40.62,989600
20140507,40.98,40.98,39.9,40.29,1046800
20140508,40.13,40.48,39.27,39.87,1265300
20140509,40.13,40.2,38.85,38.85,1153100
20140512,39.07,40.07,38.95,40.01,543800
20140513,39.93,40.31,39.78,39.81,625500
20140514,39.89,40.65,39.84,40.41,795400
20140515,40.13,40.41,39.58,39.58,740900
20140516,39.64,40.22,39.54,40.03,762700
20140519,40.22,40.39,39.77,39.77,863300
20140520,39.95,40.22,38.8,38.8,1095700
20140521,38.8,39.11,38.55,38.56,812900
20140522,38.64,39.25,38.59,38.89,730300
20140523,38.89,39.2,38.32,38.32,721000
20140526,38.32,39.54,38.32,38.76,343700
20140527,38.97,39.36,38.38,38.42,841800
20140528,38.65,39.29,38.59,39.24,699000
20140529,39.3,39.46,38.94,38.94,719000
20140530,38.34,39.32,38.24,38.29,1346800
20140602,38.43,39.02,38.41,38.64,680100
20140603,38.65,39.06,38.37,38.77,683800
20140604,38.74,39.02,38.69,39.02,685300
20140605,39.15,39.45,38.56,38.85,1653300
20140606,39.45,39.72,38.62,38.62,2312100
20140609,38.64,39.93,38.64,39.6,3267400
20140610,39.78,40.01,39.54,39.86,889700
20140611,40.22,40.55,39.28,39.47,956800
20140613,39.7,39.78,39.16,39.28,506100
20140616,39.29,39.53,39.06,39.06,561900
20140617,39.11,39.31,39.01,39.02,153400
20140618,39.12,39.79,38.94,39.66,862500
20140620,39.45,39.57,38.17,38.21,1246000
20140623,38.25,38.41,37.49,37.49,571800
20140624,37.57,38.06,37.57,37.86,550200
20140625,37.86,38.62,37.78,37.94,536600
20140626,37.78,38.59,37.78,38.46,527800
20140627,38.33,38.59,38.17,38.17,427500
20140630,38.23,38.8,38.09,38.51,665600
20140701,38.52,38.96,38,38.35,530200
20140702,38.34,38.64,38.1,38.38,561100
20140703,38.42,38.83,38.25,38.43,360200
20140704,38.67,38.67,37.88,38.47,118200
20140707,38.21,38.59,37.92,37.92,415500
20140708,37.94,38.29,37.76,37.76,554900
20140710,37.9,38.23,37.08,37.22,1310700
20140711,37.27,37.55,36.93,36.93,801300
20140714,37.17,38.11,36.92,37.76,834700
20140715,37.7,37.88,37.5,37.73,713200
20140716,37.65,38.92,37.65,38.18,1060500
20140717,38.46,38.89,37.77,38.69,1336000
20140718,38.94,39.36,38.21,38.21,1334300
20140721,38.41,38.89,38.18,38.69,831500
20140722,38.76,39.11,38.59,38.59,1095800
20140723,38.51,39.03,38.47,38.95,666500
20140724,38.79,39.48,38.79,39.36,645800
20140725,39.36,39.44,39.02,39.04,815800
20140728,39.26,39.55,38.83,39.22,696000
20140729,38.17,39.58,38.17,38.58,546400
20140730,38.85,39.74,38.85,39.54,1320000
20140731,39.44,39.67,38.81,39.02,1354900
20140801,38.84,39.34,38.42,39.17,827200
20140804,39.22,40.02,39.17,39.8,857900
20140805,37.88,38.74,37.02,37.19,3001300
20140806,37.35,37.66,36.4,37.23,1585600
20140807,37.41,37.45,36.41,36.41,1048000
20140808,36.41,36.65,36.07,36.16,1002400
20140811,36.27,37.17,36.2,37.05,1368200
20140812,36.86,37.39,36.73,37.11,441800
20140813,37.35,37.6,36.61,36.76,1280900
20140814,36.51,36.91,36.2,36.2,1226500
20140815,36.6,36.8,36.33,36.59,1031200
20140818,36.85,36.91,36.31,36.31,1094500
20140819,36.42,36.67,36.2,36.67,917900
20140820,36.74,37.38,36.65,37.38,844500
20140821,37.34,37.74,37.24,37.66,922500
20140822,37.64,37.76,37.19,37.19,1005300
20140825,37.64,37.98,37.32,37.98,764000
20140826,37.02,38.1,37.02,37.52,1219300
20140827,37.92,38.78,37.92,38.54,1887600
20140828,37.87,38.19,37.25,37.77,1468600
20140829,38.06,41.31,38.06,41.2,2339600
20140901,40.53,41.94,40.23,40.23,748500
20140902,40.56,41.99,40.34,41.53,1982200
20140903,41.62,42.44,41.54,42.12,1411900
20140904,41.66,42.72,41.66,42.38,1268400
20140905,42.29,43.08,42.29,42.78,959000
20140908,43.16,44.21,42.95,43.66,2050500
20140909,43.25,43.51,42.58,42.63,1743400
20140910,42.11,43.14,42.11,43.14,1149000
20140911,43.26,43.46,42.83,43.14,642300
20140912,42.66,43.38,42.39,42.95,1093800
20140915,42.74,43.94,42.74,43.64,679800
20140916,43.72,44.56,43.41,44.05,1134000
20140917,44.12,44.77,44.08,44.2,902200
20140918,43.93,45.02,43.93,44.38,1288800
20140919,44.34,45.32,43.86,44.05,1400500
20140922,43.76,44.17,43.2,43.87,1558600
20140923,43.21,44.18,43.14,43.42,1372900
20140924,43.17,43.67,43.05,43.28,863200
20140925,43.14,43.72,43.04,43.33,749800
20140926,43.42,43.6,43.04,43.17,515000
20140929,41.8,42.7,41.57,41.88,1190700
20140930,41.53,42.04,41.32,41.87,1670400
20141001,41.55,41.8,40.88,41.01,1031000
20141002,40.85,41.97,40.47,41.63,2004900
20141003,41.96,42.22,41.7,42.07,832500
20141006,44.98,45.17,41.91,42.43,1811300
20141007,43.11,43.11,41.44,41.94,1065800
20141008,42.38,42.86,41.72,42.34,846000
20141009,43.14,43.29,41.99,42.27,1376700
20141010,41.89,42.42,41.58,41.58,532900
20141013,42.39,42.43,41.64,41.87,793200
20141014,42.17,42.73,42,42.52,722200
20141015,41.8,42.84,41.7,42.64,1445300
20141016,41.65,42.24,41.38,41.83,968900
20141017,41.99,42.35,41.26,42.22,1247700
20141020,41.91,42.22,41.3,41.81,527300
20141021,40.97,41.8,40.39,41.3,1453500
20141022,40.85,42.15,40.85,41.3,693000
20141023,40.79,42.2,40.48,40.83,1914600
20141024,40.5,41.36,40.08,40.21,1542700
20141027,38.55,40.55,37.85,40.22,2315800
20141028,40.22,40.84,39.74,40.7,727600
20141029,40.46,40.91,40.07,40.32,1020800
20141030,40.57,41.1,40.25,40.65,728400
20141031,40.74,43.96,40.74,43.96,970900
20141103,43.9,44.28,43.2,43.57,823400
20141104,44.08,44.08,42.91,43.94,698900
20141105,43.4,43.79,42.53,42.64,607300
20141106,42.12,42.87,41.54,42.32,556600
20141107,42.32,43.2,41.9,42.77,616300
20141110,43.2,43.61,42.56,42.56,353400
20141111,42.56,42.99,42.44,42.73,488100
20141112,42.61,44.09,42.61,43.2,805900
20141113,43.04,43.68,43.03,43.11,470500
20141114,42.94,43.91,42.03,43.16,701800
20141117,42.93,44.06,42.71,43.02,847200
20141118,43.32,43.93,43.03,43.42,713700
20141119,43.63,45.29,43.46,44.9,1144500
20141121,44.82,45.86,44.69,45.57,1280400
20141124,46.26,47.13,44.77,44.99,1123700
20141125,44.13,46.24,44.13,44.46,1015100
20141126,44.86,45.69,44.61,45.21,761600
20141127,45.38,46.25,45.14,45.31,734100
20141128,45.04,46.51,45.04,45.83,750900
20141201,45.35,45.85,43.31,43.5,1132700
20141202,43.77,43.82,42.25,42.89,968000
20141203,42.74,43.01,42.21,42.71,720700
20141204,42.97,43.13,41.98,42.49,925600
20141205,42.32,43.09,42.05,42.93,351700
20141208,42.84,42.86,42.11,42.14,683600
20141209,42.33,42.33,41.16,41.59,1482900
20141210,41.34,42.94,41.19,42.44,951700
20141211,42.33,42.54,41.16,42.4,762900
20141212,41.89,42.18,41.04,41.04,701000
20141215,41.07,41.74,39.95,40.4,746900
20141216,39.81,40.87,39.55,40.04,1125100
20141217,39.72,41.75,39.53,41.02,1562700
20141218,40.94,41.96,40.25,40.69,719400
20141219,40.38,41.43,40.09,40.87,842000
20141222,40.86,41.74,40.55,41.74,600100
20141223,41.46,42.29,41.23,42.18,542400
20141226,41.89,42.22,41.05,41.3,291100
20141229,41.22,42.14,41,41.83,271700
20141230,42.11,42.34,40.62,41.17,1240900
20150102,40.88,41.76,40.56,40.98,934200
20150105,40.43,40.87,39.89,40.82,989500
20150106,40.62,40.93,40.04,40.46,821600
20150107,40.73,41.76,40.47,41.21,521900
20150108,41.26,42.3,40.88,41.63,354400
20150109,41.35,41.58,40.75,40.84,437800
20150112,40.5,41.71,40.31,41.54,733000
20150113,41.56,42.6,41.32,42.34,926900
20150114,41.67,43.38,41.63,42.23,830500
20150115,42.36,43.96,42.19,43.24,1171700
20150116,43.24,44.9,43.24,43.95,1089700
20150119,43.67,44.25,43.16,43.65,469200
20150120,44.4,44.95,43.95,44.68,867300
20150121,44.74,46.76,44.74,46.29,2000400
20150122,46.79,46.95,45.36,45.98,1066200
20150123,45.6,46.26,45.19,45.8,851700
20150126,45.27,45.56,44.66,44.89,768800
20150127,43.85,45.18,43.41,44.6,1164800
20150128,44.8,45.18,44.03,45.18,640600
20150129,44.71,45.26,44.21,45.18,1767300
20150130,44.53,44.82,43.6,44.12,893100
20150202,44.74,45.61,44.27,45.61,589000
20150203,46.15,46.46,45.49,45.49,688300
20150204,45.83,46.48,45.18,45.92,1038800
20150205,45.59,46.67,45.31,46.51,1405800
20150206,45.94,46.53,45.4,45.98,1149500
20150209,46.06,46.64,45.79,46.46,535200
20150210,46.07,47.64,46,46.65,1165800
20150211,46.87,47.27,45.67,47.27,975800
20150212,47.87,48.03,46.81,47.92,901800
20150213,47.9,49.72,47.87,49.32,1315900
20150218,48.81,50.81,48.81,50.25,1578500
20150219,50.06,50.68,49.74,50.38,357500
20150220,50.34,50.43,49.61,49.88,836500
20150223,49.47,50.28,49.02,49.53,1022300
20150224,49.53,50.41,48.74,49.95,1162700
20150225,49.6,50.98,49.6,49.79,769100
20150226,50.23,50.41,48.8,49.22,586300
20150227,49.32,50.37,48.9,49.23,889900
20150302,49,49.41,48.8,49.32,584600
20150303,48.84,49.73,48.6,48.67,1305900
20150304,47.63,48.57,47.09,47.15,1032400
20150305,47.46,47.73,46.87,47.27,752800
20150306,47.29,47.73,46.53,46.62,630100
20150309,46.57,46.91,45.62,45.97,907600
20150310,45.42,46.1,44.93,45.59,1844500
20150311,46.06,46.06,44.81,45.78,1604500
20150312,46.24,47.28,46.04,46.52,2256300
20150313,45.9,47.72,45.9,47.08,1666400
20150316,47.92,48.34,46.99,47.46,1109800
20150317,47.45,49.08,47.3,49.08,1252000
20150318,48.9,50.48,48.45,49.64,1712400
20150319,49.6,49.98,46.94,47.28,1456100
20150320,47.86,48.39,45.85,46.03,2796200
20150323,46.36,46.39,45.45,45.73,836100
20150324,45.6,46.99,45.6,46.99,1259300
20150325,47.6,48.09,47.01,47.08,948800
20150326,47.46,47.59,44.91,45.36,2495600
20150327,45.05,45.52,44.12,44.59,2167100
20150330,44.66,46.62,44.66,45.78,1626400
20150331,46.08,46.45,45.24,46.04,2373500
20150401,46.06,46.47,45.41,45.78,1981200
20150402,46.39,46.87,45.43,45.5,2151900
20150406,46.03,46.21,44.72,45.04,2371300
20150407,45.39,45.41,43.21,43.39,2293500
20150408,43.92,44.35,43.29,44.07,2412300
20150409,44.12,44.71,43.72,44.06,1378700
20150410,43.82,44.14,43.4,43.62,1248000
20150413,43.66,43.96,43.36,43.8,1127800
20150414,43.57,43.75,42.64,42.96,1662400
20150415,43.27,43.47,42.74,42.82,1066600
20150416,42.85,44,42.72,43.56,1381500
20150417,43.26,44.26,43.26,43.75,1208600
20150420,43.76,45.09,43.76,44.45,2480400
20150422,44.68,46.08,44.68,45.89,1644800
20150423,45.89,45.92,44.68,44.68,843300
20150424,44.86,44.98,44.22,44.4,997800
20150427,44.21,45.38,44.21,44.82,2058500
20150428,45.15,46.43,44.03,46.43,6813600
20150429,45.61,46.84,45.08,46.43,5294300
20150430,46.1,46.73,45.75,46.54,1397600
20150504,46.87,46.96,45.56,45.97,4787300
20150505,46.24,46.24,44.6,44.62,4152400
20150506,44.59,45.12,43.5,44.45,3516100
20150507,44.64,44.76,43.39,43.45,2359100
20150508,44.09,44.25,43.25,44.01,1845600
20150511,44.28,44.31,43.66,43.74,2187000
20150512,43.71,44.04,42.82,42.99,3577900
20150513,42.95,43.51,42.07,43.51,3209200
20150514,43.5,44.27,43.21,44.17,1413000
20150515,44.23,44.78,43.86,44.74,1333700
20150518,44.68,44.96,43.62,43.97,1340000
20150519,43.73,43.84,43.14,43.84,1491900
20150520,43.69,43.84,42.22,42.39,3883400
20150521,42.21,42.41,41.82,42.35,3165000
20150522,42.21,42.65,41.68,42.13,2706200
20150525,41.83,42.77,41.49,42.69,761600
20150526,42.29,42.43,41.3,41.35,2639500
20150527,41.45,41.84,41.32,41.58,2665700
20150528,41.47,41.77,41.14,41.73,1589100
20150529,41.4,42.25,41.23,42.2,2284100
20150601,42.34,42.42,41.78,41.87,1698600
20150602,42.14,42.51,41.96,42.34,1382400
20150603,42.72,42.72,42.03,42.23,1534300
20150605,42.05,42.21,40.74,40.86,2018000
20150608,41.1,41.12,39.47,39.92,3226700
20150609,39.79,39.91,39.14,39.82,3349200
20150610,40.39,40.92,39.92,40.55,2225800
20150611,40.44,40.67,39.38,39.6,2937300
20150612,39.38,39.76,38.75,39.74,1774100
20150615,39.42,40,38.82,39.8,1887700
20150616,40.08,40.6,39.37,39.87,2783700
20150617,39.67,41.23,39.52,40.51,2965100
20150618,40.35,41.21,39.88,41.06,2130600
20150619,40.77,41.04,39.9,40.2,1564200
20150622,40.31,40.59,39.69,39.87,1556300
20150623,40.3,40.4,39.36,39.52,1073900
20150624,39.89,40.69,39.47,40.55,5384200
20150625,40.54,41.54,40.33,40.9,1973500
20150626,40.75,42.15,40.55,41.82,1480900
20150629,41.26,41.58,40.15,40.5,1202000
20150630,40.45,41.01,40.19,40.98,1750300
20150701,40.98,41.64,40.86,41.64,1776100
20150702,41.98,42.34,41.47,41.94,1478700
20150703,41.51,42.31,41.35,41.58,1598300
20150706,41.11,41.95,40.99,41.95,1177000
20150707,41.79,42.11,41.17,41.44,2863200
20150708,41.51,41.8,41.01,41.3,1793900
20150710,41.63,41.65,40.39,40.46,2954700
20150713,40.71,40.88,40.51,40.79,1423900
20150714,40.81,41.24,40.42,40.73,1911300
20150715,40.55,41.09,40.17,40.74,1389700
20150716,40.92,41.66,40.76,41.3,2072400
20150717,41.16,41.62,40.63,40.79,1016100
20150720,40.93,41.15,40.51,40.65,1732100
20150721,40.52,40.86,40.06,40.3,1035100
20150722,39.85,40.3,38.73,39,3393300
20150723,39.33,39.67,38.58,39.38,1950300
20150724,39.55,39.57,38.58,39.04,1509200
20150727,38.68,39.27,38.43,38.82,1607600
20150728,38.87,39.39,38.57,39.05,2217200
20150729,41.45,42.89,40.78,41.62,4500000
20150730,42.81,43.25,40.47,41.4,8518400
20150731,41.55,42.68,41.35,42.46,2845300
20150803,41.99,42.6,41.08,41.38,2116100
20150804,41.2,41.79,40.16,40.37,2284100
20150805,41.03,41.94,40.66,41.9,2104700
20150806,41.61,41.95,41.03,41.1,1897600
20150807,40.68,41.03,39.56,39.83,2368900
20150810,40.11,42.08,39.66,41.88,2472600
20150811,41.72,41.72,40.36,41.18,2328300
20150812,40.64,40.94,38.68,39.01,3755600
20150813,39.05,39.76,38.3,38.72,2124000
20150814,38.94,39.15,38.16,38.35,1855100
20150817,38.1,38.54,37.88,38.3,1417200
20150818,38.06,39.98,38.06,39.48,4433100
20150819,39.15,39.62,38.11,38.66,2471400
20150820,37.94,38.78,37.74,38.16,2004500
20150821,37.89,38.04,37.33,37.39,2203600
20150824,35.7,37.25,35.1,35.99,4478800
20150825,36.76,37.27,36.32,36.74,4260200
20150826,36.5,37.85,36.23,37.85,3645200
20150827,37.92,38.76,37.59,38.76,1901300
20150828,38.16,38.75,37.73,38.2,2000100
20150831,37.97,38.38,37.07,38.1,5277400
20150901,37.37,37.72,36.74,37.7,2708200
20150902,37.57,38.59,37.57,38.39,3090700
20150903,38.77,38.88,38.13,38.41,2740900
20150904,37.78,38.22,37.51,38.12,7033400
20150908,39.5,39.5,37.87,38.3,2261400
20150909,38.81,39.27,37.76,37.99,2732200
20150910,37.09,38.18,37.09,38.04,1954800
20150911,37.85,38.16,37.34,37.78,1669000
20150914,37.78,38.59,37.62,38.18,2329800
20150915,39.03,39.08,38.1,38.58,4185900
20150916,38.58,39.22,38.24,39.22,2752100
20150917,38.81,39.74,38.49,39.13,2582300
20150918,38.74,39.08,37.85,38.13,2310600
20150921,38.13,38.75,37.69,37.85,1457300
20150922,37.65,37.65,36.53,37.18,2201800
20150923,37.1,37.11,35.74,35.74,2367400
20150924,34.67,35.53,34.21,35.15,3265500
20150925,35.48,35.56,34.01,34.59,1966200
20150928,34.16,34.74,33.93,34.19,1601600
20150929,34.19,34.99,34.07,34.96,1553800
20150930,36,36,34.17,34.7,2921400
20151001,34.94,35.38,34.52,35.38,2127000
20151002,35.03,36.31,34.84,36.31,1613400
20151005,36.96,37.15,36.16,36.4,2416800
20151006,36.65,36.83,36.12,36.6,1904000
20151007,36.97,38.1,36.41,37.22,2147000
20151008,37.42,37.58,36.82,37.54,1463300
20151009,37.93,37.93,36.92,37.69,1827800
20151013,37.66,37.87,36.56,36.88,2378300
20151014,36.67,37.29,35.57,35.7,4613100
20151015,36.02,36.38,35.17,35.93,2073600
20151016,35.93,36.19,34.99,35.84,1617900
20151019,35.74,35.98,35.12,35.41,1449100
20151020,35.41,35.79,35,35.38,1522400
20151021,35.55,35.8,34.99,35.73,1603400
20151022,35.91,36.41,35.55,36.33,1849200
20151023,36.98,36.98,35.94,36.5,2377800
20151026,36.68,38.36,36.68,38.07,3149900
20151027,38.04,38.07,36.76,37.07,2078500
20151028,36.85,37.03,36.27,36.6,2323200
20151029,35.9,37.59,35.78,36.73,1593600
20151030,36.47,37.88,36.36,37.88,2562100
20151103,38.63,39.49,38.16,39.49,2649100
20151104,39.53,40.02,39.2,39.4,4065300
20151105,39.39,39.54,37.15,37.49,2325000
20151106,37.3,38.21,37.08,37.89,1831900
20151109,37.7,37.7,36.79,37.03,1189900
20151110,36.83,37.17,35.85,36.78,1512300
20151111,36.79,38.06,36.79,37.49,1988700
20151112,37.9,38.15,36.51,37.27,1931300
20151113,37.01,37.17,35.89,35.89,2067700
20151116,36.14,36.57,35.52,36,1938300
20151117,36.36,37.39,36.36,37.06,2107300
20151118,37.11,37.55,36.65,37.07,1394000
20151119,37.59,38.08,37.28,37.97,2381000
20151123,37.81,38.92,37.49,37.92,2684200
20151124,37.54,38.11,37.11,37.64,954400
20151125,37.11,37.52,36.01,36.16,2373000
20151126,36.18,36.6,35.93,36.55,1363200
20151127,36.43,36.61,35.51,35.98,1932200
20151130,35.5,36.03,34.91,35.12,3503100
20151201,35.4,35.54,34.76,35.42,1734000
20151202,35.17,35.58,34.64,35.25,1981100
20151203,35.6,36.62,35.52,35.55,2011800
20151204,35.37,35.45,34.44,34.76,1796100
20151207,34.96,35.48,34.34,34.91,1593700
20151208,34.91,35.12,34.11,34.74,1621400
20151209,35.37,35.96,34.87,35.08,3039700
20151210,35.39,35.85,35.06,35.52,1363600
20151211,35.22,35.28,34.66,35.24,1449000
20151214,34.99,35.66,34.38,35.24,1275400
20151215,35.41,36.37,35.35,35.46,1535500
20151216,35.23,36.66,34.96,36.09,2187300
20151217,36.86,37.12,35.74,35.98,1374100
20151218,35.66,36.17,34.39,35.84,2993400
20151221,35.88,36.22,34.47,34.47,1551000
20151222,34.71,35.1,34.27,35.01,1416700
20151223,35.33,35.98,34.96,35.62,982700
20151228,35.47,35.74,34.72,35,1469700
20151229,34.92,35.23,34.36,34.74,843000
20151230,34.63,34.63,33.73,34.05,1947100
20160104,33.48,34.46,33.16,33.96,3042600
20160105,34.24,34.34,33.64,34.07,1598400
20160106,33.67,34.16,33.2,33.38,3764100
20160107,33.15,33.37,31.71,32.35,3301900
20160108,32.87,32.87,31.3,31.74,2081400
20160111,31.96,32.39,31.58,31.77,1570000
20160112,31.84,32.18,31.61,31.67,958300
20160113,31.93,32.83,31.57,31.82,2599200
20160114,32.04,32.26,31.03,32.26,1924300
20160115,31.89,31.89,31.27,31.42,2778200
20160118,31.71,31.81,30.69,30.9,798200
20160119,31.55,31.87,31.11,31.32,2529300
20160120,31,31.29,30.34,31.29,1500100
20160121,31.14,32.32,30.68,31.4,2236200
20160122,32.02,33.26,31.89,32.47,2070200
20160126,32.64,32.64,31.58,31.95,1565000
20160127,32.11,33.25,31.73,33,2031300
20160128,33.23,33.31,32.34,32.47,1582100
20160129,32.81,33.34,32.38,33.25,2187300
20160201,33.03,33.17,32.63,32.91,1209400
20160202,32.66,32.66,31.62,32.06,1287300
20160203,32.39,33.31,32.06,32.74,1836200
20160204,33.53,33.97,32.75,33.96,1705100
20160205,34.01,34.31,33.79,34.04,1247100
20160210,33.67,33.68,32.89,33.13,782500
20160211,32.89,32.99,31.86,32.24,1112300
20160212,32.39,33.34,31.92,33.34,1221500
20160215,33.75,34.17,33.12,33.24,600800
20160216,33.21,35.05,33.21,35.04,2270300
20160217,35.11,36.35,35.11,35.25,2679800
20160218,34.99,35.96,34.53,35.93,1095700
20160219,35.52,35.87,35.25,35.39,851700
20160222,36.61,36.65,35.92,36.14,2294500
20160223,36.38,36.41,35.2,35.49,1274000
20160224,34.67,35.05,34.03,34.39,1718400
20160225,34.58,35.56,34.02,34.9,1526100
20160226,35.23,36.09,34.93,35.28,1280900
20160229,36.01,36.9,34.92,36.54,3449400
20160301,37,37.74,36.66,37.49,2088900
20160302,37.47,37.85,37.14,37.5,1888700
20160303,37.98,38.97,37.47,37.99,2749400
20160304,38.38,39.95,38.08,38.41,7038700
20160307,38.89,39.14,38.08,39.09,1578000
20160308,39.09,39.89,38.61,39.07,3293000
20160309,39.46,39.8,38.54,38.94,2051800
20160310,39.68,40.03,38.37,39.33,3837600
20160311,39.05,39.78,38.65,39.57,2441300
20160314,39.4,39.98,39.04,39.18,1647700
20160315,38.93,39.59,38.18,39.22,1400600
20160316,38.94,40.96,38.9,40.96,2142600
20160317,41.72,42.6,41.08,42.2,3521100
20160318,42.54,43.13,41.95,42.56,2174300
20160321,42.83,43.76,42.6,43.39,1936000
20160322,43.47,43.72,42.53,43.72,3352500
20160323,43.28,43.55,42,42.47,1292900
20160324,41.92,42.43,41.51,42.11,3404600
20160328,42.79,43.69,42.49,43.3,1572700
20160329,43.47,44.65,43.26,44.26,2048500
20160330,44.6,45.62,44.43,44.7,3309600
20160331,44.36,44.61,42.93,43.39,3320700
20160401,43.11,43.75,42.75,43.06,2918600
20160404,43.15,43.2,41.63,41.84,1320300
20160405,41.21,41.77,41.01,41.12,2572000
20160406,40.66,41.36,39.86,40.06,1514900
20160407,40.43,40.92,40.08,40.83,2343300
20160408,41.66,42.37,41.22,41.41,2732200
20160411,41.72,41.84,40.45,40.63,1506900
20160412,40.92,41.63,40.76,41.21,1542300
20160413,42.33,42.68,41.31,41.31,3101700
20160414,41.65,42.78,41.13,42.12,2032600
20160415,42.56,42.99,42.38,42.82,1574000
20160418,42.21,42.88,42.18,42.36,1385400
20160419,42.57,42.66,41.73,41.84,1900900
20160420,41.74,41.97,41.22,41.5,1334700
20160422,41.36,41.97,40.82,41.41,1764300
20160425,41.58,42.01,40.07,40.32,1239300
20160426,41.03,41.03,40.64,40.92,1910500
20160427,40.55,41.63,40.55,41.41,1515300
20160428,42.66,42.81,40.52,40.84,3542900
20160429,41.11,41.81,40.42,41.56,3867500
20160502,41.53,42.6,41.16,42.34,2695800
20160503,42.07,42.49,41.57,41.94,1150900
20160504,41.97,42.13,41.19,42.07,1438500
20160505,42.16,42.17,41.18,41.57,1189000
20160506,41.37,42.24,41.07,41.95,1219900
20160509,41.64,41.92,40.86,41.32,3156800
20160510,41.92,42.31,41.11,42.19,1727400
20160511,42.78,42.85,42.08,42.1,1274700
20160512,42.61,42.7,41.79,42.19,1762300
20160513,42.12,42.5,41.45,41.94,1410400
20160516,41.88,42.35,41.53,41.81,1151900
20160517,41.32,41.92,41.12,41.47,1791900
20160518,41.06,41.48,40.53,40.87,1324700
20160519,40.49,41.15,40.17,40.34,1412500
20160520,40.54,41.19,40.39,40.57,1228600
20160523,39.86,41.25,39.83,40.88,1880200
20160524,40.92,41.67,40.78,41.32,1414500
20160525,41.32,41.92,40.58,40.92,2159700
20160527,40.69,41.95,40.63,40.83,1530500
20160530,41.05,41.14,40.68,40.73,468700
20160531,40.81,42.05,40.65,41.21,5898100
20160601,40.92,41.31,40.2,40.92,1527700
20160602,41.12,41.21,40.54,40.92,1104100
20160603,41.26,41.49,40.74,41.28,1223400
20160606,41.59,41.63,40.93,41.33,1194000
20160607,41.24,41.93,40.96,41.85,1246600
20160608,41.99,42.57,41.81,41.81,2729800
20160609,41.91,42.09,41.25,41.51,1315000
20160610,41.38,41.89,40.53,40.78,2617800
20160613,40.37,41.71,40.26,41.55,2509500
20160614,41.6,42.01,39.92,40.12,2306500
20160615,40.22,40.58,39.25,39.89,1954600
20160616,39.49,39.89,39.21,39.7,1850100
20160617,39.86,40.02,39,39.6,2964900
20160620,40,40.92,40,40.55,2053000
20160621,40.69,41.11,40.35,41.11,2756100
20160622,41.13,41.3,40.2,40.69,1940000
20160623,40.89,41.76,40.58,41.54,1402400
20160624,40.91,40.91,39.92,40.63,2313100
20160627,40.45,40.69,39.99,40.36,2411600
20160628,40.79,42.13,40.38,41.6,1976500
20160629,42.09,43.2,41.58,42.99,2457100
20160630,42.89,43.34,42.25,43.29,2004300
20160701,43.76,43.8,43,43.27,1619700
20160704,43.46,44.23,42.99,43.37,1121100
20160705,43.23,44.3,42.92,43.7,2747600
20160706,43.25,43.4,42.7,43.4,1743500
20160707,43.74,45.05,43.04,44.6,2011400
20160708,44.82,45.63,44.53,45.44,1686400
20160711,45.62,46.72,45.62,46.5,1908300
20160712,46.47,47.37,45.43,45.92,2984000
20160713,45.64,46.71,45.41,46.45,2122600
20160714,46.9,47.05,45.94,46.52,1980300
20160715,46.3,46.81,45.62,46.05,1908800
20160718,45.84,46.31,45.09,46.18,1595700
20160719,46.15,46.27,45.59,45.68,1850400
20160720,45.76,45.98,45.35,45.73,1300200
20160721,45.73,46.44,45.45,46.33,1225700
20160722,46.38,47.32,46.11,46.92,1267900
20160725,47.3,47.3,46.06,46.47,1430700
20160726,46.41,46.54,45.1,46.12,2072800
20160727,46.57,47.33,46.57,47.26,3585600
20160728,47.31,48.3,46.97,48.3,1754400
20160729,48.49,48.96,47.82,48.52,2421700
20160801,48.23,49.12,47.81,48.69,2299800
20160802,48.2,48.67,47.41,47.93,2327700
20160803,47.46,48.19,47.46,47.6,2067800
20160804,47.41,47.8,46.97,47.19,2242600
20160805,47.3,47.43,45.67,46.12,2657400
20160808,45.76,46.33,45.56,45.7,1397000
20160809,46.22,46.22,45.19,45.35,1550800
20160810,45.57,45.83,44.54,45.04,1258000
20160811,45.13,45.46,44.9,45.34,2240800
20160812,44.94,45.57,44.35,45.23,4179900
20160815,45.22,46.92,45.17,46.38,2267100
20160816,45.95,46.72,45.88,46.35,2544000
20160817,46.12,46.69,45.97,46.69,3275900
20160818,46.79,48,46.66,47.8,3262000
20160819,47.57,47.91,47.02,47.75,1796300
20160822,47.78,47.84,46.48,46.85,2182800
20160823,47.06,47.93,46.98,47.44,2140900
20160824,46.97,47.66,46.97,47.25,1184000
20160825,47.67,48.2,46.98,47.9,2140900
20160826,47.9,48.72,47.59,47.98,2004500
20160829,47.98,48.6,47.26,48.05,1735100
20160830,48.05,48.32,47.4,47.9,1778500
20160831,47.8,48.17,47.45,47.99,3075600
20160901,47.79,48.3,47.21,48.3,1775600
20160902,48.82,49.49,48.75,48.99,2450000
20160905,48.54,49.37,48.5,49.04,961000
20160906,49.17,49.56,49,49.52,1748400
20160908,49.18,49.42,48.91,48.91,1984900
20160909,48.35,48.47,46.06,46.39,3373200
20160912,46.16,46.85,45.35,46.63,3494000
20160913,46.08,46.27,45.14,45.93,3767500
20160914,45.79,46.02,45.35,45.49,1357600
20160915,46.16,46.87,45.64,46.74,1648300
20160916,46.5,46.5,45.51,45.59,2210200
20160919,46.09,46.54,45.64,46.37,1949700
20160920,46.69,46.88,46.1,46.77,858300
20160921,46.91,46.94,45.83,46.54,1173900
20160922,47.17,47.49,46.72,47.42,1060900
20160923,47.71,47.78,46.83,47.09,1105900
20160926,46.62,46.86,46.33,46.52,1406900
20160927,46.52,47.43,46.24,47.17,1319300
20160928,47.18,47.77,46.95,47.31,1142000
20160929,46.95,47.38,46.44,46.72,780700
20160930,47.03,47.03,46.28,46.28,1552400
20161003,46.2,47.11,46.04,46.41,1040200
20161004,46.25,46.82,46,46.28,1261300
20161005,46.69,47.21,46.56,46.66,1017800
20161006,46.87,47.15,45.72,46.53,1747200
20161007,46.57,46.83,46.11,46.5,1869300
20161010,44.15,44.18,42.96,43.28,15635900
20161011,43.69,43.88,43.48,43.57,3047700
20161013,43.89,44.32,43.61,43.68,3994500
20161014,43.78,44.19,43.14,43.14,4799800
20161017,43.33,43.65,43.21,43.26,3435400
20161018,43.53,44.18,43.4,44.18,4202900
20161019,44.43,44.53,43.9,44.09,2089600
20161020,43.94,43.97,43.34,43.64,3828200
20161021,43.4,44,43.33,43.43,1250000
20161024,43.63,43.73,42.95,43.09,1536100
20161025,42.94,43.54,42.52,42.96,1036100
20161026,43.68,44.66,43.29,44.48,3990000
20161027,44.48,45.07,44.02,44.87,2213800
20161028,45.07,45.27,44.53,45.02,1942500
20161031,45.26,45.85,44.64,45.85,2547100
20161101,45.92,45.92,44.52,44.72,2218500
20161103,45.17,45.49,44.43,44.43,2311900
20161104,44.44,45,44.2,44.52,1427900
20161107,44.96,46.11,44.7,45.89,2027200
20161108,45.77,46.16,45.49,45.8,1248200
20161109,44.24,45.6,43.98,45.25,2605800
20161110,44.85,45.29,42.86,43.53,3860400
20161111,42.85,43.16,41.84,42.19,4892200
20161114,41.8,42.84,41.8,42.68,2867100
20161116,43.68,44.75,42.71,44.28,2743600
20161117,44.53,44.74,43.32,43.5,2170200
20161118,43.31,43.5,42.7,43.13,963700
20161121,43.11,43.82,43.11,43.54,953300
20161122,44.28,44.28,43.1,43.53,2193100
20161123,43.54,43.63,43,43.37,1098200
20161124,43.11,43.61,43.11,43.2,344500
20161125,42.92,43.46,42.76,43.4,895900
20161128,43.15,44.12,42.79,43.9,1951700
20161129,43.68,44.86,43.54,43.64,1671700
20161130,44.26,44.83,43.68,44.83,3123000
20161201,43.98,44.66,41.57,41.85,3982900
20161202,41.42,42.01,40.11,41.85,2395600
20161205,41.95,42.16,40.79,41.89,1390700
20161206,41.36,43.29,41.36,43.29,1849400
20161207,43.73,44.01,42.93,43.86,1953700
20161208,44.18,44.37,43.31,43.68,1245600
20161209,43.9,43.9,42.61,43.2,1069300
20161212,42.48,43.14,41.97,42.57,1143300
20161213,42.25,42.61,41.83,41.87,1632900
20161214,41.87,42.74,41.61,41.63,1833200
20161215,41.56,42.62,40.91,42.49,1446700
20161216,42.58,43.31,42.43,42.69,1582700
20161219,42.67,42.85,42.14,42.29,1192200
20161220,42.49,43.17,42.04,42.74,1337800
20161221,42.74,43.58,42.56,43.29,1421000
20161222,43.12,43.33,42.31,42.69,1211400
20161223,42.72,43.1,42.41,42.43,630700
20161226,42.64,43.29,42.55,42.68,237500
20161227,42.96,43.14,42.26,42.69,908500
20161228,42.55,43.39,42.25,43.04,953800
20161229,43.07,43.94,42.68,43.76,1141200
20170102,43.6,44.14,42.99,44.08,591600
20170103,44.19,45.44,44.09,44.53,1482000
20170104,44.59,44.88,43.96,44.35,1171700
