<DTYYYYMMDD>,<OPEN>,<HIGH>,<LOW>,<CLOSE>,<VOL>
20100601,5.57,5.57,5.44,5.47,1706120
20100602,5.56,5.56,5.5,5.52,121160
20100604,5.5,5.54,5.47,5.5,2019940
20100607,5.5,5.54,5.46,5.5,582400
20100608,5.48,5.53,5.33,5.37,524940
20100609,5.49,5.81,5.46,5.51,1541280
20100610,5.65,5.65,5.54,5.54,250640
20100611,5.52,5.54,5.47,5.51,331760
20100614,5.57,5.6,5.5,5.53,192660
20100615,5.5,5.83,5.48,5.83,537420
20100616,5.67,5.75,5.67,5.75,3369600
20100617,5.74,5.81,5.61,5.7,228540
20100618,5.7,5.76,5.67,5.7,187720
20100621,5.71,5.76,5.64,5.67,475020
20100622,5.65,5.67,5.62,5.64,320060
20100623,5.64,5.7,5.58,5.58,261300
20100624,5.58,5.63,5.43,5.47,490100
20100625,5.47,5.65,5.46,5.57,362180
20100628,5.59,5.62,5.49,5.54,260780
20100629,5.48,5.6,5.43,5.59,339820
20100630,5.5,5.52,5.42,5.46,768560
20100701,5.43,5.74,5.43,5.65,997360
20100702,5.7,5.85,5.56,5.7,466960
20100705,5.66,5.67,5.58,5.62,229580
20100706,5.62,5.75,5.51,5.53,886600
20100707,5.56,5.62,5.5,5.52,529100
20100708,5.57,5.57,5.44,5.46,1317420
20100712,5.49,5.49,5.34,5.36,602160
20100713,5.41,5.6,5.41,5.59,413920
20100714,5.56,5.61,5.5,5.51,452140
20100715,5.55,5.68,5.54,5.65,364520
20100716,5.61,5.64,5.54,5.57,490620
20100719,5.59,5.61,5.47,5.54,603460
20100720,5.53,5.58,5.49,5.54,260520
20100721,5.56,5.62,5.56,5.59,151320
20100722,5.58,5.72,5.58,5.69,427960
20100723,5.62,5.72,5.59,5.62,115440
20100726,5.62,5.68,5.62,5.65,333060
20100727,5.64,5.79,5.63,5.77,753480
20100728,5.72,5.85,5.67,5.82,757640
20100729,5.76,5.88,5.75,5.88,559780
20100730,5.8,6,5.76,6,601380
20100802,6.04,6.08,5.95,6.02,764140
20100803,6.01,6.13,5.97,6.13,679380
20100804,6.12,6.17,5.96,6.12,1381120
20100805,6.03,6.12,5.97,6.07,569140
20100806,6.15,6.15,6,6.02,219180
20100809,6.02,6.02,5.93,5.93,76440
20100810,5.92,5.92,5.71,5.82,929240
20100811,5.79,5.85,5.77,5.84,361400
20100812,5.79,5.88,5.79,5.82,237380
20100813,5.82,6.06,5.82,5.94,287560
20100816,5.92,6.18,5.92,5.97,481780
20100817,5.99,5.99,5.89,5.92,623740
20100818,5.9,5.9,5.74,5.8,569920
20100819,5.81,5.81,5.73,5.75,215540
20100820,5.76,5.76,5.65,5.7,215020
20100823,5.75,5.92,5.72,5.87,980200
20100824,5.91,5.91,5.67,5.75,199420
20100825,5.73,5.82,5.69,5.72,302900
20100826,5.69,5.82,5.62,5.66,493220
20100827,5.68,5.78,5.67,5.72,734240
20100830,5.72,5.79,5.67,5.67,274300
20100831,5.67,5.73,5.59,5.59,467480
20100901,5.67,5.74,5.65,5.66,629980
20100902,5.68,5.68,5.59,5.64,517400
20100903,5.69,5.74,5.58,5.64,603980
20100906,5.69,5.69,5.6,5.62,432380
20100908,5.61,5.67,5.59,5.64,497120
20100909,5.65,5.7,5.6,5.65,645320
20100910,5.66,5.66,5.61,5.63,410540
20100913,5.65,5.74,5.61,5.71,921180
20100914,5.74,5.74,5.66,5.68,210600
20100915,5.63,5.68,5.62,5.64,563940
20100916,5.64,5.71,5.61,5.65,965120
20100917,5.69,5.69,5.59,5.65,554840
20100920,5.67,5.7,5.64,5.67,1273220
20100921,5.67,5.69,5.54,5.62,2511860
20100922,5.64,5.67,5.58,5.62,1840540
20100923,5.61,5.87,5.61,5.81,6077760
20100924,5.87,5.91,5.76,5.91,4183140
20100927,5.89,5.93,5.76,5.9,1086280
20100928,5.86,6.03,5.81,6.02,5256160
20100929,5.94,6.17,5.94,6.1,2677480
20100930,6.14,6.19,6.07,6.1,1959880
20101001,6.07,6.34,6.07,6.3,1225900
20101004,6.24,6.28,6.15,6.22,899080
20101005,6.22,6.3,6.22,6.25,717080
20101006,6.15,6.3,6.15,6.27,1657500
20101007,6.27,6.48,6.24,6.38,1415700
20101008,6.33,6.53,6.27,6.4,724880
20101011,6.41,6.5,6.4,6.5,285480
20101013,6.52,6.76,6.52,6.7,848640
20101014,6.66,6.76,6.58,6.6,783120
20101015,6.63,6.8,6.6,6.75,441740
20101018,6.7,6.93,6.67,6.93,1060540
20101019,6.85,6.99,6.77,6.91,1695200
20101020,6.87,6.94,6.78,6.93,351520
20101021,6.91,7.05,6.87,6.91,1906840
20101022,6.88,7.02,6.88,7.02,641420
20101025,6.98,7.31,6.98,7.27,1322880
20101026,7.28,7.32,7.13,7.17,1269320
20101027,7.19,7.19,7.09,7.09,1108640
20101028,7.1,7.26,6.97,7.26,1106300
20101029,7.29,7.38,7.18,7.25,1047540
20101101,7.29,7.55,7.24,7.46,1009320
20101103,7.46,7.5,7.28,7.36,2161640
20101104,7.36,7.39,7.3,7.33,2785900
20101105,7.31,7.51,7.29,7.41,1184820
20101108,7.36,7.51,7.36,7.4,694460
20101109,7.48,7.56,7.37,7.56,2184780
20101110,7.56,7.79,7.48,7.75,1577420
20101111,7.57,7.97,7.57,7.87,1903200
20101112,7.79,7.85,7.69,7.76,3557580
20101116,7.72,7.75,7.48,7.66,2143440
20101117,7.68,7.78,7.53,7.75,1057160
20101118,7.75,7.85,7.69,7.8,621400
20101119,7.75,7.92,7.6,7.6,1241760
20101122,7.62,7.75,7.49,7.49,878020
20101123,7.49,7.58,7.36,7.42,1506440
20101124,7.49,7.61,7.47,7.56,757900
20101125,7.61,7.61,7.44,7.44,139620
20101126,7.45,7.56,7.29,7.43,1821300
20101129,7.4,7.52,7.26,7.41,1811680
20101130,7.39,7.73,7.35,7.45,1344200
20101201,7.45,7.72,7.45,7.56,1353300
20101202,7.6,7.68,7.52,7.62,666640
20101203,7.62,7.71,7.55,7.69,546520
20101206,7.64,7.72,7.57,7.57,2127580
20101207,7.64,7.69,7.51,7.51,3419520
20101208,7.54,7.54,7.37,7.42,533780
20101209,7.46,7.57,7.36,7.36,860080
20101210,7.45,7.45,7.09,7.13,1303120
20101213,7.11,7.39,7.11,7.19,1056900
20101214,7.26,7.58,7.13,7.39,2420600
20101215,7.36,7.69,7.36,7.51,1375400
20101216,7.59,7.69,7.42,7.49,2253160
20101217,7.4,7.65,7.4,7.62,687700
20101220,7.56,7.65,7.47,7.55,1845740
20101221,7.49,7.74,7.49,7.52,2584140
20101222,7.57,7.61,7.33,7.33,1532180
20101223,7.34,7.36,7.23,7.28,354120
20101227,7.26,7.49,7.17,7.18,448500
20101228,7.19,7.31,7.16,7.18,287300
20101229,7.23,7.38,7.21,7.22,312260
20101230,7.26,7.41,7.19,7.21,619840
20110103,7.28,7.43,7.23,7.27,880880
20110104,7.35,7.36,7.12,7.15,1007240
20110105,7.15,7.23,7.05,7.05,1191060
20110106,7.11,7.12,6.93,6.97,1105260
20110107,7.07,7.08,6.96,6.98,1154140
20110110,7.01,7.06,6.96,6.99,371280
20110111,6.96,7.12,6.96,7.1,853060
20110112,7.08,7.2,7.05,7.18,811200
20110113,7.18,7.2,7.06,7.1,1132560
20110114,7.03,7.09,7.02,7.08,1037920
20110117,7.05,7.09,7.03,7.06,304460
20110118,7.11,7.11,6.95,7.02,1019200
20110119,7.02,7.08,6.97,7.04,849940
20110120,7.06,7.12,6.99,6.99,673920
20110121,7.08,7.08,6.89,6.91,2475720
20110124,6.93,6.97,6.81,6.81,1549080
20110126,6.85,6.95,6.73,6.73,1196780
20110127,6.75,6.88,6.63,6.7,2569840
20110128,6.76,6.76,6.46,6.53,1181440
20110131,6.56,6.62,6.48,6.57,800020
20110201,6.65,6.65,6.54,6.55,906620
20110202,6.64,6.65,6.45,6.51,364780
20110203,6.51,6.6,6.34,6.36,830440
20110204,6.37,6.38,6.22,6.3,1199900
20110207,6.41,6.41,6.1,6.12,683540
20110208,6.11,6.21,6.06,6.09,2317640
20110209,6.07,6.3,6.06,6.28,3983200
20110210,6.15,6.75,6.15,6.62,2698280
20110211,6.61,6.61,6.5,6.55,5321420
20110214,6.55,6.62,6.45,6.53,1519180
20110215,6.52,6.57,6.48,6.54,400920
20110216,6.54,6.75,6.54,6.62,777140
20110217,6.58,7.04,6.58,6.91,3751800
20110218,6.91,7.08,6.8,6.99,552240
20110221,6.97,6.98,6.75,6.81,411840
20110222,6.78,6.89,6.65,6.89,929240
20110223,6.95,6.97,6.78,6.85,795080
20110224,6.85,6.92,6.61,6.65,1152840
20110225,6.7,6.7,6.55,6.62,1416740
20110228,6.73,6.89,6.68,6.68,594880
20110301,6.77,6.94,6.74,6.77,370500
20110302,6.83,7.03,6.79,6.92,633100
20110303,6.94,6.99,6.94,6.94,940940
20110304,6.88,7,6.87,6.89,427960
20110309,6.84,7,6.84,7,1065220
20110310,6.89,6.9,6.77,6.78,505180
20110311,6.78,6.78,6.59,6.69,1236040
20110314,6.65,6.84,6.61,6.71,430820
20110315,6.68,6.72,6.65,6.65,351260
20110316,6.65,6.7,6.58,6.58,1300260
20110317,6.63,6.73,6.57,6.65,619580
20110318,6.7,6.75,6.67,6.75,631280
20110321,6.77,6.93,6.75,6.76,523380
20110322,6.78,6.93,6.75,6.84,1234480
20110323,6.92,7.03,6.81,6.81,558740
20110324,6.84,7.02,6.79,6.96,863720
20110325,6.99,7.26,6.98,7.15,982020
20110328,7.21,7.43,7.1,7.21,1159860
20110329,7.29,7.3,7.1,7.1,333580
20110330,7.24,7.24,6.99,7.01,849420
20110331,6.96,7.23,6.96,7.19,670280
20110401,7.19,7.29,7.18,7.24,366340
20110404,7.24,7.35,7.23,7.3,852280
20110405,7.2,7.36,7.2,7.34,318240
20110406,7.34,7.41,7.24,7.39,393120
20110407,7.4,7.43,7.33,7.41,237900
20110408,7.35,7.43,7.13,7.17,1028820
20110411,7.31,7.31,7.15,7.23,359060
20110412,7.31,7.34,7.04,7.19,283140
20110413,7.29,7.29,7.11,7.16,255060
20110414,7.1,7.13,6.94,6.96,545480
20110415,7.06,7.23,6.75,6.79,982020
20110418,6.86,7.06,6.77,6.89,546000
20110419,7,7.22,6.92,7.16,1613560
20110420,7.21,7.21,7.08,7.11,435760
20110425,7.26,7.26,6.94,6.96,754000
20110426,6.92,7.11,6.86,7.03,696020
20110427,6.97,6.98,6.66,6.66,3293680
20110428,6.63,6.69,6.57,6.64,1249560
20110429,6.69,6.77,6.48,6.59,1274520
20110502,6.59,6.65,6.39,6.41,1959100
20110503,6.39,6.39,6.21,6.23,908960
20110504,6.24,6.26,6.22,6.22,1409980
20110505,6.16,6.24,6.13,6.24,1035580
20110506,6.26,6.36,6.24,6.27,689780
20110509,6.35,6.35,6.14,6.21,622960
20110510,6.21,6.26,6.19,6.24,2234440
20110511,6.22,6.32,6.22,6.24,364780
20110512,6.25,6.34,6.2,6.34,775840
20110513,6.34,6.51,6.32,6.41,1680120
20110516,6.44,6.54,6.41,6.46,1668160
20110517,6.51,6.51,6.38,6.38,710840
20110518,6.4,6.42,6.16,6.22,1367860
20110519,6.25,6.41,6.21,6.27,404560
20110520,6.36,6.38,6.24,6.24,505180
20110523,6.24,6.27,6.09,6.14,4078100
20110524,6.2,6.27,6.06,6.13,1789060
20110525,6.12,6.15,5.98,6.06,1444040
20110526,6.1,6.13,6.05,6.08,2021240
20110527,6.11,6.11,6.01,6.01,983320
20110530,6.02,6.05,5.96,5.99,712400
20110531,6.02,6.02,5.9,6.02,2712060
20110601,6,6.09,5.97,6.01,1912560
20110602,6.02,6.02,5.91,5.91,615420
20110603,5.9,5.95,5.83,5.85,2966860
20110606,5.9,5.9,5.85,5.85,617240
20110607,5.87,5.89,5.63,5.65,2963480
20110608,5.64,5.81,5.64,5.81,3933800
20110609,5.85,5.91,5.82,5.83,914680
20110610,5.85,5.89,5.72,5.77,2185560
20110613,5.79,5.79,5.69,5.69,1330680
20110614,5.71,5.77,5.69,5.77,428480
20110615,5.72,5.84,5.71,5.81,554060
20110616,5.82,5.84,5.74,5.74,621400
20110617,5.75,5.84,5.75,5.77,1054300
20110620,5.79,5.82,5.75,5.8,261300
20110621,5.79,5.84,5.78,5.82,134940
20110622,5.83,6,5.83,5.93,705380
20110624,5.92,5.92,5.81,5.88,331500
20110627,5.89,6.01,5.89,5.93,445900
20110628,5.93,6.22,5.92,6.07,2158000
20110629,6.17,6.19,6.1,6.18,593580
20110630,6.18,6.19,5.96,5.98,1434160
20110701,6.02,6.12,6.02,6.1,330980
20110704,6.06,6.18,6.05,6.05,199420
20110705,6.13,6.17,6.08,6.15,1061840
20110706,6.13,6.39,6.13,6.38,1591720
20110707,6.38,6.42,6.11,6.19,1089660
20110708,6.27,6.27,6.06,6.24,361400
20110711,6.22,6.26,6.05,6.06,279760
20110712,6.01,6.03,5.85,5.85,914940
20110713,5.84,6.24,5.83,6.15,1308580
20110714,6.15,6.19,5.98,6.01,347360
20110715,6.05,6.23,6.04,6.17,702520
20110718,6.17,6.39,6.17,6.39,1451060
20110719,6.38,6.54,6.32,6.39,2121600
20110720,6.45,6.53,6.36,6.4,1859000
20110721,6.41,6.48,6.37,6.45,1003600
20110722,6.48,6.58,6.01,6.01,4538300
20110725,6.04,6.08,5.77,5.81,1697540
20110726,5.83,5.94,5.77,5.86,1210040
20110727,5.85,5.85,5.62,5.68,949780
20110728,5.71,5.78,5.64,5.66,1453660
20110729,5.62,5.69,5.54,5.67,2402920
20110801,5.74,5.77,5.69,5.73,5105880
20110802,5.73,5.88,5.6,5.79,629980
20110803,5.8,5.84,5.73,5.79,1021280
20110804,5.79,5.79,5.4,5.54,3255200
20110805,5.5,5.69,5.34,5.47,648960
20110808,5.3,5.4,4.96,5.06,1118260
20110809,5.06,5.44,4.9,5.23,1319760
20110810,5.27,5.32,5.09,5.23,623740
20110811,5.24,5.48,5.2,5.3,680940
20110812,5.27,5.46,5.24,5.27,176020
20110815,5.36,5.49,5.33,5.35,284180
20110816,5.38,5.59,5.28,5.52,1394380
20110817,5.53,5.67,5.41,5.66,1326260
20110818,5.49,5.57,5.42,5.42,870740
20110819,5.54,5.54,5.32,5.32,819520
20110822,5.43,5.46,5.34,5.34,225420
20110823,5.4,5.44,5.32,5.36,334100
20110824,5.42,5.43,5.33,5.37,167700
20110825,5.42,5.42,5.3,5.33,938860
20110826,5.32,5.43,5.27,5.32,423800
20110829,5.39,5.7,5.34,5.6,567060
20110830,5.6,5.79,5.49,5.74,618020
20110831,5.77,6.04,5.76,5.81,987740
20110901,5.9,6.06,5.88,6.04,390780
20110902,5.91,6.06,5.88,6.01,593580
20110905,5.88,5.97,5.82,5.91,400140
20110906,5.93,6.12,5.75,6.05,618020
20110908,6.07,6.11,5.96,6.1,434200
20110909,5.98,6.09,5.92,5.98,246740
20110912,5.96,6.18,5.91,6.05,1055600
20110913,6.16,6.21,6.08,6.16,425100
20110914,6.16,6.38,6.11,6.38,693420
20110915,6.35,6.48,6.35,6.41,724620
20110916,6.41,6.43,6.31,6.33,2092740
20110919,6.28,6.45,6.25,6.34,726180
20110920,6.33,6.45,6.21,6.32,1088620
20110921,6.38,6.49,6.35,6.4,861380
20110922,6.34,6.34,6.07,6.18,2221180
20110923,6.17,6.29,6.05,6.05,1632800
20110926,6.1,6.22,6.05,6.13,606320
20110927,6.16,6.34,6,6.16,856180
20110928,6.16,6.31,6.01,6.1,690040
20110929,6.14,6.26,6.14,6.26,837460
20110930,6.13,6.4,6.13,6.34,988520
20111003,6.24,6.53,6.24,6.36,897780
20111004,6.25,6.39,6.22,6.22,1289080
20111005,6.24,6.34,6.23,6.24,882440
20111006,6.26,6.52,6.24,6.51,1553240
20111007,6.55,6.57,6.41,6.51,936260
20111010,6.54,6.75,6.52,6.61,3035240
20111011,6.65,6.7,6.46,6.48,1400100
20111013,6.54,6.63,6.48,6.58,1803880
20111014,6.57,6.61,6.51,6.53,917020
20111017,6.53,6.61,6.33,6.38,721500
20111018,6.37,6.52,6.29,6.44,1357980
20111019,6.44,6.6,6.42,6.51,414960
20111020,6.5,6.67,6.38,6.4,958620
20111021,6.42,6.51,6.38,6.44,1021540
20111024,6.44,6.63,6.44,6.51,827580
20111025,6.55,6.57,6.33,6.45,1277380
20111026,6.48,6.6,6.46,6.55,510120
20111027,6.58,6.71,6.53,6.53,1294540
20111028,6.54,6.7,6.52,6.54,1389960
20111031,6.54,6.64,6.44,6.46,607880
20111101,6.31,6.52,6.2,6.39,730860
20111103,6.39,6.54,6.39,6.46,455000
20111104,6.5,6.53,6.38,6.44,1043120
20111107,6.41,6.51,6.4,6.44,714740
20111108,6.51,6.52,6.38,6.44,393640
20111109,6.41,6.41,6.32,6.34,294580
20111110,6.32,6.43,6.29,6.32,439140
20111111,6.33,6.47,6.32,6.46,925340
20111114,6.45,6.45,6.33,6.35,388960
20111116,6.35,6.44,6.29,6.41,421980
20111117,6.38,6.42,6.23,6.25,546780
20111118,6.25,6.32,6.08,6.11,446680
20111121,6.06,6.14,5.9,5.9,326040
20111122,5.94,5.98,5.84,5.92,713960
20111123,5.91,5.95,5.77,5.77,531440
20111124,5.77,5.94,5.75,5.86,297440
20111125,5.85,6,5.84,5.84,375960
20111128,5.9,6.02,5.78,5.81,518440
20111129,5.82,5.87,5.76,5.78,336960
20111130,5.77,6.19,5.77,6.07,971620
20111201,6.08,6.16,6,6.1,673400
20111202,6.16,6.16,6.01,6.02,149760
20111205,6.04,6.19,6.02,6.02,269880
20111206,6.07,6.12,6.03,6.06,464880
20111207,6.07,6.08,5.87,5.9,782600
20111208,5.92,5.99,5.8,5.81,460200
20111209,5.81,5.96,5.81,5.88,273520
20111212,5.88,5.99,5.83,5.85,332280
20111213,5.9,6.06,5.89,6.03,711360
20111214,6,6.01,5.89,5.91,148200
20111215,5.94,5.98,5.9,5.92,598520
20111216,5.92,6,5.89,5.94,627640
20111219,5.98,6.02,5.95,5.98,351260
20111220,5.98,6.17,5.98,6.16,473980
20111221,6.15,6.39,6.15,6.39,906100
20111222,6.39,6.51,6.39,6.47,1549860
20111223,6.44,6.47,6.39,6.39,872040
20111226,6.31,6.37,6.28,6.28,118300
20111227,6.24,6.36,6.23,6.34,180700
20111228,6.3,6.5,6.3,6.3,956540
20111229,6.3,6.44,6.3,6.4,634400
20120102,6.49,6.49,6.36,6.36,141180
20120103,6.39,6.85,6.39,6.51,2411500
20120104,6.51,6.58,6.51,6.54,438100
20120105,6.47,6.64,6.47,6.58,291460
20120106,6.67,6.68,6.41,6.51,1322100
20120109,6.53,6.56,6.45,6.51,966680
20120110,6.51,6.55,6.43,6.47,655200
20120111,6.47,6.5,6.39,6.47,419640
20120112,6.47,6.51,6.43,6.47,200720
20120113,6.45,6.51,6.41,6.51,208780
20120116,6.51,6.54,6.48,6.51,134420
20120117,6.51,6.54,6.49,6.51,434460
20120118,6.53,6.55,6.48,6.49,76960
20120119,6.49,6.61,6.49,6.53,275080
20120120,6.53,6.61,6.5,6.52,216580
20120123,6.52,6.59,6.51,6.53,266760
20120124,6.51,6.77,6.5,6.64,1067040
20120126,6.64,6.81,6.64,6.75,1075360
20120127,6.78,6.82,6.68,6.68,660920
20120130,6.65,6.65,6.51,6.57,1012700
20120131,6.59,6.71,6.53,6.64,926120
20120201,6.7,6.7,6.62,6.63,612560
20120202,6.64,6.71,6.54,6.56,829140
20120203,6.55,6.69,6.53,6.54,579800
20120206,6.58,6.77,6.48,6.76,584480
20120207,6.78,7,6.78,6.9,2803840
20120208,6.99,7.05,6.82,6.82,2413060
20120209,6.82,6.89,6.63,6.68,745420
20120210,6.61,6.66,6.56,6.56,860340
20120213,6.58,6.7,6.51,6.7,350740
20120214,6.75,6.75,6.51,6.51,1760200
20120215,6.65,6.65,6.56,6.56,582920
20120216,6.56,6.63,6.37,6.56,1187680
20120217,6.62,6.65,6.54,6.61,261560
20120222,6.56,6.59,6.56,6.56,441220
20120223,6.57,6.69,6.49,6.62,425880
20120224,6.58,6.73,6.57,6.65,342940
20120227,6.66,6.66,6.57,6.58,867100
20120228,6.57,6.6,6.5,6.52,2333500
20120229,6.54,6.6,6.49,6.56,582920
20120301,6.56,6.6,6.54,6.58,800540
20120302,6.56,6.81,6.49,6.77,1763060
20120305,6.76,6.91,6.73,6.74,914160
20120306,6.72,6.78,6.59,6.61,270660
20120307,6.65,6.86,6.65,6.73,775840
20120308,6.81,6.9,6.73,6.76,505700
20120309,6.83,6.87,6.67,6.67,1349660
20120312,6.72,6.78,6.68,6.71,626080
20120313,6.68,6.78,6.63,6.76,1375400
20120314,6.79,7.03,6.76,6.88,1026220
20120315,6.88,6.97,6.88,6.93,1162460
20120316,6.93,6.95,6.79,6.79,1727180
20120319,6.87,6.88,6.77,6.87,394160
20120320,6.82,6.89,6.7,6.74,428480
20120321,6.81,6.89,6.76,6.88,566020
20120322,6.86,6.91,6.7,6.7,267280
20120323,6.77,6.77,6.7,6.74,276120
20120326,6.78,6.89,6.72,6.89,733980
20120327,6.91,6.99,6.83,6.94,1814020
20120328,6.99,6.99,6.86,6.91,1180660
20120329,6.93,6.93,6.83,6.83,443300
20120330,6.94,6.96,6.82,6.82,662220
20120402,6.86,6.9,6.76,6.79,1665300
20120403,6.85,6.85,6.75,6.77,699400
20120404,6.84,6.84,6.5,6.66,1415180
20120405,6.66,6.7,6.57,6.68,612040
20120409,6.61,6.69,6.61,6.62,1853800
20120410,6.62,6.7,6.62,6.69,256880
20120411,6.69,6.81,6.68,6.68,271440
20120412,6.75,6.88,6.7,6.7,367900
20120413,6.76,6.79,6.69,6.71,216320
20120416,6.72,6.8,6.69,6.75,215280
20120417,6.71,6.89,6.71,6.89,1323140
20120418,6.92,7.01,6.9,6.96,529880
20120419,7,7.08,6.89,7,563160
20120420,7.03,7.03,6.97,6.98,612300
20120423,7.02,7.02,6.75,6.89,589940
20120424,6.89,6.94,6.87,6.94,264680
20120425,6.94,6.96,6.83,6.89,645060
20120426,6.84,6.89,6.72,6.73,392340
20120427,6.76,6.94,6.74,6.94,331500
20120430,6.88,6.96,6.84,6.94,118820
20120502,6.84,6.92,6.8,6.8,260000
20120503,6.87,7.05,6.8,6.91,690560
20120504,6.84,7.05,6.84,6.89,1008800
20120507,6.81,6.96,6.81,6.93,592020
20120508,6.89,7.03,6.86,7.03,192140
20120509,6.94,7,6.85,7,483600
20120510,6.99,7.05,6.9,7.05,431080
20120511,7.03,7.06,7,7.06,263120
20120514,7.06,7.06,6.91,6.91,384020
20120515,6.91,7.01,6.77,6.91,789360
20120516,6.94,6.99,6.89,6.9,418340
20120517,6.91,6.98,6.89,6.89,773760
20120518,6.89,6.92,6.89,6.89,2103400
20120521,6.89,6.95,6.89,6.89,573560
20120522,6.9,6.94,6.89,6.92,1695980
20120523,6.91,6.91,6.82,6.89,1032200
20120524,6.94,6.94,6.89,6.89,369720
20120525,6.89,6.98,6.89,6.98,234780
20120528,6.96,7.02,6.95,7.01,342160
20120529,7.01,7.05,6.97,6.99,379860
20120530,7,7,6.91,6.96,897520
20120531,6.96,7.22,6.94,7.17,767260
20120601,7.12,7.12,6.95,6.98,589420
20120604,7.03,7.05,6.87,6.88,615680
20120605,6.93,6.96,6.84,6.84,1070940
20120606,6.84,7.2,6.84,6.99,935740
20120608,7,7.14,6.9,6.9,1160120
20120611,7.03,7.03,6.9,6.9,200460
20120612,6.96,6.96,6.89,6.89,275600
20120613,6.89,6.92,6.83,6.85,614120
20120614,6.85,6.88,6.6,6.61,901940
20120615,6.68,6.68,6.51,6.58,1034020
20120618,6.58,6.62,6.53,6.57,425100
20120619,6.58,6.71,6.45,6.47,640900
20120620,6.47,6.52,6.37,6.52,943800
20120621,6.54,6.61,6.49,6.55,642720
20120622,6.55,6.65,6.5,6.58,433420
20120625,6.6,6.67,6.48,6.48,239980
20120626,6.52,6.83,6.49,6.58,346320
20120627,6.6,6.79,6.6,6.69,381940
20120628,6.61,6.71,6.45,6.5,516620
20120629,6.63,6.74,6.55,6.74,647140
20120702,6.72,6.72,6.58,6.64,562120
20120703,6.65,6.7,6.6,6.64,538720
20120704,6.6,6.67,6.57,6.57,365560
20120705,6.61,6.61,6.45,6.48,1125020
20120706,6.43,6.57,6.42,6.46,1109160
20120710,6.49,6.57,6.4,6.47,655460
20120711,6.53,6.71,6.5,6.61,547560
20120712,6.61,6.69,6.47,6.63,1150240
20120713,6.64,6.65,6.49,6.49,534820
20120716,6.46,6.59,6.46,6.47,625040
20120717,6.46,6.49,6.4,6.45,612300
20120718,6.44,6.48,6.42,6.45,176020
20120719,6.47,6.49,6.45,6.49,856440
20120720,6.41,6.49,6.41,6.45,474240
20120723,6.41,6.43,6.19,6.22,1274780
20120724,6.31,6.31,6.19,6.22,311220
20120725,6.32,6.36,6.24,6.33,244140
20120726,6.23,6.47,6.23,6.47,238160
20120727,6.48,6.56,6.44,6.53,2291380
20120730,6.54,6.68,6.47,6.68,302900
20120731,6.61,6.61,6.44,6.44,560820
20120801,6.49,6.57,6.43,6.43,323440
20120802,6.47,6.59,6.47,6.55,401700
20120803,6.59,6.68,6.59,6.62,226980
20120806,6.55,6.74,6.55,6.7,161980
20120807,6.75,6.77,6.68,6.77,358280
20120808,6.74,6.78,6.61,6.68,1357980
20120809,6.73,6.73,6.66,6.7,153400
20120810,6.65,6.65,6.57,6.61,183820
20120813,6.61,6.85,6.6,6.85,1155960
20120814,6.81,6.98,6.77,6.98,523380
20120815,6.97,6.97,6.79,6.79,899860
20120816,6.84,6.89,6.67,6.73,359320
20120817,6.74,6.84,6.67,6.71,365560
20120820,6.71,6.91,6.71,6.83,341120
20120821,6.81,6.93,6.7,6.86,683280
20120822,6.82,6.88,6.8,6.84,201760
20120823,6.84,6.92,6.71,6.92,331500
20120824,6.8,6.81,6.76,6.79,181480
20120827,6.85,6.91,6.74,6.91,387660
20120828,6.84,6.87,6.8,6.86,301860
20120829,6.84,6.97,6.84,6.94,522860
20120830,7.02,7.06,6.94,7,797160
20120831,7.03,7.03,6.95,6.99,362440
20120903,6.96,7.05,6.94,7.05,223080
20120904,7.06,7.3,7.02,7.27,1052480
20120905,7.26,7.61,7.23,7.55,794040
20120906,7.59,7.72,7.48,7.61,1192360
20120910,7.61,7.64,7.41,7.44,509600
20120911,7.44,7.69,7.42,7.69,543400
20120912,7.71,7.71,7.58,7.58,556400
20120913,7.62,7.88,7.59,7.83,347100
20120914,7.83,7.95,7.75,7.83,962000
20120917,7.76,7.95,7.76,7.89,702260
20120918,7.91,7.99,7.83,7.92,106860
20120919,7.93,8.06,7.85,7.88,1467440
20120920,7.92,8,7.7,7.93,1069900
20120921,7.91,8,7.85,7.99,791960
20120924,8,8.1,7.83,8.1,1286740
20120925,8.1,8.12,7.71,7.89,850720
20120926,7.93,8.14,7.88,8.04,257920
20120927,8.03,8.18,7.94,8.18,573560
20120928,8.19,8.42,8.02,8.25,625300
20121001,8.42,8.42,8.09,8.34,461500
20121002,8.29,8.33,8.12,8.15,670540
20121003,8.2,8.2,8.04,8.11,370760
20121004,8.11,8.26,8.04,8.21,891800
20121005,8.11,8.21,8.04,8.1,308100
20121008,8.1,8.24,8.07,8.19,352560
20121009,8.21,8.21,7.93,8.2,338260
20121010,8.11,8.15,8.02,8.02,321620
20121011,8.09,8.19,8.06,8.19,170040
20121015,8.19,8.21,8.07,8.21,188240
20121016,8.19,8.23,7.99,8,1066780
20121017,7.96,8.05,7.96,8.03,273780
20121018,8.03,8.15,8.01,8.12,1144780
20121019,8.05,8.26,8.05,8.21,712400
20121022,8.21,8.21,8.04,8.04,153660
20121023,8.1,8.19,8.03,8.1,676260
20121024,8.15,8.19,8.04,8.07,714220
20121025,8.04,8.15,8.03,8.12,1501760
20121026,8.09,8.21,8.08,8.12,1203020
20121029,8.17,8.21,8.01,8.12,181480
20121030,8.2,8.2,8.1,8.12,508820
20121031,8.13,8.15,8.08,8.15,994500
20121101,8.1,8.24,8.1,8.17,704080
20121105,8.17,8.53,8.12,8.44,1865760
20121106,8.44,8.45,8.29,8.38,1298960
20121107,8.38,8.44,8.29,8.35,513240
20121108,8.35,8.37,8.06,8.24,1202760
20121109,8.24,8.25,8.18,8.21,5058300
20121112,8.17,8.31,8.14,8.2,259220
20121113,8.14,8.2,8.14,8.2,92820
20121114,8.2,8.22,8.16,8.21,625820
20121116,8.66,9.18,8.62,8.82,8059740
20121119,8.66,8.96,8.65,8.76,4430920
20121121,8.83,8.95,8.67,8.82,10458760
20121122,8.83,8.94,8.76,8.83,1727180
20121123,8.82,8.9,8.69,8.81,1969500
20121126,8.79,8.84,8.73,8.81,1920100
20121127,8.83,8.91,8.77,8.81,2585180
20121128,8.94,8.94,8.76,8.8,1604200
20121129,8.8,8.94,8.78,8.9,3563300
20121130,8.97,9.52,8.9,9.52,50913200
20121203,9.42,9.47,9.27,9.32,6815380
20121204,9.26,9.51,9.26,9.31,4151160
20121205,9.26,9.92,9.26,9.9,4379700
20121206,9.88,9.88,9.6,9.64,3406520
20121207,9.57,9.65,9.39,9.53,1864720
20121210,9.43,9.67,9.38,9.43,4807140
20121211,9.4,9.52,9.01,9.39,2435160
20121212,9.39,9.84,9.36,9.76,2373540
20121213,9.79,9.88,9.64,9.88,1471600
20121214,9.89,9.94,9.6,9.62,1173120
20121217,9.62,9.76,9.43,9.44,1081860
20121218,9.42,9.63,9.4,9.53,1907360
20121219,9.56,9.7,9.54,9.63,1317940
20121220,9.63,9.63,9.45,9.63,869180
20121221,9.62,9.8,9.45,9.54,667940
20121226,9.56,9.82,9.54,9.65,425100
20121227,9.64,9.8,9.63,9.71,619060
20121228,9.74,9.96,9.45,9.45,1029600
20130102,9.54,9.98,9.53,9.85,721240
20130103,9.87,10.4,9.76,10.29,3911960
20130104,10.25,10.29,9.99,10.17,1597700
20130107,10.08,10.14,9.98,10.05,1030120
20130108,10.02,10.04,9.64,9.64,1532440
20130109,9.63,9.94,9.59,9.72,687960
20130110,9.8,9.8,9.47,9.51,930020
20130111,9.47,9.63,9.47,9.63,578760
20130114,9.63,9.74,9.49,9.5,584740
20130115,9.6,9.61,9.45,9.45,1565200
20130116,9.51,9.65,9.19,9.63,1425840
20130117,9.63,9.68,9.46,9.5,1289080
20130118,9.54,9.58,9.39,9.45,1019200
20130121,9.43,9.54,9.32,9.32,656500
20130122,9.32,9.53,9.29,9.45,1374880
20130123,9.36,9.63,9.36,9.56,966680
20130124,9.56,9.63,9.36,9.41,880620
20130128,9.55,9.55,9.1,9.11,1720420
20130129,9.03,9.28,8.93,8.94,1507220
20130130,8.98,9.19,8.9,8.9,901680
20130131,8.93,9.03,8.84,8.84,1642680
20130201,8.84,9.07,8.84,8.91,2117440
20130204,9,9,8.64,8.68,1606800
20130205,8.68,8.81,8.34,8.4,2643420
20130206,8.44,8.66,8.43,8.65,1880060
20130207,8.65,8.71,8.51,8.58,3615300
20130208,8.49,8.84,8.47,8.75,3920280
20130213,8.75,8.82,8.52,8.63,1067040
20130214,8.63,8.82,8.56,8.75,1977300
20130215,8.75,8.92,8.62,8.89,1537380
20130218,9,9,8.67,8.84,746460
20130219,8.83,8.94,8.69,8.87,839540
20130220,8.91,8.91,8.7,8.73,1224600
20130221,8.75,8.85,8.59,8.85,1138280
20130222,8.79,8.91,8.68,8.82,1992900
20130225,8.87,8.92,8.75,8.75,967460
20130226,8.84,8.92,8.61,8.73,1665300
20130227,8.74,9.07,8.55,8.63,2306720
20130228,8.65,9.38,8.57,9.35,4893720
20130301,9.25,9.63,9.04,9.5,2074800
20130304,9.46,9.66,9.19,9.33,1367860
20130305,9.28,9.58,9.28,9.44,1351740
20130306,9.53,9.56,9.41,9.51,385060
20130307,9.64,9.68,9.43,9.43,638300
20130308,9.42,9.59,9.36,9.46,601120
20130311,9.46,9.58,9.19,9.19,1463800
20130312,9.26,9.36,9.04,9.24,895960
20130313,9.18,9.32,9.11,9.18,1494740
20130314,9.17,9.43,9.11,9.29,1370200
20130315,9.29,9.42,9.06,9.15,1074060
20130318,9.06,9.12,8.93,8.98,830440
20130319,8.92,9.31,8.92,9.25,1275560
20130320,9.26,9.41,9.06,9.1,1069120
20130321,9.11,9.25,8.97,9.15,1137240
20130322,9.14,9.25,9.05,9.25,882700
20130325,9.36,9.36,9.14,9.18,568880
20130326,9.28,9.29,9.05,9.22,1118780
20130327,9.16,9.26,9,9.21,1037920
20130328,9.22,9.31,9.09,9.21,1054040
20130401,9.13,9.23,9.09,9.1,749580
20130402,9.09,9.19,9.03,9.05,1337960
20130403,9.09,9.13,8.85,9.07,718380
20130404,9.16,9.16,8.78,8.79,2654860
20130405,8.84,9.04,8.72,8.99,1376440
20130408,9.06,9.22,8.91,9.22,1349400
20130409,9.3,9.31,9.03,9.31,2821000
20130410,9.2,9.41,9.14,9.22,4067180
20130411,9.29,9.44,9.27,9.44,1177800
20130412,9.34,9.51,9.28,9.28,1160900
20130415,9.17,9.33,8.85,8.85,1846260
20130416,8.86,9.2,8.86,8.88,1071200
20130417,8.84,8.85,8.53,8.6,2221180
20130418,8.6,8.84,8.49,8.53,932360
20130419,8.47,8.78,8.46,8.78,1471860
20130422,8.76,8.8,8.63,8.63,662220
20130423,8.62,9.02,8.62,8.97,2094040
20130424,8.91,9.19,8.91,9.06,778440
20130425,9.02,9.29,8.97,9.1,882440
20130426,9.12,9.2,8.97,8.97,906360
20130429,9.03,9.06,8.94,8.98,481000
20130430,8.98,9.38,8.92,9.27,2383420
20130502,9.14,9.46,9.14,9.34,729040
20130503,9.35,9.73,9.25,9.67,2471560
20130506,9.59,10.07,9.54,9.91,2643940
20130507,9.84,10.15,9.84,10.04,1541540
20130508,9.98,10.26,9.98,10.14,2132520
20130509,10.14,10.14,9.84,9.84,2878460
20130510,9.9,9.93,9.72,9.86,1274520
20130513,9.84,10,9.7,10,3242200
20130514,10.01,10.14,9.98,10,1403480
20130515,9.88,10.22,9.88,10,2878720
20130516,9.95,10.19,9.95,10.01,854620
20130517,10.09,10.13,9.93,9.96,798200
20130520,9.96,10.13,9.94,9.94,956020
20130521,9.92,10.18,9.92,10.03,899080
20130522,10,10.18,9.95,10.09,1806740
20130523,10.05,10.09,9.9,9.9,1326780
20130524,9.93,9.96,9.7,9.76,1797900
20130527,9.79,10.01,9.75,9.75,494520
20130528,9.84,10.12,9.79,9.83,1862900
20130529,9.78,9.99,9.73,9.84,1411800
20130531,9.76,10.02,9.73,10.02,2441920
20130603,10.02,10.14,9.9,9.96,1270360
20130604,10.03,10.14,9.98,10,1480700
20130605,10.01,10.12,9.84,10.02,1424020
20130606,10.04,10.04,9.78,9.86,1757080
20130607,9.83,9.98,9.77,9.82,709540
20130610,9.8,9.92,9.76,9.81,949520
20130611,9.77,9.9,9.66,9.7,1812720
20130612,9.74,9.86,9.59,9.63,1103440
20130613,9.63,10.03,9.62,9.76,1669460
20130614,9.78,9.98,9.77,9.77,1868880
20130617,9.75,10.04,9.75,9.84,1191320
20130618,9.96,10.05,9.82,9.86,1474460
20130619,9.91,10.01,9.78,9.8,917800
20130620,9.66,9.79,9.51,9.61,2078440
20130621,9.66,9.89,9.51,9.84,2381860
20130624,9.71,9.82,9.58,9.71,999440
20130625,9.75,9.77,9.65,9.66,835640
20130626,9.72,10.01,9.72,9.87,1378520
20130627,10,10.01,9.84,9.93,1237860
20130628,9.95,10.05,9.88,9.99,2673840
20130701,9.97,10.09,9.83,10,1342640
20130702,9.96,10.23,9.73,9.8,3094260
20130703,9.8,10.03,9.8,9.86,1080560
20130704,9.91,10.12,9.91,9.97,601380
20130705,9.95,10.1,9.87,9.99,766220
20130708,10.06,10.06,9.84,9.85,1322620
20130710,9.97,10.11,9.87,9.88,1316640
20130711,9.98,10.07,9.92,10.01,1040260
20130712,10.02,10.16,9.99,10.13,1413100
20130715,10.18,10.24,10.09,10.09,1230840
20130716,10.1,10.13,9.99,10.08,1203020
20130717,10.08,10.15,10.01,10.01,1218880
20130718,9.99,10.04,9.94,9.99,1093560
20130719,10.01,10.05,9.88,9.93,518960
20130722,9.96,10.14,9.96,10.04,693160
20130723,10.07,10.08,9.94,9.99,766740
20130724,9.98,9.99,9.8,9.91,1258660
20130725,9.9,9.91,9.82,9.85,1023360
20130726,9.86,9.89,9.81,9.81,709280
20130729,9.86,10.06,9.82,9.92,1029600
20130730,9.97,10.01,9.87,9.91,1127360
20130731,9.91,10.13,9.91,10,1795040
20130801,10,10.11,9.98,10.06,1093820
20130802,10.07,10.12,10,10.03,1233960
20130805,10.03,10.11,9.99,10.03,787540
20130806,10.05,10.05,9.82,9.82,1160640
20130807,9.75,9.85,9.66,9.66,1445080
20130808,9.66,9.73,9.59,9.66,1171820
20130809,9.7,9.76,9.54,9.57,885300
20130812,9.57,9.7,9.47,9.54,1518140
20130813,9.53,9.74,9.48,9.54,970320
20130814,9.55,9.68,9.35,9.36,1518920
20130815,9.39,9.61,9.33,9.43,1629420
20130816,9.43,9.83,9.4,9.68,2165800
20130819,9.66,10,9.66,9.91,1499680
20130820,9.96,10.1,9.87,10.02,1137500
20130821,9.97,10.15,9.93,10.09,1155180
20130822,10.1,10.31,10.02,10.02,2119000
20130823,10.02,10.14,9.97,10.07,1046760
20130826,10.14,10.14,9.98,9.98,1630200
20130827,9.97,10.14,9.92,9.97,1214460
20130828,9.95,10.07,9.95,9.99,561080
20130829,9.98,10.2,9.89,9.93,1992900
20130830,9.93,10.1,9.91,10,1749020
20130902,10.07,10.11,9.93,9.94,979940
20130903,10,10.05,9.86,9.86,1112540
20130904,9.87,10.05,9.87,9.97,680420
20130905,9.95,9.96,9.85,9.91,1171040
20130906,10,10.14,9.95,10,1329900
20130909,10,10.22,10,10.06,1933360
20130910,10.14,10.22,9.91,9.95,2573740
20130911,9.95,10.1,9.95,10,1398800
20130912,10.1,10.1,9.87,10,1794260
20130913,10,10.08,9.94,9.94,1896440
20130916,9.94,10.03,9.92,9.92,979680
20130917,9.93,10,9.88,9.91,716560
20130918,9.87,10.03,9.87,9.93,1155700
20130919,9.97,9.97,9.76,9.83,1064440
20130920,9.83,9.95,9.75,9.75,1004380
20130923,9.75,9.88,9.72,9.82,706160
20130924,9.81,9.91,9.73,9.86,1047280
20130925,9.82,9.98,9.78,9.85,1168700
20130926,9.88,9.97,9.82,9.93,911040
20130927,9.96,10.01,9.85,9.85,1009840
20130930,9.85,9.86,9.67,9.67,1824420
20131001,9.67,9.71,9.54,9.61,908960
20131002,9.6,9.91,9.56,9.8,1112800
20131003,9.81,9.98,9.79,9.96,1351220
20131004,9.92,10.03,9.9,9.94,1402960
20131007,9.94,10.12,9.87,10.03,3998540
20131008,10.03,10.15,9.99,10.12,3606460
20131009,10.12,10.17,9.97,10.1,817440
20131010,10.14,10.17,10.06,10.15,596180
20131011,10.19,10.29,10.11,10.26,607360
20131014,10.29,10.29,10.15,10.15,1205100
20131015,10.15,10.21,10.14,10.2,730080
20131016,10.21,10.24,10.14,10.14,1139840
20131017,10.11,10.2,10.09,10.19,928460
20131018,10.19,10.24,10.18,10.23,1058980
20131021,10.23,10.39,10.19,10.39,1298700
20131022,10.43,10.49,10.4,10.49,1479400
20131023,10.51,10.51,10.26,10.26,1051440
20131024,10.31,10.48,10.24,10.39,1543360
20131025,10.46,10.51,10.37,10.48,1091740
20131028,10.51,10.55,10.43,10.48,863460
20131029,10.5,10.55,10.34,10.44,870740
20131030,10.5,10.52,10.36,10.42,792480
20131031,10.46,10.47,10.36,10.42,1057940
20131101,10.43,10.62,10.32,10.57,1756300
20131104,10.64,10.66,10.55,10.57,1607840
20131105,10.63,10.63,10.41,10.6,1043380
20131106,10.63,10.63,10.53,10.61,1476540
20131107,10.57,10.82,10.56,10.8,1795300
20131108,10.83,10.83,10.64,10.67,1526720
20131111,10.79,10.79,10.54,10.59,536640
20131112,10.68,10.73,10.39,10.39,1167140
20131113,10.39,10.69,10.35,10.6,1628380
20131114,10.6,10.78,10.6,10.77,1651260
20131118,10.84,10.91,10.78,10.82,1386320
20131119,10.83,10.91,10.77,10.8,1369160
20131121,10.76,10.98,10.7,10.85,1316120
20131122,10.86,11,10.86,10.96,1284920
20131125,10.96,11.08,10.93,11,1093560
20131126,11,11.48,11,11.48,3664180
20131127,11.35,11.43,11.24,11.32,2858700
20131128,11.32,11.43,11.17,11.28,531440
20131129,11.22,11.42,11.22,11.28,1577420
20131202,11.19,11.47,11.19,11.35,977600
20131203,11.31,11.49,11.25,11.44,2753140
20131204,11.46,11.56,11.4,11.4,1310140
20131205,11.5,11.67,11.37,11.5,4510480
20131206,11.46,11.67,11.38,11.47,1567280
20131209,11.57,11.57,11.43,11.48,1851980
20131210,11.46,11.52,11.43,11.46,1004900
20131211,11.44,11.44,11.28,11.35,2260440
20131212,11.29,11.43,11.21,11.23,1743300
20131213,11.21,11.33,11.11,11.12,1628900
20131216,11.16,11.34,11.07,11.18,1475760
20131217,11.26,11.33,11.16,11.16,1389440
20131218,11.24,11.34,11.13,11.13,1060800
20131219,11.18,11.41,11.18,11.28,932880
20131220,11.3,11.3,11.14,11.21,849160
20131223,11.13,11.37,11.08,11.08,757120
20131226,11.18,11.27,11.1,11.21,752440
20131227,11.24,11.27,11.16,11.18,715780
20131230,11.27,11.27,11.13,11.19,1006980
20140102,11.22,11.25,10.9,10.92,655720
20140103,10.95,10.97,10.77,10.77,1610440
20140106,10.81,11.04,10.73,10.87,1053260
20140107,10.8,11.04,10.8,10.87,1271140
20140108,10.86,10.95,10.64,10.68,1670760
20140109,10.7,10.77,10.45,10.49,1625000
20140110,10.51,10.68,10.37,10.42,1360060
20140113,10.35,10.55,10.27,10.27,1764880
20140114,10.31,10.49,10.24,10.45,1099800
20140115,10.52,10.53,10.39,10.39,985140
20140116,10.48,10.55,10.41,10.41,805740
20140117,10.43,10.45,10.32,10.32,1263080
20140120,10.31,10.37,10.17,10.2,342420
20140121,10.16,10.39,10.15,10.15,918060
20140122,10.21,10.33,10.11,10.22,1533740
20140123,10.24,10.38,9.98,9.98,1799720
20140124,9.94,10.24,9.93,10.16,1881620
20140127,10.15,10.23,10.06,10.09,1271140
20140128,10.12,10.18,10.04,10.06,681980
20140129,10.08,10.28,10.02,10.1,626080
20140130,10.06,10.11,9.88,9.88,894920
20140131,9.91,9.94,9.79,9.84,2099500
20140203,9.84,9.88,9.77,9.8,1301040
20140204,9.87,9.92,9.78,9.85,760240
20140205,9.88,9.88,9.62,9.77,776880
20140206,9.84,9.97,9.72,9.97,1464060
20140207,9.98,10.06,9.75,9.88,1137240
20140210,9.9,9.91,9.79,9.87,809900
20140211,9.79,10.11,9.79,10.09,1350180
20140212,10.06,10.48,10,10.31,2037100
20140213,10.22,10.52,10.22,10.41,1426100
20140214,10.41,10.68,10.41,10.67,2091440
20140217,10.68,10.85,10.63,10.85,1330420
20140218,10.77,10.82,10.63,10.63,1696760
20140219,10.61,10.77,10.5,10.7,1517100
20140220,10.64,10.88,10.57,10.75,1246440
20140221,10.65,10.87,10.65,10.76,917020
20140224,10.75,10.81,10.64,10.64,920400
20140225,10.62,10.69,10.56,10.56,1491620
20140226,10.64,11.23,10.64,10.84,2154360
20140227,10.9,11.15,10.84,10.9,630760
20140228,10.84,11.16,10.84,11.09,2069860
20140305,11.08,11.08,10.89,10.98,835900
20140306,11.02,11.12,11.01,11.06,959920
20140307,11.01,11.16,10.86,10.97,3413540
20140310,11,11.14,10.74,10.83,635180
20140311,10.81,10.94,10.76,10.85,1142180
20140312,10.79,10.94,10.78,10.94,2333760
20140313,10.89,10.97,10.69,10.69,1414920
20140314,10.7,10.91,10.69,10.87,1199120
20140317,10.84,11.28,10.84,11.19,1059240
20140318,11.19,11.52,11.19,11.45,1493180
20140319,11.39,11.48,11.3,11.43,1241500
20140320,11.36,11.49,11.21,11.44,990080
20140321,11.37,11.58,11.37,11.58,1332500
20140324,11.49,11.65,11.49,11.59,1370980
20140325,11.54,11.65,11.43,11.49,1049620
20140326,11.54,11.61,11.29,11.47,986700
20140327,11.47,11.57,11.29,11.48,2058160
20140328,11.48,11.63,11.46,11.48,2384720
20140331,11.45,11.59,11.45,11.52,2176200
20140401,11.51,11.54,11.49,11.52,2811380
20140402,11.54,11.8,11.5,11.72,2228460
20140403,11.83,11.93,11.65,11.75,1233700
20140404,11.79,12.01,11.76,11.85,1268540
20140407,11.87,11.93,11.59,11.68,1659840
20140408,11.75,11.99,11.67,11.87,1812720
20140409,11.81,12.07,11.76,11.99,1105780
20140410,11.99,12.29,11.95,12.25,1435980
20140411,12.27,12.46,12.11,12.39,1073020
20140414,12.42,12.42,12.17,12.17,925080
20140415,12.15,12.26,12.01,12.14,1017120
20140416,12.25,12.53,12.25,12.53,1705600
20140417,12.54,12.71,12.54,12.59,1373580
20140422,12.54,12.71,12.53,12.53,1665300
20140423,12.54,12.61,12.41,12.54,1406600
20140424,12.49,12.68,12.21,12.25,1598200
20140425,12.24,12.57,11.95,12.47,1638000
20140428,12.52,12.65,12.37,12.58,673400
20140429,12.59,12.77,12.56,12.65,1874800
20140430,12.61,12.76,12.59,12.71,1548600
20140502,12.74,12.97,12.68,12.72,2008400
20140505,12.78,12.9,12.53,12.56,1785800
20140506,12.61,12.68,12.49,12.59,777600
20140507,12.64,12.75,12.43,12.69,823800
20140508,12.69,13.14,12.69,13.01,1055000
20140509,13.05,13.12,12.92,13.05,570000
20140512,13.02,13.11,13.02,13.11,571200
20140513,13.11,13.2,13.03,13.13,872800
20140514,13.11,13.11,12.99,13.08,1222000
20140515,13.08,13.08,12.8,12.95,772600
20140516,12.88,13.04,12.84,12.9,1382400
20140519,12.97,12.97,12.62,12.68,1519400
20140520,12.71,12.71,12.53,12.53,949000
20140521,12.6,12.72,12.6,12.68,679200
20140522,12.71,12.83,12.57,12.59,1225600
20140523,12.59,12.64,12.36,12.36,803600
20140526,12.3,12.47,12.27,12.42,449000
20140527,12.47,12.47,12.32,12.42,369600
20140528,12.48,12.59,12.3,12.47,698800
20140529,12.47,12.55,12.32,12.32,1203800
20140530,12.37,12.51,12.29,12.29,1654400
20140602,12.33,12.5,12.28,12.31,481600
20140603,12.32,12.47,12.32,12.47,1285400
20140604,12.48,12.72,12.36,12.67,1836400
20140605,12.74,12.74,12.5,12.7,1151400
20140606,12.78,12.99,12.75,12.78,743200
20140609,12.83,13.29,12.83,13.13,723600
20140610,13.06,13.53,13.01,13.49,1682000
20140611,13.53,13.59,13.28,13.37,1728800
20140613,13.37,13.48,13.16,13.4,1085400
20140616,13.34,13.65,13.1,13.12,1040000
20140617,13.18,13.3,13.03,13.22,241800
20140618,13.3,13.36,13.04,13.32,725400
20140620,13.32,13.38,13.13,13.13,938800
20140623,13.15,13.17,12.98,13.15,501000
20140624,13.2,13.43,13.14,13.27,1025400
20140625,13.35,13.46,13.21,13.21,898200
20140626,13.28,13.44,13.26,13.31,614400
20140627,13.39,13.4,13.25,13.26,549600
20140630,13.28,13.4,13.06,13.4,1481000
20140701,13.42,13.49,13.29,13.43,469000
20140702,13.44,13.44,13.21,13.33,573400
20140703,13.38,13.5,13.16,13.5,711400
20140704,13.46,13.46,13.3,13.42,108800
20140707,13.36,13.48,13.02,13.07,2570200
20140708,13.09,13.12,12.68,12.72,1696400
20140710,12.72,12.89,12.63,12.79,1535000
20140711,12.79,13.15,12.74,13.04,2919400
20140714,13.04,13.33,12.98,13.26,1855000
20140715,13.31,13.31,12.86,12.88,1143000
20140716,12.96,13.04,12.79,12.86,1309800
20140717,12.81,13.17,12.79,12.87,1071400
20140718,12.86,13.17,12.69,12.69,1000600
20140721,12.74,13.2,12.69,13.12,1494400
20140722,13.11,13.3,13.03,13.27,856200
20140723,13.25,13.57,13.06,13.45,2108800
20140724,13.45,13.74,13.45,13.47,3584200
20140725,13.45,13.58,13.25,13.33,490600
20140728,13.31,13.66,13.31,13.55,2900200
20140729,13.53,13.61,13.37,13.37,797200
20140730,13.41,13.46,13.09,13.09,644200
20140731,13.09,13.21,12.91,12.95,1251400
20140801,13.03,13.18,12.95,12.99,772400
20140804,13.01,13.08,12.84,12.95,1018000
20140805,12.95,13.33,12.93,13.14,1395200
20140806,13.11,13.24,12.87,13.19,1081800
20140807,13.11,13.23,13.01,13.01,1874200
20140808,12.99,13.04,12.7,12.82,2776600
20140811,12.95,13.04,12.83,12.9,1011200
20140812,12.95,12.95,12.61,12.61,2065600
20140813,12.62,12.69,12.35,12.5,2076200
20140814,12.43,12.6,12.38,12.4,2318000
20140815,12.44,12.72,12.4,12.62,967600
20140818,12.7,12.9,12.7,12.85,1000000
20140819,12.87,12.91,12.66,12.7,688800
20140820,12.77,12.82,12.59,12.77,795400
20140821,12.81,12.81,12.62,12.71,1454200
20140822,12.74,12.8,12.56,12.64,1516600
20140825,12.7,12.86,12.56,12.76,802600
20140826,12.71,12.87,12.63,12.63,1073400
20140827,12.69,13.07,12.64,12.96,2099600
20140828,12.96,13,12.7,12.81,1763800
20140829,12.84,13.33,12.75,13.33,2195000
20140901,13.32,13.32,13.1,13.28,1036800
20140902,13.31,13.4,13.16,13.29,1109000
20140903,13.36,13.46,13.29,13.43,1826400
20140904,13.4,13.43,13.25,13.41,1135000
20140905,13.41,13.57,13.34,13.52,2123800
20140908,13.48,13.85,13.48,13.67,2541200
20140909,13.6,13.81,13.47,13.47,3591000
20140910,13.38,13.54,13.28,13.51,940000
20140911,13.48,13.62,13.42,13.6,1138800
20140912,13.57,13.6,13.35,13.36,1400000
20140915,13.37,13.55,13.33,13.38,819200
20140916,13.41,13.58,13.35,13.38,1237600
20140917,13.32,13.53,13.29,13.35,1737600
20140918,13.29,13.52,13.15,13.44,1132200
20140919,13.36,13.55,13.33,13.48,741400
20140922,13.52,13.56,13.33,13.51,1301000
20140923,13.42,13.59,13.38,13.58,1041800
20140924,13.61,13.82,13.51,13.74,1120600
20140925,13.77,13.83,13.63,13.7,1486200
20140926,13.64,13.84,13.62,13.79,968400
20140929,13.7,13.81,13.6,13.74,1353600
20140930,13.66,13.82,13.6,13.63,6780800
20141001,13.56,13.69,13.5,13.64,2536600
20141002,13.64,13.82,13.64,13.65,1891400
20141003,13.73,13.76,13.61,13.73,1430200
20141006,13.76,14.01,13.53,13.55,4876200
20141007,13.63,13.7,13.53,13.65,1423000
20141008,13.62,13.72,13.58,13.6,1547400
20141009,13.6,13.73,13.43,13.55,2333000
20141010,13.47,13.53,13.27,13.36,617000
20141013,13.35,13.51,12.89,13.23,1557200
20141014,13.18,13.23,12.98,13.12,2435400
20141015,13.06,13.1,12.77,12.94,2292600
20141016,12.8,13.1,12.61,13.03,1176000
20141017,13.11,13.15,12.81,12.94,2367800
20141020,12.93,13.01,12.77,12.89,1556000
20141021,12.87,13.19,12.77,13.18,2502600
20141022,13.17,13.35,13.02,13.12,1173800
20141023,13.12,13.4,12.88,13.4,2411000
20141024,13.48,13.48,13.17,13.32,1833800
20141027,12.89,13.84,12.57,13.68,4059400
20141028,13.66,13.94,13.55,13.91,1796400
20141029,13.91,14.19,13.78,13.9,1990800
20141030,13.88,13.95,13.65,13.7,1944400
20141031,13.78,14.05,13.74,13.95,2164200
20141103,14.02,14.17,13.86,14.17,1660400
20141104,14.22,14.39,14.03,14.27,1573200
20141105,14.27,14.44,14.03,14.41,1055000
20141106,14.32,14.82,14.23,14.37,1971600
20141107,14.39,14.46,14.25,14.29,639000
20141110,14.37,14.41,14.17,14.32,702600
20141111,14.26,14.38,14.18,14.37,771800
20141112,14.35,14.41,14.15,14.15,1082800
20141113,14.14,14.24,14.09,14.13,661000
20141114,14.13,14.32,14.03,14.05,1381200
20141117,13.98,14.14,13.98,14.12,655400
20141118,14.05,14.49,14.03,14.34,1224000
20141119,14.34,14.53,14.05,14.19,1814000
20141121,14.2,14.55,14,14.32,4124800
20141124,14.34,14.69,14.3,14.56,1853200
20141125,14.56,14.77,14.36,14.5,1704000
20141126,14.5,14.68,14.31,14.52,1004800
20141127,14.54,14.66,14.41,14.51,791000
20141128,14.55,14.75,14.45,14.5,759600
20141201,14.4,14.61,14.32,14.37,1386800
20141202,14.42,14.59,14.41,14.47,1128000
20141203,14.43,14.64,14.43,14.56,1028800
20141204,14.55,14.59,14.33,14.52,805000
20141205,14.52,14.61,14.37,14.58,817400
20141208,14.62,14.62,14.33,14.4,545600
20141209,14.31,14.39,14.08,14.27,1159600
20141210,14.32,14.76,14.21,14.7,1603800
20141211,14.67,15.24,14.62,15.04,2386200
20141212,15.06,15.19,14.65,14.65,1473800
20141215,14.75,14.76,14.2,14.32,2178200
20141216,14.27,14.39,13.88,14.25,2659000
20141217,14.24,14.4,14.21,14.26,1381800
20141218,14.27,14.65,14.23,14.47,849800
20141219,14.61,14.69,14.4,14.4,1304400
20141222,14.48,14.73,14.35,14.54,919800
20141223,14.46,14.62,14.4,14.49,623200
20141226,14.55,14.71,14.5,14.68,239000
20141229,14.68,14.82,14.61,14.65,501200
20141230,14.62,14.83,14.51,14.64,702000
20150102,14.71,15.22,14.61,14.86,1181400
20150105,14.83,14.86,14.55,14.77,1458800
20150106,14.76,14.77,14.25,14.54,1642600
20150107,14.63,14.7,14.35,14.52,696000
20150108,14.58,14.78,14.44,14.71,606200
20150109,14.65,14.86,14.51,14.62,697400
20150112,14.59,14.75,14.49,14.54,1043400
20150113,14.64,14.78,14.51,14.62,726400
20150114,14.68,15.09,14.6,14.83,1113600
20150115,14.9,15.01,14.76,14.83,1202200
20150116,14.95,14.95,14.78,14.83,1043800
20150119,14.88,14.91,14.74,14.9,831400
20150120,14.96,15.16,14.95,15.03,1363400
20150121,15.05,15.21,14.87,14.9,1184800
20150122,14.99,15.16,14.88,15.05,1168200
20150123,15.05,15.25,14.9,15.25,1688600
20150126,15.21,15.21,14.85,15.02,955000
20150127,15.01,15.28,14.95,15.23,1167600
20150128,15.31,15.54,15.11,15.45,771200
20150129,15.38,15.91,15.38,15.79,1287000
20150130,15.8,15.98,15.31,15.31,1894600
20150202,15.5,15.78,15.36,15.58,790200
20150203,15.63,15.8,15.53,15.7,619600
20150204,15.63,15.81,15.6,15.6,1252400
20150205,15.68,15.74,15.55,15.66,1919600
20150206,15.64,15.79,15.54,15.64,1545800
20150209,15.72,15.74,15.59,15.64,1373400
20150210,15.64,16.27,15.59,15.87,1935200
20150211,15.83,16.07,15.79,15.95,1307000
20150212,15.98,16.13,15.44,15.71,1226600
20150213,15.78,15.89,15.15,15.5,1710600
20150218,15.51,15.64,15.31,15.5,1375600
20150219,15.57,15.76,15.4,15.63,1216800
20150220,15.72,15.72,15.5,15.54,830200
20150223,15.57,15.75,15.49,15.63,780000
20150224,15.74,15.74,15.51,15.54,1237200
20150225,15.63,15.67,15.17,15.31,1367800
20150226,15.4,15.4,15.1,15.16,1037000
20150227,15.12,15.22,14.78,14.78,1936400
20150302,14.78,14.99,14.51,14.99,2650800
20150303,14.93,15.3,14.88,15.19,2625400
20150304,15.19,15.49,15.19,15.35,2525400
20150305,15.26,15.35,15.04,15.12,2193800
20150306,15.09,15.3,14.84,15.04,1690800
20150309,15.01,15.16,14.66,14.95,1724000
20150310,14.94,15.01,14.73,14.73,1142200
20150311,14.99,15.03,14.9,14.95,953800
20150312,15.12,15.29,14.98,15.24,1219000
20150313,15.19,15.31,15.03,15.16,878600
20150316,15.16,15.21,14.73,14.78,1800200
20150317,14.75,15.02,14.7,14.77,1600200
20150318,14.77,15.19,14.77,15.07,1156200
20150319,15.03,15.21,14.92,15.07,697200
20150320,15.22,15.26,14.9,15.07,1467200
20150323,15.16,15.16,14.75,14.83,2504800
20150324,14.85,14.98,14.76,14.8,1655000
20150325,14.88,15.01,14.72,14.79,576000
20150326,14.74,14.88,14.33,14.67,1262000
20150327,14.69,15.1,14.47,14.94,1422800
20150330,14.85,15.42,14.85,15.37,2571800
20150331,15.39,15.58,15.25,15.34,2023200
20150401,15.44,15.76,15.35,15.58,2277200
20150402,15.78,15.95,15.57,15.63,1824000
20150406,15.82,15.86,15.57,15.64,1995200
20150407,15.8,15.99,15.71,15.84,921000
20150408,15.83,15.97,15.4,15.66,1444100
20150409,15.72,15.85,15.42,15.6,1343200
20150410,15.51,15.72,15.48,15.64,477800
20150413,15.65,15.68,15.45,15.49,1036400
20150414,15.45,15.76,15.39,15.63,909300
20150415,15.64,15.78,15.57,15.68,899900
20150416,15.68,15.68,15.3,15.41,1230500
20150417,15.38,15.59,15.16,15.43,1333300
20150420,15.39,15.47,15.18,15.18,1097800
20150422,15.09,15.38,15.01,15.12,2284500
20150423,15.21,15.3,15.04,15.18,1209000
20150424,15.27,15.49,15.18,15.34,1564300
20150427,15.44,15.47,15.2,15.25,850800
20150428,15.34,15.34,14.97,15.15,959200
20150429,15.22,15.33,15.1,15.33,1199300
20150430,15.39,15.56,15.27,15.49,2078200
20150504,15.47,16.05,15.47,15.91,1750600
20150505,15.93,16.22,15.86,16.22,1548600
20150506,16.21,16.35,15.97,16.13,1160700
20150507,16.18,16.23,16.03,16.13,724500
20150508,16.16,16.29,16.04,16.29,731800
20150511,16.31,16.48,16.3,16.43,1603500
20150512,16.48,16.64,16.32,16.55,1885800
20150513,16.55,16.6,16.24,16.33,1317700
20150514,16.4,16.86,16.33,16.84,977500
20150515,16.83,17.04,16.6,16.81,778600
20150518,16.8,16.84,16.49,16.61,1127700
20150519,16.65,16.65,16.36,16.41,798700
20150520,16.4,16.76,16.36,16.54,1279200
20150521,16.54,16.65,16.33,16.6,998800
20150522,16.59,16.83,16.4,16.64,1310900
20150525,16.64,17.24,16.64,17.02,713000
20150526,17.09,17.11,16.46,16.49,1972200
20150527,16.39,16.81,16.29,16.7,1110000
20150528,16.68,16.68,16.48,16.6,885200
20150529,16.64,16.81,16.42,16.61,1413700
20150601,16.82,16.82,16.4,16.68,935100
20150602,16.71,17.13,16.67,17.13,1714500
20150603,17.08,17.25,16.98,17.13,1546300
20150605,17.23,17.32,17.05,17.24,1040100
20150608,17.13,17.51,17.09,17.23,1604400
20150609,17.23,17.67,17.14,17.46,1496700
20150610,17.41,17.54,17.21,17.51,1120500
20150611,17.51,17.73,17.51,17.66,1279400
20150612,17.57,17.72,17.46,17.56,1293700
20150615,17.61,17.61,17.32,17.37,594400
20150616,17.43,17.79,17.43,17.69,1161100
20150617,17.68,17.86,17.56,17.76,690300
20150618,17.76,17.99,17.68,17.9,1606600
20150619,17.89,18.11,17.78,18.05,2532200
20150622,18.12,18.34,18.09,18.24,2304900
20150623,18.34,18.49,18.25,18.25,1568400
20150624,18.26,18.48,18.18,18.18,1468200
20150625,18.27,18.49,18.1,18.38,1173200
20150626,18.38,18.7,18.38,18.6,863200
20150629,18.57,18.67,18.16,18.38,763200
20150630,18.47,18.67,18.39,18.42,2009400
20150701,18.53,18.96,18.5,18.76,1318600
20150702,18.81,19.07,18.81,18.96,1107200
20150703,18.96,19.51,18.89,19.17,1279300
20150706,19.21,19.25,19.07,19.12,1855800
20150707,19.25,19.34,19.04,19.34,3669700
20150708,19.32,19.52,18.99,19.13,1724700
20150710,19.05,19.2,18.9,19.07,1125000
20150713,19.1,19.1,18.9,19.05,818100
20150714,19.05,19.24,18.97,19.12,1448100
20150715,19.13,19.19,18.99,19.05,2958600
20150716,19.1,19.17,19.02,19.08,1503500
20150717,19.08,19.15,18.91,18.97,1303000
20150720,18.97,19.07,18.74,18.96,1052200
20150721,18.96,19.3,18.96,19.15,2525800
20150722,19.15,19.36,19.05,19.25,1258800
20150723,19.25,19.39,18.99,19.25,2523500
20150724,19.29,19.39,18.96,19.34,1488100
20150727,19.23,19.46,18.98,19.02,899800
20150728,19.02,19.11,18.38,18.38,2261100
20150729,18.26,18.46,17.68,17.78,2848200
20150730,17.77,17.96,17.57,17.68,1928300
20150731,17.67,18.34,17.67,18.26,2482400
20150803,18.36,18.46,18.08,18.23,1047400
20150804,18.16,18.57,18.16,18.51,1466400
20150805,18.63,18.7,18.02,18.02,1377900
20150806,18.12,18.17,17.7,17.97,1231800
20150807,17.97,18.11,17.81,17.91,675400
20150810,17.96,18,17.77,17.97,610700
20150811,18.06,18.06,17.8,17.84,695000
20150812,17.93,18.02,17.35,17.53,1261100
20150813,17.45,17.56,17.02,17.24,1208200
20150814,17.33,17.33,16.83,16.91,796400
20150817,16.79,17.18,16.51,16.63,1336000
20150818,16.63,17.35,16.63,17,3071100
20150819,17.06,17.19,16.69,17.14,1032800
20150820,17.09,17.39,16.21,16.21,1544700
20150821,16.22,16.61,15.73,16.46,1573100
20150824,16.03,16.29,15.25,15.98,3457400
20150825,16.32,16.37,15.51,15.72,2458600
20150826,15.81,16.03,15.67,15.7,1533400
20150827,15.69,16.31,15.69,16.19,3082400
20150828,16.41,16.51,16.12,16.26,1455500
20150831,16.12,16.49,15.85,16.27,2797900
20150901,15.76,16.11,15.76,15.8,1564000
20150902,15.89,16.5,15.87,16.39,2162800
20150903,16.49,16.83,16.23,16.39,1540200
20150904,16.12,16.41,15.77,16.03,1552200
20150908,16.51,16.51,15.56,15.86,1178400
20150909,15.89,16.12,15.59,15.62,1757500
20150910,15.54,16.01,15.44,15.54,2449500
20150911,15.64,15.75,15.45,15.58,1918800
20150914,15.68,15.98,15.67,15.96,2126300
20150915,16.01,16.11,15.84,16.03,2400700
20150916,16.06,16.26,16.06,16.15,3444500
20150917,16.25,16.61,16.2,16.27,3461000
20150918,16.38,16.4,15.71,15.97,1900500
20150921,16.3,16.31,15.76,15.78,902600
20150922,15.78,16.04,15.56,16.04,1751900
20150923,16.13,16.13,15.75,15.86,1621800
20150924,15.82,15.83,15.39,15.83,1645300
20150925,15.8,15.95,15.34,15.37,1951800
20150928,15.24,15.28,15.02,15.23,1496100
20150929,15.05,15.38,15.03,15.1,1508200
20150930,15.13,15.39,14.92,15.05,3615200
20151001,15.13,15.54,15.1,15.48,976800
20151002,15.55,15.96,15.47,15.92,1532900
20151005,16.27,16.44,15.99,16.31,1311700
20151006,16.12,16.46,15.96,16.27,1205000
20151007,16.55,16.77,16.28,16.4,1685200
20151008,16.33,16.44,15.8,15.83,1874700
20151009,16.07,16.07,15.17,15.55,2288600
20151013,15.68,15.96,15.53,15.92,2263600
20151014,15.92,16.03,15.69,15.73,1972700
20151015,15.78,15.86,15.38,15.77,1159300
20151016,15.87,15.87,15.45,15.58,1460800
20151019,15.58,15.77,15.43,15.5,1490200
20151020,15.51,15.6,15.19,15.54,1706100
20151021,15.55,15.58,15.19,15.25,1037500
20151022,15.25,15.5,15.24,15.44,1170000
20151023,15.45,15.76,15.38,15.44,1269700
20151026,15.35,15.52,15.1,15.24,1164100
20151027,15.31,15.32,15.04,15.2,2198600
20151028,15.24,15.28,14.69,14.89,2620300
20151029,14.66,14.87,14.15,14.15,2700600
20151030,14.17,14.34,13.9,14.03,2130800
20151103,14.12,14.19,13.56,14.02,5188600
20151104,14.02,14.51,13.95,14,2243200
20151105,14.02,15.08,14.02,14.99,2750000
20151106,14.98,15.12,14.62,14.67,2056100
20151109,14.68,14.91,14.49,14.53,1733800
20151110,14.54,14.54,13.65,14.09,4017900
20151111,14.08,14.2,13.74,14.16,2098000
20151112,14.2,14.2,13.83,13.88,2503900
20151113,13.83,14.01,13.56,13.68,2725600
20151116,13.7,13.95,13.67,13.83,1804400
20151117,13.91,14.22,13.87,14.05,2007300
20151118,14.08,14.15,13.76,13.76,1254300
20151119,13.83,14.36,13.81,14.32,2510800
20151123,14.41,14.53,14.22,14.32,1746300
20151124,14.23,14.76,14.23,14.72,2314100
20151125,14.71,15.08,14.57,15.04,2216200
20151126,15.08,15.08,14.72,14.95,1065900
20151127,14.99,15.25,14.83,15.25,1766000
20151130,15.25,15.95,14.81,14.81,5790300
20151201,15,15.48,14.96,15.48,2313800
20151202,15.43,15.72,15.2,15.65,3205300
20151203,15.7,16.14,15.51,16.07,2335300
20151204,16.02,16.06,15.2,15.2,2169100
20151207,15.2,15.76,15.2,15.7,1182200
20151208,15.7,15.73,15.13,15.13,1631000
20151209,15.31,15.56,14.96,15.05,3515600
20151210,15.1,15.78,15.01,15.58,1542700
20151211,15.68,15.99,15.36,15.99,1692100
20151214,15.97,15.97,15.26,15.27,1145200
20151215,15.36,15.58,14.81,15,1551900
20151216,14.95,15.49,14.89,15.29,1085500
20151217,15.41,15.59,15.05,15.19,1392400
20151218,15.1,15.34,14.85,14.85,2866000
20151221,14.95,15.23,14.76,14.84,1951800
20151222,14.85,15.19,14.81,15.12,1149100
20151223,15.18,15.53,15.13,15.2,1008400
20151228,15.2,15.53,15.15,15.4,893000
20151229,15.24,15.45,15.04,15.23,2104900
20151230,15.24,15.24,14.37,14.61,14988300
20160104,14.52,14.9,14.24,14.31,3030300
20160105,14.36,15,14.19,15,2819100
20160106,14.51,15.04,14.51,14.66,2519100
20160107,14.3,14.7,14.16,14.24,2314500
20160108,14.33,14.46,14.04,14.17,1942500
20160111,14.35,14.38,13.85,13.85,2178000
20160112,13.93,14.51,13.84,14.46,2026300
20160113,14.56,14.63,13.9,13.93,2029900
20160114,13.91,14.17,13.69,13.93,1789800
20160115,13.84,14.11,13.42,13.8,2729000
20160118,13.89,13.89,13.64,13.64,919600
20160119,13.86,14.03,13.67,13.75,1474600
20160120,13.65,13.75,13.12,13.55,2161100
20160121,13.55,14.3,13.49,14.16,3122500
20160122,14.19,14.61,14.11,14.41,2335600
20160126,14.17,14.36,13.73,13.87,1714900
20160127,13.79,14.7,13.79,14.43,2442800
20160128,14.52,14.8,14.23,14.39,1994800
20160129,14.52,15.29,14.52,15.11,2815800
20160201,14.82,14.96,14.43,14.74,2349800
20160202,14.65,14.73,14.13,14.13,1960400
20160203,14.34,14.65,14.03,14.4,2279500
20160204,14.66,15.05,14.33,14.35,2998600
20160205,14.35,14.71,14.22,14.27,2836800
20160210,14.17,14.62,14.12,14.27,1253500
20160211,14.11,14.3,13.84,13.94,1817400
20160212,13.97,14.11,13.8,14.02,1422500
20160215,14.09,14.32,13.7,13.7,1461900
20160216,13.76,14.02,13.61,13.68,2125100
20160217,13.87,13.87,13.49,13.67,4319800
20160218,13.66,13.89,13.6,13.83,1964300
20160219,13.75,13.78,13.62,13.68,2148200
20160222,13.86,14.35,13.84,14.27,2227000
20160223,14.33,14.55,14.02,14.13,2024000
20160224,13.28,13.51,12.73,12.84,7170600
20160225,12.84,13.07,12.54,12.97,5330300
20160226,13.12,13.34,12.58,12.63,4333800
20160229,12.86,13.15,12.72,12.96,3367600
20160301,13.04,13.22,12.82,13.02,3741600
20160302,13.02,13.53,13.01,13.41,5876700
20160303,13.53,13.59,13.13,13.32,5171400
20160304,13.42,13.61,12.82,13.49,6118900
20160307,13.61,13.93,13.5,13.72,2517800
20160308,13.78,14.42,13.53,14.3,3244300
20160309,14.41,14.47,13.56,13.63,3507300
20160310,13.77,13.91,13.08,13.52,3189900
20160311,13.53,13.68,13.31,13.38,2203800
20160314,13.43,13.54,13.13,13.27,2773900
20160315,13.28,13.46,12.93,13.27,2248200
20160316,13.22,13.61,13.02,13.55,2097900
20160317,13.9,14.15,13.45,14.03,2627600
20160318,14.21,14.25,13.93,14.15,3242600
20160321,14.24,14.49,14.1,14.36,1929700
20160322,14.35,14.6,14.22,14.54,3203300
20160323,14.46,14.48,13.72,13.83,1661200
20160324,13.97,13.97,13.53,13.7,1412900
20160328,14,14.1,13.66,14.03,1451900
20160329,14.05,14.48,14.02,14.39,1647900
20160330,14.5,14.93,14.08,14.3,2735100
20160331,14.37,14.37,13.63,13.81,3458900
20160401,13.9,14.24,13.69,14.12,2594200
20160404,14.01,14.09,13.46,13.73,1659200
20160405,13.64,14.13,13.51,13.66,1756300
20160406,13.59,13.84,13.43,13.8,1939800
20160407,13.92,14.11,13.56,13.71,2674400
20160408,14.06,14.11,13.56,13.68,2290700
20160411,13.73,13.9,12.97,13.12,2482500
20160412,13.32,13.55,13.14,13.26,4208000
20160413,13.55,13.89,13.37,13.75,4368500
20160414,13.81,14.14,13.52,13.74,3363500
20160415,13.7,14.53,13.7,14.1,3335100
20160418,13.9,14.44,13.73,13.8,2256800
20160419,13.97,14.06,13.54,13.85,2593800
20160420,13.86,14.17,13.72,13.79,2063100
20160422,13.71,13.97,13.49,13.92,3030500
20160425,13.94,14.1,13.8,13.89,1873000
20160426,14.08,14.31,14,14.3,2081800
20160427,14.29,15.13,14.29,14.98,3005400
20160428,15.04,15.14,14.74,15.05,2309600
20160429,15.06,15.24,14.85,14.97,3741800
20160502,14.91,15.16,14.81,15.05,1634100
20160503,14.9,15.14,14.81,14.99,1564000
20160504,15.02,15.07,14.63,14.82,1320200
20160505,14.98,15.03,14.62,14.9,1530700
20160506,14.95,14.97,14.67,14.77,1240600
20160509,14.83,15.03,14.56,14.92,1545600
20160510,15.03,15.53,14.79,15.36,2423300
20160511,15.59,15.69,15.24,15.27,2118500
20160512,15.48,15.66,15.19,15.48,1787400
20160513,15.38,15.44,14.97,15.13,1784800
20160516,14.97,15.06,14.76,14.89,1554200
20160517,14.74,15.02,14.73,14.73,2271400
20160518,14.62,14.99,14.35,14.91,2071200
20160519,14.84,14.98,14.38,14.88,1902300
20160520,14.85,15.22,14.84,15.06,1248100
20160523,14.94,14.98,14.49,14.58,5029800
20160524,14.66,14.8,14.51,14.65,1013900
20160525,14.73,14.85,14.57,14.64,1698800
20160527,14.7,14.9,14.39,14.39,2054000
20160530,14.47,14.56,14.16,14.51,665500
20160531,14.42,14.67,14.19,14.19,3014500
20160601,14.27,14.9,14.27,14.68,2571900
20160602,14.68,14.7,14.38,14.56,1340100
20160603,14.65,14.68,14.26,14.62,1372200
20160606,14.7,14.82,14.48,14.74,1311800
20160607,14.64,14.79,14.55,14.63,1015000
20160608,14.66,15.03,14.62,14.88,1662600
20160609,14.91,15.04,14.57,14.61,1388200
20160610,14.59,14.7,14.05,14.13,1612100
20160613,13.91,14.24,13.88,14.19,2053000
20160614,14.19,14.32,13.69,13.78,2236700
20160615,13.82,14.05,13.58,13.67,4099300
20160616,13.6,14.2,13.6,14.07,2399600
20160617,14,14.23,13.7,13.88,1895500
20160620,14.05,14.35,13.9,14.01,1190400
20160621,14,14.38,13.81,14.23,1530000
20160622,14.16,14.57,14.05,14.22,2198000
20160623,14.23,14.38,14.05,14.38,1219800
20160624,13.91,14.27,13.77,13.96,2486600
20160627,13.89,14.01,13.62,13.8,1144400
20160628,13.89,13.96,13.44,13.55,2537200
20160629,13.68,13.82,13.54,13.6,2199600
20160630,13.59,13.78,13.38,13.6,2452500
20160701,13.68,13.83,13.44,13.57,2203800
20160704,13.58,13.66,13.39,13.41,1349700
20160705,13.41,13.43,13.15,13.26,2389800
20160706,13.24,13.32,13.03,13.26,1841900
20160707,13.26,13.57,13.26,13.4,2988000
20160708,13.47,13.58,13.32,13.56,1899900
20160711,13.63,13.63,13.26,13.26,3918400
20160712,13.34,13.41,13.05,13.08,2853600
20160713,13.09,13.37,13.08,13.25,2009400
20160714,13.35,13.69,13.34,13.64,2435100
20160715,13.69,13.86,13.63,13.68,1697100
20160718,13.68,14.05,13.41,14.01,1840000
20160719,14.01,14.14,13.79,14.08,1657600
20160720,14.11,14.33,13.98,14.23,2190400
20160721,14.2,14.5,14.14,14.47,1590100
20160722,14.45,14.71,14.31,14.51,1439000
20160725,14.54,14.6,14.18,14.34,1684200
20160726,14.34,14.52,14.23,14.45,2684400
20160727,14.45,15.12,14.3,15.05,2488200
20160728,15.05,15.15,14.75,15.15,1814400
20160729,15.15,15.24,14.91,15.12,2565100
20160801,15.12,15.36,14.94,15.36,1894500
20160802,15.23,15.47,15.17,15.31,1811600
20160803,15.22,15.38,15.15,15.33,1667800
20160804,15.38,15.94,15.27,15.5,1914800
20160805,15.53,15.91,15.42,15.77,2017500
20160808,15.72,16.31,15.69,16.2,2194000
20160809,16.2,16.57,16.2,16.53,2311500
20160810,16.53,16.59,16.28,16.47,1833300
20160811,16.39,17.08,16.39,17,2125000
20160812,17.07,17.07,16.65,16.94,1899500
20160815,17.01,17.28,16.93,17.05,2738100
20160816,16.96,17.26,16.79,16.97,2217200
20160817,16.97,17.13,16.45,17.08,2511500
20160818,17.12,17.15,16.9,17,2117800
20160819,16.93,17.21,16.83,16.87,1572100
20160822,16.87,16.92,16.31,16.47,2104500
20160823,16.45,16.66,16.31,16.43,1521400
20160824,16.29,16.63,16.21,16.47,1069100
20160825,16.39,16.52,16.08,16.31,1376100
20160826,16.24,16.63,15.82,15.93,2854600
20160829,16.13,17.02,16.13,16.7,3460900
20160830,16.59,16.66,16.35,16.39,1394200
20160831,16.39,16.55,16.04,16.4,3441000
20160901,16.38,16.5,16.25,16.37,2657800
20160902,16.51,16.66,16.37,16.64,1761900
20160905,16.67,16.83,16.4,16.43,1223800
20160906,16.55,17.08,16.38,16.94,2923500
20160908,16.97,17.09,16.68,16.99,2166000
20160909,16.69,16.8,16.18,16.26,2320000
20160912,16.13,16.87,16.07,16.75,1808300
20160913,16.48,16.75,16.24,16.52,2085900
20160914,16.42,16.63,16.2,16.56,1601200
20160915,16.47,16.89,16.35,16.82,1144800
20160916,16.45,16.73,15.99,16.5,2695500
20160919,16.52,16.87,16.47,16.73,1578000
20160920,16.84,17.13,16.75,17.04,1956900
20160921,17.07,17.14,16.71,16.96,2010500
20160922,17.14,17.48,17.08,17.4,2659600
20160923,17.65,17.68,17.29,17.37,1979100
20160926,17.25,17.25,16.76,16.96,1502700
20160927,16.97,17.25,16.88,17.04,1338100
20160928,17.04,17.67,17.04,17.56,2373200
20160929,17.6,17.86,17.18,17.46,1492000
20160930,17.55,17.74,17.4,17.57,1830200
20161003,17.5,17.87,17.5,17.62,2110500
20161004,17.71,17.78,17.25,17.58,1898600
20161005,17.69,17.96,17.6,17.76,1586800
20161006,17.78,18.03,17.71,17.91,1414300
20161007,18.02,18.02,17.71,17.89,1992900
20161010,18,18.21,17.88,18.08,1240800
20161011,18.07,18.08,17.49,17.71,2078500
20161013,17.6,17.94,17.6,17.75,3410000
20161014,17.87,18.08,17.15,17.34,2995100
20161017,17.43,17.81,17.15,17.65,2254400
20161018,17.72,17.9,17.57,17.78,2737700
20161019,17.79,17.84,17.5,17.65,2444500
20161020,17.54,18.18,17.42,17.85,1528900
20161021,17.74,18.01,17.62,17.82,1491600
20161024,17.82,17.89,17.43,17.53,1782700
20161025,17.43,17.59,17.37,17.49,1402000
20161026,17.59,17.6,17.24,17.39,2142200
20161027,17.38,17.51,17.31,17.34,964500
20161028,17.27,17.41,17.02,17.2,1609500
20161031,17.22,17.67,16.83,17.51,1935000
20161101,17.51,17.58,16.92,16.97,2058800
20161103,16.87,17.18,16.72,16.78,1782300
20161104,16.78,17.1,16.74,16.9,2382200
20161107,17.04,17.54,16.94,17.13,2478500
20161108,17.03,17.17,16.77,16.92,1657900
20161109,16.49,16.86,16.22,16.64,2557600
20161110,16.5,16.69,16,16.42,3369800
20161111,16.14,16.63,15.82,16.19,3336200
20161114,16.1,16.33,15.87,16.2,2008000
20161116,16.23,16.67,16.09,16.5,1952300
20161117,16.45,16.64,15.98,16.14,1736200
20161118,16.04,16.44,15.88,16.35,1616800
20161121,16.34,16.38,15.85,15.87,1800800
20161122,16.03,16.15,15.47,15.76,2083300
20161123,15.76,16.12,15.48,15.96,2374600
20161124,15.98,16.02,15.49,15.62,1250700
20161125,15.52,15.77,15.23,15.35,1517200
20161128,15.27,16.07,15.01,16.04,2682100
20161129,16.01,16.01,15.43,15.82,1821700
20161130,15.87,15.98,15.34,15.49,1941400
20161201,15.32,15.43,14.43,14.52,6005600
20161202,14.26,14.85,14.06,14.65,3110200
20161205,14.74,14.76,14.34,14.39,2596300
20161206,14.3,14.91,14.13,14.72,2738300
20161207,14.81,15.19,14.65,15.04,2302300
20161208,15.2,15.35,14.85,15.05,2030800
20161209,15.12,15.22,14.83,15.08,2578900
20161212,14.75,15.04,14.51,14.67,1248900
20161213,14.49,15,14.46,14.92,2002300
20161214,14.92,14.97,14.46,14.48,2124900
20161215,14.56,14.89,14.29,14.74,1976300
20161216,14.82,15.07,14.56,14.59,2016600
20161219,14.6,14.97,14.58,14.67,1545200
20161220,14.76,14.85,14.45,14.51,1447300
20161221,14.59,14.75,14.4,14.61,1155800
20161222,14.67,14.7,14.41,14.46,1280900
20161223,14.55,15.05,14.49,14.85,1239900
20161226,14.91,14.99,14.7,14.72,403700
20161227,14.86,14.99,14.72,14.96,575300
20161228,15,15.28,14.8,15,860200
20161229,15.04,15.5,14.83,15.5,2080400
20170102,15.4,15.41,14.91,15.1,820400
20170103,15.24,15.94,15.19,15.86,1941600
20170104,15.88,15.93,15.38,15.48,2026100
